>AAACCRCA	1-AAACCRCA	6.823937	-3025.382806	0	T:3198.0(50.83%),B:22219.7(10.57%),P:1e-1313	Tpos:51.7,Tstd:22.7,Bpos:15448.1,Bstd:83584.3,StrandBias:-0.1,Multiplicity:1.17
0.653	0.143	0.039	0.165
0.626	0.023	0.288	0.063
0.853	0.053	0.093	0.001
0.001	0.997	0.001	0.001
0.001	0.997	0.001	0.001
0.494	0.001	0.467	0.038
0.001	0.997	0.001	0.001
0.864	0.030	0.021	0.085
>TTGTGGTT	2-TTGTGGTT	6.168612	-2361.998345	0	T:3560.0(56.58%),B:36430.2(17.32%),P:1e-1025	Tpos:51.9,Tstd:25.2,Bpos:10535.4,Bstd:65205.8,StrandBias:0.1,Multiplicity:1.09
0.147	0.228	0.065	0.560
0.057	0.058	0.066	0.819
0.002	0.001	0.994	0.003
0.062	0.267	0.006	0.665
0.002	0.004	0.989	0.005
0.001	0.001	0.997	0.001
0.001	0.112	0.081	0.806
0.185	0.129	0.188	0.499
>ACCGCARA	3-ACCGCARA	6.778788	-2143.410412	0	T:2754.0(43.77%),B:22524.3(10.71%),P:1e-930	Tpos:51.3,Tstd:29.3,Bpos:1160.8,Bstd:4811.2,StrandBias:-0.5,Multiplicity:1.00
0.714	0.108	0.171	0.007
0.002	0.996	0.001	0.001
0.001	0.997	0.001	0.001
0.379	0.044	0.541	0.036
0.006	0.924	0.069	0.001
0.779	0.044	0.024	0.153
0.461	0.110	0.374	0.055
0.440	0.217	0.264	0.078
>TGTGGTTT	4-TGTGGTTT	8.588926	-1005.092017	0	T:1079.0(17.15%),B:6293.1(2.99%),P:1e-436	Tpos:52.0,Tstd:23.5,Bpos:5642.0,Bstd:19899.9,StrandBias:0.4,Multiplicity:1.01
0.001	0.102	0.177	0.720
0.001	0.001	0.997	0.001
0.134	0.088	0.001	0.777
0.001	0.001	0.997	0.001
0.001	0.001	0.892	0.106
0.001	0.001	0.336	0.662
0.118	0.030	0.198	0.654
0.089	0.079	0.080	0.752
>GTGGTTAC	5-GTGGTTAC	8.167143	-694.945064	0	T:1002.0(15.92%),B:7953.8(3.78%),P:1e-301	Tpos:50.8,Tstd:24.8,Bpos:2912.1,Bstd:21024.2,StrandBias:-0.1,Multiplicity:1.00
0.001	0.001	0.997	0.001
0.001	0.376	0.001	0.622
0.001	0.001	0.997	0.001
0.001	0.001	0.997	0.001
0.001	0.001	0.001	0.997
0.001	0.001	0.001	0.997
0.613	0.001	0.001	0.385
0.377	0.612	0.002	0.009
>TGTGGTKA	6-TGTGGTKA	7.768079	-377.750696	0	T:664.0(10.55%),B:6140.3(2.92%),P:1e-164	Tpos:49.0,Tstd:24.8,Bpos:4655.6,Bstd:10874.4,StrandBias:0.1,Multiplicity:1.00
0.194	0.072	0.015	0.719
0.044	0.020	0.935	0.001
0.057	0.130	0.048	0.765
0.001	0.047	0.951	0.001
0.001	0.045	0.899	0.055
0.036	0.028	0.113	0.823
0.223	0.023	0.358	0.397
0.447	0.098	0.233	0.221
>AGGAAGTG	7-AGGAAGTG	7.365662	-356.224640	0	T:1451.0(23.06%),B:23228.4(11.05%),P:1e-154	Tpos:50.6,Tstd:25.1,Bpos:7363.5,Bstd:48492.0,StrandBias:-0.0,Multiplicity:1.11
0.785	0.063	0.151	0.001
0.001	0.001	0.997	0.001
0.001	0.001	0.997	0.001
0.997	0.001	0.001	0.001
0.954	0.001	0.001	0.044
0.077	0.033	0.889	0.001
0.020	0.010	0.001	0.969
0.058	0.040	0.818	0.084
>YTAACCAC	8-YTAACCAC	9.759989	-319.479700	0	T:381.0(6.06%),B:2398.8(1.14%),P:1e-138	Tpos:48.8,Tstd:23.6,Bpos:4413.6,Bstd:11173.9,StrandBias:-0.8,Multiplicity:1.00
0.114	0.270	0.211	0.406
0.001	0.001	0.001	0.997
0.997	0.001	0.001	0.001
0.997	0.001	0.001	0.001
0.001	0.997	0.001	0.001
0.001	0.997	0.001	0.001
0.997	0.001	0.001	0.001
0.001	0.997	0.001	0.001
>SAGGAAGT	9-SAGGAAGT	7.366152	-315.981853	0	T:1302.0(20.69%),B:20798.9(9.89%),P:1e-137	Tpos:50.4,Tstd:26.9,Bpos:4617.3,Bstd:38290.5,StrandBias:0.0,Multiplicity:1.02
0.249	0.297	0.419	0.036
0.455	0.264	0.268	0.014
0.087	0.012	0.889	0.012
0.002	0.011	0.980	0.007
0.961	0.011	0.001	0.027
0.911	0.014	0.001	0.074
0.198	0.125	0.676	0.001
0.032	0.222	0.034	0.712
>ACCACAAA	10-ACCACAAA	10.745341	-306.855114	0	T:410.0(6.52%),B:2916.7(1.39%),P:1e-133	Tpos:52.9,Tstd:26.2,Bpos:8627.7,Bstd:50345.4,StrandBias:-0.5,Multiplicity:1.07
0.997	0.001	0.001	0.001
0.001	0.997	0.001	0.001
0.001	0.997	0.001	0.001
0.997	0.001	0.001	0.001
0.001	0.997	0.001	0.001
0.997	0.001	0.001	0.001
0.898	0.001	0.001	0.100
0.803	0.001	0.001	0.195
>GTGGTTTC	11-GTGGTTTC	10.269329	-286.633898	0	T:383.0(6.09%),B:2721.1(1.29%),P:1e-124	Tpos:44.3,Tstd:24.7,Bpos:3356.0,Bstd:8846.7,StrandBias:1.0,Multiplicity:1.00
0.001	0.001	0.997	0.001
0.001	0.001	0.001	0.997
0.001	0.001	0.997	0.001
0.001	0.001	0.997	0.001
0.001	0.001	0.001	0.997
0.001	0.001	0.001	0.997
0.182	0.001	0.001	0.816
0.001	0.549	0.126	0.324
>GGAAGTKW	12-GGAAGTKW	3.432684	-189.637567	0	T:1365.0(21.69%),B:26818.9(12.75%),P:1e-82	Tpos:50.7,Tstd:30.7,Bpos:5401.4,Bstd:23051.5,StrandBias:-0.3,Multiplicity:1.00
0.001	0.001	0.997	0.001
0.001	0.001	0.997	0.001
0.997	0.001	0.001	0.001
0.997	0.001	0.001	0.001
0.001	0.001	0.997	0.001
0.001	0.001	0.001	0.997
0.035	0.001	0.481	0.483
0.481	0.035	0.003	0.481
>CTTCCTCT	13-CTTCCTCT	8.216922	-87.624785	0	T:630.0(10.01%),B:12092.7(5.75%),P:1e-38	Tpos:50.2,Tstd:27.1,Bpos:4398.7,Bstd:21695.3,StrandBias:0.1,Multiplicity:1.04
0.005	0.751	0.092	0.152
0.032	0.001	0.005	0.962
0.022	0.001	0.001	0.976
0.001	0.970	0.013	0.016
0.006	0.975	0.003	0.016
0.011	0.158	0.273	0.558
0.062	0.510	0.296	0.132
0.169	0.291	0.027	0.513
>TTCCTCTT	14-TTCCTCTT	9.098930	-56.751966	0	T:497.0(7.90%),B:10105.6(4.81%),P:1e-24	Tpos:52.6,Tstd:28.7,Bpos:4732.5,Bstd:11259.7,StrandBias:-0.2,Multiplicity:1.01
0.001	0.001	0.001	0.997
0.001	0.001	0.001	0.997
0.001	0.997	0.001	0.001
0.001	0.997	0.001	0.001
0.001	0.121	0.001	0.877
0.001	0.779	0.219	0.001
0.124	0.001	0.001	0.874
0.001	0.097	0.079	0.823
>TCACTTCC	15-TCACTTCC	10.238590	-25.853730	0	T:208.0(3.31%),B:4152.3(1.97%),P:1e-11	Tpos:51.2,Tstd:31.3,Bpos:4956.7,Bstd:12447.7,StrandBias:0.3,Multiplicity:1.00
0.049	0.361	0.049	0.541
0.049	0.803	0.001	0.147
0.997	0.001	0.001	0.001
0.001	0.997	0.001	0.001
0.001	0.001	0.001	0.997
0.001	0.001	0.001	0.997
0.001	0.997	0.001	0.001
0.001	0.997	0.001	0.001
>TTACGCAA	16-TTACGCAA	7.741933	-11.125022	0	T:34.0(0.54%),B:489.0(0.23%),P:1e-4	Tpos:49.0,Tstd:23.4,Bpos:1917.1,Bstd:7121.3,StrandBias:0.2,Multiplicity:1.00
0.001	0.001	0.001	0.997
0.001	0.001	0.001	0.997
0.957	0.001	0.037	0.005
0.001	0.997	0.001	0.001
0.031	0.001	0.967	0.001
0.001	0.997	0.001	0.001
0.997	0.001	0.001	0.001
0.997	0.001	0.001	0.001
>ACCACACW	17-ACCACACW	10.396827	-8.364194	0	T:112.0(1.78%),B:2619.2(1.25%),P:1e-3	Tpos:47.8,Tstd:32.0,Bpos:5187.4,Bstd:28982.2,StrandBias:-0.3,Multiplicity:1.16
0.997	0.001	0.001	0.001
0.001	0.997	0.001	0.001
0.001	0.997	0.001	0.001
0.997	0.001	0.001	0.001
0.001	0.997	0.001	0.001
0.997	0.001	0.001	0.001
0.023	0.953	0.023	0.001
0.464	0.001	0.001	0.534
>TTTCCTST	18-TTTCCTST	10.368143	-3.715060	0	T:338.0(5.37%),B:10129.7(4.82%),P:1e-1	Tpos:53.9,Tstd:24.3,Bpos:7672.6,Bstd:43945.9,StrandBias:0.2,Multiplicity:1.01
0.001	0.001	0.001	0.997
0.001	0.001	0.001	0.997
0.001	0.001	0.001	0.997
0.001	0.997	0.001	0.001
0.001	0.997	0.001	0.001
0.001	0.001	0.001	0.997
0.001	0.502	0.496	0.001
0.001	0.001	0.001	0.997
>TKTTGCAA	19-TKTTGCAA	6.765306	-2.676964	0	T:425.0(6.75%),B:13212.3(6.28%),P:1e-1	Tpos:51.9,Tstd:26.0,Bpos:6476.7,Bstd:21257.1,StrandBias:-0.2,Multiplicity:1.05
0.047	0.055	0.103	0.795
0.074	0.075	0.488	0.362
0.186	0.024	0.218	0.572
0.067	0.100	0.209	0.624
0.028	0.001	0.970	0.001
0.029	0.909	0.018	0.044
0.808	0.053	0.040	0.099
0.837	0.073	0.014	0.076
>TGAGTCAT	20-TGAGTCAT	8.925145	-1.950790	0	T:157.0(2.50%),B:4799.8(2.28%),P:1e0	Tpos:50.2,Tstd:26.3,Bpos:4935.0,Bstd:11165.6,StrandBias:0.3,Multiplicity:1.01
0.001	0.006	0.016	0.977
0.001	0.001	0.966	0.032
0.865	0.069	0.001	0.065
0.021	0.234	0.708	0.037
0.001	0.001	0.001	0.997
0.001	0.997	0.001	0.001
0.997	0.001	0.001	0.001
0.019	0.208	0.167	0.606
>GAGGAAAC	21-GAGGAAAC	8.103662	-1.792742	0	T:289.0(4.59%),B:9112.9(4.33%),P:1e0	Tpos:46.3,Tstd:25.9,Bpos:2808.6,Bstd:8237.6,StrandBias:0.0,Multiplicity:1.01
0.142	0.240	0.575	0.043
0.736	0.158	0.075	0.031
0.050	0.018	0.901	0.031
0.001	0.007	0.986	0.006
0.795	0.076	0.084	0.045
0.954	0.027	0.004	0.015
0.550	0.094	0.349	0.007
0.090	0.507	0.127	0.276
>SAGGAAAT	22-SAGGAAAT	10.390078	-0.480304	0	T:109.0(1.73%),B:3738.5(1.78%),P:1e0	Tpos:55.8,Tstd:23.4,Bpos:5407.5,Bstd:11606.3,StrandBias:-0.7,Multiplicity:1.00
0.001	0.507	0.491	0.001
0.997	0.001	0.001	0.001
0.001	0.001	0.997	0.001
0.001	0.001	0.997	0.001
0.997	0.001	0.001	0.001
0.997	0.001	0.001	0.001
0.997	0.001	0.001	0.001
0.001	0.001	0.001	0.997
>GGAAGTAT	23-GGAAGTAT	9.199639	-0.214098	0	T:93.0(1.48%),B:3386.2(1.61%),P:1e0	Tpos:51.9,Tstd:27.6,Bpos:5888.1,Bstd:15362.5,StrandBias:0.0,Multiplicity:1.00
0.001	0.001	0.997	0.001
0.001	0.001	0.997	0.001
0.997	0.001	0.001	0.001
0.997	0.001	0.001	0.001
0.001	0.001	0.997	0.001
0.001	0.001	0.001	0.997
0.809	0.001	0.189	0.001
0.001	0.001	0.190	0.808
>GGAAGTCA	24-GGAAGTCA	9.821245	-0.050697	0	T:75.0(1.19%),B:3006.5(1.43%),P:1e0	Tpos:52.7,Tstd:26.5,Bpos:6428.1,Bstd:28514.7,StrandBias:-1.0,Multiplicity:1.00
0.001	0.001	0.997	0.001
0.001	0.001	0.997	0.001
0.997	0.001	0.001	0.001
0.997	0.001	0.001	0.001
0.001	0.001	0.997	0.001
0.001	0.001	0.001	0.997
0.228	0.629	0.003	0.140
0.455	0.245	0.003	0.297
>TGTGGTGC	25-TGTGGTGC	10.850462	-0.000000	0	T:38.0(0.60%),B:2559.1(1.22%),P:1e0	Tpos:55.7,Tstd:27.6,Bpos:3776.5,Bstd:10916.8,StrandBias:-1.0,Multiplicity:1.00
0.001	0.001	0.001	0.997
0.001	0.001	0.997	0.001
0.001	0.001	0.001	0.997
0.001	0.001	0.997	0.001
0.001	0.001	0.997	0.001
0.001	0.001	0.001	0.997
0.102	0.001	0.896	0.001
0.001	0.894	0.104	0.001
