>WAACCACARV	1-WAACCACARV	6.818517	-3017.245636	0	T:3152.0(50.10%),B:21495.4(10.22%),P:1e-1310	Tpos:51.6,Tstd:22.3,Bpos:8529.4,Bstd:50858.6,StrandBias:-0.1,Multiplicity:1.18
0.360	0.190	0.045	0.405
0.622	0.076	0.250	0.052
0.870	0.062	0.065	0.003
0.012	0.970	0.010	0.008
0.012	0.974	0.008	0.006
0.695	0.024	0.247	0.034
0.009	0.971	0.011	0.009
0.871	0.027	0.030	0.072
0.393	0.076	0.391	0.140
0.276	0.311	0.276	0.138
>ACCRCADWNB	2-ACCRCADWNB	6.094895	-2342.417934	0	T:3356.0(53.34%),B:32206.8(15.31%),P:1e-1017	Tpos:51.2,Tstd:26.0,Bpos:12335.0,Bstd:74215.5,StrandBias:-0.2,Multiplicity:1.07
0.799	0.067	0.122	0.012
0.008	0.943	0.033	0.016
0.092	0.899	0.001	0.008
0.529	0.001	0.469	0.001
0.001	0.867	0.078	0.054
0.883	0.001	0.074	0.042
0.291	0.137	0.257	0.314
0.372	0.118	0.177	0.333
0.299	0.238	0.193	0.270
0.135	0.309	0.241	0.316
>TGTGGTTDNN	3-TGTGGTTDNN	7.406646	-1813.893694	0	T:1495.0(23.76%),B:6317.8(3.00%),P:1e-787	Tpos:60.0,Tstd:40.3,Bpos:626.3,Bstd:1414.7,StrandBias:-1.3,Multiplicity:1.00
0.084	0.015	0.001	0.900
0.001	0.001	0.997	0.001
0.112	0.303	0.052	0.533
0.001	0.001	0.976	0.022
0.001	0.011	0.987	0.001
0.001	0.256	0.214	0.529
0.207	0.202	0.159	0.431
0.331	0.112	0.230	0.328
0.244	0.307	0.251	0.198
0.205	0.264	0.259	0.272
>GTGGTTAMSC	4-GTGGTTAMSC	7.244760	-1059.726930	0	T:1496.0(23.78%),B:12056.7(5.73%),P:1e-460	Tpos:52.8,Tstd:25.1,Bpos:4106.1,Bstd:10931.0,StrandBias:0.0,Multiplicity:1.02
0.001	0.001	0.997	0.001
0.001	0.188	0.001	0.810
0.001	0.001	0.997	0.001
0.001	0.001	0.997	0.001
0.001	0.001	0.001	0.997
0.001	0.001	0.001	0.997
0.594	0.001	0.131	0.274
0.382	0.462	0.083	0.073
0.167	0.372	0.311	0.150
0.089	0.443	0.244	0.225
>AGGAAGTGGK	5-AGGAAGTGGK	8.930724	-429.649996	0	T:758.0(12.05%),B:7067.8(3.36%),P:1e-186	Tpos:51.4,Tstd:24.3,Bpos:2919.9,Bstd:8523.0,StrandBias:-0.0,Multiplicity:1.05
0.672	0.124	0.192	0.012
0.065	0.012	0.912	0.011
0.013	0.011	0.965	0.011
0.892	0.054	0.008	0.046
0.768	0.003	0.001	0.228
0.027	0.025	0.947	0.001
0.001	0.001	0.001	0.997
0.060	0.028	0.792	0.120
0.200	0.105	0.651	0.044
0.119	0.220	0.258	0.403
>TGTGGYTAVV	6-TGTGGYTAVV	7.857265	-389.856338	0	T:320.0(5.09%),B:1227.0(0.58%),P:1e-169	Tpos:47.9,Tstd:29.1,Bpos:5526.1,Bstd:13022.8,StrandBias:-1.3,Multiplicity:1.00
0.021	0.011	0.027	0.941
0.006	0.018	0.975	0.001
0.119	0.309	0.018	0.554
0.012	0.020	0.894	0.074
0.007	0.039	0.927	0.027
0.040	0.316	0.196	0.449
0.089	0.274	0.181	0.455
0.447	0.128	0.169	0.257
0.284	0.214	0.350	0.152
0.251	0.304	0.300	0.146
>RCTTCCTBTK	7-RCTTCCTBTK	6.198785	-372.154876	0	T:2536.0(40.31%),B:51511.4(24.49%),P:1e-161	Tpos:50.4,Tstd:26.0,Bpos:12622.8,Bstd:75731.7,StrandBias:-0.0,Multiplicity:1.16
0.496	0.082	0.355	0.068
0.008	0.589	0.130	0.273
0.102	0.001	0.027	0.870
0.027	0.001	0.001	0.971
0.001	0.922	0.038	0.039
0.018	0.862	0.001	0.119
0.030	0.162	0.299	0.509
0.059	0.312	0.386	0.243
0.197	0.177	0.111	0.515
0.141	0.204	0.288	0.368
>HYACTTCCYB	8-HYACTTCCYB	7.675260	-289.409757	0	T:662.0(10.52%),B:7438.9(3.54%),P:1e-125	Tpos:52.7,Tstd:26.9,Bpos:3484.6,Bstd:8876.3,StrandBias:-0.1,Multiplicity:1.00
0.247	0.320	0.106	0.327
0.058	0.410	0.003	0.529
0.546	0.178	0.197	0.079
0.037	0.507	0.279	0.177
0.030	0.064	0.037	0.869
0.010	0.030	0.010	0.950
0.001	0.940	0.014	0.045
0.001	0.776	0.021	0.202
0.029	0.308	0.240	0.424
0.033	0.394	0.281	0.291
>YGGTTTGTGG	9-YGGTTTGTGG	10.123351	-74.264024	0	T:66.0(1.05%),B:291.3(0.14%),P:1e-32	Tpos:63.6,Tstd:18.0,Bpos:3241.0,Bstd:10195.9,StrandBias:-1.8,Multiplicity:1.00
0.150	0.335	0.144	0.371
0.267	0.109	0.434	0.189
0.142	0.150	0.440	0.268
0.139	0.190	0.068	0.603
0.012	0.295	0.001	0.692
0.001	0.001	0.001	0.997
0.001	0.001	0.997	0.001
0.001	0.097	0.001	0.901
0.001	0.001	0.997	0.001
0.001	0.001	0.997	0.001
>CTTCCTCWTT	10-CTTCCTCWTT	9.574634	-66.709737	0	T:125.0(1.99%),B:1208.9(0.57%),P:1e-28	Tpos:45.2,Tstd:27.3,Bpos:5058.5,Bstd:10981.8,StrandBias:0.0,Multiplicity:1.00
0.001	0.535	0.137	0.327
0.073	0.001	0.001	0.925
0.001	0.001	0.001	0.997
0.001	0.997	0.001	0.001
0.001	0.997	0.001	0.001
0.001	0.271	0.230	0.499
0.040	0.572	0.218	0.170
0.297	0.185	0.113	0.405
0.177	0.187	0.001	0.635
0.232	0.247	0.001	0.520
>AAAGGGGAAG	11-AAAGGGGAAG	10.801621	-35.808553	0	T:138.0(2.19%),B:2086.2(0.99%),P:1e-15	Tpos:56.0,Tstd:28.5,Bpos:4420.0,Bstd:10280.3,StrandBias:0.5,Multiplicity:1.00
0.912	0.053	0.024	0.011
0.966	0.008	0.007	0.019
0.865	0.006	0.007	0.122
0.150	0.001	0.776	0.073
0.001	0.001	0.997	0.001
0.145	0.001	0.853	0.001
0.001	0.001	0.997	0.001
0.997	0.001	0.001	0.001
0.986	0.001	0.001	0.012
0.001	0.095	0.903	0.001
>VTTGCRHAAB	12-VTTGCRHAAB	6.950566	-33.130873	0	T:496.0(7.88%),B:11509.0(5.47%),P:1e-14	Tpos:52.7,Tstd:24.3,Bpos:5334.4,Bstd:11777.7,StrandBias:-0.1,Multiplicity:1.01
0.267	0.374	0.246	0.114
0.121	0.001	0.001	0.877
0.001	0.001	0.001	0.997
0.217	0.001	0.631	0.151
0.001	0.947	0.001	0.051
0.302	0.153	0.413	0.131
0.274	0.378	0.001	0.347
0.551	0.331	0.103	0.015
0.989	0.001	0.009	0.001
0.142	0.314	0.217	0.327
>CTGTGGSTTT	13-CTGTGGSTTT	10.098943	-30.265770	0	T:85.0(1.35%),B:1099.9(0.52%),P:1e-13	Tpos:55.8,Tstd:23.0,Bpos:7588.4,Bstd:20025.7,StrandBias:0.7,Multiplicity:1.00
0.079	0.545	0.001	0.375
0.001	0.001	0.001	0.997
0.001	0.001	0.997	0.001
0.001	0.295	0.001	0.703
0.001	0.001	0.997	0.001
0.001	0.001	0.997	0.001
0.001	0.516	0.482	0.001
0.001	0.386	0.001	0.612
0.348	0.001	0.030	0.621
0.207	0.053	0.286	0.454
>HSYYACTTCC	14-HSYYACTTCC	9.322841	-29.889840	0	T:84.0(1.34%),B:1087.4(0.52%),P:1e-12	Tpos:54.4,Tstd:37.1,Bpos:5146.3,Bstd:26796.5,StrandBias:0.0,Multiplicity:1.00
0.395	0.248	0.075	0.282
0.165	0.335	0.318	0.182
0.037	0.439	0.171	0.353
0.135	0.458	0.054	0.353
0.895	0.001	0.031	0.073
0.001	0.672	0.001	0.326
0.111	0.001	0.001	0.887
0.038	0.001	0.001	0.960
0.001	0.977	0.021	0.001
0.001	0.997	0.001	0.001
>NRTTGCRCAA	15-NRTTGCRCAA	7.132604	-28.592223	0	T:152.0(2.42%),B:2641.7(1.26%),P:1e-12	Tpos:49.8,Tstd:24.6,Bpos:5664.3,Bstd:12362.5,StrandBias:-0.0,Multiplicity:1.01
0.207	0.254	0.236	0.303
0.459	0.161	0.351	0.028
0.061	0.012	0.023	0.904
0.039	0.048	0.170	0.743
0.220	0.038	0.570	0.172
0.049	0.615	0.120	0.216
0.276	0.163	0.413	0.148
0.165	0.595	0.014	0.226
0.727	0.158	0.033	0.082
0.825	0.088	0.042	0.045
>AAACCACCAA	16-AAACCACCAA	12.502155	-19.565171	0	T:44.0(0.70%),B:509.1(0.24%),P:1e-8	Tpos:53.9,Tstd:25.3,Bpos:5666.1,Bstd:18063.1,StrandBias:1.3,Multiplicity:1.06
0.948	0.001	0.001	0.050
0.997	0.001	0.001	0.001
0.997	0.001	0.001	0.001
0.001	0.997	0.001	0.001
0.001	0.997	0.001	0.001
0.997	0.001	0.001	0.001
0.001	0.997	0.001	0.001
0.001	0.997	0.001	0.001
0.897	0.051	0.001	0.051
0.590	0.051	0.308	0.051
>SCTGCGGTGD	17-SCTGCGGTGD	10.504766	-19.255241	0	T:105.0(1.67%),B:1864.6(0.89%),P:1e-8	Tpos:50.9,Tstd:25.3,Bpos:939.6,Bstd:4087.1,StrandBias:0.0,Multiplicity:1.08
0.170	0.321	0.348	0.161
0.161	0.828	0.010	0.001
0.001	0.001	0.001	0.997
0.001	0.001	0.997	0.001
0.001	0.828	0.001	0.170
0.001	0.001	0.997	0.001
0.001	0.001	0.997	0.001
0.001	0.001	0.001	0.997
0.001	0.001	0.997	0.001
0.329	0.001	0.348	0.321
>TTCCTCTTTW	18-TTCCTCTTTW	11.084433	-19.209686	0	T:56.0(0.89%),B:755.9(0.36%),P:1e-8	Tpos:48.6,Tstd:24.4,Bpos:5920.7,Bstd:13564.0,StrandBias:-1.9,Multiplicity:1.00
0.001	0.001	0.001	0.997
0.001	0.001	0.001	0.997
0.001	0.997	0.001	0.001
0.001	0.997	0.001	0.001
0.001	0.001	0.001	0.997
0.001	0.604	0.262	0.133
0.089	0.001	0.001	0.909
0.001	0.001	0.381	0.617
0.254	0.273	0.011	0.462
0.340	0.130	0.127	0.403
>ATGACTCASY	19-ATGACTCASY	9.096795	-4.167934	0	T:92.0(1.46%),B:2418.8(1.15%),P:1e-1	Tpos:50.4,Tstd:27.5,Bpos:4039.1,Bstd:10031.2,StrandBias:-0.1,Multiplicity:1.02
0.514	0.273	0.174	0.039
0.001	0.001	0.001	0.997
0.098	0.014	0.814	0.074
0.966	0.032	0.001	0.001
0.001	0.638	0.360	0.001
0.146	0.019	0.026	0.809
0.161	0.812	0.026	0.001
0.811	0.077	0.086	0.026
0.081	0.363	0.427	0.130
0.257	0.430	0.002	0.312
>AGGAARTRBV	20-AGGAARTRBV	9.741864	-2.479903	0	T:16.0(0.25%),B:359.9(0.17%),P:1e-1	Tpos:54.7,Tstd:27.4,Bpos:6866.4,Bstd:14749.6,StrandBias:1.0,Multiplicity:1.00
0.997	0.001	0.001	0.001
0.001	0.001	0.997	0.001
0.001	0.001	0.997	0.001
0.997	0.001	0.001	0.001
0.997	0.001	0.001	0.001
0.563	0.001	0.435	0.001
0.001	0.384	0.001	0.614
0.344	0.175	0.389	0.092
0.086	0.350	0.271	0.293
0.350	0.271	0.207	0.172
>GGAATGGAAT	21-GGAATGGAAT	11.416783	-1.558990	0	T:10.0(0.16%),B:245.7(0.12%),P:1e0	Tpos:47.2,Tstd:25.1,Bpos:12883.9,Bstd:11516.6,StrandBias:4.6,Multiplicity:5.00
0.001	0.089	0.909	0.001
0.001	0.001	0.997	0.001
0.997	0.001	0.001	0.001
0.997	0.001	0.001	0.001
0.001	0.001	0.001	0.997
0.001	0.001	0.997	0.001
0.001	0.001	0.997	0.001
0.997	0.001	0.001	0.001
0.997	0.001	0.001	0.001
0.001	0.001	0.001	0.997
>MTMAGAGGAA	22-MTMAGAGGAA	10.820507	-1.412515	0	T:39.0(0.62%),B:1151.1(0.55%),P:1e0	Tpos:47.6,Tstd:14.6,Bpos:8033.7,Bstd:41224.1,StrandBias:0.3,Multiplicity:1.00
0.338	0.322	0.179	0.162
0.160	0.019	0.001	0.820
0.514	0.484	0.001	0.001
0.997	0.001	0.001	0.001
0.177	0.178	0.644	0.001
0.997	0.001	0.001	0.001
0.001	0.001	0.997	0.001
0.001	0.001	0.997	0.001
0.997	0.001	0.001	0.001
0.997	0.001	0.001	0.001
>GAGGAAGCCR	23-GAGGAAGCCR	10.274743	-1.293155	0	T:65.0(1.03%),B:2002.5(0.95%),P:1e0	Tpos:36.9,Tstd:27.0,Bpos:1808.0,Bstd:4462.5,StrandBias:-0.4,Multiplicity:1.00
0.220	0.220	0.559	0.001
0.770	0.228	0.001	0.001
0.001	0.001	0.997	0.001
0.001	0.001	0.997	0.001
0.997	0.001	0.001	0.001
0.997	0.001	0.001	0.001
0.214	0.001	0.784	0.001
0.001	0.707	0.001	0.291
0.338	0.520	0.069	0.073
0.347	0.138	0.405	0.110
>SAGGAAACDG	24-SAGGAAACDG	10.947505	-0.464882	0	T:60.0(0.95%),B:2080.5(0.99%),P:1e0	Tpos:57.9,Tstd:27.4,Bpos:3566.4,Bstd:9552.7,StrandBias:0.5,Multiplicity:1.00
0.076	0.466	0.457	0.001
0.997	0.001	0.001	0.001
0.001	0.001	0.997	0.001
0.001	0.001	0.997	0.001
0.997	0.001	0.001	0.001
0.997	0.001	0.001	0.001
0.846	0.001	0.152	0.001
0.001	0.694	0.001	0.304
0.275	0.076	0.305	0.343
0.192	0.038	0.731	0.039
>KGCAGAGGAA	25-KGCAGAGGAA	11.371396	-0.000029	0	T:5.0(0.08%),B:652.4(0.31%),P:1e0	Tpos:71.0,Tstd:0.0,Bpos:3504.7,Bstd:7927.0,StrandBias:-10.0,Multiplicity:1.00
0.015	0.008	0.497	0.480
0.252	0.009	0.472	0.267
0.245	0.747	0.007	0.001
0.997	0.001	0.001	0.001
0.244	0.274	0.481	0.001
0.997	0.001	0.001	0.001
0.001	0.001	0.997	0.001
0.001	0.001	0.997	0.001
0.997	0.001	0.001	0.001
0.997	0.001	0.001	0.001
>YTGTGGTYWNNN	1-YTGTGGTYWNNN	7.733723	-3138.862496	0	T:2740.0(43.55%),B:14217.6(6.76%),P:1e-1363	Tpos:51.5,Tstd:21.7,Bpos:10541.6,Bstd:63238.8,StrandBias:0.1,Multiplicity:1.11
0.127	0.389	0.127	0.357
0.001	0.001	0.001	0.997
0.001	0.001	0.997	0.001
0.001	0.363	0.001	0.635
0.001	0.001	0.997	0.001
0.001	0.001	0.997	0.001
0.001	0.001	0.001	0.997
0.001	0.453	0.001	0.545
0.341	0.001	0.212	0.446
0.206	0.307	0.313	0.174
0.206	0.294	0.323	0.177
0.251	0.223	0.262	0.264
>HAACCACARMNN	2-HAACCACARMNN	6.485010	-1856.224184	0	T:3142.0(49.94%),B:33887.5(16.11%),P:1e-806	Tpos:51.2,Tstd:25.6,Bpos:17536.4,Bstd:93756.0,StrandBias:-0.1,Multiplicity:1.06
0.315	0.261	0.097	0.327
0.630	0.148	0.001	0.221
0.622	0.158	0.219	0.001
0.001	0.997	0.001	0.001
0.001	0.997	0.001	0.001
0.513	0.020	0.338	0.129
0.001	0.997	0.001	0.001
0.668	0.083	0.123	0.126
0.355	0.156	0.412	0.077
0.370	0.249	0.179	0.202
0.210	0.344	0.251	0.195
0.254	0.267	0.240	0.239
>TGTGGTTKDSNN	3-TGTGGTTKDSNN	6.399942	-1047.173158	0	T:2373.0(37.71%),B:29482.9(14.02%),P:1e-454	Tpos:51.0,Tstd:24.5,Bpos:10387.2,Bstd:65016.4,StrandBias:0.2,Multiplicity:1.12
0.103	0.047	0.148	0.702
0.043	0.109	0.800	0.048
0.149	0.188	0.078	0.585
0.024	0.021	0.945	0.010
0.011	0.001	0.987	0.001
0.039	0.188	0.104	0.669
0.222	0.035	0.253	0.490
0.187	0.099	0.405	0.309
0.288	0.129	0.280	0.303
0.124	0.279	0.375	0.222
0.211	0.260	0.281	0.248
0.178	0.242	0.287	0.293
>VSAAVCCACAGM	4-VSAAVCCACAGM	9.301000	-431.618356	0	T:453.0(7.20%),B:2462.5(1.17%),P:1e-187	Tpos:53.3,Tstd:22.4,Bpos:5621.1,Bstd:23336.3,StrandBias:-0.8,Multiplicity:1.02
0.271	0.234	0.351	0.145
0.250	0.438	0.311	0.001
0.603	0.161	0.001	0.235
0.561	0.210	0.228	0.001
0.376	0.307	0.316	0.001
0.018	0.936	0.045	0.001
0.001	0.997	0.001	0.001
0.639	0.032	0.215	0.114
0.001	0.935	0.063	0.001
0.897	0.001	0.001	0.101
0.270	0.131	0.598	0.001
0.401	0.351	0.187	0.061
>NYCACTTCCTBT	5-NYCACTTCCTBT	6.919713	-360.214060	0	T:2062.0(32.77%),B:38765.6(18.43%),P:1e-156	Tpos:50.3,Tstd:25.3,Bpos:9252.6,Bstd:63004.6,StrandBias:0.0,Multiplicity:1.14
0.198	0.270	0.293	0.239
0.136	0.389	0.171	0.304
0.270	0.465	0.121	0.145
0.583	0.050	0.274	0.093
0.001	0.731	0.086	0.182
0.099	0.001	0.001	0.899
0.001	0.033	0.019	0.947
0.001	0.997	0.001	0.001
0.001	0.991	0.001	0.007
0.001	0.171	0.246	0.582
0.060	0.354	0.366	0.220
0.222	0.235	0.088	0.455
>CTGYGGTNACNR	6-CTGYGGTNACNR	8.081518	-355.873736	0	T:508.0(8.07%),B:3875.8(1.84%),P:1e-154	Tpos:50.4,Tstd:23.9,Bpos:2359.4,Bstd:8207.3,StrandBias:0.4,Multiplicity:1.00
0.059	0.640	0.062	0.239
0.223	0.146	0.001	0.630
0.001	0.032	0.966	0.001
0.087	0.388	0.028	0.496
0.001	0.001	0.979	0.019
0.001	0.054	0.944	0.001
0.012	0.269	0.249	0.471
0.229	0.268	0.178	0.326
0.507	0.106	0.097	0.290
0.096	0.431	0.271	0.202
0.250	0.197	0.316	0.237
0.341	0.157	0.411	0.091
>RASAGGAAGTGG	7-RASAGGAAGTGG	9.238871	-344.098382	0	T:511.0(8.12%),B:4047.1(1.92%),P:1e-149	Tpos:52.2,Tstd:23.5,Bpos:3119.8,Bstd:8743.7,StrandBias:0.1,Multiplicity:1.02
0.388	0.204	0.259	0.149
0.539	0.060	0.175	0.226
0.232	0.289	0.427	0.052
0.629	0.125	0.231	0.015
0.074	0.009	0.906	0.011
0.007	0.010	0.982	0.001
0.956	0.028	0.001	0.015
0.929	0.001	0.010	0.060
0.188	0.070	0.741	0.001
0.086	0.166	0.106	0.642
0.211	0.009	0.559	0.221
0.229	0.163	0.465	0.143
>AVCGGAAACCAC	8-AVCGGAAACCAC	9.318027	-317.173749	0	T:424.0(6.74%),B:3019.8(1.44%),P:1e-137	Tpos:53.0,Tstd:21.8,Bpos:3159.1,Bstd:9324.6,StrandBias:0.1,Multiplicity:1.00
0.491	0.194	0.196	0.118
0.267	0.411	0.320	0.001
0.291	0.571	0.051	0.087
0.237	0.001	0.623	0.139
0.001	0.189	0.809	0.001
0.910	0.001	0.088	0.001
0.997	0.001	0.001	0.001
0.839	0.037	0.123	0.001
0.001	0.997	0.001	0.001
0.049	0.949	0.001	0.001
0.567	0.047	0.325	0.061
0.001	0.851	0.057	0.091
>NCAAACCACAGN	9-NCAAACCACAGN	8.174654	-255.902229	0	T:229.0(3.64%),B:997.1(0.47%),P:1e-111	Tpos:94.0,Tstd:0.0,Bpos:2460.7,Bstd:8271.2,StrandBias:-10.0,Multiplicity:1.00
0.235	0.323	0.247	0.196
0.139	0.601	0.148	0.112
0.640	0.136	0.091	0.133
0.620	0.155	0.140	0.085
0.606	0.146	0.162	0.086
0.122	0.645	0.128	0.105
0.119	0.701	0.084	0.096
0.607	0.134	0.131	0.128
0.105	0.692	0.122	0.081
0.666	0.102	0.101	0.131
0.145	0.116	0.620	0.119
0.261	0.272	0.281	0.186
>NASTTCCBCHTT	10-NASTTCCBCHTT	9.463759	-203.269389	0	T:342.0(5.44%),B:3006.5(1.43%),P:1e-88	Tpos:50.2,Tstd:25.3,Bpos:4436.4,Bstd:10275.1,StrandBias:0.1,Multiplicity:1.00
0.283	0.295	0.177	0.245
0.548	0.053	0.342	0.057
0.032	0.503	0.383	0.082
0.047	0.001	0.001	0.951
0.001	0.001	0.001	0.997
0.001	0.997	0.001	0.001
0.001	0.897	0.001	0.101
0.044	0.369	0.255	0.332
0.104	0.587	0.060	0.249
0.232	0.343	0.046	0.379
0.001	0.101	0.022	0.876
0.001	0.173	0.075	0.751
>AGARGAMGTGGT	11-AGARGAMGTGGT	11.222083	-144.199853	0	T:109.0(1.73%),B:367.1(0.17%),P:1e-62	Tpos:51.1,Tstd:14.4,Bpos:3833.6,Bstd:10857.2,StrandBias:-0.7,Multiplicity:1.00
0.686	0.001	0.122	0.191
0.001	0.052	0.754	0.193
0.519	0.130	0.239	0.112
0.381	0.001	0.449	0.168
0.049	0.063	0.887	0.001
0.783	0.048	0.127	0.042
0.414	0.345	0.130	0.111
0.001	0.032	0.896	0.071
0.041	0.001	0.029	0.929
0.001	0.001	0.997	0.001
0.117	0.001	0.835	0.047
0.003	0.025	0.099	0.873
>NMCCACATCYYB	12-NMCCACATCYYB	9.631729	-78.586821	0	T:112.0(1.78%),B:853.2(0.41%),P:1e-34	Tpos:56.8,Tstd:28.3,Bpos:2830.4,Bstd:8991.3,StrandBias:0.2,Multiplicity:1.00
0.300	0.199	0.312	0.189
0.392	0.365	0.242	0.001
0.001	0.932	0.066	0.001
0.001	0.997	0.001	0.001
0.865	0.083	0.051	0.001
0.001	0.997	0.001	0.001
0.569	0.001	0.110	0.320
0.001	0.211	0.259	0.529
0.001	0.725	0.001	0.273
0.001	0.528	0.001	0.470
0.001	0.458	0.189	0.352
0.128	0.257	0.348	0.267
>WTGTGGYTTSTG	13-WTGTGGYTTSTG	11.555292	-77.508047	0	T:42.0(0.67%),B:74.6(0.04%),P:1e-33	Tpos:68.0,Tstd:0.0,Bpos:0.0,Bstd:0.0,StrandBias:-10.0,Multiplicity:1.00
0.395	0.001	0.104	0.500
0.198	0.153	0.090	0.559
0.041	0.152	0.698	0.109
0.083	0.001	0.126	0.790
0.130	0.001	0.868	0.001
0.041	0.196	0.762	0.001
0.001	0.415	0.093	0.491
0.001	0.097	0.001	0.901
0.187	0.077	0.001	0.735
0.001	0.387	0.405	0.207
0.289	0.001	0.001	0.709
0.001	0.001	0.773	0.225
>GCTGTGGTTTTC	14-GCTGTGGTTTTC	11.105255	-62.490410	0	T:75.0(1.19%),B:483.2(0.23%),P:1e-27	Tpos:66.0,Tstd:12.6,Bpos:3275.0,Bstd:8920.3,StrandBias:-0.6,Multiplicity:1.00
0.001	0.126	0.725	0.148
0.033	0.862	0.042	0.063
0.089	0.135	0.053	0.723
0.103	0.096	0.631	0.170
0.002	0.001	0.356	0.641
0.002	0.060	0.904	0.034
0.002	0.297	0.675	0.026
0.215	0.071	0.128	0.586
0.060	0.075	0.087	0.778
0.001	0.065	0.027	0.907
0.053	0.237	0.196	0.514
0.001	0.997	0.001	0.001
>CTTCCTCTTTYB	15-CTTCCTCTTTYB	10.491798	-32.384331	0	T:66.0(1.05%),B:695.1(0.33%),P:1e-14	Tpos:47.1,Tstd:27.8,Bpos:3102.1,Bstd:6590.3,StrandBias:-1.3,Multiplicity:1.00
0.035	0.677	0.211	0.077
0.001	0.001	0.001	0.997
0.001	0.001	0.001	0.997
0.001	0.997	0.001	0.001
0.001	0.997	0.001	0.001
0.037	0.301	0.001	0.661
0.064	0.486	0.212	0.239
0.166	0.313	0.051	0.471
0.001	0.281	0.124	0.594
0.105	0.189	0.275	0.431
0.170	0.357	0.108	0.365
0.079	0.332	0.227	0.363
>GCDGKGNTTTTG	16-GCDGKGNTTTTG	7.984373	-31.426804	0	T:44.0(0.70%),B:342.7(0.16%),P:1e-13	Tpos:44.8,Tstd:31.8,Bpos:5035.8,Bstd:11297.9,StrandBias:0.3,Multiplicity:1.00
0.030	0.026	0.908	0.036
0.303	0.509	0.035	0.153
0.295	0.171	0.210	0.324
0.278	0.165	0.525	0.032
0.175	0.221	0.230	0.375
0.010	0.032	0.688	0.270
0.198	0.272	0.336	0.194
0.231	0.152	0.216	0.402
0.047	0.256	0.177	0.520
0.013	0.282	0.203	0.502
0.024	0.032	0.183	0.761
0.022	0.209	0.599	0.170
>GGAAACCGCAGC	17-GGAAACCGCAGC	12.087919	-30.462749	0	T:33.0(0.52%),B:197.2(0.09%),P:1e-13	Tpos:47.3,Tstd:8.7,Bpos:1012.4,Bstd:3041.3,StrandBias:-10.0,Multiplicity:1.00
0.001	0.001	0.928	0.070
0.011	0.001	0.962	0.026
0.830	0.052	0.088	0.030
0.855	0.001	0.088	0.056
0.921	0.011	0.067	0.001
0.026	0.845	0.074	0.055
0.051	0.805	0.081	0.063
0.037	0.156	0.754	0.053
0.102	0.790	0.086	0.022
0.775	0.062	0.137	0.026
0.085	0.059	0.815	0.041
0.040	0.810	0.117	0.033
>AAGCAGAAGTGG	18-AAGCAGAAGTGG	9.234281	-22.292980	0	T:37.0(0.59%),B:341.4(0.16%),P:1e-9	Tpos:53.5,Tstd:24.8,Bpos:3170.6,Bstd:7441.0,StrandBias:-0.2,Multiplicity:1.00
0.516	0.072	0.157	0.255
0.482	0.134	0.190	0.194
0.089	0.291	0.553	0.067
0.174	0.595	0.212	0.019
0.900	0.008	0.063	0.029
0.059	0.025	0.897	0.019
0.707	0.047	0.195	0.051
0.495	0.148	0.032	0.324
0.254	0.165	0.458	0.123
0.180	0.186	0.066	0.568
0.204	0.120	0.467	0.209
0.309	0.045	0.610	0.036
>ATTCCATTCSAT	19-ATTCCATTCSAT	12.308595	-16.807138	0	T:11.0(0.17%),B:34.8(0.02%),P:1e-7	Tpos:47.7,Tstd:25.8,Bpos:16215.7,Bstd:8248.9,StrandBias:-5.4,Multiplicity:1.70
0.941	0.001	0.001	0.057
0.059	0.001	0.090	0.850
0.025	0.028	0.001	0.946
0.028	0.886	0.085	0.001
0.095	0.750	0.101	0.054
0.924	0.001	0.033	0.042
0.028	0.001	0.028	0.943
0.062	0.001	0.092	0.845
0.085	0.733	0.080	0.102
0.078	0.435	0.453	0.034
0.888	0.062	0.034	0.016
0.001	0.033	0.121	0.845
>CGAATGGAATCA	20-CGAATGGAATCA	13.343086	-14.011365	0	T:10.0(0.16%),B:37.6(0.02%),P:1e-6	Tpos:42.4,Tstd:24.4,Bpos:11746.8,Bstd:18415.8,StrandBias:1.9,Multiplicity:1.40
0.001	0.840	0.088	0.071
0.144	0.184	0.671	0.001
0.893	0.105	0.001	0.001
0.997	0.001	0.001	0.001
0.001	0.001	0.001	0.997
0.105	0.001	0.806	0.088
0.105	0.001	0.893	0.001
0.997	0.001	0.001	0.001
0.997	0.001	0.001	0.001
0.001	0.001	0.001	0.997
0.001	0.997	0.001	0.001
0.997	0.001	0.001	0.001
>AACCACATTTCC	21-AACCACATTTCC	13.152455	-13.022834	0	T:9.0(0.14%),B:32.5(0.02%),P:1e-5	Tpos:7.0,Tstd:0.0,Bpos:2018.0,Bstd:0.0,StrandBias:10.0,Multiplicity:1.00
0.708	0.094	0.099	0.099
0.701	0.120	0.126	0.053
0.064	0.775	0.082	0.079
0.072	0.811	0.060	0.057
0.736	0.097	0.056	0.111
0.066	0.835	0.052	0.047
0.778	0.074	0.054	0.094
0.114	0.123	0.125	0.638
0.065	0.151	0.080	0.704
0.062	0.092	0.086	0.760
0.061	0.742	0.087	0.110
0.076	0.813	0.010	0.101
>TGCGGGTTTCCT	22-TGCGGGTTTCCT	12.864243	-3.483312	0	T:4.0(0.06%),B:37.8(0.02%),P:1e-1	Tpos:64.7,Tstd:20.9,Bpos:2885.4,Bstd:5744.5,StrandBias:1.0,Multiplicity:1.00
0.001	0.072	0.110	0.817
0.100	0.001	0.789	0.110
0.004	0.655	0.209	0.132
0.115	0.212	0.422	0.251
0.001	0.006	0.850	0.143
0.111	0.276	0.539	0.074
0.001	0.001	0.001	0.997
0.004	0.001	0.001	0.994
0.001	0.104	0.001	0.894
0.113	0.780	0.048	0.059
0.003	0.995	0.001	0.001
0.001	0.001	0.197	0.801
>HSWGSCCACARM	23-HSWGSCCACARM	10.181784	-0.869926	0	T:8.0(0.13%),B:237.4(0.11%),P:1e0	Tpos:45.4,Tstd:19.4,Bpos:4041.9,Bstd:12872.5,StrandBias:-0.6,Multiplicity:1.00
0.303	0.232	0.154	0.311
0.115	0.318	0.376	0.191
0.376	0.161	0.110	0.353
0.001	0.001	0.997	0.001
0.001	0.493	0.505	0.001
0.055	0.883	0.061	0.001
0.229	0.769	0.001	0.001
0.700	0.001	0.298	0.001
0.001	0.862	0.136	0.001
0.899	0.099	0.001	0.001
0.373	0.106	0.520	0.001
0.406	0.300	0.228	0.066
>YTGYTTCCTSWH	24-YTGYTTCCTSWH	10.301540	-0.695358	0	T:12.0(0.19%),B:389.4(0.19%),P:1e0	Tpos:46.7,Tstd:24.5,Bpos:3627.4,Bstd:10402.7,StrandBias:1.3,Multiplicity:1.00
0.132	0.391	0.171	0.306
0.059	0.001	0.361	0.579
0.061	0.377	0.561	0.001
0.001	0.470	0.001	0.528
0.001	0.001	0.001	0.997
0.001	0.047	0.261	0.691
0.001	0.997	0.001	0.001
0.001	0.987	0.001	0.011
0.001	0.193	0.001	0.805
0.177	0.422	0.364	0.038
0.393	0.183	0.001	0.422
0.233	0.348	0.128	0.291
>GCHTKCTGTGGG	25-GCHTKCTGTGGG	10.634974	-0.666335	0	T:15.0(0.24%),B:494.3(0.24%),P:1e0	Tpos:35.7,Tstd:18.7,Bpos:2204.9,Bstd:5523.2,StrandBias:2.6,Multiplicity:1.00
0.110	0.337	0.552	0.001
0.001	0.536	0.291	0.172
0.228	0.257	0.163	0.351
0.089	0.001	0.332	0.578
0.001	0.114	0.488	0.397
0.011	0.822	0.060	0.107
0.158	0.001	0.001	0.840
0.001	0.083	0.850	0.066
0.001	0.168	0.001	0.830
0.001	0.001	0.800	0.198
0.001	0.001	0.895	0.103
0.053	0.175	0.549	0.223
>AAACCRCA	1-AAACCRCA	6.823937	-3025.382806	0	T:3198.0(50.83%),B:22219.7(10.57%),P:1e-1313	Tpos:51.7,Tstd:22.7,Bpos:15448.1,Bstd:83584.3,StrandBias:-0.1,Multiplicity:1.17
0.653	0.143	0.039	0.165
0.626	0.023	0.288	0.063
0.853	0.053	0.093	0.001
0.001	0.997	0.001	0.001
0.001	0.997	0.001	0.001
0.494	0.001	0.467	0.038
0.001	0.997	0.001	0.001
0.864	0.030	0.021	0.085
>TTGTGGTT	2-TTGTGGTT	6.168612	-2361.998345	0	T:3560.0(56.58%),B:36430.2(17.32%),P:1e-1025	Tpos:51.9,Tstd:25.2,Bpos:10535.4,Bstd:65205.8,StrandBias:0.1,Multiplicity:1.09
0.147	0.228	0.065	0.560
0.057	0.058	0.066	0.819
0.002	0.001	0.994	0.003
0.062	0.267	0.006	0.665
0.002	0.004	0.989	0.005
0.001	0.001	0.997	0.001
0.001	0.112	0.081	0.806
0.185	0.129	0.188	0.499
>ACCGCARA	3-ACCGCARA	6.778788	-2143.410412	0	T:2754.0(43.77%),B:22524.3(10.71%),P:1e-930	Tpos:51.3,Tstd:29.3,Bpos:1160.8,Bstd:4811.2,StrandBias:-0.5,Multiplicity:1.00
0.714	0.108	0.171	0.007
0.002	0.996	0.001	0.001
0.001	0.997	0.001	0.001
0.379	0.044	0.541	0.036
0.006	0.924	0.069	0.001
0.779	0.044	0.024	0.153
0.461	0.110	0.374	0.055
0.440	0.217	0.264	0.078
>TGTGGTTT	4-TGTGGTTT	8.588926	-1005.092017	0	T:1079.0(17.15%),B:6293.1(2.99%),P:1e-436	Tpos:52.0,Tstd:23.5,Bpos:5642.0,Bstd:19899.9,StrandBias:0.4,Multiplicity:1.01
0.001	0.102	0.177	0.720
0.001	0.001	0.997	0.001
0.134	0.088	0.001	0.777
0.001	0.001	0.997	0.001
0.001	0.001	0.892	0.106
0.001	0.001	0.336	0.662
0.118	0.030	0.198	0.654
0.089	0.079	0.080	0.752
>GTGGTTAC	5-GTGGTTAC	8.167143	-694.945064	0	T:1002.0(15.92%),B:7953.8(3.78%),P:1e-301	Tpos:50.8,Tstd:24.8,Bpos:2912.1,Bstd:21024.2,StrandBias:-0.1,Multiplicity:1.00
0.001	0.001	0.997	0.001
0.001	0.376	0.001	0.622
0.001	0.001	0.997	0.001
0.001	0.001	0.997	0.001
0.001	0.001	0.001	0.997
0.001	0.001	0.001	0.997
0.613	0.001	0.001	0.385
0.377	0.612	0.002	0.009
>TGTGGTKA	6-TGTGGTKA	7.768079	-377.750696	0	T:664.0(10.55%),B:6140.3(2.92%),P:1e-164	Tpos:49.0,Tstd:24.8,Bpos:4655.6,Bstd:10874.4,StrandBias:0.1,Multiplicity:1.00
0.194	0.072	0.015	0.719
0.044	0.020	0.935	0.001
0.057	0.130	0.048	0.765
0.001	0.047	0.951	0.001
0.001	0.045	0.899	0.055
0.036	0.028	0.113	0.823
0.223	0.023	0.358	0.397
0.447	0.098	0.233	0.221
>AGGAAGTG	7-AGGAAGTG	7.365662	-356.224640	0	T:1451.0(23.06%),B:23228.4(11.05%),P:1e-154	Tpos:50.6,Tstd:25.1,Bpos:7363.5,Bstd:48492.0,StrandBias:-0.0,Multiplicity:1.11
0.785	0.063	0.151	0.001
0.001	0.001	0.997	0.001
0.001	0.001	0.997	0.001
0.997	0.001	0.001	0.001
0.954	0.001	0.001	0.044
0.077	0.033	0.889	0.001
0.020	0.010	0.001	0.969
0.058	0.040	0.818	0.084
>YTAACCAC	8-YTAACCAC	9.759989	-319.479700	0	T:381.0(6.06%),B:2398.8(1.14%),P:1e-138	Tpos:48.8,Tstd:23.6,Bpos:4413.6,Bstd:11173.9,StrandBias:-0.8,Multiplicity:1.00
0.114	0.270	0.211	0.406
0.001	0.001	0.001	0.997
0.997	0.001	0.001	0.001
0.997	0.001	0.001	0.001
0.001	0.997	0.001	0.001
0.001	0.997	0.001	0.001
0.997	0.001	0.001	0.001
0.001	0.997	0.001	0.001
>SAGGAAGT	9-SAGGAAGT	7.366152	-315.981853	0	T:1302.0(20.69%),B:20798.9(9.89%),P:1e-137	Tpos:50.4,Tstd:26.9,Bpos:4617.3,Bstd:38290.5,StrandBias:0.0,Multiplicity:1.02
0.249	0.297	0.419	0.036
0.455	0.264	0.268	0.014
0.087	0.012	0.889	0.012
0.002	0.011	0.980	0.007
0.961	0.011	0.001	0.027
0.911	0.014	0.001	0.074
0.198	0.125	0.676	0.001
0.032	0.222	0.034	0.712
>ACCACAAA	10-ACCACAAA	10.745341	-306.855114	0	T:410.0(6.52%),B:2916.7(1.39%),P:1e-133	Tpos:52.9,Tstd:26.2,Bpos:8627.7,Bstd:50345.4,StrandBias:-0.5,Multiplicity:1.07
0.997	0.001	0.001	0.001
0.001	0.997	0.001	0.001
0.001	0.997	0.001	0.001
0.997	0.001	0.001	0.001
0.001	0.997	0.001	0.001
0.997	0.001	0.001	0.001
0.898	0.001	0.001	0.100
0.803	0.001	0.001	0.195
>GTGGTTTC	11-GTGGTTTC	10.269329	-286.633898	0	T:383.0(6.09%),B:2721.1(1.29%),P:1e-124	Tpos:44.3,Tstd:24.7,Bpos:3356.0,Bstd:8846.7,StrandBias:1.0,Multiplicity:1.00
0.001	0.001	0.997	0.001
0.001	0.001	0.001	0.997
0.001	0.001	0.997	0.001
0.001	0.001	0.997	0.001
0.001	0.001	0.001	0.997
0.001	0.001	0.001	0.997
0.182	0.001	0.001	0.816
0.001	0.549	0.126	0.324
>GGAAGTKW	12-GGAAGTKW	3.432684	-189.637567	0	T:1365.0(21.69%),B:26818.9(12.75%),P:1e-82	Tpos:50.7,Tstd:30.7,Bpos:5401.4,Bstd:23051.5,StrandBias:-0.3,Multiplicity:1.00
0.001	0.001	0.997	0.001
0.001	0.001	0.997	0.001
0.997	0.001	0.001	0.001
0.997	0.001	0.001	0.001
0.001	0.001	0.997	0.001
0.001	0.001	0.001	0.997
0.035	0.001	0.481	0.483
0.481	0.035	0.003	0.481
>CTTCCTCT	13-CTTCCTCT	8.216922	-87.624785	0	T:630.0(10.01%),B:12092.7(5.75%),P:1e-38	Tpos:50.2,Tstd:27.1,Bpos:4398.7,Bstd:21695.3,StrandBias:0.1,Multiplicity:1.04
0.005	0.751	0.092	0.152
0.032	0.001	0.005	0.962
0.022	0.001	0.001	0.976
0.001	0.970	0.013	0.016
0.006	0.975	0.003	0.016
0.011	0.158	0.273	0.558
0.062	0.510	0.296	0.132
0.169	0.291	0.027	0.513
>TTCCTCTT	14-TTCCTCTT	9.098930	-56.751966	0	T:497.0(7.90%),B:10105.6(4.81%),P:1e-24	Tpos:52.6,Tstd:28.7,Bpos:4732.5,Bstd:11259.7,StrandBias:-0.2,Multiplicity:1.01
0.001	0.001	0.001	0.997
0.001	0.001	0.001	0.997
0.001	0.997	0.001	0.001
0.001	0.997	0.001	0.001
0.001	0.121	0.001	0.877
0.001	0.779	0.219	0.001
0.124	0.001	0.001	0.874
0.001	0.097	0.079	0.823
>TCACTTCC	15-TCACTTCC	10.238590	-25.853730	0	T:208.0(3.31%),B:4152.3(1.97%),P:1e-11	Tpos:51.2,Tstd:31.3,Bpos:4956.7,Bstd:12447.7,StrandBias:0.3,Multiplicity:1.00
0.049	0.361	0.049	0.541
0.049	0.803	0.001	0.147
0.997	0.001	0.001	0.001
0.001	0.997	0.001	0.001
0.001	0.001	0.001	0.997
0.001	0.001	0.001	0.997
0.001	0.997	0.001	0.001
0.001	0.997	0.001	0.001
>TTACGCAA	16-TTACGCAA	7.741933	-11.125022	0	T:34.0(0.54%),B:489.0(0.23%),P:1e-4	Tpos:49.0,Tstd:23.4,Bpos:1917.1,Bstd:7121.3,StrandBias:0.2,Multiplicity:1.00
0.001	0.001	0.001	0.997
0.001	0.001	0.001	0.997
0.957	0.001	0.037	0.005
0.001	0.997	0.001	0.001
0.031	0.001	0.967	0.001
0.001	0.997	0.001	0.001
0.997	0.001	0.001	0.001
0.997	0.001	0.001	0.001
>ACCACACW	17-ACCACACW	10.396827	-8.364194	0	T:112.0(1.78%),B:2619.2(1.25%),P:1e-3	Tpos:47.8,Tstd:32.0,Bpos:5187.4,Bstd:28982.2,StrandBias:-0.3,Multiplicity:1.16
0.997	0.001	0.001	0.001
0.001	0.997	0.001	0.001
0.001	0.997	0.001	0.001
0.997	0.001	0.001	0.001
0.001	0.997	0.001	0.001
0.997	0.001	0.001	0.001
0.023	0.953	0.023	0.001
0.464	0.001	0.001	0.534
>TTTCCTST	18-TTTCCTST	10.368143	-3.715060	0	T:338.0(5.37%),B:10129.7(4.82%),P:1e-1	Tpos:53.9,Tstd:24.3,Bpos:7672.6,Bstd:43945.9,StrandBias:0.2,Multiplicity:1.01
0.001	0.001	0.001	0.997
0.001	0.001	0.001	0.997
0.001	0.001	0.001	0.997
0.001	0.997	0.001	0.001
0.001	0.997	0.001	0.001
0.001	0.001	0.001	0.997
0.001	0.502	0.496	0.001
0.001	0.001	0.001	0.997
>TKTTGCAA	19-TKTTGCAA	6.765306	-2.676964	0	T:425.0(6.75%),B:13212.3(6.28%),P:1e-1	Tpos:51.9,Tstd:26.0,Bpos:6476.7,Bstd:21257.1,StrandBias:-0.2,Multiplicity:1.05
0.047	0.055	0.103	0.795
0.074	0.075	0.488	0.362
0.186	0.024	0.218	0.572
0.067	0.100	0.209	0.624
0.028	0.001	0.970	0.001
0.029	0.909	0.018	0.044
0.808	0.053	0.040	0.099
0.837	0.073	0.014	0.076
>TGAGTCAT	20-TGAGTCAT	8.925145	-1.950790	0	T:157.0(2.50%),B:4799.8(2.28%),P:1e0	Tpos:50.2,Tstd:26.3,Bpos:4935.0,Bstd:11165.6,StrandBias:0.3,Multiplicity:1.01
0.001	0.006	0.016	0.977
0.001	0.001	0.966	0.032
0.865	0.069	0.001	0.065
0.021	0.234	0.708	0.037
0.001	0.001	0.001	0.997
0.001	0.997	0.001	0.001
0.997	0.001	0.001	0.001
0.019	0.208	0.167	0.606
>GAGGAAAC	21-GAGGAAAC	8.103662	-1.792742	0	T:289.0(4.59%),B:9112.9(4.33%),P:1e0	Tpos:46.3,Tstd:25.9,Bpos:2808.6,Bstd:8237.6,StrandBias:0.0,Multiplicity:1.01
0.142	0.240	0.575	0.043
0.736	0.158	0.075	0.031
0.050	0.018	0.901	0.031
0.001	0.007	0.986	0.006
0.795	0.076	0.084	0.045
0.954	0.027	0.004	0.015
0.550	0.094	0.349	0.007
0.090	0.507	0.127	0.276
>SAGGAAAT	22-SAGGAAAT	10.390078	-0.480304	0	T:109.0(1.73%),B:3738.5(1.78%),P:1e0	Tpos:55.8,Tstd:23.4,Bpos:5407.5,Bstd:11606.3,StrandBias:-0.7,Multiplicity:1.00
0.001	0.507	0.491	0.001
0.997	0.001	0.001	0.001
0.001	0.001	0.997	0.001
0.001	0.001	0.997	0.001
0.997	0.001	0.001	0.001
0.997	0.001	0.001	0.001
0.997	0.001	0.001	0.001
0.001	0.001	0.001	0.997
>GGAAGTAT	23-GGAAGTAT	9.199639	-0.214098	0	T:93.0(1.48%),B:3386.2(1.61%),P:1e0	Tpos:51.9,Tstd:27.6,Bpos:5888.1,Bstd:15362.5,StrandBias:0.0,Multiplicity:1.00
0.001	0.001	0.997	0.001
0.001	0.001	0.997	0.001
0.997	0.001	0.001	0.001
0.997	0.001	0.001	0.001
0.001	0.001	0.997	0.001
0.001	0.001	0.001	0.997
0.809	0.001	0.189	0.001
0.001	0.001	0.190	0.808
>GGAAGTCA	24-GGAAGTCA	9.821245	-0.050697	0	T:75.0(1.19%),B:3006.5(1.43%),P:1e0	Tpos:52.7,Tstd:26.5,Bpos:6428.1,Bstd:28514.7,StrandBias:-1.0,Multiplicity:1.00
0.001	0.001	0.997	0.001
0.001	0.001	0.997	0.001
0.997	0.001	0.001	0.001
0.997	0.001	0.001	0.001
0.001	0.001	0.997	0.001
0.001	0.001	0.001	0.997
0.228	0.629	0.003	0.140
0.455	0.245	0.003	0.297
>TGTGGTGC	25-TGTGGTGC	10.850462	-0.000000	0	T:38.0(0.60%),B:2559.1(1.22%),P:1e0	Tpos:55.7,Tstd:27.6,Bpos:3776.5,Bstd:10916.8,StrandBias:-1.0,Multiplicity:1.00
0.001	0.001	0.001	0.997
0.001	0.001	0.997	0.001
0.001	0.001	0.001	0.997
0.001	0.001	0.997	0.001
0.001	0.001	0.997	0.001
0.001	0.001	0.001	0.997
0.102	0.001	0.896	0.001
0.001	0.894	0.104	0.001
