>WAACCACARV	1-WAACCACARV	6.818517	-3017.245636	0	T:3152.0(50.10%),B:21495.4(10.22%),P:1e-1310	Tpos:51.6,Tstd:22.3,Bpos:8529.4,Bstd:50858.6,StrandBias:-0.1,Multiplicity:1.18
0.360	0.190	0.045	0.405
0.622	0.076	0.250	0.052
0.870	0.062	0.065	0.003
0.012	0.970	0.010	0.008
0.012	0.974	0.008	0.006
0.695	0.024	0.247	0.034
0.009	0.971	0.011	0.009
0.871	0.027	0.030	0.072
0.393	0.076	0.391	0.140
0.276	0.311	0.276	0.138
>ACCRCADWNB	2-ACCRCADWNB	6.094895	-2342.417934	0	T:3356.0(53.34%),B:32206.8(15.31%),P:1e-1017	Tpos:51.2,Tstd:26.0,Bpos:12335.0,Bstd:74215.5,StrandBias:-0.2,Multiplicity:1.07
0.799	0.067	0.122	0.012
0.008	0.943	0.033	0.016
0.092	0.899	0.001	0.008
0.529	0.001	0.469	0.001
0.001	0.867	0.078	0.054
0.883	0.001	0.074	0.042
0.291	0.137	0.257	0.314
0.372	0.118	0.177	0.333
0.299	0.238	0.193	0.270
0.135	0.309	0.241	0.316
>TGTGGTTDNN	3-TGTGGTTDNN	7.406646	-1813.893694	0	T:1495.0(23.76%),B:6317.8(3.00%),P:1e-787	Tpos:60.0,Tstd:40.3,Bpos:626.3,Bstd:1414.7,StrandBias:-1.3,Multiplicity:1.00
0.084	0.015	0.001	0.900
0.001	0.001	0.997	0.001
0.112	0.303	0.052	0.533
0.001	0.001	0.976	0.022
0.001	0.011	0.987	0.001
0.001	0.256	0.214	0.529
0.207	0.202	0.159	0.431
0.331	0.112	0.230	0.328
0.244	0.307	0.251	0.198
0.205	0.264	0.259	0.272
>GTGGTTAMSC	4-GTGGTTAMSC	7.244760	-1059.726930	0	T:1496.0(23.78%),B:12056.7(5.73%),P:1e-460	Tpos:52.8,Tstd:25.1,Bpos:4106.1,Bstd:10931.0,StrandBias:0.0,Multiplicity:1.02
0.001	0.001	0.997	0.001
0.001	0.188	0.001	0.810
0.001	0.001	0.997	0.001
0.001	0.001	0.997	0.001
0.001	0.001	0.001	0.997
0.001	0.001	0.001	0.997
0.594	0.001	0.131	0.274
0.382	0.462	0.083	0.073
0.167	0.372	0.311	0.150
0.089	0.443	0.244	0.225
>AGGAAGTGGK	5-AGGAAGTGGK	8.930724	-429.649996	0	T:758.0(12.05%),B:7067.8(3.36%),P:1e-186	Tpos:51.4,Tstd:24.3,Bpos:2919.9,Bstd:8523.0,StrandBias:-0.0,Multiplicity:1.05
0.672	0.124	0.192	0.012
0.065	0.012	0.912	0.011
0.013	0.011	0.965	0.011
0.892	0.054	0.008	0.046
0.768	0.003	0.001	0.228
0.027	0.025	0.947	0.001
0.001	0.001	0.001	0.997
0.060	0.028	0.792	0.120
0.200	0.105	0.651	0.044
0.119	0.220	0.258	0.403
>TGTGGYTAVV	6-TGTGGYTAVV	7.857265	-389.856338	0	T:320.0(5.09%),B:1227.0(0.58%),P:1e-169	Tpos:47.9,Tstd:29.1,Bpos:5526.1,Bstd:13022.8,StrandBias:-1.3,Multiplicity:1.00
0.021	0.011	0.027	0.941
0.006	0.018	0.975	0.001
0.119	0.309	0.018	0.554
0.012	0.020	0.894	0.074
0.007	0.039	0.927	0.027
0.040	0.316	0.196	0.449
0.089	0.274	0.181	0.455
0.447	0.128	0.169	0.257
0.284	0.214	0.350	0.152
0.251	0.304	0.300	0.146
>RCTTCCTBTK	7-RCTTCCTBTK	6.198785	-372.154876	0	T:2536.0(40.31%),B:51511.4(24.49%),P:1e-161	Tpos:50.4,Tstd:26.0,Bpos:12622.8,Bstd:75731.7,StrandBias:-0.0,Multiplicity:1.16
0.496	0.082	0.355	0.068
0.008	0.589	0.130	0.273
0.102	0.001	0.027	0.870
0.027	0.001	0.001	0.971
0.001	0.922	0.038	0.039
0.018	0.862	0.001	0.119
0.030	0.162	0.299	0.509
0.059	0.312	0.386	0.243
0.197	0.177	0.111	0.515
0.141	0.204	0.288	0.368
>HYACTTCCYB	8-HYACTTCCYB	7.675260	-289.409757	0	T:662.0(10.52%),B:7438.9(3.54%),P:1e-125	Tpos:52.7,Tstd:26.9,Bpos:3484.6,Bstd:8876.3,StrandBias:-0.1,Multiplicity:1.00
0.247	0.320	0.106	0.327
0.058	0.410	0.003	0.529
0.546	0.178	0.197	0.079
0.037	0.507	0.279	0.177
0.030	0.064	0.037	0.869
0.010	0.030	0.010	0.950
0.001	0.940	0.014	0.045
0.001	0.776	0.021	0.202
0.029	0.308	0.240	0.424
0.033	0.394	0.281	0.291
>YGGTTTGTGG	9-YGGTTTGTGG	10.123351	-74.264024	0	T:66.0(1.05%),B:291.3(0.14%),P:1e-32	Tpos:63.6,Tstd:18.0,Bpos:3241.0,Bstd:10195.9,StrandBias:-1.8,Multiplicity:1.00
0.150	0.335	0.144	0.371
0.267	0.109	0.434	0.189
0.142	0.150	0.440	0.268
0.139	0.190	0.068	0.603
0.012	0.295	0.001	0.692
0.001	0.001	0.001	0.997
0.001	0.001	0.997	0.001
0.001	0.097	0.001	0.901
0.001	0.001	0.997	0.001
0.001	0.001	0.997	0.001
>CTTCCTCWTT	10-CTTCCTCWTT	9.574634	-66.709737	0	T:125.0(1.99%),B:1208.9(0.57%),P:1e-28	Tpos:45.2,Tstd:27.3,Bpos:5058.5,Bstd:10981.8,StrandBias:0.0,Multiplicity:1.00
0.001	0.535	0.137	0.327
0.073	0.001	0.001	0.925
0.001	0.001	0.001	0.997
0.001	0.997	0.001	0.001
0.001	0.997	0.001	0.001
0.001	0.271	0.230	0.499
0.040	0.572	0.218	0.170
0.297	0.185	0.113	0.405
0.177	0.187	0.001	0.635
0.232	0.247	0.001	0.520
>AAAGGGGAAG	11-AAAGGGGAAG	10.801621	-35.808553	0	T:138.0(2.19%),B:2086.2(0.99%),P:1e-15	Tpos:56.0,Tstd:28.5,Bpos:4420.0,Bstd:10280.3,StrandBias:0.5,Multiplicity:1.00
0.912	0.053	0.024	0.011
0.966	0.008	0.007	0.019
0.865	0.006	0.007	0.122
0.150	0.001	0.776	0.073
0.001	0.001	0.997	0.001
0.145	0.001	0.853	0.001
0.001	0.001	0.997	0.001
0.997	0.001	0.001	0.001
0.986	0.001	0.001	0.012
0.001	0.095	0.903	0.001
>VTTGCRHAAB	12-VTTGCRHAAB	6.950566	-33.130873	0	T:496.0(7.88%),B:11509.0(5.47%),P:1e-14	Tpos:52.7,Tstd:24.3,Bpos:5334.4,Bstd:11777.7,StrandBias:-0.1,Multiplicity:1.01
0.267	0.374	0.246	0.114
0.121	0.001	0.001	0.877
0.001	0.001	0.001	0.997
0.217	0.001	0.631	0.151
0.001	0.947	0.001	0.051
0.302	0.153	0.413	0.131
0.274	0.378	0.001	0.347
0.551	0.331	0.103	0.015
0.989	0.001	0.009	0.001
0.142	0.314	0.217	0.327
>CTGTGGSTTT	13-CTGTGGSTTT	10.098943	-30.265770	0	T:85.0(1.35%),B:1099.9(0.52%),P:1e-13	Tpos:55.8,Tstd:23.0,Bpos:7588.4,Bstd:20025.7,StrandBias:0.7,Multiplicity:1.00
0.079	0.545	0.001	0.375
0.001	0.001	0.001	0.997
0.001	0.001	0.997	0.001
0.001	0.295	0.001	0.703
0.001	0.001	0.997	0.001
0.001	0.001	0.997	0.001
0.001	0.516	0.482	0.001
0.001	0.386	0.001	0.612
0.348	0.001	0.030	0.621
0.207	0.053	0.286	0.454
>HSYYACTTCC	14-HSYYACTTCC	9.322841	-29.889840	0	T:84.0(1.34%),B:1087.4(0.52%),P:1e-12	Tpos:54.4,Tstd:37.1,Bpos:5146.3,Bstd:26796.5,StrandBias:0.0,Multiplicity:1.00
0.395	0.248	0.075	0.282
0.165	0.335	0.318	0.182
0.037	0.439	0.171	0.353
0.135	0.458	0.054	0.353
0.895	0.001	0.031	0.073
0.001	0.672	0.001	0.326
0.111	0.001	0.001	0.887
0.038	0.001	0.001	0.960
0.001	0.977	0.021	0.001
0.001	0.997	0.001	0.001
>NRTTGCRCAA	15-NRTTGCRCAA	7.132604	-28.592223	0	T:152.0(2.42%),B:2641.7(1.26%),P:1e-12	Tpos:49.8,Tstd:24.6,Bpos:5664.3,Bstd:12362.5,StrandBias:-0.0,Multiplicity:1.01
0.207	0.254	0.236	0.303
0.459	0.161	0.351	0.028
0.061	0.012	0.023	0.904
0.039	0.048	0.170	0.743
0.220	0.038	0.570	0.172
0.049	0.615	0.120	0.216
0.276	0.163	0.413	0.148
0.165	0.595	0.014	0.226
0.727	0.158	0.033	0.082
0.825	0.088	0.042	0.045
>AAACCACCAA	16-AAACCACCAA	12.502155	-19.565171	0	T:44.0(0.70%),B:509.1(0.24%),P:1e-8	Tpos:53.9,Tstd:25.3,Bpos:5666.1,Bstd:18063.1,StrandBias:1.3,Multiplicity:1.06
0.948	0.001	0.001	0.050
0.997	0.001	0.001	0.001
0.997	0.001	0.001	0.001
0.001	0.997	0.001	0.001
0.001	0.997	0.001	0.001
0.997	0.001	0.001	0.001
0.001	0.997	0.001	0.001
0.001	0.997	0.001	0.001
0.897	0.051	0.001	0.051
0.590	0.051	0.308	0.051
>SCTGCGGTGD	17-SCTGCGGTGD	10.504766	-19.255241	0	T:105.0(1.67%),B:1864.6(0.89%),P:1e-8	Tpos:50.9,Tstd:25.3,Bpos:939.6,Bstd:4087.1,StrandBias:0.0,Multiplicity:1.08
0.170	0.321	0.348	0.161
0.161	0.828	0.010	0.001
0.001	0.001	0.001	0.997
0.001	0.001	0.997	0.001
0.001	0.828	0.001	0.170
0.001	0.001	0.997	0.001
0.001	0.001	0.997	0.001
0.001	0.001	0.001	0.997
0.001	0.001	0.997	0.001
0.329	0.001	0.348	0.321
>TTCCTCTTTW	18-TTCCTCTTTW	11.084433	-19.209686	0	T:56.0(0.89%),B:755.9(0.36%),P:1e-8	Tpos:48.6,Tstd:24.4,Bpos:5920.7,Bstd:13564.0,StrandBias:-1.9,Multiplicity:1.00
0.001	0.001	0.001	0.997
0.001	0.001	0.001	0.997
0.001	0.997	0.001	0.001
0.001	0.997	0.001	0.001
0.001	0.001	0.001	0.997
0.001	0.604	0.262	0.133
0.089	0.001	0.001	0.909
0.001	0.001	0.381	0.617
0.254	0.273	0.011	0.462
0.340	0.130	0.127	0.403
>ATGACTCASY	19-ATGACTCASY	9.096795	-4.167934	0	T:92.0(1.46%),B:2418.8(1.15%),P:1e-1	Tpos:50.4,Tstd:27.5,Bpos:4039.1,Bstd:10031.2,StrandBias:-0.1,Multiplicity:1.02
0.514	0.273	0.174	0.039
0.001	0.001	0.001	0.997
0.098	0.014	0.814	0.074
0.966	0.032	0.001	0.001
0.001	0.638	0.360	0.001
0.146	0.019	0.026	0.809
0.161	0.812	0.026	0.001
0.811	0.077	0.086	0.026
0.081	0.363	0.427	0.130
0.257	0.430	0.002	0.312
>AGGAARTRBV	20-AGGAARTRBV	9.741864	-2.479903	0	T:16.0(0.25%),B:359.9(0.17%),P:1e-1	Tpos:54.7,Tstd:27.4,Bpos:6866.4,Bstd:14749.6,StrandBias:1.0,Multiplicity:1.00
0.997	0.001	0.001	0.001
0.001	0.001	0.997	0.001
0.001	0.001	0.997	0.001
0.997	0.001	0.001	0.001
0.997	0.001	0.001	0.001
0.563	0.001	0.435	0.001
0.001	0.384	0.001	0.614
0.344	0.175	0.389	0.092
0.086	0.350	0.271	0.293
0.350	0.271	0.207	0.172
>GGAATGGAAT	21-GGAATGGAAT	11.416783	-1.558990	0	T:10.0(0.16%),B:245.7(0.12%),P:1e0	Tpos:47.2,Tstd:25.1,Bpos:12883.9,Bstd:11516.6,StrandBias:4.6,Multiplicity:5.00
0.001	0.089	0.909	0.001
0.001	0.001	0.997	0.001
0.997	0.001	0.001	0.001
0.997	0.001	0.001	0.001
0.001	0.001	0.001	0.997
0.001	0.001	0.997	0.001
0.001	0.001	0.997	0.001
0.997	0.001	0.001	0.001
0.997	0.001	0.001	0.001
0.001	0.001	0.001	0.997
>MTMAGAGGAA	22-MTMAGAGGAA	10.820507	-1.412515	0	T:39.0(0.62%),B:1151.1(0.55%),P:1e0	Tpos:47.6,Tstd:14.6,Bpos:8033.7,Bstd:41224.1,StrandBias:0.3,Multiplicity:1.00
0.338	0.322	0.179	0.162
0.160	0.019	0.001	0.820
0.514	0.484	0.001	0.001
0.997	0.001	0.001	0.001
0.177	0.178	0.644	0.001
0.997	0.001	0.001	0.001
0.001	0.001	0.997	0.001
0.001	0.001	0.997	0.001
0.997	0.001	0.001	0.001
0.997	0.001	0.001	0.001
>GAGGAAGCCR	23-GAGGAAGCCR	10.274743	-1.293155	0	T:65.0(1.03%),B:2002.5(0.95%),P:1e0	Tpos:36.9,Tstd:27.0,Bpos:1808.0,Bstd:4462.5,StrandBias:-0.4,Multiplicity:1.00
0.220	0.220	0.559	0.001
0.770	0.228	0.001	0.001
0.001	0.001	0.997	0.001
0.001	0.001	0.997	0.001
0.997	0.001	0.001	0.001
0.997	0.001	0.001	0.001
0.214	0.001	0.784	0.001
0.001	0.707	0.001	0.291
0.338	0.520	0.069	0.073
0.347	0.138	0.405	0.110
>SAGGAAACDG	24-SAGGAAACDG	10.947505	-0.464882	0	T:60.0(0.95%),B:2080.5(0.99%),P:1e0	Tpos:57.9,Tstd:27.4,Bpos:3566.4,Bstd:9552.7,StrandBias:0.5,Multiplicity:1.00
0.076	0.466	0.457	0.001
0.997	0.001	0.001	0.001
0.001	0.001	0.997	0.001
0.001	0.001	0.997	0.001
0.997	0.001	0.001	0.001
0.997	0.001	0.001	0.001
0.846	0.001	0.152	0.001
0.001	0.694	0.001	0.304
0.275	0.076	0.305	0.343
0.192	0.038	0.731	0.039
>KGCAGAGGAA	25-KGCAGAGGAA	11.371396	-0.000029	0	T:5.0(0.08%),B:652.4(0.31%),P:1e0	Tpos:71.0,Tstd:0.0,Bpos:3504.7,Bstd:7927.0,StrandBias:-10.0,Multiplicity:1.00
0.015	0.008	0.497	0.480
0.252	0.009	0.472	0.267
0.245	0.747	0.007	0.001
0.997	0.001	0.001	0.001
0.244	0.274	0.481	0.001
0.997	0.001	0.001	0.001
0.001	0.001	0.997	0.001
0.001	0.001	0.997	0.001
0.997	0.001	0.001	0.001
0.997	0.001	0.001	0.001
