>YTGTGGTYWNNN	1-YTGTGGTYWNNN	7.733723	-3138.862496	0	T:2740.0(43.55%),B:14217.6(6.76%),P:1e-1363	Tpos:51.5,Tstd:21.7,Bpos:10541.6,Bstd:63238.8,StrandBias:0.1,Multiplicity:1.11
0.127	0.389	0.127	0.357
0.001	0.001	0.001	0.997
0.001	0.001	0.997	0.001
0.001	0.363	0.001	0.635
0.001	0.001	0.997	0.001
0.001	0.001	0.997	0.001
0.001	0.001	0.001	0.997
0.001	0.453	0.001	0.545
0.341	0.001	0.212	0.446
0.206	0.307	0.313	0.174
0.206	0.294	0.323	0.177
0.251	0.223	0.262	0.264
>HAACCACARMNN	2-HAACCACARMNN	6.485010	-1856.224184	0	T:3142.0(49.94%),B:33887.5(16.11%),P:1e-806	Tpos:51.2,Tstd:25.6,Bpos:17536.4,Bstd:93756.0,StrandBias:-0.1,Multiplicity:1.06
0.315	0.261	0.097	0.327
0.630	0.148	0.001	0.221
0.622	0.158	0.219	0.001
0.001	0.997	0.001	0.001
0.001	0.997	0.001	0.001
0.513	0.020	0.338	0.129
0.001	0.997	0.001	0.001
0.668	0.083	0.123	0.126
0.355	0.156	0.412	0.077
0.370	0.249	0.179	0.202
0.210	0.344	0.251	0.195
0.254	0.267	0.240	0.239
>TGTGGTTKDSNN	3-TGTGGTTKDSNN	6.399942	-1047.173158	0	T:2373.0(37.71%),B:29482.9(14.02%),P:1e-454	Tpos:51.0,Tstd:24.5,Bpos:10387.2,Bstd:65016.4,StrandBias:0.2,Multiplicity:1.12
0.103	0.047	0.148	0.702
0.043	0.109	0.800	0.048
0.149	0.188	0.078	0.585
0.024	0.021	0.945	0.010
0.011	0.001	0.987	0.001
0.039	0.188	0.104	0.669
0.222	0.035	0.253	0.490
0.187	0.099	0.405	0.309
0.288	0.129	0.280	0.303
0.124	0.279	0.375	0.222
0.211	0.260	0.281	0.248
0.178	0.242	0.287	0.293
>VSAAVCCACAGM	4-VSAAVCCACAGM	9.301000	-431.618356	0	T:453.0(7.20%),B:2462.5(1.17%),P:1e-187	Tpos:53.3,Tstd:22.4,Bpos:5621.1,Bstd:23336.3,StrandBias:-0.8,Multiplicity:1.02
0.271	0.234	0.351	0.145
0.250	0.438	0.311	0.001
0.603	0.161	0.001	0.235
0.561	0.210	0.228	0.001
0.376	0.307	0.316	0.001
0.018	0.936	0.045	0.001
0.001	0.997	0.001	0.001
0.639	0.032	0.215	0.114
0.001	0.935	0.063	0.001
0.897	0.001	0.001	0.101
0.270	0.131	0.598	0.001
0.401	0.351	0.187	0.061
>NYCACTTCCTBT	5-NYCACTTCCTBT	6.919713	-360.214060	0	T:2062.0(32.77%),B:38765.6(18.43%),P:1e-156	Tpos:50.3,Tstd:25.3,Bpos:9252.6,Bstd:63004.6,StrandBias:0.0,Multiplicity:1.14
0.198	0.270	0.293	0.239
0.136	0.389	0.171	0.304
0.270	0.465	0.121	0.145
0.583	0.050	0.274	0.093
0.001	0.731	0.086	0.182
0.099	0.001	0.001	0.899
0.001	0.033	0.019	0.947
0.001	0.997	0.001	0.001
0.001	0.991	0.001	0.007
0.001	0.171	0.246	0.582
0.060	0.354	0.366	0.220
0.222	0.235	0.088	0.455
>CTGYGGTNACNR	6-CTGYGGTNACNR	8.081518	-355.873736	0	T:508.0(8.07%),B:3875.8(1.84%),P:1e-154	Tpos:50.4,Tstd:23.9,Bpos:2359.4,Bstd:8207.3,StrandBias:0.4,Multiplicity:1.00
0.059	0.640	0.062	0.239
0.223	0.146	0.001	0.630
0.001	0.032	0.966	0.001
0.087	0.388	0.028	0.496
0.001	0.001	0.979	0.019
0.001	0.054	0.944	0.001
0.012	0.269	0.249	0.471
0.229	0.268	0.178	0.326
0.507	0.106	0.097	0.290
0.096	0.431	0.271	0.202
0.250	0.197	0.316	0.237
0.341	0.157	0.411	0.091
>RASAGGAAGTGG	7-RASAGGAAGTGG	9.238871	-344.098382	0	T:511.0(8.12%),B:4047.1(1.92%),P:1e-149	Tpos:52.2,Tstd:23.5,Bpos:3119.8,Bstd:8743.7,StrandBias:0.1,Multiplicity:1.02
0.388	0.204	0.259	0.149
0.539	0.060	0.175	0.226
0.232	0.289	0.427	0.052
0.629	0.125	0.231	0.015
0.074	0.009	0.906	0.011
0.007	0.010	0.982	0.001
0.956	0.028	0.001	0.015
0.929	0.001	0.010	0.060
0.188	0.070	0.741	0.001
0.086	0.166	0.106	0.642
0.211	0.009	0.559	0.221
0.229	0.163	0.465	0.143
>AVCGGAAACCAC	8-AVCGGAAACCAC	9.318027	-317.173749	0	T:424.0(6.74%),B:3019.8(1.44%),P:1e-137	Tpos:53.0,Tstd:21.8,Bpos:3159.1,Bstd:9324.6,StrandBias:0.1,Multiplicity:1.00
0.491	0.194	0.196	0.118
0.267	0.411	0.320	0.001
0.291	0.571	0.051	0.087
0.237	0.001	0.623	0.139
0.001	0.189	0.809	0.001
0.910	0.001	0.088	0.001
0.997	0.001	0.001	0.001
0.839	0.037	0.123	0.001
0.001	0.997	0.001	0.001
0.049	0.949	0.001	0.001
0.567	0.047	0.325	0.061
0.001	0.851	0.057	0.091
>NCAAACCACAGN	9-NCAAACCACAGN	8.174654	-255.902229	0	T:229.0(3.64%),B:997.1(0.47%),P:1e-111	Tpos:94.0,Tstd:0.0,Bpos:2460.7,Bstd:8271.2,StrandBias:-10.0,Multiplicity:1.00
0.235	0.323	0.247	0.196
0.139	0.601	0.148	0.112
0.640	0.136	0.091	0.133
0.620	0.155	0.140	0.085
0.606	0.146	0.162	0.086
0.122	0.645	0.128	0.105
0.119	0.701	0.084	0.096
0.607	0.134	0.131	0.128
0.105	0.692	0.122	0.081
0.666	0.102	0.101	0.131
0.145	0.116	0.620	0.119
0.261	0.272	0.281	0.186
>NASTTCCBCHTT	10-NASTTCCBCHTT	9.463759	-203.269389	0	T:342.0(5.44%),B:3006.5(1.43%),P:1e-88	Tpos:50.2,Tstd:25.3,Bpos:4436.4,Bstd:10275.1,StrandBias:0.1,Multiplicity:1.00
0.283	0.295	0.177	0.245
0.548	0.053	0.342	0.057
0.032	0.503	0.383	0.082
0.047	0.001	0.001	0.951
0.001	0.001	0.001	0.997
0.001	0.997	0.001	0.001
0.001	0.897	0.001	0.101
0.044	0.369	0.255	0.332
0.104	0.587	0.060	0.249
0.232	0.343	0.046	0.379
0.001	0.101	0.022	0.876
0.001	0.173	0.075	0.751
>AGARGAMGTGGT	11-AGARGAMGTGGT	11.222083	-144.199853	0	T:109.0(1.73%),B:367.1(0.17%),P:1e-62	Tpos:51.1,Tstd:14.4,Bpos:3833.6,Bstd:10857.2,StrandBias:-0.7,Multiplicity:1.00
0.686	0.001	0.122	0.191
0.001	0.052	0.754	0.193
0.519	0.130	0.239	0.112
0.381	0.001	0.449	0.168
0.049	0.063	0.887	0.001
0.783	0.048	0.127	0.042
0.414	0.345	0.130	0.111
0.001	0.032	0.896	0.071
0.041	0.001	0.029	0.929
0.001	0.001	0.997	0.001
0.117	0.001	0.835	0.047
0.003	0.025	0.099	0.873
>NMCCACATCYYB	12-NMCCACATCYYB	9.631729	-78.586821	0	T:112.0(1.78%),B:853.2(0.41%),P:1e-34	Tpos:56.8,Tstd:28.3,Bpos:2830.4,Bstd:8991.3,StrandBias:0.2,Multiplicity:1.00
0.300	0.199	0.312	0.189
0.392	0.365	0.242	0.001
0.001	0.932	0.066	0.001
0.001	0.997	0.001	0.001
0.865	0.083	0.051	0.001
0.001	0.997	0.001	0.001
0.569	0.001	0.110	0.320
0.001	0.211	0.259	0.529
0.001	0.725	0.001	0.273
0.001	0.528	0.001	0.470
0.001	0.458	0.189	0.352
0.128	0.257	0.348	0.267
>WTGTGGYTTSTG	13-WTGTGGYTTSTG	11.555292	-77.508047	0	T:42.0(0.67%),B:74.6(0.04%),P:1e-33	Tpos:68.0,Tstd:0.0,Bpos:0.0,Bstd:0.0,StrandBias:-10.0,Multiplicity:1.00
0.395	0.001	0.104	0.500
0.198	0.153	0.090	0.559
0.041	0.152	0.698	0.109
0.083	0.001	0.126	0.790
0.130	0.001	0.868	0.001
0.041	0.196	0.762	0.001
0.001	0.415	0.093	0.491
0.001	0.097	0.001	0.901
0.187	0.077	0.001	0.735
0.001	0.387	0.405	0.207
0.289	0.001	0.001	0.709
0.001	0.001	0.773	0.225
>GCTGTGGTTTTC	14-GCTGTGGTTTTC	11.105255	-62.490410	0	T:75.0(1.19%),B:483.2(0.23%),P:1e-27	Tpos:66.0,Tstd:12.6,Bpos:3275.0,Bstd:8920.3,StrandBias:-0.6,Multiplicity:1.00
0.001	0.126	0.725	0.148
0.033	0.862	0.042	0.063
0.089	0.135	0.053	0.723
0.103	0.096	0.631	0.170
0.002	0.001	0.356	0.641
0.002	0.060	0.904	0.034
0.002	0.297	0.675	0.026
0.215	0.071	0.128	0.586
0.060	0.075	0.087	0.778
0.001	0.065	0.027	0.907
0.053	0.237	0.196	0.514
0.001	0.997	0.001	0.001
>CTTCCTCTTTYB	15-CTTCCTCTTTYB	10.491798	-32.384331	0	T:66.0(1.05%),B:695.1(0.33%),P:1e-14	Tpos:47.1,Tstd:27.8,Bpos:3102.1,Bstd:6590.3,StrandBias:-1.3,Multiplicity:1.00
0.035	0.677	0.211	0.077
0.001	0.001	0.001	0.997
0.001	0.001	0.001	0.997
0.001	0.997	0.001	0.001
0.001	0.997	0.001	0.001
0.037	0.301	0.001	0.661
0.064	0.486	0.212	0.239
0.166	0.313	0.051	0.471
0.001	0.281	0.124	0.594
0.105	0.189	0.275	0.431
0.170	0.357	0.108	0.365
0.079	0.332	0.227	0.363
>GCDGKGNTTTTG	16-GCDGKGNTTTTG	7.984373	-31.426804	0	T:44.0(0.70%),B:342.7(0.16%),P:1e-13	Tpos:44.8,Tstd:31.8,Bpos:5035.8,Bstd:11297.9,StrandBias:0.3,Multiplicity:1.00
0.030	0.026	0.908	0.036
0.303	0.509	0.035	0.153
0.295	0.171	0.210	0.324
0.278	0.165	0.525	0.032
0.175	0.221	0.230	0.375
0.010	0.032	0.688	0.270
0.198	0.272	0.336	0.194
0.231	0.152	0.216	0.402
0.047	0.256	0.177	0.520
0.013	0.282	0.203	0.502
0.024	0.032	0.183	0.761
0.022	0.209	0.599	0.170
>GGAAACCGCAGC	17-GGAAACCGCAGC	12.087919	-30.462749	0	T:33.0(0.52%),B:197.2(0.09%),P:1e-13	Tpos:47.3,Tstd:8.7,Bpos:1012.4,Bstd:3041.3,StrandBias:-10.0,Multiplicity:1.00
0.001	0.001	0.928	0.070
0.011	0.001	0.962	0.026
0.830	0.052	0.088	0.030
0.855	0.001	0.088	0.056
0.921	0.011	0.067	0.001
0.026	0.845	0.074	0.055
0.051	0.805	0.081	0.063
0.037	0.156	0.754	0.053
0.102	0.790	0.086	0.022
0.775	0.062	0.137	0.026
0.085	0.059	0.815	0.041
0.040	0.810	0.117	0.033
>AAGCAGAAGTGG	18-AAGCAGAAGTGG	9.234281	-22.292980	0	T:37.0(0.59%),B:341.4(0.16%),P:1e-9	Tpos:53.5,Tstd:24.8,Bpos:3170.6,Bstd:7441.0,StrandBias:-0.2,Multiplicity:1.00
0.516	0.072	0.157	0.255
0.482	0.134	0.190	0.194
0.089	0.291	0.553	0.067
0.174	0.595	0.212	0.019
0.900	0.008	0.063	0.029
0.059	0.025	0.897	0.019
0.707	0.047	0.195	0.051
0.495	0.148	0.032	0.324
0.254	0.165	0.458	0.123
0.180	0.186	0.066	0.568
0.204	0.120	0.467	0.209
0.309	0.045	0.610	0.036
>ATTCCATTCSAT	19-ATTCCATTCSAT	12.308595	-16.807138	0	T:11.0(0.17%),B:34.8(0.02%),P:1e-7	Tpos:47.7,Tstd:25.8,Bpos:16215.7,Bstd:8248.9,StrandBias:-5.4,Multiplicity:1.70
0.941	0.001	0.001	0.057
0.059	0.001	0.090	0.850
0.025	0.028	0.001	0.946
0.028	0.886	0.085	0.001
0.095	0.750	0.101	0.054
0.924	0.001	0.033	0.042
0.028	0.001	0.028	0.943
0.062	0.001	0.092	0.845
0.085	0.733	0.080	0.102
0.078	0.435	0.453	0.034
0.888	0.062	0.034	0.016
0.001	0.033	0.121	0.845
>CGAATGGAATCA	20-CGAATGGAATCA	13.343086	-14.011365	0	T:10.0(0.16%),B:37.6(0.02%),P:1e-6	Tpos:42.4,Tstd:24.4,Bpos:11746.8,Bstd:18415.8,StrandBias:1.9,Multiplicity:1.40
0.001	0.840	0.088	0.071
0.144	0.184	0.671	0.001
0.893	0.105	0.001	0.001
0.997	0.001	0.001	0.001
0.001	0.001	0.001	0.997
0.105	0.001	0.806	0.088
0.105	0.001	0.893	0.001
0.997	0.001	0.001	0.001
0.997	0.001	0.001	0.001
0.001	0.001	0.001	0.997
0.001	0.997	0.001	0.001
0.997	0.001	0.001	0.001
>AACCACATTTCC	21-AACCACATTTCC	13.152455	-13.022834	0	T:9.0(0.14%),B:32.5(0.02%),P:1e-5	Tpos:7.0,Tstd:0.0,Bpos:2018.0,Bstd:0.0,StrandBias:10.0,Multiplicity:1.00
0.708	0.094	0.099	0.099
0.701	0.120	0.126	0.053
0.064	0.775	0.082	0.079
0.072	0.811	0.060	0.057
0.736	0.097	0.056	0.111
0.066	0.835	0.052	0.047
0.778	0.074	0.054	0.094
0.114	0.123	0.125	0.638
0.065	0.151	0.080	0.704
0.062	0.092	0.086	0.760
0.061	0.742	0.087	0.110
0.076	0.813	0.010	0.101
>TGCGGGTTTCCT	22-TGCGGGTTTCCT	12.864243	-3.483312	0	T:4.0(0.06%),B:37.8(0.02%),P:1e-1	Tpos:64.7,Tstd:20.9,Bpos:2885.4,Bstd:5744.5,StrandBias:1.0,Multiplicity:1.00
0.001	0.072	0.110	0.817
0.100	0.001	0.789	0.110
0.004	0.655	0.209	0.132
0.115	0.212	0.422	0.251
0.001	0.006	0.850	0.143
0.111	0.276	0.539	0.074
0.001	0.001	0.001	0.997
0.004	0.001	0.001	0.994
0.001	0.104	0.001	0.894
0.113	0.780	0.048	0.059
0.003	0.995	0.001	0.001
0.001	0.001	0.197	0.801
>HSWGSCCACARM	23-HSWGSCCACARM	10.181784	-0.869926	0	T:8.0(0.13%),B:237.4(0.11%),P:1e0	Tpos:45.4,Tstd:19.4,Bpos:4041.9,Bstd:12872.5,StrandBias:-0.6,Multiplicity:1.00
0.303	0.232	0.154	0.311
0.115	0.318	0.376	0.191
0.376	0.161	0.110	0.353
0.001	0.001	0.997	0.001
0.001	0.493	0.505	0.001
0.055	0.883	0.061	0.001
0.229	0.769	0.001	0.001
0.700	0.001	0.298	0.001
0.001	0.862	0.136	0.001
0.899	0.099	0.001	0.001
0.373	0.106	0.520	0.001
0.406	0.300	0.228	0.066
>YTGYTTCCTSWH	24-YTGYTTCCTSWH	10.301540	-0.695358	0	T:12.0(0.19%),B:389.4(0.19%),P:1e0	Tpos:46.7,Tstd:24.5,Bpos:3627.4,Bstd:10402.7,StrandBias:1.3,Multiplicity:1.00
0.132	0.391	0.171	0.306
0.059	0.001	0.361	0.579
0.061	0.377	0.561	0.001
0.001	0.470	0.001	0.528
0.001	0.001	0.001	0.997
0.001	0.047	0.261	0.691
0.001	0.997	0.001	0.001
0.001	0.987	0.001	0.011
0.001	0.193	0.001	0.805
0.177	0.422	0.364	0.038
0.393	0.183	0.001	0.422
0.233	0.348	0.128	0.291
>GCHTKCTGTGGG	25-GCHTKCTGTGGG	10.634974	-0.666335	0	T:15.0(0.24%),B:494.3(0.24%),P:1e0	Tpos:35.7,Tstd:18.7,Bpos:2204.9,Bstd:5523.2,StrandBias:2.6,Multiplicity:1.00
0.110	0.337	0.552	0.001
0.001	0.536	0.291	0.172
0.228	0.257	0.163	0.351
0.089	0.001	0.332	0.578
0.001	0.114	0.488	0.397
0.011	0.822	0.060	0.107
0.158	0.001	0.001	0.840
0.001	0.083	0.850	0.066
0.001	0.168	0.001	0.830
0.001	0.001	0.800	0.198
0.001	0.001	0.895	0.103
0.053	0.175	0.549	0.223
