>CWVAARVAHNCA	10-CWVAARVAHNCA,BestGuess:SA0002.1_at_AC_acceptor/Jaspar(0.549)	2.653643	-353.781122	0	T:11130.0(97.85%),B:172903.6(92.00%),P:1e-153
0.140	0.857	0.002	0.001
0.428	0.153	0.005	0.413
0.224	0.314	0.337	0.126
0.430	0.276	0.207	0.086
0.754	0.001	0.210	0.035
0.419	0.127	0.272	0.182
0.217	0.354	0.278	0.150
0.475	0.266	0.114	0.146
0.328	0.320	0.103	0.250
0.258	0.308	0.233	0.201
0.290	0.630	0.074	0.006
0.763	0.049	0.002	0.186
