>AGAGARRSCMNV	16-AGAGARRSCMNV,BestGuess:PRDM1/MA0508.3/Jaspar(0.680)	7.547606	-3.965247	0	T:42.0(0.37%),B:484.6(0.26%),P:1e-1
0.496	0.042	0.316	0.146
0.209	0.057	0.697	0.037
0.454	0.042	0.283	0.221
0.334	0.050	0.582	0.034
0.835	0.048	0.068	0.049
0.460	0.171	0.326	0.043
0.404	0.134	0.293	0.168
0.062	0.406	0.340	0.191
0.061	0.661	0.048	0.230
0.464	0.319	0.033	0.184
0.216	0.318	0.209	0.258
0.361	0.270	0.223	0.146
