>HAACCRCARN	1-HAACCRCARN	7.140113	-709.171081	0	T:1719.0(12.70%),B:10237.6(4.34%),P:1e-307	Tpos:29.5,Tstd:13.4,Bpos:2158.6,Bstd:8377.3,StrandBias:0.2,Multiplicity:1.00
0.361	0.225	0.076	0.338
0.485	0.118	0.289	0.108
0.653	0.166	0.175	0.006
0.001	0.973	0.002	0.024
0.008	0.973	0.016	0.003
0.522	0.013	0.392	0.073
0.011	0.950	0.024	0.015
0.551	0.079	0.186	0.184
0.370	0.120	0.333	0.177
0.308	0.273	0.225	0.194
>HRACCRCADV	2-HRACCRCADV	6.805031	-702.608103	0	T:1942.0(14.35%),B:12640.2(5.36%),P:1e-305	Tpos:24.6,Tstd:11.6,Bpos:1751.6,Bstd:6835.0,StrandBias:-0.4,Multiplicity:1.00
0.289	0.262	0.132	0.316
0.488	0.001	0.345	0.165
0.633	0.169	0.197	0.001
0.001	0.997	0.001	0.001
0.009	0.971	0.001	0.019
0.432	0.044	0.437	0.088
0.021	0.918	0.060	0.001
0.520	0.113	0.197	0.170
0.306	0.156	0.337	0.201
0.338	0.264	0.221	0.177
>HTGYGGTTDN	3-HTGYGGTTDN	6.044457	-675.150772	0	T:1222.0(9.03%),B:5775.0(2.45%),P:1e-293	Tpos:18.0,Tstd:0.0,Bpos:1115.0,Bstd:1847.0,StrandBias:10.0,Multiplicity:1.00
0.241	0.278	0.134	0.346
0.225	0.173	0.127	0.475
0.116	0.171	0.661	0.052
0.126	0.377	0.084	0.412
0.003	0.182	0.814	0.001
0.011	0.001	0.987	0.001
0.017	0.287	0.209	0.488
0.180	0.241	0.170	0.409
0.327	0.112	0.226	0.334
0.239	0.261	0.271	0.229
>NHTGYGGTTW	4-NHTGYGGTTW	6.649049	-647.039633	0	T:1539.0(11.37%),B:9007.4(3.82%),P:1e-281	Tpos:28.1,Tstd:11.7,Bpos:8709.5,Bstd:24746.0,StrandBias:0.6,Multiplicity:1.00
0.205	0.221	0.279	0.296
0.230	0.343	0.101	0.326
0.205	0.154	0.132	0.509
0.073	0.046	0.848	0.033
0.169	0.335	0.044	0.452
0.020	0.038	0.941	0.001
0.001	0.001	0.997	0.001
0.003	0.232	0.220	0.545
0.162	0.230	0.113	0.495
0.335	0.105	0.196	0.363
>WAACCRCADV	5-WAACCRCADV	7.455857	-645.335280	0	T:1718.0(12.69%),B:10866.4(4.61%),P:1e-280	Tpos:25.4,Tstd:11.2,Bpos:12300.0,Bstd:56372.8,StrandBias:-0.0,Multiplicity:1.04
0.333	0.195	0.063	0.410
0.571	0.122	0.223	0.084
0.718	0.116	0.165	0.001
0.001	0.993	0.001	0.005
0.001	0.987	0.011	0.001
0.536	0.005	0.454	0.005
0.004	0.970	0.003	0.023
0.705	0.042	0.096	0.157
0.340	0.096	0.280	0.284
0.218	0.336	0.270	0.176
>YTGTGGTTWN	6-YTGTGGTTWN	8.050635	-583.431000	0	T:1123.0(8.30%),B:5565.0(2.36%),P:1e-253	Tpos:8.4,Tstd:6.5,Bpos:4697.0,Bstd:13357.8,StrandBias:0.4,Multiplicity:1.00
0.145	0.377	0.086	0.392
0.103	0.078	0.077	0.742
0.033	0.007	0.946	0.014
0.084	0.347	0.020	0.549
0.001	0.001	0.994	0.004
0.004	0.001	0.994	0.001
0.007	0.181	0.128	0.684
0.137	0.198	0.156	0.509
0.332	0.067	0.220	0.381
0.263	0.272	0.272	0.193
>TGYGGTYWNN	7-TGYGGTYWNN	6.433688	-565.368701	0	T:1922.0(14.20%),B:14041.3(5.96%),P:1e-245	Tpos:25.5,Tstd:12.7,Bpos:27150.5,Bstd:102685.3,StrandBias:0.1,Multiplicity:1.03
0.212	0.190	0.101	0.498
0.032	0.049	0.889	0.030
0.124	0.393	0.018	0.465
0.001	0.061	0.937	0.001
0.034	0.015	0.950	0.001
0.026	0.184	0.190	0.600
0.166	0.310	0.098	0.426
0.370	0.105	0.185	0.340
0.267	0.221	0.254	0.258
0.267	0.227	0.248	0.257
>HTGYGGTYWN	8-HTGYGGTYWN	6.568825	-554.475470	0	T:1340.0(9.90%),B:7887.9(3.35%),P:1e-240	Tpos:25.6,Tstd:11.4,Bpos:3100.4,Bstd:8617.3,StrandBias:-0.3,Multiplicity:1.00
0.254	0.248	0.154	0.345
0.208	0.205	0.107	0.480
0.002	0.070	0.889	0.039
0.136	0.389	0.040	0.435
0.001	0.021	0.977	0.001
0.001	0.001	0.997	0.001
0.001	0.284	0.192	0.523
0.168	0.300	0.150	0.382
0.383	0.120	0.194	0.302
0.215	0.282	0.295	0.209
>NHRACCACAN	9-NHRACCACAN	6.810987	-423.765115	0	T:1257.0(9.29%),B:8391.1(3.56%),P:1e-184	Tpos:21.4,Tstd:10.5,Bpos:3292.8,Bstd:11250.8,StrandBias:-0.7,Multiplicity:1.00
0.204	0.274	0.266	0.256
0.271	0.243	0.127	0.359
0.354	0.164	0.307	0.175
0.547	0.230	0.222	0.001
0.001	0.910	0.001	0.088
0.008	0.948	0.043	0.001
0.588	0.001	0.410	0.001
0.001	0.818	0.104	0.077
0.600	0.145	0.001	0.254
0.311	0.162	0.304	0.223
>NNYTGYGGTY	10-NNYTGYGGTY	7.288084	-285.611110	0	T:768.0(5.68%),B:4785.9(2.03%),P:1e-124	Tpos:24.0,Tstd:12.6,Bpos:5947.0,Bstd:19102.6,StrandBias:-0.4,Multiplicity:1.00
0.223	0.239	0.264	0.274
0.212	0.230	0.242	0.316
0.195	0.294	0.117	0.394
0.169	0.160	0.089	0.582
0.018	0.001	0.974	0.007
0.092	0.408	0.024	0.476
0.001	0.001	0.997	0.001
0.007	0.001	0.991	0.001
0.001	0.192	0.208	0.599
0.153	0.283	0.138	0.426
>NNYTGTGGTT	11-NNYTGTGGTT	7.416257	-193.101362	0	T:598.0(4.42%),B:4045.1(1.72%),P:1e-83	Tpos:26.7,Tstd:12.9,Bpos:3979.8,Bstd:12168.9,StrandBias:1.2,Multiplicity:1.00
0.220	0.184	0.327	0.269
0.230	0.196	0.257	0.317
0.211	0.283	0.124	0.382
0.205	0.047	0.046	0.702
0.018	0.001	0.980	0.001
0.133	0.309	0.015	0.543
0.005	0.014	0.969	0.012
0.059	0.005	0.929	0.007
0.024	0.298	0.190	0.488
0.150	0.264	0.131	0.454
>AGGAAGTSDB	12-AGGAAGTSDB	9.010323	-12.110150	0	T:116.0(0.86%),B:1281.3(0.54%),P:1e-5	Tpos:24.8,Tstd:11.9,Bpos:2800.4,Bstd:9595.7,StrandBias:0.4,Multiplicity:1.01
0.544	0.286	0.157	0.013
0.007	0.001	0.973	0.019
0.022	0.001	0.973	0.004
0.997	0.001	0.001	0.001
0.887	0.001	0.001	0.111
0.192	0.001	0.806	0.001
0.067	0.338	0.001	0.594
0.159	0.330	0.340	0.170
0.303	0.129	0.357	0.211
0.141	0.247	0.317	0.295
>YSACTTCCBB	13-YSACTTCCBB	7.658940	-10.421539	0	T:154.0(1.14%),B:1882.9(0.80%),P:1e-4	Tpos:28.1,Tstd:12.0,Bpos:1996.3,Bstd:6470.3,StrandBias:-0.2,Multiplicity:1.00
0.185	0.365	0.161	0.289
0.205	0.377	0.268	0.150
0.559	0.036	0.278	0.127
0.005	0.471	0.213	0.310
0.241	0.001	0.046	0.712
0.011	0.024	0.173	0.792
0.011	0.968	0.020	0.001
0.011	0.956	0.001	0.032
0.006	0.270	0.331	0.393
0.134	0.300	0.323	0.244
>ACCACARANN	14-ACCACARANN	9.289282	-9.054738	0	T:31.0(0.23%),B:245.8(0.10%),P:1e-3	Tpos:24.7,Tstd:10.8,Bpos:9131.5,Bstd:53414.6,StrandBias:0.0,Multiplicity:1.00
0.997	0.001	0.001	0.001
0.001	0.997	0.001	0.001
0.001	0.997	0.001	0.001
0.720	0.001	0.278	0.001
0.001	0.997	0.001	0.001
0.997	0.001	0.001	0.001
0.372	0.001	0.495	0.132
0.393	0.238	0.221	0.148
0.231	0.271	0.238	0.260
0.273	0.276	0.192	0.259
>NNAYTTCCBB	15-NNAYTTCCBB	6.986333	-7.971396	0	T:97.0(0.72%),B:1154.3(0.49%),P:1e-3	Tpos:25.3,Tstd:12.5,Bpos:2135.1,Bstd:8660.5,StrandBias:-0.1,Multiplicity:1.00
0.220	0.307	0.173	0.300
0.241	0.333	0.191	0.235
0.491	0.085	0.279	0.146
0.001	0.478	0.181	0.339
0.322	0.001	0.087	0.590
0.059	0.001	0.188	0.752
0.001	0.950	0.022	0.027
0.001	0.840	0.022	0.137
0.001	0.254	0.377	0.368
0.141	0.330	0.286	0.244
>KBNYTGTGGT	16-KBNYTGTGGT	9.457312	-7.902874	0	T:47.0(0.35%),B:465.3(0.20%),P:1e-3	Tpos:21.6,Tstd:15.0,Bpos:6407.0,Bstd:15852.9,StrandBias:0.0,Multiplicity:1.00
0.056	0.076	0.406	0.463
0.145	0.255	0.294	0.306
0.269	0.259	0.174	0.298
0.127	0.482	0.001	0.390
0.001	0.001	0.001	0.997
0.001	0.001	0.997	0.001
0.001	0.389	0.001	0.609
0.001	0.001	0.997	0.001
0.001	0.001	0.997	0.001
0.001	0.001	0.001	0.997
>ACCACAANNM	17-ACCACAANNM	9.931833	-6.160571	0	T:30.0(0.22%),B:284.9(0.12%),P:1e-2	Tpos:32.0,Tstd:13.4,Bpos:7310.0,Bstd:20743.7,StrandBias:-10.0,Multiplicity:1.00
0.997	0.001	0.001	0.001
0.001	0.997	0.001	0.001
0.001	0.997	0.001	0.001
0.926	0.001	0.072	0.001
0.001	0.997	0.001	0.001
0.997	0.001	0.001	0.001
0.601	0.001	0.362	0.036
0.330	0.184	0.287	0.199
0.309	0.242	0.222	0.227
0.261	0.351	0.190	0.198
>VRCTTCCKBH	18-VRCTTCCKBH	6.508862	-4.401498	0	T:84.0(0.62%),B:1119.5(0.47%),P:1e-1	Tpos:24.1,Tstd:11.0,Bpos:4108.3,Bstd:13805.4,StrandBias:-0.5,Multiplicity:1.00
0.240	0.351	0.228	0.180
0.423	0.128	0.336	0.112
0.019	0.511	0.131	0.339
0.345	0.001	0.023	0.631
0.198	0.058	0.153	0.591
0.106	0.662	0.114	0.118
0.071	0.768	0.051	0.110
0.036	0.242	0.327	0.395
0.130	0.312	0.345	0.213
0.244	0.272	0.123	0.361
>ACCACARRNV	19-ACCACARRNV	9.488825	-4.344311	0	T:23.0(0.17%),B:233.7(0.10%),P:1e-1	Tpos:24.0,Tstd:9.9,Bpos:5996.5,Bstd:16836.9,StrandBias:0.4,Multiplicity:1.00
0.973	0.001	0.025	0.001
0.001	0.997	0.001	0.001
0.001	0.997	0.001	0.001
0.685	0.001	0.313	0.001
0.001	0.997	0.001	0.001
0.997	0.001	0.001	0.001
0.445	0.001	0.469	0.086
0.405	0.163	0.294	0.138
0.298	0.252	0.196	0.253
0.275	0.338	0.216	0.171
>TCGAATSGAA	20-TCGAATSGAA	7.377883	-2.242687	0	T:6.0(0.04%),B:54.4(0.02%),P:1e0	Tpos:18.7,Tstd:14.1,Bpos:14980.9,Bstd:62581.1,StrandBias:1.0,Multiplicity:1.00
0.098	0.206	0.101	0.595
0.154	0.531	0.232	0.083
0.084	0.260	0.643	0.013
0.505	0.177	0.065	0.253
0.543	0.009	0.138	0.310
0.149	0.324	0.005	0.522
0.106	0.340	0.456	0.098
0.070	0.007	0.778	0.145
0.506	0.179	0.140	0.175
0.471	0.235	0.181	0.114
>NNNWAACCAC	21-NNNWAACCAC	7.362452	-2.220615	0	T:10.0(0.07%),B:108.1(0.05%),P:1e0	Tpos:31.7,Tstd:13.4,Bpos:7295.8,Bstd:16636.5,StrandBias:-1.0,Multiplicity:1.00
0.262	0.258	0.247	0.233
0.218	0.275	0.264	0.243
0.231	0.258	0.239	0.272
0.339	0.184	0.095	0.381
0.561	0.001	0.268	0.170
0.683	0.112	0.204	0.001
0.001	0.997	0.001	0.001
0.001	0.997	0.001	0.001
0.530	0.049	0.322	0.099
0.001	0.997	0.001	0.001
>NNKTTGTGGT	22-NNKTTGTGGT	7.659472	-1.677962	0	T:5.0(0.04%),B:51.5(0.02%),P:1e0	Tpos:21.3,Tstd:5.4,Bpos:7160.6,Bstd:20642.8,StrandBias:10.0,Multiplicity:1.00
0.249	0.280	0.244	0.226
0.229	0.171	0.312	0.288
0.150	0.170	0.285	0.395
0.227	0.279	0.061	0.433
0.177	0.121	0.097	0.605
0.101	0.083	0.790	0.026
0.064	0.367	0.009	0.560
0.001	0.003	0.995	0.001
0.062	0.001	0.936	0.001
0.022	0.284	0.151	0.543
>CACTTCCTSY	23-CACTTCCTSY	9.997203	-0.722989	0	T:31.0(0.23%),B:530.6(0.23%),P:1e0	Tpos:31.0,Tstd:11.3,Bpos:4674.0,Bstd:12569.4,StrandBias:0.2,Multiplicity:1.00
0.176	0.448	0.208	0.167
0.667	0.084	0.219	0.030
0.016	0.776	0.038	0.170
0.164	0.001	0.011	0.824
0.013	0.001	0.015	0.971
0.001	0.979	0.004	0.016
0.001	0.987	0.005	0.007
0.001	0.129	0.294	0.576
0.029	0.332	0.441	0.198
0.159	0.358	0.023	0.460
>CGAATGGAAT	24-CGAATGGAAT	11.527991	-0.565467	0	T:19.0(0.14%),B:338.2(0.14%),P:1e0	Tpos:27.1,Tstd:9.5,Bpos:12372.3,Bstd:14173.1,StrandBias:1.2,Multiplicity:2.50
0.001	0.697	0.301	0.001
0.001	0.001	0.997	0.001
0.786	0.096	0.001	0.117
0.997	0.001	0.001	0.001
0.001	0.001	0.001	0.997
0.154	0.247	0.598	0.001
0.001	0.122	0.876	0.001
0.997	0.001	0.001	0.001
0.997	0.001	0.001	0.001
0.122	0.001	0.084	0.793
>ACTTCCTSTY	25-ACTTCCTSTY	9.562286	-0.022169	0	T:15.0(0.11%),B:418.6(0.18%),P:1e0	Tpos:28.3,Tstd:10.8,Bpos:3591.3,Bstd:8066.4,StrandBias:0.0,Multiplicity:1.00
0.620	0.054	0.325	0.001
0.001	0.608	0.142	0.249
0.030	0.001	0.001	0.968
0.001	0.001	0.001	0.997
0.001	0.997	0.001	0.001
0.001	0.997	0.001	0.001
0.001	0.236	0.223	0.540
0.007	0.377	0.398	0.219
0.232	0.294	0.005	0.469
0.081	0.334	0.214	0.372
