>HAACCRCARN	1-HAACCRCARN	7.140113	-709.171081	0	T:1719.0(12.70%),B:10237.6(4.34%),P:1e-307	Tpos:29.5,Tstd:13.4,Bpos:2158.6,Bstd:8377.3,StrandBias:0.2,Multiplicity:1.00
0.361	0.225	0.076	0.338
0.485	0.118	0.289	0.108
0.653	0.166	0.175	0.006
0.001	0.973	0.002	0.024
0.008	0.973	0.016	0.003
0.522	0.013	0.392	0.073
0.011	0.950	0.024	0.015
0.551	0.079	0.186	0.184
0.370	0.120	0.333	0.177
0.308	0.273	0.225	0.194
>HRACCRCADV	2-HRACCRCADV	6.805031	-702.608103	0	T:1942.0(14.35%),B:12640.2(5.36%),P:1e-305	Tpos:24.6,Tstd:11.6,Bpos:1751.6,Bstd:6835.0,StrandBias:-0.4,Multiplicity:1.00
0.289	0.262	0.132	0.316
0.488	0.001	0.345	0.165
0.633	0.169	0.197	0.001
0.001	0.997	0.001	0.001
0.009	0.971	0.001	0.019
0.432	0.044	0.437	0.088
0.021	0.918	0.060	0.001
0.520	0.113	0.197	0.170
0.306	0.156	0.337	0.201
0.338	0.264	0.221	0.177
>HTGYGGTTDN	3-HTGYGGTTDN	6.044457	-675.150772	0	T:1222.0(9.03%),B:5775.0(2.45%),P:1e-293	Tpos:18.0,Tstd:0.0,Bpos:1115.0,Bstd:1847.0,StrandBias:10.0,Multiplicity:1.00
0.241	0.278	0.134	0.346
0.225	0.173	0.127	0.475
0.116	0.171	0.661	0.052
0.126	0.377	0.084	0.412
0.003	0.182	0.814	0.001
0.011	0.001	0.987	0.001
0.017	0.287	0.209	0.488
0.180	0.241	0.170	0.409
0.327	0.112	0.226	0.334
0.239	0.261	0.271	0.229
>NHTGYGGTTW	4-NHTGYGGTTW	6.649049	-647.039633	0	T:1539.0(11.37%),B:9007.4(3.82%),P:1e-281	Tpos:28.1,Tstd:11.7,Bpos:8709.5,Bstd:24746.0,StrandBias:0.6,Multiplicity:1.00
0.205	0.221	0.279	0.296
0.230	0.343	0.101	0.326
0.205	0.154	0.132	0.509
0.073	0.046	0.848	0.033
0.169	0.335	0.044	0.452
0.020	0.038	0.941	0.001
0.001	0.001	0.997	0.001
0.003	0.232	0.220	0.545
0.162	0.230	0.113	0.495
0.335	0.105	0.196	0.363
>WAACCRCADV	5-WAACCRCADV	7.455857	-645.335280	0	T:1718.0(12.69%),B:10866.4(4.61%),P:1e-280	Tpos:25.4,Tstd:11.2,Bpos:12300.0,Bstd:56372.8,StrandBias:-0.0,Multiplicity:1.04
0.333	0.195	0.063	0.410
0.571	0.122	0.223	0.084
0.718	0.116	0.165	0.001
0.001	0.993	0.001	0.005
0.001	0.987	0.011	0.001
0.536	0.005	0.454	0.005
0.004	0.970	0.003	0.023
0.705	0.042	0.096	0.157
0.340	0.096	0.280	0.284
0.218	0.336	0.270	0.176
>YTGTGGTTWN	6-YTGTGGTTWN	8.050635	-583.431000	0	T:1123.0(8.30%),B:5565.0(2.36%),P:1e-253	Tpos:8.4,Tstd:6.5,Bpos:4697.0,Bstd:13357.8,StrandBias:0.4,Multiplicity:1.00
0.145	0.377	0.086	0.392
0.103	0.078	0.077	0.742
0.033	0.007	0.946	0.014
0.084	0.347	0.020	0.549
0.001	0.001	0.994	0.004
0.004	0.001	0.994	0.001
0.007	0.181	0.128	0.684
0.137	0.198	0.156	0.509
0.332	0.067	0.220	0.381
0.263	0.272	0.272	0.193
>TGYGGTYWNN	7-TGYGGTYWNN	6.433688	-565.368701	0	T:1922.0(14.20%),B:14041.3(5.96%),P:1e-245	Tpos:25.5,Tstd:12.7,Bpos:27150.5,Bstd:102685.3,StrandBias:0.1,Multiplicity:1.03
0.212	0.190	0.101	0.498
0.032	0.049	0.889	0.030
0.124	0.393	0.018	0.465
0.001	0.061	0.937	0.001
0.034	0.015	0.950	0.001
0.026	0.184	0.190	0.600
0.166	0.310	0.098	0.426
0.370	0.105	0.185	0.340
0.267	0.221	0.254	0.258
0.267	0.227	0.248	0.257
>HTGYGGTYWN	8-HTGYGGTYWN	6.568825	-554.475470	0	T:1340.0(9.90%),B:7887.9(3.35%),P:1e-240	Tpos:25.6,Tstd:11.4,Bpos:3100.4,Bstd:8617.3,StrandBias:-0.3,Multiplicity:1.00
0.254	0.248	0.154	0.345
0.208	0.205	0.107	0.480
0.002	0.070	0.889	0.039
0.136	0.389	0.040	0.435
0.001	0.021	0.977	0.001
0.001	0.001	0.997	0.001
0.001	0.284	0.192	0.523
0.168	0.300	0.150	0.382
0.383	0.120	0.194	0.302
0.215	0.282	0.295	0.209
>NHRACCACAN	9-NHRACCACAN	6.810987	-423.765115	0	T:1257.0(9.29%),B:8391.1(3.56%),P:1e-184	Tpos:21.4,Tstd:10.5,Bpos:3292.8,Bstd:11250.8,StrandBias:-0.7,Multiplicity:1.00
0.204	0.274	0.266	0.256
0.271	0.243	0.127	0.359
0.354	0.164	0.307	0.175
0.547	0.230	0.222	0.001
0.001	0.910	0.001	0.088
0.008	0.948	0.043	0.001
0.588	0.001	0.410	0.001
0.001	0.818	0.104	0.077
0.600	0.145	0.001	0.254
0.311	0.162	0.304	0.223
>NNYTGYGGTY	10-NNYTGYGGTY	7.288084	-285.611110	0	T:768.0(5.68%),B:4785.9(2.03%),P:1e-124	Tpos:24.0,Tstd:12.6,Bpos:5947.0,Bstd:19102.6,StrandBias:-0.4,Multiplicity:1.00
0.223	0.239	0.264	0.274
0.212	0.230	0.242	0.316
0.195	0.294	0.117	0.394
0.169	0.160	0.089	0.582
0.018	0.001	0.974	0.007
0.092	0.408	0.024	0.476
0.001	0.001	0.997	0.001
0.007	0.001	0.991	0.001
0.001	0.192	0.208	0.599
0.153	0.283	0.138	0.426
>NNYTGTGGTT	11-NNYTGTGGTT	7.416257	-193.101362	0	T:598.0(4.42%),B:4045.1(1.72%),P:1e-83	Tpos:26.7,Tstd:12.9,Bpos:3979.8,Bstd:12168.9,StrandBias:1.2,Multiplicity:1.00
0.220	0.184	0.327	0.269
0.230	0.196	0.257	0.317
0.211	0.283	0.124	0.382
0.205	0.047	0.046	0.702
0.018	0.001	0.980	0.001
0.133	0.309	0.015	0.543
0.005	0.014	0.969	0.012
0.059	0.005	0.929	0.007
0.024	0.298	0.190	0.488
0.150	0.264	0.131	0.454
>AGGAAGTSDB	12-AGGAAGTSDB	9.010323	-12.110150	0	T:116.0(0.86%),B:1281.3(0.54%),P:1e-5	Tpos:24.8,Tstd:11.9,Bpos:2800.4,Bstd:9595.7,StrandBias:0.4,Multiplicity:1.01
0.544	0.286	0.157	0.013
0.007	0.001	0.973	0.019
0.022	0.001	0.973	0.004
0.997	0.001	0.001	0.001
0.887	0.001	0.001	0.111
0.192	0.001	0.806	0.001
0.067	0.338	0.001	0.594
0.159	0.330	0.340	0.170
0.303	0.129	0.357	0.211
0.141	0.247	0.317	0.295
>YSACTTCCBB	13-YSACTTCCBB	7.658940	-10.421539	0	T:154.0(1.14%),B:1882.9(0.80%),P:1e-4	Tpos:28.1,Tstd:12.0,Bpos:1996.3,Bstd:6470.3,StrandBias:-0.2,Multiplicity:1.00
0.185	0.365	0.161	0.289
0.205	0.377	0.268	0.150
0.559	0.036	0.278	0.127
0.005	0.471	0.213	0.310
0.241	0.001	0.046	0.712
0.011	0.024	0.173	0.792
0.011	0.968	0.020	0.001
0.011	0.956	0.001	0.032
0.006	0.270	0.331	0.393
0.134	0.300	0.323	0.244
>ACCACARANN	14-ACCACARANN	9.289282	-9.054738	0	T:31.0(0.23%),B:245.8(0.10%),P:1e-3	Tpos:24.7,Tstd:10.8,Bpos:9131.5,Bstd:53414.6,StrandBias:0.0,Multiplicity:1.00
0.997	0.001	0.001	0.001
0.001	0.997	0.001	0.001
0.001	0.997	0.001	0.001
0.720	0.001	0.278	0.001
0.001	0.997	0.001	0.001
0.997	0.001	0.001	0.001
0.372	0.001	0.495	0.132
0.393	0.238	0.221	0.148
0.231	0.271	0.238	0.260
0.273	0.276	0.192	0.259
>NNAYTTCCBB	15-NNAYTTCCBB	6.986333	-7.971396	0	T:97.0(0.72%),B:1154.3(0.49%),P:1e-3	Tpos:25.3,Tstd:12.5,Bpos:2135.1,Bstd:8660.5,StrandBias:-0.1,Multiplicity:1.00
0.220	0.307	0.173	0.300
0.241	0.333	0.191	0.235
0.491	0.085	0.279	0.146
0.001	0.478	0.181	0.339
0.322	0.001	0.087	0.590
0.059	0.001	0.188	0.752
0.001	0.950	0.022	0.027
0.001	0.840	0.022	0.137
0.001	0.254	0.377	0.368
0.141	0.330	0.286	0.244
>KBNYTGTGGT	16-KBNYTGTGGT	9.457312	-7.902874	0	T:47.0(0.35%),B:465.3(0.20%),P:1e-3	Tpos:21.6,Tstd:15.0,Bpos:6407.0,Bstd:15852.9,StrandBias:0.0,Multiplicity:1.00
0.056	0.076	0.406	0.463
0.145	0.255	0.294	0.306
0.269	0.259	0.174	0.298
0.127	0.482	0.001	0.390
0.001	0.001	0.001	0.997
0.001	0.001	0.997	0.001
0.001	0.389	0.001	0.609
0.001	0.001	0.997	0.001
0.001	0.001	0.997	0.001
0.001	0.001	0.001	0.997
>ACCACAANNM	17-ACCACAANNM	9.931833	-6.160571	0	T:30.0(0.22%),B:284.9(0.12%),P:1e-2	Tpos:32.0,Tstd:13.4,Bpos:7310.0,Bstd:20743.7,StrandBias:-10.0,Multiplicity:1.00
0.997	0.001	0.001	0.001
0.001	0.997	0.001	0.001
0.001	0.997	0.001	0.001
0.926	0.001	0.072	0.001
0.001	0.997	0.001	0.001
0.997	0.001	0.001	0.001
0.601	0.001	0.362	0.036
0.330	0.184	0.287	0.199
0.309	0.242	0.222	0.227
0.261	0.351	0.190	0.198
>VRCTTCCKBH	18-VRCTTCCKBH	6.508862	-4.401498	0	T:84.0(0.62%),B:1119.5(0.47%),P:1e-1	Tpos:24.1,Tstd:11.0,Bpos:4108.3,Bstd:13805.4,StrandBias:-0.5,Multiplicity:1.00
0.240	0.351	0.228	0.180
0.423	0.128	0.336	0.112
0.019	0.511	0.131	0.339
0.345	0.001	0.023	0.631
0.198	0.058	0.153	0.591
0.106	0.662	0.114	0.118
0.071	0.768	0.051	0.110
0.036	0.242	0.327	0.395
0.130	0.312	0.345	0.213
0.244	0.272	0.123	0.361
>ACCACARRNV	19-ACCACARRNV	9.488825	-4.344311	0	T:23.0(0.17%),B:233.7(0.10%),P:1e-1	Tpos:24.0,Tstd:9.9,Bpos:5996.5,Bstd:16836.9,StrandBias:0.4,Multiplicity:1.00
0.973	0.001	0.025	0.001
0.001	0.997	0.001	0.001
0.001	0.997	0.001	0.001
0.685	0.001	0.313	0.001
0.001	0.997	0.001	0.001
0.997	0.001	0.001	0.001
0.445	0.001	0.469	0.086
0.405	0.163	0.294	0.138
0.298	0.252	0.196	0.253
0.275	0.338	0.216	0.171
>TCGAATSGAA	20-TCGAATSGAA	7.377883	-2.242687	0	T:6.0(0.04%),B:54.4(0.02%),P:1e0	Tpos:18.7,Tstd:14.1,Bpos:14980.9,Bstd:62581.1,StrandBias:1.0,Multiplicity:1.00
0.098	0.206	0.101	0.595
0.154	0.531	0.232	0.083
0.084	0.260	0.643	0.013
0.505	0.177	0.065	0.253
0.543	0.009	0.138	0.310
0.149	0.324	0.005	0.522
0.106	0.340	0.456	0.098
0.070	0.007	0.778	0.145
0.506	0.179	0.140	0.175
0.471	0.235	0.181	0.114
>NNNWAACCAC	21-NNNWAACCAC	7.362452	-2.220615	0	T:10.0(0.07%),B:108.1(0.05%),P:1e0	Tpos:31.7,Tstd:13.4,Bpos:7295.8,Bstd:16636.5,StrandBias:-1.0,Multiplicity:1.00
0.262	0.258	0.247	0.233
0.218	0.275	0.264	0.243
0.231	0.258	0.239	0.272
0.339	0.184	0.095	0.381
0.561	0.001	0.268	0.170
0.683	0.112	0.204	0.001
0.001	0.997	0.001	0.001
0.001	0.997	0.001	0.001
0.530	0.049	0.322	0.099
0.001	0.997	0.001	0.001
>NNKTTGTGGT	22-NNKTTGTGGT	7.659472	-1.677962	0	T:5.0(0.04%),B:51.5(0.02%),P:1e0	Tpos:21.3,Tstd:5.4,Bpos:7160.6,Bstd:20642.8,StrandBias:10.0,Multiplicity:1.00
0.249	0.280	0.244	0.226
0.229	0.171	0.312	0.288
0.150	0.170	0.285	0.395
0.227	0.279	0.061	0.433
0.177	0.121	0.097	0.605
0.101	0.083	0.790	0.026
0.064	0.367	0.009	0.560
0.001	0.003	0.995	0.001
0.062	0.001	0.936	0.001
0.022	0.284	0.151	0.543
>CACTTCCTSY	23-CACTTCCTSY	9.997203	-0.722989	0	T:31.0(0.23%),B:530.6(0.23%),P:1e0	Tpos:31.0,Tstd:11.3,Bpos:4674.0,Bstd:12569.4,StrandBias:0.2,Multiplicity:1.00
0.176	0.448	0.208	0.167
0.667	0.084	0.219	0.030
0.016	0.776	0.038	0.170
0.164	0.001	0.011	0.824
0.013	0.001	0.015	0.971
0.001	0.979	0.004	0.016
0.001	0.987	0.005	0.007
0.001	0.129	0.294	0.576
0.029	0.332	0.441	0.198
0.159	0.358	0.023	0.460
>CGAATGGAAT	24-CGAATGGAAT	11.527991	-0.565467	0	T:19.0(0.14%),B:338.2(0.14%),P:1e0	Tpos:27.1,Tstd:9.5,Bpos:12372.3,Bstd:14173.1,StrandBias:1.2,Multiplicity:2.50
0.001	0.697	0.301	0.001
0.001	0.001	0.997	0.001
0.786	0.096	0.001	0.117
0.997	0.001	0.001	0.001
0.001	0.001	0.001	0.997
0.154	0.247	0.598	0.001
0.001	0.122	0.876	0.001
0.997	0.001	0.001	0.001
0.997	0.001	0.001	0.001
0.122	0.001	0.084	0.793
>ACTTCCTSTY	25-ACTTCCTSTY	9.562286	-0.022169	0	T:15.0(0.11%),B:418.6(0.18%),P:1e0	Tpos:28.3,Tstd:10.8,Bpos:3591.3,Bstd:8066.4,StrandBias:0.0,Multiplicity:1.00
0.620	0.054	0.325	0.001
0.001	0.608	0.142	0.249
0.030	0.001	0.001	0.968
0.001	0.001	0.001	0.997
0.001	0.997	0.001	0.001
0.001	0.997	0.001	0.001
0.001	0.236	0.223	0.540
0.007	0.377	0.398	0.219
0.232	0.294	0.005	0.469
0.081	0.334	0.214	0.372
>NNNWAACCACAR	1-NNNWAACCACAR	8.360381	-633.067159	0	T:1793.0(13.25%),B:11797.1(5.00%),P:1e-274	Tpos:25.2,Tstd:10.8,Bpos:11474.5,Bstd:54030.5,StrandBias:-0.1,Multiplicity:1.05
0.207	0.340	0.248	0.204
0.197	0.280	0.292	0.230
0.218	0.303	0.286	0.194
0.443	0.167	0.022	0.369
0.654	0.005	0.340	0.001
0.946	0.012	0.041	0.001
0.001	0.997	0.001	0.001
0.001	0.997	0.001	0.001
0.685	0.001	0.313	0.001
0.001	0.997	0.001	0.001
0.981	0.001	0.001	0.017
0.361	0.093	0.412	0.134
>NNNYTGTGGTTD	2-NNNYTGTGGTTD	7.720338	-456.947487	0	T:1107.0(8.18%),B:6490.6(2.75%),P:1e-198	Tpos:28.4,Tstd:15.0,Bpos:4962.9,Bstd:16348.4,StrandBias:0.2,Multiplicity:1.00
0.209	0.242	0.314	0.235
0.202	0.242	0.307	0.249
0.187	0.223	0.278	0.312
0.178	0.386	0.143	0.293
0.160	0.102	0.072	0.666
0.001	0.001	0.997	0.001
0.130	0.304	0.051	0.515
0.001	0.001	0.997	0.001
0.001	0.001	0.997	0.001
0.050	0.273	0.002	0.675
0.101	0.301	0.140	0.459
0.279	0.095	0.284	0.342
>YTGTGGTYDNNN	3-YTGTGGTYDNNN	8.348686	-442.439878	0	T:1080.0(7.98%),B:6360.0(2.70%),P:1e-192	Tpos:23.0,Tstd:2.0,Bpos:556.3,Bstd:723.6,StrandBias:10.0,Multiplicity:1.00
0.101	0.396	0.130	0.373
0.001	0.001	0.001	0.997
0.001	0.001	0.997	0.001
0.062	0.313	0.001	0.624
0.001	0.001	0.997	0.001
0.001	0.001	0.997	0.001
0.001	0.228	0.171	0.600
0.111	0.340	0.104	0.445
0.346	0.051	0.246	0.357
0.238	0.226	0.322	0.214
0.178	0.280	0.307	0.235
0.217	0.257	0.284	0.242
>NYTGTGGTTDNN	4-NYTGTGGTTDNN	8.349856	-431.190437	0	T:832.0(6.15%),B:4103.0(1.74%),P:1e-187	Tpos:45.0,Tstd:0.0,Bpos:0.0,Bstd:0.0,StrandBias:10.0,Multiplicity:1.00
0.172	0.249	0.282	0.296
0.129	0.414	0.082	0.375
0.083	0.036	0.055	0.826
0.001	0.001	0.997	0.001
0.093	0.262	0.036	0.609
0.001	0.001	0.997	0.001
0.001	0.001	0.997	0.001
0.001	0.210	0.181	0.608
0.117	0.233	0.143	0.507
0.330	0.069	0.262	0.339
0.242	0.260	0.294	0.204
0.200	0.262	0.318	0.220
>NNYTGTGGTYDN	5-NNYTGTGGTYDN	7.893536	-406.293513	0	T:983.0(7.26%),B:5742.4(2.44%),P:1e-176	Tpos:27.1,Tstd:13.5,Bpos:5819.4,Bstd:21251.1,StrandBias:-0.4,Multiplicity:1.00
0.212	0.232	0.306	0.250
0.205	0.240	0.263	0.292
0.168	0.386	0.138	0.308
0.154	0.001	0.002	0.843
0.001	0.001	0.997	0.001
0.135	0.315	0.001	0.549
0.001	0.001	0.997	0.001
0.001	0.001	0.997	0.001
0.001	0.271	0.209	0.519
0.120	0.309	0.148	0.422
0.359	0.001	0.283	0.357
0.222	0.265	0.316	0.197
>NYTGTGGTYDNN	6-NYTGTGGTYDNN	7.912661	-365.619639	0	T:843.0(6.23%),B:4750.4(2.01%),P:1e-158	Tpos:26.9,Tstd:16.1,Bpos:7200.4,Bstd:23054.0,StrandBias:0.0,Multiplicity:1.00
0.169	0.233	0.303	0.295
0.149	0.404	0.111	0.335
0.099	0.001	0.027	0.873
0.001	0.029	0.969	0.001
0.156	0.267	0.030	0.547
0.001	0.001	0.997	0.001
0.001	0.001	0.997	0.001
0.001	0.242	0.214	0.543
0.133	0.293	0.158	0.416
0.322	0.116	0.250	0.312
0.226	0.256	0.308	0.210
0.179	0.284	0.297	0.240
>NNYTGTGGTYDN	7-NNYTGTGGTYDN	7.832581	-324.196088	0	T:636.0(4.70%),B:3165.1(1.34%),P:1e-140	Tpos:25.2,Tstd:19.5,Bpos:1237.9,Bstd:1739.2,StrandBias:0.0,Multiplicity:1.00
0.208	0.224	0.313	0.256
0.183	0.240	0.275	0.302
0.209	0.375	0.127	0.289
0.231	0.009	0.031	0.729
0.001	0.001	0.997	0.001
0.083	0.328	0.033	0.556
0.001	0.001	0.997	0.001
0.001	0.001	0.997	0.001
0.001	0.254	0.210	0.535
0.145	0.276	0.164	0.415
0.318	0.106	0.249	0.328
0.230	0.264	0.303	0.203
>NYTGTGGTTDNN	8-NYTGTGGTTDNN	8.760142	-312.519203	0	T:614.0(4.54%),B:3058.4(1.30%),P:1e-135	Tpos:30.3,Tstd:19.3,Bpos:229.4,Bstd:341.3,StrandBias:0.8,Multiplicity:1.00
0.186	0.231	0.259	0.324
0.079	0.405	0.152	0.364
0.115	0.057	0.113	0.715
0.001	0.015	0.981	0.003
0.107	0.244	0.032	0.617
0.001	0.001	0.997	0.001
0.001	0.001	0.997	0.001
0.001	0.252	0.096	0.651
0.129	0.008	0.128	0.735
0.253	0.110	0.255	0.382
0.245	0.272	0.250	0.233
0.221	0.250	0.308	0.220
>BNYTGTGGTTDN	9-BNYTGTGGTTDN	8.353678	-295.900566	0	T:542.0(4.01%),B:2547.4(1.08%),P:1e-128	Tpos:32.3,Tstd:18.2,Bpos:2665.9,Bstd:3624.7,StrandBias:1.1,Multiplicity:1.00
0.169	0.222	0.364	0.245
0.207	0.229	0.264	0.300
0.136	0.397	0.152	0.315
0.133	0.060	0.049	0.758
0.012	0.020	0.967	0.001
0.108	0.278	0.026	0.588
0.001	0.001	0.997	0.001
0.001	0.006	0.992	0.001
0.001	0.210	0.176	0.613
0.069	0.286	0.136	0.509
0.325	0.085	0.230	0.361
0.228	0.270	0.313	0.189
>BBYTGTGGTYDN	10-BBYTGTGGTYDN	8.405465	-272.652354	0	T:560.0(4.14%),B:2885.8(1.22%),P:1e-118	Tpos:45.0,Tstd:0.0,Bpos:92.9,Bstd:51.4,StrandBias:10.0,Multiplicity:1.00
0.165	0.234	0.339	0.262
0.148	0.259	0.273	0.321
0.122	0.445	0.116	0.316
0.120	0.008	0.007	0.865
0.001	0.012	0.986	0.001
0.134	0.298	0.013	0.555
0.001	0.001	0.997	0.001
0.001	0.001	0.997	0.001
0.001	0.257	0.171	0.571
0.090	0.314	0.135	0.460
0.305	0.108	0.243	0.344
0.223	0.279	0.282	0.216
>SAGGAWGTGGTW	11-SAGGAWGTGGTW	10.948419	-70.035770	0	T:164.0(1.21%),B:938.6(0.40%),P:1e-30	Tpos:25.4,Tstd:11.3,Bpos:4033.6,Bstd:13808.8,StrandBias:0.0,Multiplicity:1.00
0.175	0.359	0.390	0.076
0.529	0.261	0.141	0.069
0.026	0.001	0.957	0.016
0.001	0.001	0.951	0.047
0.735	0.123	0.001	0.141
0.513	0.009	0.001	0.477
0.001	0.001	0.997	0.001
0.001	0.001	0.001	0.997
0.018	0.001	0.969	0.012
0.006	0.001	0.952	0.041
0.062	0.212	0.213	0.513
0.241	0.198	0.176	0.385
>NGGHTGTGGTTD	12-NGGHTGTGGTTD	9.115653	-65.041794	0	T:102.0(0.75%),B:425.7(0.18%),P:1e-28	Tpos:23.0,Tstd:10.4,Bpos:648.8,Bstd:1014.5,StrandBias:-1.0,Multiplicity:1.00
0.304	0.195	0.267	0.234
0.259	0.001	0.447	0.292
0.178	0.204	0.404	0.215
0.300	0.293	0.136	0.271
0.137	0.001	0.001	0.861
0.001	0.001	0.997	0.001
0.001	0.423	0.001	0.575
0.001	0.001	0.997	0.001
0.001	0.001	0.997	0.001
0.001	0.261	0.126	0.612
0.109	0.279	0.159	0.453
0.309	0.079	0.283	0.329
>TGTGGTYTGNDS	13-TGTGGTYTGNDS	8.683737	-56.352983	0	T:94.0(0.69%),B:416.5(0.18%),P:1e-24	Tpos:36.0,Tstd:8.0,Bpos:4325.1,Bstd:15431.2,StrandBias:-1.6,Multiplicity:1.00
0.202	0.102	0.109	0.587
0.001	0.059	0.927	0.013
0.101	0.278	0.064	0.557
0.001	0.001	0.970	0.028
0.001	0.043	0.955	0.001
0.001	0.284	0.238	0.477
0.004	0.375	0.154	0.467
0.275	0.001	0.253	0.471
0.088	0.278	0.437	0.196
0.212	0.279	0.296	0.213
0.232	0.138	0.373	0.258
0.196	0.361	0.416	0.028
>GTGGTTTBBBKK	14-GTGGTTTBBBKK	9.215468	-50.029584	0	T:97.0(0.72%),B:488.5(0.21%),P:1e-21	Tpos:27.2,Tstd:13.4,Bpos:6414.5,Bstd:18740.9,StrandBias:0.2,Multiplicity:1.09
0.026	0.055	0.855	0.064
0.066	0.117	0.118	0.699
0.001	0.001	0.997	0.001
0.001	0.026	0.972	0.001
0.012	0.237	0.143	0.608
0.001	0.117	0.040	0.842
0.216	0.045	0.231	0.508
0.110	0.246	0.337	0.307
0.118	0.268	0.345	0.269
0.150	0.245	0.373	0.232
0.229	0.001	0.429	0.340
0.174	0.144	0.381	0.301
>VCCACTTCCYBY	15-VCCACTTCCYBY	11.139808	-34.453150	0	T:34.0(0.25%),B:87.9(0.04%),P:1e-14	Tpos:22.6,Tstd:7.7,Bpos:1985.2,Bstd:4999.7,StrandBias:-0.3,Multiplicity:1.00
0.365	0.250	0.236	0.150
0.093	0.677	0.003	0.227
0.102	0.896	0.001	0.001
0.830	0.001	0.050	0.119
0.001	0.926	0.001	0.072
0.301	0.001	0.001	0.697
0.117	0.065	0.131	0.687
0.001	0.997	0.001	0.001
0.028	0.895	0.001	0.076
0.001	0.394	0.141	0.464
0.071	0.389	0.245	0.296
0.245	0.281	0.062	0.411
>MMMSVAAACCAC	16-MMMSVAAACCAC	9.891151	-30.889348	0	T:23.0(0.17%),B:38.4(0.02%),P:1e-13	Tpos:13.6,Tstd:8.4,Bpos:2654.6,Bstd:6866.8,StrandBias:-1.3,Multiplicity:1.00
0.374	0.306	0.124	0.196
0.263	0.403	0.226	0.108
0.281	0.376	0.170	0.173
0.209	0.270	0.376	0.145
0.292	0.306	0.401	0.001
0.621	0.226	0.009	0.144
0.913	0.003	0.083	0.001
0.690	0.099	0.210	0.001
0.011	0.936	0.036	0.017
0.065	0.933	0.001	0.001
0.655	0.001	0.251	0.093
0.033	0.824	0.100	0.043
>TGTGGTYDNNNN	17-TGTGGTYDNNNN	8.156114	-25.384076	0	T:51.0(0.38%),B:272.8(0.12%),P:1e-11	Tpos:21.0,Tstd:3.0,Bpos:8092.0,Bstd:22661.3,StrandBias:0.0,Multiplicity:1.00
0.161	0.012	0.119	0.708
0.001	0.050	0.911	0.038
0.131	0.261	0.069	0.539
0.001	0.001	0.997	0.001
0.001	0.001	0.997	0.001
0.006	0.228	0.172	0.594
0.103	0.314	0.155	0.428
0.334	0.105	0.233	0.329
0.220	0.268	0.306	0.205
0.222	0.236	0.337	0.206
0.220	0.240	0.305	0.234
0.218	0.234	0.312	0.236
>TGTGGTYDNNNN	18-TGTGGTYDNNNN	8.385433	-20.505034	0	T:29.0(0.21%),B:117.0(0.05%),P:1e-8	Tpos:44.0,Tstd:0.0,Bpos:0.0,Bstd:0.0,StrandBias:-10.0,Multiplicity:1.00
0.175	0.001	0.013	0.811
0.001	0.001	0.997	0.001
0.161	0.298	0.004	0.537
0.001	0.001	0.997	0.001
0.001	0.001	0.997	0.001
0.001	0.281	0.187	0.531
0.001	0.378	0.154	0.467
0.335	0.098	0.259	0.308
0.197	0.274	0.320	0.209
0.210	0.262	0.307	0.221
0.210	0.248	0.306	0.235
0.215	0.284	0.264	0.237
>TTGTGGTTGTGG	19-TTGTGGTTGTGG	10.405562	-12.718955	0	T:23.0(0.17%),B:120.1(0.05%),P:1e-5	Tpos:18.7,Tstd:10.3,Bpos:2424.2,Bstd:7553.4,StrandBias:1.0,Multiplicity:1.00
0.089	0.199	0.139	0.573
0.105	0.094	0.170	0.631
0.073	0.090	0.747	0.090
0.116	0.158	0.153	0.573
0.048	0.081	0.769	0.102
0.075	0.088	0.718	0.119
0.082	0.148	0.101	0.669
0.077	0.073	0.122	0.728
0.127	0.080	0.647	0.146
0.111	0.154	0.140	0.595
0.093	0.092	0.702	0.113
0.125	0.119	0.650	0.106
>ATGGAATGGAAT	20-ATGGAATGGAAT	14.364056	-11.447628	0	T:11.0(0.08%),B:31.2(0.01%),P:1e-4	Tpos:27.8,Tstd:8.4,Bpos:16008.4,Bstd:8721.1,StrandBias:1.5,Multiplicity:1.09
0.832	0.054	0.102	0.012
0.039	0.069	0.040	0.852
0.048	0.256	0.601	0.095
0.083	0.050	0.811	0.056
0.902	0.012	0.046	0.040
0.912	0.045	0.042	0.001
0.025	0.084	0.001	0.890
0.139	0.088	0.683	0.090
0.043	0.083	0.835	0.039
0.962	0.036	0.001	0.001
0.825	0.031	0.111	0.033
0.053	0.021	0.025	0.901
>AATGGAATGGAA	21-AATGGAATGGAA	13.703485	-9.684005	0	T:18.0(0.13%),B:99.6(0.04%),P:1e-4	Tpos:25.9,Tstd:14.2,Bpos:13975.5,Bstd:12657.6,StrandBias:1.6,Multiplicity:1.00
0.964	0.001	0.034	0.001
0.832	0.001	0.129	0.038
0.023	0.064	0.001	0.912
0.041	0.001	0.910	0.048
0.001	0.001	0.997	0.001
0.997	0.001	0.001	0.001
0.934	0.001	0.064	0.001
0.001	0.001	0.001	0.997
0.041	0.113	0.805	0.041
0.001	0.001	0.997	0.001
0.997	0.001	0.001	0.001
0.770	0.045	0.130	0.055
>AGGAAGTGGNND	22-AGGAAGTGGNND	9.971833	-6.181003	0	T:95.0(0.70%),B:1198.7(0.51%),P:1e-2	Tpos:26.0,Tstd:12.9,Bpos:3704.5,Bstd:11620.1,StrandBias:-0.4,Multiplicity:1.00
0.568	0.193	0.238	0.001
0.001	0.001	0.997	0.001
0.001	0.001	0.997	0.001
0.993	0.001	0.005	0.001
0.852	0.001	0.001	0.146
0.284	0.033	0.682	0.001
0.130	0.194	0.005	0.671
0.161	0.001	0.605	0.233
0.263	0.001	0.642	0.094
0.229	0.239	0.308	0.223
0.224	0.237	0.318	0.222
0.212	0.185	0.260	0.343
>SRCTTCCTCTYY	23-SRCTTCCTCTYY	9.312204	-5.126521	0	T:23.0(0.17%),B:217.0(0.09%),P:1e-2	Tpos:21.8,Tstd:11.0,Bpos:2670.5,Bstd:7848.1,StrandBias:0.0,Multiplicity:1.00
0.182	0.372	0.225	0.221
0.357	0.085	0.437	0.121
0.012	0.560	0.147	0.281
0.122	0.025	0.001	0.852
0.066	0.022	0.020	0.892
0.012	0.945	0.011	0.032
0.032	0.846	0.012	0.110
0.005	0.204	0.287	0.504
0.080	0.438	0.255	0.227
0.189	0.268	0.037	0.506
0.045	0.389	0.221	0.345
0.135	0.286	0.200	0.379
>VDVASRGGAAGT	24-VDVASRGGAAGT	9.394297	-1.780912	0	T:43.0(0.32%),B:636.9(0.27%),P:1e0	Tpos:22.6,Tstd:11.6,Bpos:8820.1,Bstd:21092.3,StrandBias:0.3,Multiplicity:1.00
0.349	0.259	0.373	0.018
0.351	0.174	0.264	0.211
0.333	0.207	0.322	0.139
0.491	0.001	0.317	0.191
0.247	0.255	0.401	0.097
0.450	0.185	0.334	0.031
0.117	0.001	0.881	0.001
0.001	0.001	0.997	0.001
0.840	0.085	0.033	0.042
0.997	0.001	0.001	0.001
0.127	0.213	0.659	0.001
0.010	0.295	0.144	0.551
>MNAVMGGAAGTV	25-MNAVMGGAAGTV	9.462024	-1.334197	0	T:14.0(0.10%),B:198.8(0.08%),P:1e0	Tpos:26.3,Tstd:12.6,Bpos:7109.8,Bstd:17869.7,StrandBias:2.2,Multiplicity:1.00
0.364	0.291	0.192	0.153
0.305	0.256	0.256	0.182
0.486	0.053	0.232	0.230
0.329	0.365	0.270	0.036
0.457	0.321	0.221	0.001
0.009	0.001	0.989	0.001
0.001	0.001	0.997	0.001
0.997	0.001	0.001	0.001
0.886	0.001	0.001	0.112
0.260	0.152	0.587	0.001
0.092	0.294	0.006	0.608
0.272	0.304	0.324	0.100
>TGYGGTTT	1-TGYGGTTT	7.489822	-576.434914	0	T:1750.0(12.93%),B:11974.9(5.08%),P:1e-250	Tpos:25.6,Tstd:11.8,Bpos:22345.7,Bstd:89336.8,StrandBias:0.1,Multiplicity:1.04
0.056	0.023	0.032	0.889
0.001	0.001	0.997	0.001
0.054	0.508	0.001	0.437
0.001	0.002	0.996	0.001
0.001	0.001	0.997	0.001
0.001	0.100	0.062	0.837
0.024	0.272	0.022	0.682
0.158	0.030	0.107	0.705
>CTGTGGTT	2-CTGTGGTT	10.746358	-210.092479	0	T:659.0(4.87%),B:4493.1(1.91%),P:1e-91	Tpos:22.6,Tstd:12.4,Bpos:4362.9,Bstd:13311.1,StrandBias:-0.7,Multiplicity:1.02
0.274	0.724	0.001	0.001
0.001	0.001	0.001	0.997
0.001	0.001	0.997	0.001
0.001	0.001	0.001	0.997
0.001	0.001	0.997	0.001
0.001	0.001	0.997	0.001
0.001	0.001	0.001	0.997
0.001	0.001	0.001	0.997
>RACCACAA	3-RACCACAA	8.625189	-169.273398	0	T:692.0(5.11%),B:5412.2(2.30%),P:1e-73	Tpos:26.2,Tstd:11.8,Bpos:5524.7,Bstd:16919.4,StrandBias:-0.1,Multiplicity:1.02
0.419	0.113	0.398	0.070
0.823	0.059	0.117	0.001
0.001	0.995	0.001	0.003
0.001	0.997	0.001	0.001
0.653	0.008	0.298	0.041
0.001	0.997	0.001	0.001
0.825	0.048	0.045	0.082
0.487	0.068	0.287	0.159
>WRACCACA	4-WRACCACA	8.195665	-133.814828	0	T:647.0(4.78%),B:5453.9(2.31%),P:1e-58	Tpos:24.8,Tstd:12.0,Bpos:5254.2,Bstd:15245.7,StrandBias:-0.3,Multiplicity:1.01
0.390	0.094	0.001	0.515
0.445	0.114	0.363	0.078
0.458	0.235	0.306	0.001
0.001	0.997	0.001	0.001
0.001	0.997	0.001	0.001
0.670	0.001	0.328	0.001
0.001	0.997	0.001	0.001
0.973	0.001	0.018	0.008
>NNAACCAC	5-NNAACCAC	7.708266	-124.319184	0	T:938.0(6.93%),B:9337.9(3.96%),P:1e-53	Tpos:26.1,Tstd:14.8,Bpos:5793.4,Bstd:16648.7,StrandBias:0.1,Multiplicity:1.02
0.241	0.303	0.233	0.223
0.320	0.225	0.230	0.225
0.474	0.207	0.170	0.149
0.997	0.001	0.001	0.001
0.001	0.997	0.001	0.001
0.001	0.997	0.001	0.001
0.973	0.001	0.025	0.001
0.001	0.997	0.001	0.001
>ACCACARN	6-ACCACARN	8.340280	-39.493643	0	T:353.0(2.61%),B:3710.1(1.57%),P:1e-17	Tpos:23.1,Tstd:13.9,Bpos:9083.1,Bstd:39042.8,StrandBias:-0.4,Multiplicity:1.00
0.810	0.063	0.126	0.001
0.001	0.997	0.001	0.001
0.001	0.988	0.008	0.003
0.664	0.001	0.298	0.037
0.002	0.989	0.007	0.002
0.933	0.011	0.023	0.033
0.467	0.069	0.338	0.127
0.280	0.253	0.273	0.195
>TRACCRCA	7-TRACCRCA	8.296945	-27.963635	0	T:108.0(0.80%),B:842.7(0.36%),P:1e-12	Tpos:25.2,Tstd:12.2,Bpos:2494.0,Bstd:10516.8,StrandBias:0.4,Multiplicity:1.00
0.354	0.001	0.001	0.644
0.341	0.095	0.446	0.117
0.656	0.161	0.173	0.010
0.021	0.935	0.029	0.015
0.001	0.965	0.014	0.020
0.425	0.027	0.517	0.031
0.014	0.920	0.049	0.017
0.757	0.033	0.092	0.118
>GTGGTKRG	8-GTGGTKRG	9.099732	-24.848035	0	T:156.0(1.15%),B:1483.7(0.63%),P:1e-10	Tpos:26.2,Tstd:13.2,Bpos:4618.0,Bstd:11296.0,StrandBias:0.7,Multiplicity:1.00
0.001	0.001	0.997	0.001
0.001	0.001	0.001	0.997
0.001	0.001	0.997	0.001
0.001	0.001	0.997	0.001
0.001	0.001	0.001	0.997
0.135	0.001	0.389	0.475
0.494	0.001	0.417	0.087
0.117	0.195	0.591	0.097
>GTGGTTTK	9-GTGGTTTK	9.946033	-22.186931	0	T:263.0(1.94%),B:3001.9(1.27%),P:1e-9	Tpos:24.3,Tstd:14.0,Bpos:7751.8,Bstd:19752.2,StrandBias:-0.1,Multiplicity:1.02
0.001	0.001	0.997	0.001
0.005	0.010	0.001	0.984
0.001	0.001	0.997	0.001
0.001	0.001	0.997	0.001
0.001	0.020	0.024	0.955
0.011	0.027	0.001	0.961
0.076	0.001	0.029	0.894
0.059	0.167	0.398	0.376
>GTGGTTAA	10-GTGGTTAA	9.250378	-12.557409	0	T:153.0(1.13%),B:1785.4(0.76%),P:1e-5	Tpos:25.6,Tstd:12.0,Bpos:6718.1,Bstd:20178.8,StrandBias:-0.1,Multiplicity:1.00
0.001	0.001	0.997	0.001
0.001	0.326	0.001	0.672
0.001	0.001	0.997	0.001
0.001	0.001	0.997	0.001
0.001	0.001	0.001	0.997
0.001	0.269	0.001	0.729
0.489	0.001	0.205	0.305
0.671	0.174	0.115	0.040
>ACCACARN	11-ACCACARN	5.760443	-1.001228	0	T:3971.0(29.34%),B:68858.8(29.20%),P:1e0	Tpos:25.1,Tstd:12.7,Bpos:7900.1,Bstd:41452.5,StrandBias:-0.1,Multiplicity:1.09
0.807	0.073	0.115	0.005
0.004	0.991	0.004	0.001
0.002	0.977	0.012	0.009
0.777	0.001	0.210	0.012
0.003	0.981	0.004	0.012
0.833	0.031	0.023	0.113
0.355	0.045	0.389	0.212
0.217	0.247	0.319	0.217
>TGTGGCTM	12-TGTGGCTM	6.397446	-0.986508	0	T:1750.0(12.93%),B:30257.5(12.83%),P:1e0	Tpos:25.3,Tstd:13.2,Bpos:5590.9,Bstd:15673.4,StrandBias:0.0,Multiplicity:1.03
0.001	0.001	0.001	0.997
0.001	0.001	0.997	0.001
0.001	0.001	0.001	0.997
0.001	0.001	0.997	0.001
0.001	0.001	0.997	0.001
0.001	0.915	0.001	0.083
0.288	0.036	0.001	0.675
0.373	0.389	0.001	0.237
>MACTTCCT	13-MACTTCCT	8.428600	-0.005057	0	T:291.0(2.15%),B:5879.7(2.49%),P:1e0	Tpos:24.9,Tstd:12.7,Bpos:4440.7,Bstd:13437.3,StrandBias:-0.2,Multiplicity:1.00
0.231	0.373	0.174	0.223
0.622	0.092	0.274	0.012
0.016	0.784	0.061	0.139
0.143	0.001	0.010	0.846
0.034	0.001	0.070	0.895
0.006	0.980	0.013	0.001
0.001	0.967	0.018	0.014
0.013	0.164	0.288	0.535
>GTGGTHHN	14-GTGGTHHN	7.002221	-0.000013	0	T:37.0(0.27%),B:1203.3(0.51%),P:1e0	Tpos:20.6,Tstd:13.8,Bpos:5145.7,Bstd:14770.3,StrandBias:-0.7,Multiplicity:1.00
0.001	0.001	0.975	0.023
0.133	0.001	0.001	0.865
0.023	0.001	0.975	0.001
0.001	0.019	0.875	0.105
0.110	0.001	0.124	0.765
0.331	0.219	0.149	0.302
0.350	0.283	0.135	0.233
0.254	0.263	0.224	0.259
>TGTGGGTT	15-TGTGGGTT	10.443426	-0.000000	0	T:129.0(0.95%),B:3466.1(1.47%),P:1e0	Tpos:27.6,Tstd:14.1,Bpos:6274.7,Bstd:18932.8,StrandBias:0.4,Multiplicity:1.00
0.001	0.001	0.001	0.997
0.001	0.001	0.997	0.001
0.001	0.001	0.001	0.997
0.001	0.001	0.997	0.001
0.001	0.001	0.997	0.001
0.126	0.001	0.872	0.001
0.156	0.001	0.001	0.842
0.274	0.001	0.001	0.724
>ACTTCCTS	16-ACTTCCTS	6.356625	-0.000000	0	T:1558.0(11.51%),B:47677.6(20.22%),P:1e0	Tpos:25.0,Tstd:13.2,Bpos:9924.8,Bstd:50324.9,StrandBias:-0.0,Multiplicity:1.03
0.789	0.020	0.190	0.001
0.014	0.699	0.066	0.221
0.061	0.008	0.004	0.927
0.088	0.038	0.062	0.812
0.012	0.966	0.017	0.005
0.009	0.968	0.007	0.016
0.087	0.171	0.195	0.547
0.066	0.296	0.419	0.219
>KTTTGTGG	17-KTTTGTGG	6.441681	-0.000000	0	T:2489.0(18.39%),B:58609.5(24.86%),P:1e0	Tpos:25.2,Tstd:13.5,Bpos:12018.6,Bstd:58322.4,StrandBias:0.0,Multiplicity:1.02
0.148	0.146	0.312	0.393
0.250	0.210	0.001	0.539
0.123	0.317	0.001	0.559
0.001	0.001	0.001	0.997
0.001	0.001	0.997	0.001
0.001	0.001	0.001	0.997
0.001	0.001	0.997	0.001
0.001	0.001	0.997	0.001
>GTGGTGAK	18-GTGGTGAK	1.702319	-0.000000	0	T:3264.0(24.12%),B:79719.1(33.81%),P:1e0	Tpos:25.1,Tstd:12.8,Bpos:13689.6,Bstd:67429.5,StrandBias:-0.1,Multiplicity:1.04
0.001	0.001	0.997	0.001
0.001	0.001	0.001	0.997
0.001	0.001	0.997	0.001
0.001	0.001	0.997	0.001
0.001	0.001	0.001	0.997
0.261	0.001	0.542	0.196
0.497	0.081	0.312	0.111
0.171	0.191	0.256	0.382
>KYACCACT	19-KYACCACT	6.492940	-0.000000	0	T:1295.0(9.57%),B:38180.3(16.19%),P:1e0	Tpos:25.0,Tstd:14.2,Bpos:5740.7,Bstd:16755.8,StrandBias:0.3,Multiplicity:1.01
0.080	0.221	0.319	0.380
0.141	0.460	0.001	0.398
0.997	0.001	0.001	0.001
0.001	0.997	0.001	0.001
0.001	0.997	0.001	0.001
0.997	0.001	0.001	0.001
0.001	0.997	0.001	0.001
0.278	0.001	0.001	0.720
>CACCACCA	20-CACCACCA	10.863782	-0.000000	0	T:72.0(0.53%),B:8714.6(3.70%),P:1e0	Tpos:18.3,Tstd:18.9,Bpos:1866.5,Bstd:4835.5,StrandBias:1.0,Multiplicity:1.00
0.054	0.907	0.001	0.038
0.895	0.001	0.103	0.001
0.001	0.997	0.001	0.001
0.001	0.997	0.001	0.001
0.997	0.001	0.001	0.001
0.001	0.997	0.001	0.001
0.001	0.997	0.001	0.001
0.997	0.001	0.001	0.001
>TGTGGRHW	21-TGTGGRHW	8.416295	-0.000000	0	T:243.0(1.80%),B:14537.8(6.17%),P:1e0	Tpos:24.8,Tstd:13.1,Bpos:5386.4,Bstd:15812.4,StrandBias:-0.1,Multiplicity:1.00
0.001	0.001	0.001	0.997
0.001	0.001	0.997	0.001
0.001	0.001	0.001	0.997
0.001	0.001	0.997	0.001
0.001	0.001	0.997	0.001
0.453	0.001	0.545	0.001
0.345	0.305	0.086	0.264
0.448	0.161	0.001	0.390
>CCACACCC	22-CCACACCC	3.859404	-0.000000	0	T:754.0(5.57%),B:29946.3(12.70%),P:1e0	Tpos:23.9,Tstd:13.1,Bpos:4048.3,Bstd:13356.3,StrandBias:0.3,Multiplicity:1.01
0.001	0.997	0.001	0.001
0.001	0.997	0.001	0.001
0.997	0.001	0.001	0.001
0.001	0.997	0.001	0.001
0.997	0.001	0.001	0.001
0.035	0.737	0.001	0.227
0.001	0.997	0.001	0.001
0.128	0.716	0.001	0.155
>WTCCACAG	23-WTCCACAG	6.351481	-0.000000	0	T:977.0(7.22%),B:50018.0(21.21%),P:1e0	Tpos:24.6,Tstd:13.1,Bpos:7706.0,Bstd:46806.0,StrandBias:-0.1,Multiplicity:1.04
0.332	0.207	0.049	0.411
0.001	0.318	0.063	0.618
0.001	0.997	0.001	0.001
0.001	0.997	0.001	0.001
0.997	0.001	0.001	0.001
0.001	0.997	0.001	0.001
0.997	0.001	0.001	0.001
0.317	0.001	0.681	0.001
>CACAACCA	24-CACAACCA	5.135568	0.000000	0	T:2252.0(16.64%),B:84469.9(35.82%),P:1e0	Tpos:24.8,Tstd:13.2,Bpos:6112.4,Bstd:25315.7,StrandBias:-0.0,Multiplicity:1.04
0.037	0.884	0.053	0.026
0.769	0.035	0.161	0.035
0.060	0.805	0.016	0.119
0.684	0.142	0.058	0.116
0.691	0.094	0.076	0.139
0.093	0.821	0.037	0.049
0.038	0.836	0.064	0.062
0.510	0.196	0.086	0.208
>ATTTGTGG	25-ATTTGTGG	8.607790	0.000000	0	T:286.0(2.11%),B:8125.9(3.45%),P:1e0	Tpos:22.8,Tstd:11.2,Bpos:7435.4,Bstd:20628.2,StrandBias:-0.3,Multiplicity:1.00
0.435	0.254	0.108	0.203
0.347	0.152	0.001	0.499
0.088	0.242	0.001	0.669
0.001	0.001	0.001	0.997
0.001	0.001	0.997	0.001
0.001	0.001	0.001	0.997
0.001	0.001	0.997	0.001
0.001	0.001	0.997	0.001
