>TGYGGTTT	1-TGYGGTTT	7.489822	-576.434914	0	T:1750.0(12.93%),B:11974.9(5.08%),P:1e-250	Tpos:25.6,Tstd:11.8,Bpos:22345.7,Bstd:89336.8,StrandBias:0.1,Multiplicity:1.04
0.056	0.023	0.032	0.889
0.001	0.001	0.997	0.001
0.054	0.508	0.001	0.437
0.001	0.002	0.996	0.001
0.001	0.001	0.997	0.001
0.001	0.100	0.062	0.837
0.024	0.272	0.022	0.682
0.158	0.030	0.107	0.705
>CTGTGGTT	2-CTGTGGTT	10.746358	-210.092479	0	T:659.0(4.87%),B:4493.1(1.91%),P:1e-91	Tpos:22.6,Tstd:12.4,Bpos:4362.9,Bstd:13311.1,StrandBias:-0.7,Multiplicity:1.02
0.274	0.724	0.001	0.001
0.001	0.001	0.001	0.997
0.001	0.001	0.997	0.001
0.001	0.001	0.001	0.997
0.001	0.001	0.997	0.001
0.001	0.001	0.997	0.001
0.001	0.001	0.001	0.997
0.001	0.001	0.001	0.997
>RACCACAA	3-RACCACAA	8.625189	-169.273398	0	T:692.0(5.11%),B:5412.2(2.30%),P:1e-73	Tpos:26.2,Tstd:11.8,Bpos:5524.7,Bstd:16919.4,StrandBias:-0.1,Multiplicity:1.02
0.419	0.113	0.398	0.070
0.823	0.059	0.117	0.001
0.001	0.995	0.001	0.003
0.001	0.997	0.001	0.001
0.653	0.008	0.298	0.041
0.001	0.997	0.001	0.001
0.825	0.048	0.045	0.082
0.487	0.068	0.287	0.159
>WRACCACA	4-WRACCACA	8.195665	-133.814828	0	T:647.0(4.78%),B:5453.9(2.31%),P:1e-58	Tpos:24.8,Tstd:12.0,Bpos:5254.2,Bstd:15245.7,StrandBias:-0.3,Multiplicity:1.01
0.390	0.094	0.001	0.515
0.445	0.114	0.363	0.078
0.458	0.235	0.306	0.001
0.001	0.997	0.001	0.001
0.001	0.997	0.001	0.001
0.670	0.001	0.328	0.001
0.001	0.997	0.001	0.001
0.973	0.001	0.018	0.008
>NNAACCAC	5-NNAACCAC	7.708266	-124.319184	0	T:938.0(6.93%),B:9337.9(3.96%),P:1e-53	Tpos:26.1,Tstd:14.8,Bpos:5793.4,Bstd:16648.7,StrandBias:0.1,Multiplicity:1.02
0.241	0.303	0.233	0.223
0.320	0.225	0.230	0.225
0.474	0.207	0.170	0.149
0.997	0.001	0.001	0.001
0.001	0.997	0.001	0.001
0.001	0.997	0.001	0.001
0.973	0.001	0.025	0.001
0.001	0.997	0.001	0.001
>ACCACARN	6-ACCACARN	8.340280	-39.493643	0	T:353.0(2.61%),B:3710.1(1.57%),P:1e-17	Tpos:23.1,Tstd:13.9,Bpos:9083.1,Bstd:39042.8,StrandBias:-0.4,Multiplicity:1.00
0.810	0.063	0.126	0.001
0.001	0.997	0.001	0.001
0.001	0.988	0.008	0.003
0.664	0.001	0.298	0.037
0.002	0.989	0.007	0.002
0.933	0.011	0.023	0.033
0.467	0.069	0.338	0.127
0.280	0.253	0.273	0.195
>TRACCRCA	7-TRACCRCA	8.296945	-27.963635	0	T:108.0(0.80%),B:842.7(0.36%),P:1e-12	Tpos:25.2,Tstd:12.2,Bpos:2494.0,Bstd:10516.8,StrandBias:0.4,Multiplicity:1.00
0.354	0.001	0.001	0.644
0.341	0.095	0.446	0.117
0.656	0.161	0.173	0.010
0.021	0.935	0.029	0.015
0.001	0.965	0.014	0.020
0.425	0.027	0.517	0.031
0.014	0.920	0.049	0.017
0.757	0.033	0.092	0.118
>GTGGTKRG	8-GTGGTKRG	9.099732	-24.848035	0	T:156.0(1.15%),B:1483.7(0.63%),P:1e-10	Tpos:26.2,Tstd:13.2,Bpos:4618.0,Bstd:11296.0,StrandBias:0.7,Multiplicity:1.00
0.001	0.001	0.997	0.001
0.001	0.001	0.001	0.997
0.001	0.001	0.997	0.001
0.001	0.001	0.997	0.001
0.001	0.001	0.001	0.997
0.135	0.001	0.389	0.475
0.494	0.001	0.417	0.087
0.117	0.195	0.591	0.097
>GTGGTTTK	9-GTGGTTTK	9.946033	-22.186931	0	T:263.0(1.94%),B:3001.9(1.27%),P:1e-9	Tpos:24.3,Tstd:14.0,Bpos:7751.8,Bstd:19752.2,StrandBias:-0.1,Multiplicity:1.02
0.001	0.001	0.997	0.001
0.005	0.010	0.001	0.984
0.001	0.001	0.997	0.001
0.001	0.001	0.997	0.001
0.001	0.020	0.024	0.955
0.011	0.027	0.001	0.961
0.076	0.001	0.029	0.894
0.059	0.167	0.398	0.376
>GTGGTTAA	10-GTGGTTAA	9.250378	-12.557409	0	T:153.0(1.13%),B:1785.4(0.76%),P:1e-5	Tpos:25.6,Tstd:12.0,Bpos:6718.1,Bstd:20178.8,StrandBias:-0.1,Multiplicity:1.00
0.001	0.001	0.997	0.001
0.001	0.326	0.001	0.672
0.001	0.001	0.997	0.001
0.001	0.001	0.997	0.001
0.001	0.001	0.001	0.997
0.001	0.269	0.001	0.729
0.489	0.001	0.205	0.305
0.671	0.174	0.115	0.040
>ACCACARN	11-ACCACARN	5.760443	-1.001228	0	T:3971.0(29.34%),B:68858.8(29.20%),P:1e0	Tpos:25.1,Tstd:12.7,Bpos:7900.1,Bstd:41452.5,StrandBias:-0.1,Multiplicity:1.09
0.807	0.073	0.115	0.005
0.004	0.991	0.004	0.001
0.002	0.977	0.012	0.009
0.777	0.001	0.210	0.012
0.003	0.981	0.004	0.012
0.833	0.031	0.023	0.113
0.355	0.045	0.389	0.212
0.217	0.247	0.319	0.217
>TGTGGCTM	12-TGTGGCTM	6.397446	-0.986508	0	T:1750.0(12.93%),B:30257.5(12.83%),P:1e0	Tpos:25.3,Tstd:13.2,Bpos:5590.9,Bstd:15673.4,StrandBias:0.0,Multiplicity:1.03
0.001	0.001	0.001	0.997
0.001	0.001	0.997	0.001
0.001	0.001	0.001	0.997
0.001	0.001	0.997	0.001
0.001	0.001	0.997	0.001
0.001	0.915	0.001	0.083
0.288	0.036	0.001	0.675
0.373	0.389	0.001	0.237
>MACTTCCT	13-MACTTCCT	8.428600	-0.005057	0	T:291.0(2.15%),B:5879.7(2.49%),P:1e0	Tpos:24.9,Tstd:12.7,Bpos:4440.7,Bstd:13437.3,StrandBias:-0.2,Multiplicity:1.00
0.231	0.373	0.174	0.223
0.622	0.092	0.274	0.012
0.016	0.784	0.061	0.139
0.143	0.001	0.010	0.846
0.034	0.001	0.070	0.895
0.006	0.980	0.013	0.001
0.001	0.967	0.018	0.014
0.013	0.164	0.288	0.535
>GTGGTHHN	14-GTGGTHHN	7.002221	-0.000013	0	T:37.0(0.27%),B:1203.3(0.51%),P:1e0	Tpos:20.6,Tstd:13.8,Bpos:5145.7,Bstd:14770.3,StrandBias:-0.7,Multiplicity:1.00
0.001	0.001	0.975	0.023
0.133	0.001	0.001	0.865
0.023	0.001	0.975	0.001
0.001	0.019	0.875	0.105
0.110	0.001	0.124	0.765
0.331	0.219	0.149	0.302
0.350	0.283	0.135	0.233
0.254	0.263	0.224	0.259
>TGTGGGTT	15-TGTGGGTT	10.443426	-0.000000	0	T:129.0(0.95%),B:3466.1(1.47%),P:1e0	Tpos:27.6,Tstd:14.1,Bpos:6274.7,Bstd:18932.8,StrandBias:0.4,Multiplicity:1.00
0.001	0.001	0.001	0.997
0.001	0.001	0.997	0.001
0.001	0.001	0.001	0.997
0.001	0.001	0.997	0.001
0.001	0.001	0.997	0.001
0.126	0.001	0.872	0.001
0.156	0.001	0.001	0.842
0.274	0.001	0.001	0.724
>ACTTCCTS	16-ACTTCCTS	6.356625	-0.000000	0	T:1558.0(11.51%),B:47677.6(20.22%),P:1e0	Tpos:25.0,Tstd:13.2,Bpos:9924.8,Bstd:50324.9,StrandBias:-0.0,Multiplicity:1.03
0.789	0.020	0.190	0.001
0.014	0.699	0.066	0.221
0.061	0.008	0.004	0.927
0.088	0.038	0.062	0.812
0.012	0.966	0.017	0.005
0.009	0.968	0.007	0.016
0.087	0.171	0.195	0.547
0.066	0.296	0.419	0.219
>KTTTGTGG	17-KTTTGTGG	6.441681	-0.000000	0	T:2489.0(18.39%),B:58609.5(24.86%),P:1e0	Tpos:25.2,Tstd:13.5,Bpos:12018.6,Bstd:58322.4,StrandBias:0.0,Multiplicity:1.02
0.148	0.146	0.312	0.393
0.250	0.210	0.001	0.539
0.123	0.317	0.001	0.559
0.001	0.001	0.001	0.997
0.001	0.001	0.997	0.001
0.001	0.001	0.001	0.997
0.001	0.001	0.997	0.001
0.001	0.001	0.997	0.001
>GTGGTGAK	18-GTGGTGAK	1.702319	-0.000000	0	T:3264.0(24.12%),B:79719.1(33.81%),P:1e0	Tpos:25.1,Tstd:12.8,Bpos:13689.6,Bstd:67429.5,StrandBias:-0.1,Multiplicity:1.04
0.001	0.001	0.997	0.001
0.001	0.001	0.001	0.997
0.001	0.001	0.997	0.001
0.001	0.001	0.997	0.001
0.001	0.001	0.001	0.997
0.261	0.001	0.542	0.196
0.497	0.081	0.312	0.111
0.171	0.191	0.256	0.382
>KYACCACT	19-KYACCACT	6.492940	-0.000000	0	T:1295.0(9.57%),B:38180.3(16.19%),P:1e0	Tpos:25.0,Tstd:14.2,Bpos:5740.7,Bstd:16755.8,StrandBias:0.3,Multiplicity:1.01
0.080	0.221	0.319	0.380
0.141	0.460	0.001	0.398
0.997	0.001	0.001	0.001
0.001	0.997	0.001	0.001
0.001	0.997	0.001	0.001
0.997	0.001	0.001	0.001
0.001	0.997	0.001	0.001
0.278	0.001	0.001	0.720
>CACCACCA	20-CACCACCA	10.863782	-0.000000	0	T:72.0(0.53%),B:8714.6(3.70%),P:1e0	Tpos:18.3,Tstd:18.9,Bpos:1866.5,Bstd:4835.5,StrandBias:1.0,Multiplicity:1.00
0.054	0.907	0.001	0.038
0.895	0.001	0.103	0.001
0.001	0.997	0.001	0.001
0.001	0.997	0.001	0.001
0.997	0.001	0.001	0.001
0.001	0.997	0.001	0.001
0.001	0.997	0.001	0.001
0.997	0.001	0.001	0.001
>TGTGGRHW	21-TGTGGRHW	8.416295	-0.000000	0	T:243.0(1.80%),B:14537.8(6.17%),P:1e0	Tpos:24.8,Tstd:13.1,Bpos:5386.4,Bstd:15812.4,StrandBias:-0.1,Multiplicity:1.00
0.001	0.001	0.001	0.997
0.001	0.001	0.997	0.001
0.001	0.001	0.001	0.997
0.001	0.001	0.997	0.001
0.001	0.001	0.997	0.001
0.453	0.001	0.545	0.001
0.345	0.305	0.086	0.264
0.448	0.161	0.001	0.390
>CCACACCC	22-CCACACCC	3.859404	-0.000000	0	T:754.0(5.57%),B:29946.3(12.70%),P:1e0	Tpos:23.9,Tstd:13.1,Bpos:4048.3,Bstd:13356.3,StrandBias:0.3,Multiplicity:1.01
0.001	0.997	0.001	0.001
0.001	0.997	0.001	0.001
0.997	0.001	0.001	0.001
0.001	0.997	0.001	0.001
0.997	0.001	0.001	0.001
0.035	0.737	0.001	0.227
0.001	0.997	0.001	0.001
0.128	0.716	0.001	0.155
>WTCCACAG	23-WTCCACAG	6.351481	-0.000000	0	T:977.0(7.22%),B:50018.0(21.21%),P:1e0	Tpos:24.6,Tstd:13.1,Bpos:7706.0,Bstd:46806.0,StrandBias:-0.1,Multiplicity:1.04
0.332	0.207	0.049	0.411
0.001	0.318	0.063	0.618
0.001	0.997	0.001	0.001
0.001	0.997	0.001	0.001
0.997	0.001	0.001	0.001
0.001	0.997	0.001	0.001
0.997	0.001	0.001	0.001
0.317	0.001	0.681	0.001
>CACAACCA	24-CACAACCA	5.135568	0.000000	0	T:2252.0(16.64%),B:84469.9(35.82%),P:1e0	Tpos:24.8,Tstd:13.2,Bpos:6112.4,Bstd:25315.7,StrandBias:-0.0,Multiplicity:1.04
0.037	0.884	0.053	0.026
0.769	0.035	0.161	0.035
0.060	0.805	0.016	0.119
0.684	0.142	0.058	0.116
0.691	0.094	0.076	0.139
0.093	0.821	0.037	0.049
0.038	0.836	0.064	0.062
0.510	0.196	0.086	0.208
>ATTTGTGG	25-ATTTGTGG	8.607790	0.000000	0	T:286.0(2.11%),B:8125.9(3.45%),P:1e0	Tpos:22.8,Tstd:11.2,Bpos:7435.4,Bstd:20628.2,StrandBias:-0.3,Multiplicity:1.00
0.435	0.254	0.108	0.203
0.347	0.152	0.001	0.499
0.088	0.242	0.001	0.669
0.001	0.001	0.001	0.997
0.001	0.001	0.997	0.001
0.001	0.001	0.001	0.997
0.001	0.001	0.997	0.001
0.001	0.001	0.997	0.001
