>NNNWAACCACAR	1-NNNWAACCACAR	8.360381	-633.067159	0	T:1793.0(13.25%),B:11797.1(5.00%),P:1e-274	Tpos:25.2,Tstd:10.8,Bpos:11474.5,Bstd:54030.5,StrandBias:-0.1,Multiplicity:1.05
0.207	0.340	0.248	0.204
0.197	0.280	0.292	0.230
0.218	0.303	0.286	0.194
0.443	0.167	0.022	0.369
0.654	0.005	0.340	0.001
0.946	0.012	0.041	0.001
0.001	0.997	0.001	0.001
0.001	0.997	0.001	0.001
0.685	0.001	0.313	0.001
0.001	0.997	0.001	0.001
0.981	0.001	0.001	0.017
0.361	0.093	0.412	0.134
>NNNYTGTGGTTD	2-NNNYTGTGGTTD	7.720338	-456.947487	0	T:1107.0(8.18%),B:6490.6(2.75%),P:1e-198	Tpos:28.4,Tstd:15.0,Bpos:4962.9,Bstd:16348.4,StrandBias:0.2,Multiplicity:1.00
0.209	0.242	0.314	0.235
0.202	0.242	0.307	0.249
0.187	0.223	0.278	0.312
0.178	0.386	0.143	0.293
0.160	0.102	0.072	0.666
0.001	0.001	0.997	0.001
0.130	0.304	0.051	0.515
0.001	0.001	0.997	0.001
0.001	0.001	0.997	0.001
0.050	0.273	0.002	0.675
0.101	0.301	0.140	0.459
0.279	0.095	0.284	0.342
>YTGTGGTYDNNN	3-YTGTGGTYDNNN	8.348686	-442.439878	0	T:1080.0(7.98%),B:6360.0(2.70%),P:1e-192	Tpos:23.0,Tstd:2.0,Bpos:556.3,Bstd:723.6,StrandBias:10.0,Multiplicity:1.00
0.101	0.396	0.130	0.373
0.001	0.001	0.001	0.997
0.001	0.001	0.997	0.001
0.062	0.313	0.001	0.624
0.001	0.001	0.997	0.001
0.001	0.001	0.997	0.001
0.001	0.228	0.171	0.600
0.111	0.340	0.104	0.445
0.346	0.051	0.246	0.357
0.238	0.226	0.322	0.214
0.178	0.280	0.307	0.235
0.217	0.257	0.284	0.242
>NYTGTGGTTDNN	4-NYTGTGGTTDNN	8.349856	-431.190437	0	T:832.0(6.15%),B:4103.0(1.74%),P:1e-187	Tpos:45.0,Tstd:0.0,Bpos:0.0,Bstd:0.0,StrandBias:10.0,Multiplicity:1.00
0.172	0.249	0.282	0.296
0.129	0.414	0.082	0.375
0.083	0.036	0.055	0.826
0.001	0.001	0.997	0.001
0.093	0.262	0.036	0.609
0.001	0.001	0.997	0.001
0.001	0.001	0.997	0.001
0.001	0.210	0.181	0.608
0.117	0.233	0.143	0.507
0.330	0.069	0.262	0.339
0.242	0.260	0.294	0.204
0.200	0.262	0.318	0.220
>NNYTGTGGTYDN	5-NNYTGTGGTYDN	7.893536	-406.293513	0	T:983.0(7.26%),B:5742.4(2.44%),P:1e-176	Tpos:27.1,Tstd:13.5,Bpos:5819.4,Bstd:21251.1,StrandBias:-0.4,Multiplicity:1.00
0.212	0.232	0.306	0.250
0.205	0.240	0.263	0.292
0.168	0.386	0.138	0.308
0.154	0.001	0.002	0.843
0.001	0.001	0.997	0.001
0.135	0.315	0.001	0.549
0.001	0.001	0.997	0.001
0.001	0.001	0.997	0.001
0.001	0.271	0.209	0.519
0.120	0.309	0.148	0.422
0.359	0.001	0.283	0.357
0.222	0.265	0.316	0.197
>NYTGTGGTYDNN	6-NYTGTGGTYDNN	7.912661	-365.619639	0	T:843.0(6.23%),B:4750.4(2.01%),P:1e-158	Tpos:26.9,Tstd:16.1,Bpos:7200.4,Bstd:23054.0,StrandBias:0.0,Multiplicity:1.00
0.169	0.233	0.303	0.295
0.149	0.404	0.111	0.335
0.099	0.001	0.027	0.873
0.001	0.029	0.969	0.001
0.156	0.267	0.030	0.547
0.001	0.001	0.997	0.001
0.001	0.001	0.997	0.001
0.001	0.242	0.214	0.543
0.133	0.293	0.158	0.416
0.322	0.116	0.250	0.312
0.226	0.256	0.308	0.210
0.179	0.284	0.297	0.240
>NNYTGTGGTYDN	7-NNYTGTGGTYDN	7.832581	-324.196088	0	T:636.0(4.70%),B:3165.1(1.34%),P:1e-140	Tpos:25.2,Tstd:19.5,Bpos:1237.9,Bstd:1739.2,StrandBias:0.0,Multiplicity:1.00
0.208	0.224	0.313	0.256
0.183	0.240	0.275	0.302
0.209	0.375	0.127	0.289
0.231	0.009	0.031	0.729
0.001	0.001	0.997	0.001
0.083	0.328	0.033	0.556
0.001	0.001	0.997	0.001
0.001	0.001	0.997	0.001
0.001	0.254	0.210	0.535
0.145	0.276	0.164	0.415
0.318	0.106	0.249	0.328
0.230	0.264	0.303	0.203
>NYTGTGGTTDNN	8-NYTGTGGTTDNN	8.760142	-312.519203	0	T:614.0(4.54%),B:3058.4(1.30%),P:1e-135	Tpos:30.3,Tstd:19.3,Bpos:229.4,Bstd:341.3,StrandBias:0.8,Multiplicity:1.00
0.186	0.231	0.259	0.324
0.079	0.405	0.152	0.364
0.115	0.057	0.113	0.715
0.001	0.015	0.981	0.003
0.107	0.244	0.032	0.617
0.001	0.001	0.997	0.001
0.001	0.001	0.997	0.001
0.001	0.252	0.096	0.651
0.129	0.008	0.128	0.735
0.253	0.110	0.255	0.382
0.245	0.272	0.250	0.233
0.221	0.250	0.308	0.220
>BNYTGTGGTTDN	9-BNYTGTGGTTDN	8.353678	-295.900566	0	T:542.0(4.01%),B:2547.4(1.08%),P:1e-128	Tpos:32.3,Tstd:18.2,Bpos:2665.9,Bstd:3624.7,StrandBias:1.1,Multiplicity:1.00
0.169	0.222	0.364	0.245
0.207	0.229	0.264	0.300
0.136	0.397	0.152	0.315
0.133	0.060	0.049	0.758
0.012	0.020	0.967	0.001
0.108	0.278	0.026	0.588
0.001	0.001	0.997	0.001
0.001	0.006	0.992	0.001
0.001	0.210	0.176	0.613
0.069	0.286	0.136	0.509
0.325	0.085	0.230	0.361
0.228	0.270	0.313	0.189
>BBYTGTGGTYDN	10-BBYTGTGGTYDN	8.405465	-272.652354	0	T:560.0(4.14%),B:2885.8(1.22%),P:1e-118	Tpos:45.0,Tstd:0.0,Bpos:92.9,Bstd:51.4,StrandBias:10.0,Multiplicity:1.00
0.165	0.234	0.339	0.262
0.148	0.259	0.273	0.321
0.122	0.445	0.116	0.316
0.120	0.008	0.007	0.865
0.001	0.012	0.986	0.001
0.134	0.298	0.013	0.555
0.001	0.001	0.997	0.001
0.001	0.001	0.997	0.001
0.001	0.257	0.171	0.571
0.090	0.314	0.135	0.460
0.305	0.108	0.243	0.344
0.223	0.279	0.282	0.216
>SAGGAWGTGGTW	11-SAGGAWGTGGTW	10.948419	-70.035770	0	T:164.0(1.21%),B:938.6(0.40%),P:1e-30	Tpos:25.4,Tstd:11.3,Bpos:4033.6,Bstd:13808.8,StrandBias:0.0,Multiplicity:1.00
0.175	0.359	0.390	0.076
0.529	0.261	0.141	0.069
0.026	0.001	0.957	0.016
0.001	0.001	0.951	0.047
0.735	0.123	0.001	0.141
0.513	0.009	0.001	0.477
0.001	0.001	0.997	0.001
0.001	0.001	0.001	0.997
0.018	0.001	0.969	0.012
0.006	0.001	0.952	0.041
0.062	0.212	0.213	0.513
0.241	0.198	0.176	0.385
>NGGHTGTGGTTD	12-NGGHTGTGGTTD	9.115653	-65.041794	0	T:102.0(0.75%),B:425.7(0.18%),P:1e-28	Tpos:23.0,Tstd:10.4,Bpos:648.8,Bstd:1014.5,StrandBias:-1.0,Multiplicity:1.00
0.304	0.195	0.267	0.234
0.259	0.001	0.447	0.292
0.178	0.204	0.404	0.215
0.300	0.293	0.136	0.271
0.137	0.001	0.001	0.861
0.001	0.001	0.997	0.001
0.001	0.423	0.001	0.575
0.001	0.001	0.997	0.001
0.001	0.001	0.997	0.001
0.001	0.261	0.126	0.612
0.109	0.279	0.159	0.453
0.309	0.079	0.283	0.329
>TGTGGTYTGNDS	13-TGTGGTYTGNDS	8.683737	-56.352983	0	T:94.0(0.69%),B:416.5(0.18%),P:1e-24	Tpos:36.0,Tstd:8.0,Bpos:4325.1,Bstd:15431.2,StrandBias:-1.6,Multiplicity:1.00
0.202	0.102	0.109	0.587
0.001	0.059	0.927	0.013
0.101	0.278	0.064	0.557
0.001	0.001	0.970	0.028
0.001	0.043	0.955	0.001
0.001	0.284	0.238	0.477
0.004	0.375	0.154	0.467
0.275	0.001	0.253	0.471
0.088	0.278	0.437	0.196
0.212	0.279	0.296	0.213
0.232	0.138	0.373	0.258
0.196	0.361	0.416	0.028
>GTGGTTTBBBKK	14-GTGGTTTBBBKK	9.215468	-50.029584	0	T:97.0(0.72%),B:488.5(0.21%),P:1e-21	Tpos:27.2,Tstd:13.4,Bpos:6414.5,Bstd:18740.9,StrandBias:0.2,Multiplicity:1.09
0.026	0.055	0.855	0.064
0.066	0.117	0.118	0.699
0.001	0.001	0.997	0.001
0.001	0.026	0.972	0.001
0.012	0.237	0.143	0.608
0.001	0.117	0.040	0.842
0.216	0.045	0.231	0.508
0.110	0.246	0.337	0.307
0.118	0.268	0.345	0.269
0.150	0.245	0.373	0.232
0.229	0.001	0.429	0.340
0.174	0.144	0.381	0.301
>VCCACTTCCYBY	15-VCCACTTCCYBY	11.139808	-34.453150	0	T:34.0(0.25%),B:87.9(0.04%),P:1e-14	Tpos:22.6,Tstd:7.7,Bpos:1985.2,Bstd:4999.7,StrandBias:-0.3,Multiplicity:1.00
0.365	0.250	0.236	0.150
0.093	0.677	0.003	0.227
0.102	0.896	0.001	0.001
0.830	0.001	0.050	0.119
0.001	0.926	0.001	0.072
0.301	0.001	0.001	0.697
0.117	0.065	0.131	0.687
0.001	0.997	0.001	0.001
0.028	0.895	0.001	0.076
0.001	0.394	0.141	0.464
0.071	0.389	0.245	0.296
0.245	0.281	0.062	0.411
>MMMSVAAACCAC	16-MMMSVAAACCAC	9.891151	-30.889348	0	T:23.0(0.17%),B:38.4(0.02%),P:1e-13	Tpos:13.6,Tstd:8.4,Bpos:2654.6,Bstd:6866.8,StrandBias:-1.3,Multiplicity:1.00
0.374	0.306	0.124	0.196
0.263	0.403	0.226	0.108
0.281	0.376	0.170	0.173
0.209	0.270	0.376	0.145
0.292	0.306	0.401	0.001
0.621	0.226	0.009	0.144
0.913	0.003	0.083	0.001
0.690	0.099	0.210	0.001
0.011	0.936	0.036	0.017
0.065	0.933	0.001	0.001
0.655	0.001	0.251	0.093
0.033	0.824	0.100	0.043
>TGTGGTYDNNNN	17-TGTGGTYDNNNN	8.156114	-25.384076	0	T:51.0(0.38%),B:272.8(0.12%),P:1e-11	Tpos:21.0,Tstd:3.0,Bpos:8092.0,Bstd:22661.3,StrandBias:0.0,Multiplicity:1.00
0.161	0.012	0.119	0.708
0.001	0.050	0.911	0.038
0.131	0.261	0.069	0.539
0.001	0.001	0.997	0.001
0.001	0.001	0.997	0.001
0.006	0.228	0.172	0.594
0.103	0.314	0.155	0.428
0.334	0.105	0.233	0.329
0.220	0.268	0.306	0.205
0.222	0.236	0.337	0.206
0.220	0.240	0.305	0.234
0.218	0.234	0.312	0.236
>TGTGGTYDNNNN	18-TGTGGTYDNNNN	8.385433	-20.505034	0	T:29.0(0.21%),B:117.0(0.05%),P:1e-8	Tpos:44.0,Tstd:0.0,Bpos:0.0,Bstd:0.0,StrandBias:-10.0,Multiplicity:1.00
0.175	0.001	0.013	0.811
0.001	0.001	0.997	0.001
0.161	0.298	0.004	0.537
0.001	0.001	0.997	0.001
0.001	0.001	0.997	0.001
0.001	0.281	0.187	0.531
0.001	0.378	0.154	0.467
0.335	0.098	0.259	0.308
0.197	0.274	0.320	0.209
0.210	0.262	0.307	0.221
0.210	0.248	0.306	0.235
0.215	0.284	0.264	0.237
>TTGTGGTTGTGG	19-TTGTGGTTGTGG	10.405562	-12.718955	0	T:23.0(0.17%),B:120.1(0.05%),P:1e-5	Tpos:18.7,Tstd:10.3,Bpos:2424.2,Bstd:7553.4,StrandBias:1.0,Multiplicity:1.00
0.089	0.199	0.139	0.573
0.105	0.094	0.170	0.631
0.073	0.090	0.747	0.090
0.116	0.158	0.153	0.573
0.048	0.081	0.769	0.102
0.075	0.088	0.718	0.119
0.082	0.148	0.101	0.669
0.077	0.073	0.122	0.728
0.127	0.080	0.647	0.146
0.111	0.154	0.140	0.595
0.093	0.092	0.702	0.113
0.125	0.119	0.650	0.106
>ATGGAATGGAAT	20-ATGGAATGGAAT	14.364056	-11.447628	0	T:11.0(0.08%),B:31.2(0.01%),P:1e-4	Tpos:27.8,Tstd:8.4,Bpos:16008.4,Bstd:8721.1,StrandBias:1.5,Multiplicity:1.09
0.832	0.054	0.102	0.012
0.039	0.069	0.040	0.852
0.048	0.256	0.601	0.095
0.083	0.050	0.811	0.056
0.902	0.012	0.046	0.040
0.912	0.045	0.042	0.001
0.025	0.084	0.001	0.890
0.139	0.088	0.683	0.090
0.043	0.083	0.835	0.039
0.962	0.036	0.001	0.001
0.825	0.031	0.111	0.033
0.053	0.021	0.025	0.901
>AATGGAATGGAA	21-AATGGAATGGAA	13.703485	-9.684005	0	T:18.0(0.13%),B:99.6(0.04%),P:1e-4	Tpos:25.9,Tstd:14.2,Bpos:13975.5,Bstd:12657.6,StrandBias:1.6,Multiplicity:1.00
0.964	0.001	0.034	0.001
0.832	0.001	0.129	0.038
0.023	0.064	0.001	0.912
0.041	0.001	0.910	0.048
0.001	0.001	0.997	0.001
0.997	0.001	0.001	0.001
0.934	0.001	0.064	0.001
0.001	0.001	0.001	0.997
0.041	0.113	0.805	0.041
0.001	0.001	0.997	0.001
0.997	0.001	0.001	0.001
0.770	0.045	0.130	0.055
>AGGAAGTGGNND	22-AGGAAGTGGNND	9.971833	-6.181003	0	T:95.0(0.70%),B:1198.7(0.51%),P:1e-2	Tpos:26.0,Tstd:12.9,Bpos:3704.5,Bstd:11620.1,StrandBias:-0.4,Multiplicity:1.00
0.568	0.193	0.238	0.001
0.001	0.001	0.997	0.001
0.001	0.001	0.997	0.001
0.993	0.001	0.005	0.001
0.852	0.001	0.001	0.146
0.284	0.033	0.682	0.001
0.130	0.194	0.005	0.671
0.161	0.001	0.605	0.233
0.263	0.001	0.642	0.094
0.229	0.239	0.308	0.223
0.224	0.237	0.318	0.222
0.212	0.185	0.260	0.343
>SRCTTCCTCTYY	23-SRCTTCCTCTYY	9.312204	-5.126521	0	T:23.0(0.17%),B:217.0(0.09%),P:1e-2	Tpos:21.8,Tstd:11.0,Bpos:2670.5,Bstd:7848.1,StrandBias:0.0,Multiplicity:1.00
0.182	0.372	0.225	0.221
0.357	0.085	0.437	0.121
0.012	0.560	0.147	0.281
0.122	0.025	0.001	0.852
0.066	0.022	0.020	0.892
0.012	0.945	0.011	0.032
0.032	0.846	0.012	0.110
0.005	0.204	0.287	0.504
0.080	0.438	0.255	0.227
0.189	0.268	0.037	0.506
0.045	0.389	0.221	0.345
0.135	0.286	0.200	0.379
>VDVASRGGAAGT	24-VDVASRGGAAGT	9.394297	-1.780912	0	T:43.0(0.32%),B:636.9(0.27%),P:1e0	Tpos:22.6,Tstd:11.6,Bpos:8820.1,Bstd:21092.3,StrandBias:0.3,Multiplicity:1.00
0.349	0.259	0.373	0.018
0.351	0.174	0.264	0.211
0.333	0.207	0.322	0.139
0.491	0.001	0.317	0.191
0.247	0.255	0.401	0.097
0.450	0.185	0.334	0.031
0.117	0.001	0.881	0.001
0.001	0.001	0.997	0.001
0.840	0.085	0.033	0.042
0.997	0.001	0.001	0.001
0.127	0.213	0.659	0.001
0.010	0.295	0.144	0.551
>MNAVMGGAAGTV	25-MNAVMGGAAGTV	9.462024	-1.334197	0	T:14.0(0.10%),B:198.8(0.08%),P:1e0	Tpos:26.3,Tstd:12.6,Bpos:7109.8,Bstd:17869.7,StrandBias:2.2,Multiplicity:1.00
0.364	0.291	0.192	0.153
0.305	0.256	0.256	0.182
0.486	0.053	0.232	0.230
0.329	0.365	0.270	0.036
0.457	0.321	0.221	0.001
0.009	0.001	0.989	0.001
0.001	0.001	0.997	0.001
0.997	0.001	0.001	0.001
0.886	0.001	0.001	0.112
0.260	0.152	0.587	0.001
0.092	0.294	0.006	0.608
0.272	0.304	0.324	0.100
