>CMRGGGCCNCMT	18-AKGNGGCCCYKG	7.105019	-0.000000	0	T:737.0(4.78%),B:15066.2(8.62%),P:1e0
0.061	0.529	0.349	0.061
0.343	0.431	0.144	0.082
0.446	0.205	0.348	0.001
0.123	0.001	0.657	0.219
0.021	0.164	0.795	0.020
0.163	0.288	0.452	0.097
0.123	0.673	0.122	0.082
0.041	0.466	0.287	0.206
0.226	0.184	0.323	0.267
0.001	0.712	0.246	0.041
0.323	0.451	0.041	0.185
0.022	0.262	0.226	0.491
