>RKCAGMAGCWGN	15-RKCAGMAGCWGN	7.226039	-0.000222	0	T:427.0(2.77%),B:5722.4(3.27%),P:1e0
0.434	0.083	0.314	0.169
0.118	0.178	0.396	0.308
0.254	0.531	0.093	0.122
0.565	0.024	0.041	0.370
0.246	0.088	0.515	0.151
0.397	0.412	0.079	0.112
0.646	0.019	0.038	0.297
0.162	0.171	0.501	0.166
0.143	0.699	0.022	0.136
0.531	0.050	0.003	0.416
0.268	0.057	0.499	0.176
0.208	0.333	0.250	0.209
