>CACACACACACA	9-CACACACACACA	2.727243	-51.099358	0	T:8336.0(54.02%),B:87210.3(49.91%),P:1e-22
0.043	0.692	0.025	0.240
0.612	0.025	0.245	0.118
0.008	0.696	0.024	0.272
0.584	0.005	0.360	0.051
0.001	0.815	0.014	0.170
0.667	0.013	0.268	0.052
0.001	0.760	0.082	0.157
0.603	0.036	0.342	0.019
0.011	0.743	0.003	0.243
0.613	0.016	0.321	0.050
0.038	0.676	0.079	0.207
0.538	0.036	0.304	0.122
