>GGGAATTGTAGT	7-ACTACAATTCCC	9.561732	-112.258641	0	T:362.0(2.35%),B:1591.7(0.91%),P:1e-48
0.072	0.037	0.824	0.067
0.063	0.033	0.838	0.066
0.103	0.069	0.744	0.084
0.754	0.092	0.111	0.043
0.682	0.085	0.151	0.082
0.111	0.112	0.149	0.628
0.080	0.072	0.115	0.733
0.053	0.076	0.829	0.042
0.085	0.122	0.089	0.704
0.694	0.064	0.149	0.093
0.070	0.073	0.801	0.056
0.052	0.071	0.110	0.767
