>NACACACACACN	8-NACACACACACN	3.317579	-97.663098	0	T:10855.0(70.35%),B:113440.0(64.92%),P:1e-42
0.243	0.226	0.334	0.197
0.630	0.128	0.113	0.129
0.145	0.625	0.140	0.090
0.639	0.143	0.094	0.124
0.132	0.644	0.124	0.100
0.619	0.149	0.094	0.138
0.135	0.650	0.118	0.097
0.621	0.140	0.099	0.140
0.121	0.656	0.126	0.097
0.623	0.155	0.093	0.129
0.131	0.641	0.122	0.106
0.316	0.261	0.187	0.237
