>AAAGRGGAAGTG	3-AAAGRGGAAGTG	8.914041	-657.254245	0	T:1161.0(7.52%),B:3335.3(1.91%),P:1e-285
0.444	0.105	0.225	0.225
0.508	0.102	0.243	0.147
0.543	0.026	0.243	0.188
0.161	0.213	0.551	0.075
0.462	0.148	0.336	0.054
0.077	0.004	0.912	0.007
0.016	0.006	0.977	0.001
0.944	0.043	0.008	0.005
0.923	0.031	0.001	0.045
0.119	0.169	0.711	0.001
0.056	0.157	0.077	0.710
0.208	0.178	0.443	0.171
