>WBYTGCWGCWGN	16-WBYTGCWGCWGN	7.091147	-0.000011	0	T:283.0(1.83%),B:4106.7(2.35%),P:1e0
0.403	0.006	0.241	0.350
0.156	0.326	0.266	0.252
0.229	0.406	0.002	0.363
0.321	0.001	0.059	0.619
0.120	0.120	0.580	0.180
0.128	0.668	0.166	0.038
0.519	0.007	0.018	0.456
0.184	0.083	0.563	0.170
0.224	0.509	0.188	0.079
0.495	0.024	0.043	0.438
0.256	0.104	0.453	0.187
0.282	0.277	0.191	0.250
