>DKCAGCAGCADY	13-DKCAGCAGCADY	8.492540	-2.287816	0	T:17.0(0.11%),B:133.5(0.08%),P:1e0
0.381	0.066	0.251	0.302
0.148	0.151	0.399	0.302
0.251	0.535	0.061	0.153
0.639	0.034	0.028	0.299
0.179	0.062	0.539	0.220
0.154	0.633	0.066	0.147
0.643	0.026	0.011	0.320
0.158	0.100	0.591	0.151
0.128	0.619	0.083	0.170
0.563	0.076	0.017	0.344
0.334	0.072	0.361	0.233
0.165	0.301	0.191	0.343
