>TGTGCNTGTGTG	5-CACACANGCACA	3.184361	-464.488832	0	T:13775.0(89.27%),B:139465.6(79.82%),P:1e-201
0.088	0.051	0.101	0.760
0.040	0.118	0.736	0.106
0.118	0.080	0.202	0.600
0.066	0.144	0.669	0.121
0.050	0.912	0.037	0.001
0.198	0.304	0.267	0.231
0.147	0.081	0.207	0.565
0.098	0.234	0.508	0.160
0.100	0.001	0.168	0.731
0.046	0.191	0.641	0.122
0.069	0.001	0.103	0.827
0.043	0.061	0.818	0.078
