>GSCTGSVGCYSC	17-GSRGCBSCAGSC	7.315738	-0.000000	0	T:1123.0(7.28%),B:21874.5(12.52%),P:1e0
0.283	0.057	0.466	0.194
0.092	0.483	0.396	0.029
0.113	0.622	0.180	0.085
0.236	0.184	0.191	0.388
0.082	0.067	0.738	0.113
0.057	0.417	0.455	0.071
0.261	0.364	0.305	0.070
0.071	0.225	0.647	0.057
0.036	0.773	0.106	0.085
0.121	0.350	0.169	0.360
0.110	0.314	0.449	0.127
0.109	0.581	0.268	0.042
