>RCCTTGSWTTWG	11-CWAAWSCAAGGY	-3.722981	-17.527856	0	T:15431.0(100.00%),B:174526.2(99.88%),P:1e-7
0.391	0.091	0.493	0.024
0.277	0.655	0.034	0.034
0.265	0.536	0.001	0.198
0.258	0.226	0.001	0.515
0.056	0.001	0.001	0.942
0.001	0.001	0.667	0.331
0.043	0.461	0.495	0.001
0.437	0.269	0.001	0.293
0.285	0.001	0.198	0.516
0.195	0.214	0.155	0.436
0.424	0.114	0.058	0.404
0.202	0.127	0.436	0.235
