>ACTACAATTCCC	16-ACTACAATTCCC,BestGuess:GFY(?)/Promoter/Homer(0.995)	11.778694	-0.673163	0	T:20.0(0.18%),B:340.4(0.17%),P:1e0
0.787	0.069	0.058	0.086
0.050	0.869	0.052	0.029
0.109	0.155	0.068	0.668
0.635	0.105	0.163	0.097
0.052	0.837	0.074	0.037
0.769	0.119	0.047	0.065
0.640	0.107	0.099	0.154
0.101	0.167	0.100	0.632
0.042	0.092	0.108	0.758
0.102	0.757	0.074	0.067
0.100	0.820	0.031	0.049
0.086	0.828	0.033	0.053
