>ARAGAGGAAGTG	7-ARAGAGGAAGTG,BestGuess:PU.1(ETS)/ThioMac-PU.1-ChIP-Seq(GSE21512)/Homer(0.950)	10.983148	-10.573112	0	T:31.0(0.27%),B:221.9(0.11%),P:1e-4
0.521	0.124	0.260	0.095
0.387	0.227	0.286	0.100
0.561	0.029	0.350	0.060
0.119	0.324	0.534	0.023
0.671	0.086	0.207	0.036
0.049	0.001	0.930	0.020
0.037	0.062	0.900	0.001
0.822	0.139	0.038	0.001
0.948	0.016	0.001	0.035
0.058	0.179	0.753	0.010
0.016	0.140	0.126	0.718
0.186	0.219	0.492	0.104
