>GAATGGAA	1-GAATGGAA	8.236954	-11.206068	0	T:21.0(7.61%),B:5608.8(2.58%),P:1e-4	Tpos:24.8,Tstd:14.2,Bpos:11808.8,Bstd:39763.6,StrandBias:10.0,Multiplicity:1.25
0.100	0.100	0.700	0.100
0.700	0.100	0.100	0.100
0.700	0.100	0.100	0.100
0.100	0.100	0.100	0.700
0.100	0.100	0.700	0.100
0.100	0.100	0.700	0.100
0.700	0.100	0.100	0.100
0.700	0.100	0.100	0.100
>AATGGAAT	2-AATGGAAT	8.884463	-9.358890	0	T:23.0(8.33%),B:7371.3(3.40%),P:1e-4	Tpos:25.2,Tstd:12.4,Bpos:20252.7,Bstd:71503.4,StrandBias:1.2,Multiplicity:2.35
0.997	0.001	0.001	0.001
0.923	0.001	0.075	0.001
0.001	0.124	0.001	0.874
0.001	0.021	0.977	0.001
0.001	0.001	0.997	0.001
0.997	0.001	0.001	0.001
0.997	0.001	0.001	0.001
0.001	0.001	0.001	0.997
>TCGRDTSG	3-TCGRDTSG	4.987132	-7.617672	0	T:12.0(4.35%),B:2960.5(1.36%),P:1e-3	Tpos:20.4,Tstd:11.4,Bpos:9822.9,Bstd:37061.6,StrandBias:-0.7,Multiplicity:1.08
0.001	0.368	0.001	0.630
0.068	0.460	0.272	0.199
0.065	0.302	0.473	0.160
0.455	0.002	0.388	0.155
0.334	0.122	0.226	0.319
0.091	0.001	0.243	0.665
0.239	0.436	0.320	0.004
0.002	0.390	0.607	0.001
>TGGAATGG	4-TGGAATGG	8.236954	-7.074245	0	T:14.0(5.07%),B:4068.7(1.87%),P:1e-3	Tpos:21.0,Tstd:14.4,Bpos:11510.4,Bstd:34706.9,StrandBias:-1.0,Multiplicity:1.00
0.100	0.100	0.100	0.700
0.100	0.100	0.700	0.100
0.100	0.100	0.700	0.100
0.700	0.100	0.100	0.100
0.700	0.100	0.100	0.100
0.100	0.100	0.100	0.700
0.100	0.100	0.700	0.100
0.100	0.100	0.700	0.100
>CCGTTCAA	5-CCGTTCAA	8.850557	-3.841297	0	T:3.0(1.09%),B:458.9(0.21%),P:1e-1	Tpos:11.0,Tstd:7.0,Bpos:13199.4,Bstd:60437.4,StrandBias:0.0,Multiplicity:1.00
0.103	0.895	0.001	0.001
0.001	0.960	0.001	0.038
0.143	0.121	0.735	0.001
0.001	0.001	0.001	0.997
0.001	0.001	0.121	0.877
0.001	0.997	0.001	0.001
0.660	0.145	0.194	0.001
0.997	0.001	0.001	0.001
>TCATCGAA	6-TCATCGAA	10.038355	-1.719203	0	T:2.0(0.72%),B:602.5(0.28%),P:1e0	Tpos:32.0,Tstd:13.0,Bpos:8252.2,Bstd:32961.5,StrandBias:10.0,Multiplicity:2.00
0.001	0.001	0.001	0.997
0.001	0.997	0.001	0.001
0.997	0.001	0.001	0.001
0.001	0.001	0.148	0.850
0.001	0.899	0.001	0.099
0.162	0.050	0.541	0.247
0.855	0.001	0.001	0.143
0.997	0.001	0.001	0.001
>ATTCCAGT	7-ATTCCAGT	8.686077	-0.657181	0	T:18.0(6.52%),B:14026.1(6.46%),P:1e0	Tpos:25.3,Tstd:12.5,Bpos:10987.6,Bstd:37171.1,StrandBias:0.0,Multiplicity:1.00
0.744	0.001	0.254	0.001
0.001	0.001	0.001	0.997
0.001	0.001	0.263	0.735
0.001	0.774	0.224	0.001
0.001	0.997	0.001	0.001
0.997	0.001	0.001	0.001
0.001	0.216	0.782	0.001
0.001	0.001	0.001	0.997
