>SGAATGGAAT	1-SGAATGGAAT	10.010115	-38.143720	0	T:17.0(6.16%),B:635.8(0.29%),P:1e-16	Tpos:27.1,Tstd:10.9,Bpos:15946.1,Bstd:24087.4,StrandBias:1.4,Multiplicity:2.12
0.061	0.500	0.370	0.069
0.050	0.122	0.798	0.030
0.890	0.026	0.042	0.042
0.761	0.025	0.173	0.041
0.001	0.121	0.077	0.801
0.167	0.041	0.703	0.089
0.043	0.132	0.799	0.026
0.969	0.001	0.029	0.001
0.827	0.117	0.055	0.001
0.040	0.001	0.001	0.958
>ATCGAATGGA	2-ATCGAATGGA	10.106808	-32.701351	0	T:16.0(5.80%),B:743.1(0.34%),P:1e-14	Tpos:24.4,Tstd:15.9,Bpos:14175.3,Bstd:34745.9,StrandBias:3.0,Multiplicity:1.29
0.725	0.131	0.091	0.053
0.096	0.085	0.017	0.802
0.059	0.512	0.302	0.127
0.095	0.070	0.788	0.047
0.912	0.062	0.025	0.001
0.790	0.024	0.118	0.068
0.097	0.111	0.032	0.760
0.064	0.038	0.796	0.102
0.001	0.036	0.962	0.001
0.958	0.040	0.001	0.001
>AATGGAATGG	3-AATGGAATGG	10.331217	-14.159829	0	T:13.0(4.71%),B:1784.9(0.82%),P:1e-6	Tpos:21.3,Tstd:14.7,Bpos:14621.2,Bstd:34202.3,StrandBias:0.6,Multiplicity:1.25
0.997	0.001	0.001	0.001
0.808	0.062	0.129	0.001
0.057	0.129	0.001	0.813
0.063	0.001	0.935	0.001
0.001	0.001	0.997	0.001
0.997	0.001	0.001	0.001
0.870	0.001	0.128	0.001
0.001	0.128	0.001	0.870
0.168	0.001	0.830	0.001
0.001	0.001	0.997	0.001
>AATGGAATCA	4-AATGGAATCA	10.437692	-13.381640	0	T:19.0(6.88%),B:4048.9(1.87%),P:1e-5	Tpos:23.0,Tstd:13.8,Bpos:30934.5,Bstd:103192.1,StrandBias:2.0,Multiplicity:1.00
0.909	0.089	0.001	0.001
0.900	0.001	0.098	0.001
0.001	0.141	0.100	0.758
0.090	0.001	0.826	0.083
0.001	0.001	0.997	0.001
0.997	0.001	0.001	0.001
0.906	0.001	0.092	0.001
0.067	0.001	0.001	0.931
0.076	0.844	0.001	0.079
0.997	0.001	0.001	0.001
>ATCATCGAAT	5-ATCATCGAAT	11.306264	-10.859352	0	T:4.0(1.45%),B:117.2(0.05%),P:1e-4	Tpos:23.2,Tstd:16.7,Bpos:13717.9,Bstd:62911.6,StrandBias:10.0,Multiplicity:1.33
0.997	0.001	0.001	0.001
0.001	0.001	0.001	0.997
0.001	0.997	0.001	0.001
0.997	0.001	0.001	0.001
0.001	0.001	0.001	0.997
0.001	0.814	0.091	0.094
0.078	0.001	0.826	0.095
0.833	0.001	0.001	0.165
0.833	0.165	0.001	0.001
0.146	0.001	0.001	0.852
>AAGTCATGAC	6-AAGTCATGAC	11.009254	-3.960560	0	T:6.0(2.17%),B:1631.2(0.75%),P:1e-1	Tpos:32.3,Tstd:13.1,Bpos:11996.3,Bstd:40490.9,StrandBias:1.3,Multiplicity:1.00
0.848	0.150	0.001	0.001
0.997	0.001	0.001	0.001
0.129	0.001	0.869	0.001
0.001	0.001	0.001	0.997
0.001	0.997	0.001	0.001
0.997	0.001	0.001	0.001
0.001	0.001	0.001	0.997
0.155	0.001	0.843	0.001
0.855	0.001	0.001	0.143
0.118	0.742	0.139	0.001
>ATGGAATGGAAT	1-ATGGAATGGAAT	11.751301	-43.843013	0	T:16.0(5.80%),B:356.6(0.16%),P:1e-19	Tpos:27.0,Tstd:12.2,Bpos:17100.3,Bstd:22865.4,StrandBias:1.5,Multiplicity:1.38
0.903	0.050	0.046	0.001
0.060	0.144	0.044	0.752
0.023	0.290	0.609	0.078
0.056	0.018	0.884	0.042
0.921	0.052	0.001	0.026
0.858	0.055	0.086	0.001
0.052	0.160	0.029	0.759
0.098	0.134	0.715	0.053
0.053	0.029	0.917	0.001
0.978	0.001	0.020	0.001
0.846	0.018	0.135	0.001
0.052	0.089	0.001	0.858
>GATTCCATTCGA	2-GATTCCATTCGA	10.776860	-31.373564	0	T:16.0(5.80%),B:812.5(0.37%),P:1e-13	Tpos:21.5,Tstd:11.8,Bpos:13540.6,Bstd:45705.8,StrandBias:-2.8,Multiplicity:1.45
0.057	0.090	0.605	0.248
0.997	0.001	0.001	0.001
0.001	0.075	0.232	0.692
0.001	0.001	0.001	0.997
0.001	0.997	0.001	0.001
0.001	0.916	0.001	0.082
0.833	0.084	0.082	0.001
0.001	0.070	0.082	0.847
0.082	0.001	0.001	0.916
0.001	0.558	0.232	0.209
0.120	0.091	0.788	0.001
0.854	0.001	0.092	0.053
>TCCAMYCGRRTT	3-TCCAMYCGRRTT	9.967103	-19.891335	0	T:5.0(1.81%),B:36.4(0.02%),P:1e-8	Tpos:28.6,Tstd:10.2,Bpos:3335.2,Bstd:5829.0,StrandBias:-2.0,Multiplicity:1.00
0.001	0.001	0.001	0.997
0.001	0.981	0.001	0.017
0.001	0.997	0.001	0.001
0.979	0.019	0.001	0.001
0.470	0.528	0.001	0.001
0.001	0.470	0.001	0.528
0.001	0.997	0.001	0.001
0.001	0.001	0.997	0.001
0.470	0.001	0.528	0.001
0.470	0.001	0.528	0.001
0.001	0.001	0.001	0.997
0.001	0.001	0.001	0.997
>GGAATGGAATGG	4-GGAATGGAATGG	10.273596	-18.568390	0	T:13.0(4.71%),B:1207.9(0.56%),P:1e-8	Tpos:33.2,Tstd:12.8,Bpos:13457.4,Bstd:27848.8,StrandBias:2.0,Multiplicity:1.00
0.168	0.173	0.658	0.001
0.163	0.163	0.669	0.005
0.836	0.162	0.001	0.001
0.673	0.001	0.163	0.163
0.326	0.009	0.001	0.664
0.005	0.001	0.826	0.168
0.326	0.005	0.668	0.001
0.831	0.163	0.005	0.001
0.831	0.005	0.001	0.163
0.001	0.326	0.163	0.510
0.005	0.332	0.658	0.005
0.005	0.163	0.822	0.010
>AATGGAAYGGAA	5-AATGGAAYGGAA	11.533436	-4.190961	0	T:1.0(0.36%),B:12.0(0.01%),P:1e-1	Tpos:6.0,Tstd:0.0,Bpos:16089.6,Bstd:24832.0,StrandBias:10.0,Multiplicity:1.00
0.692	0.140	0.066	0.102
0.609	0.148	0.148	0.095
0.094	0.034	0.154	0.718
0.103	0.074	0.698	0.125
0.113	0.068	0.737	0.082
0.736	0.200	0.001	0.063
0.768	0.064	0.116	0.052
0.177	0.361	0.167	0.295
0.228	0.123	0.496	0.152
0.136	0.078	0.711	0.075
0.710	0.069	0.077	0.144
0.765	0.048	0.102	0.085
>GAATGGAA	1-GAATGGAA	8.236954	-11.206068	0	T:21.0(7.61%),B:5608.8(2.58%),P:1e-4	Tpos:24.8,Tstd:14.2,Bpos:11808.8,Bstd:39763.6,StrandBias:10.0,Multiplicity:1.25
0.100	0.100	0.700	0.100
0.700	0.100	0.100	0.100
0.700	0.100	0.100	0.100
0.100	0.100	0.100	0.700
0.100	0.100	0.700	0.100
0.100	0.100	0.700	0.100
0.700	0.100	0.100	0.100
0.700	0.100	0.100	0.100
>AATGGAAT	2-AATGGAAT	8.884463	-9.358890	0	T:23.0(8.33%),B:7371.3(3.40%),P:1e-4	Tpos:25.2,Tstd:12.4,Bpos:20252.7,Bstd:71503.4,StrandBias:1.2,Multiplicity:2.35
0.997	0.001	0.001	0.001
0.923	0.001	0.075	0.001
0.001	0.124	0.001	0.874
0.001	0.021	0.977	0.001
0.001	0.001	0.997	0.001
0.997	0.001	0.001	0.001
0.997	0.001	0.001	0.001
0.001	0.001	0.001	0.997
>TCGRDTSG	3-TCGRDTSG	4.987132	-7.617672	0	T:12.0(4.35%),B:2960.5(1.36%),P:1e-3	Tpos:20.4,Tstd:11.4,Bpos:9822.9,Bstd:37061.6,StrandBias:-0.7,Multiplicity:1.08
0.001	0.368	0.001	0.630
0.068	0.460	0.272	0.199
0.065	0.302	0.473	0.160
0.455	0.002	0.388	0.155
0.334	0.122	0.226	0.319
0.091	0.001	0.243	0.665
0.239	0.436	0.320	0.004
0.002	0.390	0.607	0.001
>TGGAATGG	4-TGGAATGG	8.236954	-7.074245	0	T:14.0(5.07%),B:4068.7(1.87%),P:1e-3	Tpos:21.0,Tstd:14.4,Bpos:11510.4,Bstd:34706.9,StrandBias:-1.0,Multiplicity:1.00
0.100	0.100	0.100	0.700
0.100	0.100	0.700	0.100
0.100	0.100	0.700	0.100
0.700	0.100	0.100	0.100
0.700	0.100	0.100	0.100
0.100	0.100	0.100	0.700
0.100	0.100	0.700	0.100
0.100	0.100	0.700	0.100
>CCGTTCAA	5-CCGTTCAA	8.850557	-3.841297	0	T:3.0(1.09%),B:458.9(0.21%),P:1e-1	Tpos:11.0,Tstd:7.0,Bpos:13199.4,Bstd:60437.4,StrandBias:0.0,Multiplicity:1.00
0.103	0.895	0.001	0.001
0.001	0.960	0.001	0.038
0.143	0.121	0.735	0.001
0.001	0.001	0.001	0.997
0.001	0.001	0.121	0.877
0.001	0.997	0.001	0.001
0.660	0.145	0.194	0.001
0.997	0.001	0.001	0.001
>TCATCGAA	6-TCATCGAA	10.038355	-1.719203	0	T:2.0(0.72%),B:602.5(0.28%),P:1e0	Tpos:32.0,Tstd:13.0,Bpos:8252.2,Bstd:32961.5,StrandBias:10.0,Multiplicity:2.00
0.001	0.001	0.001	0.997
0.001	0.997	0.001	0.001
0.997	0.001	0.001	0.001
0.001	0.001	0.148	0.850
0.001	0.899	0.001	0.099
0.162	0.050	0.541	0.247
0.855	0.001	0.001	0.143
0.997	0.001	0.001	0.001
>ATTCCAGT	7-ATTCCAGT	8.686077	-0.657181	0	T:18.0(6.52%),B:14026.1(6.46%),P:1e0	Tpos:25.3,Tstd:12.5,Bpos:10987.6,Bstd:37171.1,StrandBias:0.0,Multiplicity:1.00
0.744	0.001	0.254	0.001
0.001	0.001	0.001	0.997
0.001	0.001	0.263	0.735
0.001	0.774	0.224	0.001
0.001	0.997	0.001	0.001
0.997	0.001	0.001	0.001
0.001	0.216	0.782	0.001
0.001	0.001	0.001	0.997
