>ATGGAATGGAAT	1-ATGGAATGGAAT	11.751301	-43.843013	0	T:16.0(5.80%),B:356.6(0.16%),P:1e-19	Tpos:27.0,Tstd:12.2,Bpos:17100.3,Bstd:22865.4,StrandBias:1.5,Multiplicity:1.38
0.903	0.050	0.046	0.001
0.060	0.144	0.044	0.752
0.023	0.290	0.609	0.078
0.056	0.018	0.884	0.042
0.921	0.052	0.001	0.026
0.858	0.055	0.086	0.001
0.052	0.160	0.029	0.759
0.098	0.134	0.715	0.053
0.053	0.029	0.917	0.001
0.978	0.001	0.020	0.001
0.846	0.018	0.135	0.001
0.052	0.089	0.001	0.858
>GATTCCATTCGA	2-GATTCCATTCGA	10.776860	-31.373564	0	T:16.0(5.80%),B:812.5(0.37%),P:1e-13	Tpos:21.5,Tstd:11.8,Bpos:13540.6,Bstd:45705.8,StrandBias:-2.8,Multiplicity:1.45
0.057	0.090	0.605	0.248
0.997	0.001	0.001	0.001
0.001	0.075	0.232	0.692
0.001	0.001	0.001	0.997
0.001	0.997	0.001	0.001
0.001	0.916	0.001	0.082
0.833	0.084	0.082	0.001
0.001	0.070	0.082	0.847
0.082	0.001	0.001	0.916
0.001	0.558	0.232	0.209
0.120	0.091	0.788	0.001
0.854	0.001	0.092	0.053
>TCCAMYCGRRTT	3-TCCAMYCGRRTT	9.967103	-19.891335	0	T:5.0(1.81%),B:36.4(0.02%),P:1e-8	Tpos:28.6,Tstd:10.2,Bpos:3335.2,Bstd:5829.0,StrandBias:-2.0,Multiplicity:1.00
0.001	0.001	0.001	0.997
0.001	0.981	0.001	0.017
0.001	0.997	0.001	0.001
0.979	0.019	0.001	0.001
0.470	0.528	0.001	0.001
0.001	0.470	0.001	0.528
0.001	0.997	0.001	0.001
0.001	0.001	0.997	0.001
0.470	0.001	0.528	0.001
0.470	0.001	0.528	0.001
0.001	0.001	0.001	0.997
0.001	0.001	0.001	0.997
>GGAATGGAATGG	4-GGAATGGAATGG	10.273596	-18.568390	0	T:13.0(4.71%),B:1207.9(0.56%),P:1e-8	Tpos:33.2,Tstd:12.8,Bpos:13457.4,Bstd:27848.8,StrandBias:2.0,Multiplicity:1.00
0.168	0.173	0.658	0.001
0.163	0.163	0.669	0.005
0.836	0.162	0.001	0.001
0.673	0.001	0.163	0.163
0.326	0.009	0.001	0.664
0.005	0.001	0.826	0.168
0.326	0.005	0.668	0.001
0.831	0.163	0.005	0.001
0.831	0.005	0.001	0.163
0.001	0.326	0.163	0.510
0.005	0.332	0.658	0.005
0.005	0.163	0.822	0.010
>AATGGAAYGGAA	5-AATGGAAYGGAA	11.533436	-4.190961	0	T:1.0(0.36%),B:12.0(0.01%),P:1e-1	Tpos:6.0,Tstd:0.0,Bpos:16089.6,Bstd:24832.0,StrandBias:10.0,Multiplicity:1.00
0.692	0.140	0.066	0.102
0.609	0.148	0.148	0.095
0.094	0.034	0.154	0.718
0.103	0.074	0.698	0.125
0.113	0.068	0.737	0.082
0.736	0.200	0.001	0.063
0.768	0.064	0.116	0.052
0.177	0.361	0.167	0.295
0.228	0.123	0.496	0.152
0.136	0.078	0.711	0.075
0.710	0.069	0.077	0.144
0.765	0.048	0.102	0.085
