>TGYGGTTT	1-TGYGGTTT	6.104553	-3718.823169	0	T:6935.0(51.25%),B:40490.3(17.43%),P:1e-1615	Tpos:125.4,Tstd:71.2,Bpos:13015.9,Bstd:64961.4,StrandBias:0.0,Multiplicity:1.40
0.078	0.028	0.047	0.847
0.001	0.001	0.997	0.001
0.050	0.413	0.001	0.536
0.001	0.001	0.997	0.001
0.001	0.001	0.997	0.001
0.001	0.111	0.075	0.813
0.055	0.252	0.001	0.692
0.110	0.027	0.126	0.737
>CACTTCCT	2-CACTTCCT	2.192737	-1212.906856	0	T:9683.0(71.55%),B:116591.9(50.20%),P:1e-526	Tpos:124.4,Tstd:85.4,Bpos:7894.6,Bstd:41712.5,StrandBias:-0.0,Multiplicity:1.89
0.071	0.831	0.049	0.049
0.960	0.023	0.016	0.001
0.001	0.893	0.018	0.088
0.052	0.001	0.001	0.946
0.001	0.001	0.001	0.997
0.001	0.997	0.001	0.001
0.001	0.997	0.001	0.001
0.001	0.146	0.100	0.753
>AGGCTTTT	3-AGGCTTTT	-7.163028	-1099.507628	0	T:12767.0(94.34%),B:185703.6(79.95%),P:1e-477	Tpos:125.5,Tstd:94.5,Bpos:9262.2,Bstd:52188.6,StrandBias:-0.0,Multiplicity:1.80
0.997	0.001	0.001	0.001
0.001	0.001	0.997	0.001
0.001	0.012	0.986	0.001
0.001	0.997	0.001	0.001
0.001	0.001	0.001	0.997
0.001	0.001	0.001	0.997
0.001	0.001	0.001	0.997
0.001	0.001	0.001	0.997
>TTCCTDHT	4-TTCCTDHT	1.551469	-843.951454	0	T:10341.0(76.41%),B:137624.6(59.25%),P:1e-366	Tpos:118.3,Tstd:86.0,Bpos:11994.5,Bstd:51864.7,StrandBias:-0.0,Multiplicity:1.70
0.001	0.001	0.001	0.997
0.001	0.001	0.001	0.997
0.001	0.997	0.001	0.001
0.001	0.997	0.001	0.001
0.001	0.001	0.001	0.997
0.367	0.001	0.324	0.308
0.325	0.306	0.001	0.368
0.001	0.306	0.001	0.692
>TGTGTAAA	5-TGTGTAAA	-6.603412	-611.540766	0	T:12231.0(90.38%),B:183305.8(78.92%),P:1e-265	Tpos:120.7,Tstd:89.2,Bpos:12463.7,Bstd:62015.1,StrandBias:-0.0,Multiplicity:1.59
0.001	0.001	0.001	0.997
0.002	0.007	0.990	0.001
0.001	0.001	0.001	0.997
0.001	0.001	0.997	0.001
0.165	0.007	0.003	0.825
0.997	0.001	0.001	0.001
0.997	0.001	0.001	0.001
0.997	0.001	0.001	0.001
>TTTWGTMT	6-TTTWGTMT	-0.743261	-545.909660	0	T:11824.0(87.37%),B:176036.3(75.79%),P:1e-237	Tpos:120.2,Tstd:91.1,Bpos:11885.7,Bstd:49926.1,StrandBias:-0.0,Multiplicity:1.81
0.355	0.001	0.001	0.643
0.371	0.001	0.001	0.627
0.220	0.001	0.001	0.778
0.456	0.001	0.001	0.542
0.001	0.334	0.664	0.001
0.001	0.001	0.001	0.997
0.456	0.400	0.001	0.143
0.020	0.001	0.001	0.978
>WTTNWDDW	7-WTTNWDDW	2.722084	-539.195894	0	T:11323.0(83.67%),B:165675.9(71.33%),P:1e-234	Tpos:117.3,Tstd:85.2,Bpos:14738.6,Bstd:63116.8,StrandBias:0.0,Multiplicity:1.82
0.402	0.130	0.048	0.421
0.307	0.156	0.001	0.536
0.279	0.001	0.084	0.636
0.250	0.261	0.240	0.248
0.448	0.007	0.108	0.437
0.247	0.147	0.318	0.287
0.325	0.162	0.258	0.255
0.381	0.160	0.189	0.270
>TCCTWTTT	8-TCCTWTTT	3.998546	-528.411957	0	T:10381.0(76.71%),B:147283.0(63.41%),P:1e-229	Tpos:121.1,Tstd:87.5,Bpos:11079.1,Bstd:47139.0,StrandBias:0.0,Multiplicity:1.63
0.020	0.072	0.040	0.868
0.051	0.781	0.066	0.102
0.101	0.776	0.009	0.114
0.070	0.056	0.001	0.873
0.435	0.092	0.152	0.321
0.150	0.120	0.018	0.712
0.049	0.065	0.042	0.844
0.104	0.127	0.058	0.711
>AAAADAAW	9-AAAADAAW	2.753456	-480.132740	0	T:11335.0(83.76%),B:167727.6(72.21%),P:1e-208	Tpos:117.5,Tstd:88.3,Bpos:10987.9,Bstd:38532.5,StrandBias:0.0,Multiplicity:1.92
0.610	0.001	0.198	0.191
0.617	0.090	0.188	0.105
0.561	0.074	0.172	0.193
0.487	0.037	0.233	0.243
0.337	0.107	0.263	0.293
0.386	0.187	0.206	0.221
0.512	0.114	0.105	0.269
0.348	0.080	0.204	0.368
>TTTTTTWT	10-TTTTTTWT	3.914109	-475.423215	0	T:10324.0(76.29%),B:147900.6(63.67%),P:1e-206	Tpos:118.4,Tstd:87.0,Bpos:12051.9,Bstd:46486.0,StrandBias:-0.1,Multiplicity:1.80
0.044	0.307	0.001	0.648
0.238	0.135	0.001	0.626
0.022	0.001	0.001	0.976
0.001	0.156	0.001	0.842
0.102	0.206	0.001	0.691
0.133	0.223	0.001	0.643
0.386	0.208	0.060	0.346
0.273	0.207	0.088	0.433
>ASSTSCAW	11-ASSTSCAW	-1.227706	-297.644992	0	T:13444.0(99.34%),B:222857.1(95.95%),P:1e-129	Tpos:126.1,Tstd:99.0,Bpos:7458.2,Bstd:37454.8,StrandBias:0.0,Multiplicity:1.56
0.997	0.001	0.001	0.001
0.215	0.365	0.340	0.080
0.145	0.340	0.420	0.095
0.289	0.001	0.001	0.709
0.001	0.410	0.415	0.175
0.080	0.630	0.205	0.085
0.997	0.001	0.001	0.001
0.484	0.001	0.001	0.514
>TCACTTWT	12-TCACTTWT	-5.083822	-292.597073	0	T:13219.0(97.68%),B:216025.1(93.00%),P:1e-127	Tpos:121.8,Tstd:89.4,Bpos:8688.8,Bstd:39275.4,StrandBias:0.0,Multiplicity:1.62
0.370	0.001	0.001	0.628
0.001	0.948	0.050	0.001
0.951	0.001	0.001	0.047
0.001	0.576	0.422	0.001
0.394	0.001	0.001	0.604
0.001	0.002	0.004	0.993
0.442	0.001	0.001	0.556
0.001	0.001	0.001	0.997
>GGSCCGGS	13-GGSCCGGS	-11.465315	-289.771491	0	T:13208.0(97.60%),B:215793.7(92.90%),P:1e-125	Tpos:131.1,Tstd:93.8,Bpos:2250.1,Bstd:13357.8,StrandBias:-0.0,Multiplicity:2.09
0.001	0.376	0.622	0.001
0.001	0.285	0.713	0.001
0.001	0.549	0.449	0.001
0.001	0.997	0.001	0.001
0.001	0.997	0.001	0.001
0.001	0.354	0.644	0.001
0.001	0.338	0.660	0.001
0.001	0.562	0.436	0.001
>CCACACCC	14-CCACACCC	2.399224	-230.895430	0	T:13521.0(99.91%),B:227411.8(97.91%),P:1e-100	Tpos:132.2,Tstd:96.3,Bpos:2240.8,Bstd:13879.0,StrandBias:0.0,Multiplicity:2.94
0.100	0.700	0.100	0.100
0.100	0.700	0.100	0.100
0.700	0.100	0.100	0.100
0.100	0.700	0.100	0.100
0.700	0.100	0.100	0.100
0.100	0.700	0.100	0.100
0.100	0.700	0.100	0.100
0.100	0.700	0.100	0.100
>TTTTGGAA	15-TTTTGGAA	-12.409551	-226.287138	0	T:13513.0(99.85%),B:227077.8(97.76%),P:1e-98	Tpos:126.1,Tstd:97.3,Bpos:8308.5,Bstd:45936.0,StrandBias:0.0,Multiplicity:1.62
0.001	0.001	0.001	0.997
0.001	0.001	0.001	0.997
0.001	0.001	0.002	0.996
0.001	0.001	0.063	0.935
0.001	0.001	0.997	0.001
0.001	0.001	0.997	0.001
0.935	0.001	0.001	0.063
0.997	0.001	0.001	0.001
>TTCTGCTT	16-TTCTGCTT	2.399224	-129.562154	0	T:13530.0(99.98%),B:229770.7(98.92%),P:1e-56	Tpos:126.5,Tstd:93.5,Bpos:7329.4,Bstd:41285.6,StrandBias:-0.0,Multiplicity:3.90
0.100	0.100	0.100	0.700
0.100	0.100	0.100	0.700
0.100	0.700	0.100	0.100
0.100	0.100	0.100	0.700
0.100	0.100	0.700	0.100
0.100	0.700	0.100	0.100
0.100	0.100	0.100	0.700
0.100	0.100	0.100	0.700
>TTWAATGG	17-TTWAATGG	-10.802790	-122.082158	0	T:13521.0(99.91%),B:229413.6(98.77%),P:1e-53	Tpos:124.9,Tstd:94.5,Bpos:7569.5,Bstd:35989.4,StrandBias:-0.0,Multiplicity:1.64
0.001	0.001	0.001	0.997
0.289	0.001	0.001	0.709
0.458	0.001	0.001	0.540
0.997	0.001	0.001	0.001
0.752	0.006	0.012	0.230
0.001	0.001	0.001	0.997
0.001	0.001	0.997	0.001
0.001	0.229	0.769	0.001
>TGAGWGWG	18-TGAGWGWG	-5.735205	-72.956607	0	T:13532.0(99.99%),B:230914.7(99.41%),P:1e-31	Tpos:126.4,Tstd:95.4,Bpos:4803.3,Bstd:20193.7,StrandBias:0.0,Multiplicity:1.83
0.001	0.001	0.001	0.997
0.001	0.024	0.974	0.001
0.997	0.001	0.001	0.001
0.017	0.348	0.553	0.082
0.528	0.001	0.001	0.470
0.058	0.356	0.578	0.008
0.511	0.001	0.001	0.487
0.057	0.298	0.644	0.001
>ACAAAACC	19-ACAAAACC	0.000000	-1.019353	0	T:13533.0(100.00%),B:232257.7(99.99%),P:1e0
0.700	0.100	0.100	0.100
0.100	0.700	0.100	0.100
0.700	0.100	0.100	0.100
0.700	0.100	0.100	0.100
0.700	0.100	0.100	0.100
0.700	0.100	0.100	0.100
0.100	0.700	0.100	0.100
0.100	0.700	0.100	0.100
>GTGTGGCC	20-GTGTGGCC	0.000000	-0.849456	0	T:13533.0(100.00%),B:232260.6(99.99%),P:1e0
0.100	0.100	0.700	0.100
0.100	0.100	0.100	0.700
0.100	0.100	0.700	0.100
0.100	0.100	0.100	0.700
0.100	0.100	0.700	0.100
0.100	0.100	0.700	0.100
0.100	0.700	0.100	0.100
0.100	0.700	0.100	0.100
>TTTGTGCT	21-TTTGTGCT	0.000000	-0.339776	0	T:13533.0(100.00%),B:232269.8(100.00%),P:1e0
0.100	0.100	0.100	0.700
0.100	0.100	0.100	0.700
0.100	0.100	0.100	0.700
0.100	0.100	0.700	0.100
0.100	0.100	0.100	0.700
0.100	0.100	0.700	0.100
0.100	0.700	0.100	0.100
0.100	0.100	0.100	0.700
>TCAGTGAC	22-TCAGTGAC	0.000000	-0.283146	0	T:13533.0(100.00%),B:232270.1(100.00%),P:1e0
0.100	0.100	0.100	0.700
0.100	0.700	0.100	0.100
0.700	0.100	0.100	0.100
0.100	0.100	0.700	0.100
0.100	0.100	0.100	0.700
0.100	0.100	0.700	0.100
0.700	0.100	0.100	0.100
0.100	0.700	0.100	0.100
>CCCTCTGG	23-CCCTCTGG	0.000000	-0.113258	0	T:13533.0(100.00%),B:232273.7(100.00%),P:1e0
0.100	0.700	0.100	0.100
0.100	0.700	0.100	0.100
0.100	0.700	0.100	0.100
0.100	0.100	0.100	0.700
0.100	0.700	0.100	0.100
0.100	0.100	0.100	0.700
0.100	0.100	0.700	0.100
0.100	0.100	0.700	0.100
>TCCTCACT	24-TCCTCACT	0.000000	0.000000	0	T:13533.0(100.00%),B:232275.1(100.00%),P:1e0
0.100	0.100	0.100	0.700
0.100	0.700	0.100	0.100
0.100	0.700	0.100	0.100
0.100	0.100	0.100	0.700
0.100	0.700	0.100	0.100
0.700	0.100	0.100	0.100
0.100	0.700	0.100	0.100
0.100	0.100	0.100	0.700
>SCWAMKCT	25-SCWAMKCT	-26.084628	0.000000	0	T:13533.0(100.00%),B:232275.1(100.00%),P:1e0	Tpos:121.8,Tstd:91.6,Bpos:8589.5,Bstd:39484.2,StrandBias:0.0,Multiplicity:1.41
0.001	0.513	0.485	0.001
0.001	0.666	0.332	0.001
0.485	0.001	0.001	0.513
0.543	0.090	0.214	0.153
0.423	0.362	0.214	0.001
0.001	0.272	0.424	0.303
0.001	0.635	0.363	0.001
0.090	0.001	0.001	0.908
