>HTGTGGTTDNNN	1-HTGTGGTTDNNN	6.459799	-3948.464844	0	T:7239.0(53.49%),B:42300.2(18.21%),P:1e-1714	Tpos:125.1,Tstd:68.5,Bpos:14039.8,Bstd:68922.8,StrandBias:0.0,Multiplicity:1.42
0.213	0.335	0.121	0.331
0.142	0.001	0.107	0.750
0.001	0.001	0.997	0.001
0.078	0.322	0.001	0.599
0.001	0.001	0.997	0.001
0.001	0.001	0.997	0.001
0.001	0.156	0.110	0.733
0.101	0.187	0.135	0.577
0.317	0.060	0.244	0.379
0.232	0.258	0.250	0.260
0.246	0.259	0.274	0.221
0.251	0.226	0.299	0.224
>WCACTTCCTCAC	2-WCACTTCCTCAC	-4.464419	-829.474113	0	T:12060.0(89.12%),B:173957.5(74.89%),P:1e-360	Tpos:123.1,Tstd:87.7,Bpos:10784.2,Bstd:58407.3,StrandBias:-0.0,Multiplicity:1.63
0.444	0.001	0.001	0.554
0.003	0.832	0.109	0.056
0.997	0.001	0.001	0.001
0.001	0.836	0.162	0.001
0.162	0.001	0.001	0.836
0.001	0.001	0.054	0.944
0.001	0.944	0.054	0.001
0.001	0.944	0.001	0.054
0.001	0.009	0.001	0.989
0.001	0.779	0.219	0.001
0.887	0.003	0.001	0.109
0.283	0.494	0.001	0.221
>CCCCAAACCCCA	3-CCCCAAACCCCA	2.625881	-813.476024	0	T:13351.0(98.66%),B:209403.8(90.15%),P:1e-353	Tpos:130.1,Tstd:97.2,Bpos:4804.2,Bstd:30767.8,StrandBias:-0.0,Multiplicity:2.14
0.100	0.700	0.100	0.100
0.100	0.700	0.100	0.100
0.100	0.700	0.100	0.100
0.100	0.700	0.100	0.100
0.700	0.100	0.100	0.100
0.700	0.100	0.100	0.100
0.700	0.100	0.100	0.100
0.100	0.700	0.100	0.100
0.100	0.700	0.100	0.100
0.100	0.700	0.100	0.100
0.100	0.700	0.100	0.100
0.700	0.100	0.100	0.100
>TTCCATTCCATT	4-TTCCATTCCATT	2.625881	-693.026213	0	T:13139.0(97.09%),B:204703.7(88.13%),P:1e-300	Tpos:121.4,Tstd:89.9,Bpos:9315.4,Bstd:37607.6,StrandBias:-0.0,Multiplicity:3.41
0.100	0.100	0.100	0.700
0.100	0.100	0.100	0.700
0.100	0.700	0.100	0.100
0.100	0.700	0.100	0.100
0.700	0.100	0.100	0.100
0.100	0.100	0.100	0.700
0.100	0.100	0.100	0.700
0.100	0.700	0.100	0.100
0.100	0.700	0.100	0.100
0.700	0.100	0.100	0.100
0.100	0.100	0.100	0.700
0.100	0.100	0.100	0.700
>AATGCAATGGAA	5-AATGCAATGGAA	2.625881	-646.228292	0	T:13100.0(96.80%),B:204531.4(88.06%),P:1e-280	Tpos:137.5,Tstd:146.0,Bpos:26209.2,Bstd:105826.7,StrandBias:0.2,Multiplicity:1.00
0.700	0.100	0.100	0.100
0.700	0.100	0.100	0.100
0.100	0.100	0.100	0.700
0.100	0.100	0.700	0.100
0.100	0.700	0.100	0.100
0.700	0.100	0.100	0.100
0.700	0.100	0.100	0.100
0.100	0.100	0.100	0.700
0.100	0.100	0.700	0.100
0.100	0.100	0.700	0.100
0.700	0.100	0.100	0.100
0.700	0.100	0.100	0.100
>TTCCATTCTATT	6-TTCCATTCTATT	2.625881	-643.927437	0	T:12907.0(95.37%),B:199174.1(85.75%),P:1e-279	Tpos:107.7,Tstd:64.6,Bpos:9104.8,Bstd:31077.6,StrandBias:0.0,Multiplicity:1.00
0.100	0.100	0.100	0.700
0.100	0.100	0.100	0.700
0.100	0.700	0.100	0.100
0.100	0.700	0.100	0.100
0.700	0.100	0.100	0.100
0.100	0.100	0.100	0.700
0.100	0.100	0.100	0.700
0.100	0.700	0.100	0.100
0.100	0.100	0.100	0.700
0.700	0.100	0.100	0.100
0.100	0.100	0.100	0.700
0.100	0.100	0.100	0.700
>GAAAAAAAAAAA	7-GAAAAAAAAAAA	-17.945565	-602.572440	0	T:11948.0(88.29%),B:177171.8(76.28%),P:1e-261	Tpos:119.5,Tstd:85.9,Bpos:10997.5,Bstd:43815.3,StrandBias:-0.0,Multiplicity:2.06
0.022	0.001	0.976	0.001
0.997	0.001	0.001	0.001
0.997	0.001	0.001	0.001
0.997	0.001	0.001	0.001
0.997	0.001	0.001	0.001
0.997	0.001	0.001	0.001
0.997	0.001	0.001	0.001
0.997	0.001	0.001	0.001
0.997	0.001	0.001	0.001
0.997	0.001	0.001	0.001
0.997	0.001	0.001	0.001
0.997	0.001	0.001	0.001
>CWGRGSAKCTGC	8-CWGRGSAKCTGC	-13.967792	-377.655640	0	T:13424.0(99.19%),B:220509.5(94.93%),P:1e-164	Tpos:125.6,Tstd:90.8,Bpos:5321.4,Bstd:33501.9,StrandBias:-0.0,Multiplicity:1.72
0.001	0.997	0.001	0.001
0.511	0.001	0.001	0.487
0.001	0.001	0.997	0.001
0.506	0.001	0.492	0.001
0.001	0.001	0.870	0.128
0.001	0.494	0.504	0.001
0.506	0.244	0.001	0.249
0.001	0.001	0.520	0.478
0.001	0.997	0.001	0.001
0.001	0.001	0.001	0.997
0.001	0.001	0.997	0.001
0.001	0.997	0.001	0.001
>CCACAGGAAGCA	9-CCACAGGAAGCA	2.625881	-375.503342	0	T:13512.0(99.84%),B:224312.6(96.57%),P:1e-163	Tpos:128.5,Tstd:95.5,Bpos:5283.6,Bstd:32683.8,StrandBias:-0.0,Multiplicity:3.31
0.100	0.700	0.100	0.100
0.100	0.700	0.100	0.100
0.700	0.100	0.100	0.100
0.100	0.700	0.100	0.100
0.700	0.100	0.100	0.100
0.100	0.100	0.700	0.100
0.100	0.100	0.700	0.100
0.700	0.100	0.100	0.100
0.700	0.100	0.100	0.100
0.100	0.100	0.700	0.100
0.100	0.700	0.100	0.100
0.700	0.100	0.100	0.100
>ATTCCATTCCAT	10-ATTCCATTCCAT	3.317113	-177.413980	0	T:7879.0(58.22%),B:116134.5(50.00%),P:1e-77	Tpos:121.8,Tstd:91.1,Bpos:14696.2,Bstd:63024.9,StrandBias:-0.1,Multiplicity:1.67
0.768	0.053	0.082	0.097
0.077	0.054	0.096	0.773
0.076	0.054	0.051	0.819
0.081	0.767	0.081	0.071
0.060	0.709	0.138	0.093
0.776	0.057	0.115	0.052
0.097	0.081	0.101	0.721
0.101	0.054	0.102	0.743
0.090	0.737	0.091	0.082
0.056	0.682	0.210	0.052
0.761	0.057	0.113	0.069
0.084	0.098	0.070	0.748
>GVGRGGGGGGGS	11-GVGRGGGGGGGS	0.042615	-110.019134	0	T:13505.0(99.79%),B:228970.7(98.58%),P:1e-47	Tpos:130.4,Tstd:102.2,Bpos:3763.5,Bstd:25689.1,StrandBias:0.0,Multiplicity:1.66
0.135	0.238	0.597	0.030
0.273	0.300	0.387	0.039
0.268	0.250	0.465	0.017
0.323	0.233	0.398	0.046
0.254	0.133	0.612	0.001
0.146	0.267	0.530	0.057
0.157	0.242	0.487	0.114
0.037	0.354	0.594	0.015
0.249	0.170	0.415	0.165
0.169	0.200	0.630	0.001
0.348	0.123	0.517	0.012
0.157	0.325	0.442	0.076
>NWHTGWHDRSAK	12-NWHTGWHDRSAK	-6.048381	-0.792824	0	T:13533.0(100.00%),B:232261.5(99.99%),P:1e0	Tpos:117.1,Tstd:88.4,Bpos:14158.8,Bstd:60261.2,StrandBias:-0.0,Multiplicity:1.62
0.292	0.246	0.171	0.291
0.314	0.171	0.080	0.434
0.263	0.251	0.166	0.320
0.001	0.001	0.001	0.997
0.217	0.001	0.468	0.314
0.383	0.177	0.189	0.251
0.360	0.234	0.189	0.217
0.377	0.069	0.234	0.320
0.502	0.001	0.360	0.137
0.206	0.446	0.332	0.017
0.742	0.001	0.001	0.256
0.001	0.251	0.303	0.445
>TTGGRAGWTTCC	13-TTGGRAGWTTCC	9.566403	-0.079558	0	T:11.0(0.08%),B:277.6(0.12%),P:1e0	Tpos:391.0,Tstd:0.0,Bpos:0.0,Bstd:0.0,StrandBias:10.0,Multiplicity:1.00
0.001	0.214	0.300	0.485
0.289	0.001	0.117	0.593
0.312	0.001	0.686	0.001
0.406	0.001	0.592	0.001
0.418	0.193	0.292	0.097
0.589	0.001	0.409	0.001
0.409	0.001	0.589	0.001
0.407	0.099	0.097	0.396
0.001	0.001	0.309	0.689
0.001	0.300	0.203	0.496
0.001	0.997	0.001	0.001
0.193	0.602	0.001	0.204
>GRAKGTRSTTRA	14-GRAKGTRSTTRA	7.949157	-0.000620	0	T:47.0(0.35%),B:1252.1(0.54%),P:1e0	Tpos:174.0,Tstd:63.0,Bpos:7.0,Bstd:0.0,StrandBias:-10.0,Multiplicity:1.00
0.233	0.001	0.702	0.064
0.395	0.001	0.487	0.117
0.595	0.117	0.230	0.058
0.175	0.103	0.361	0.361
0.001	0.167	0.594	0.238
0.005	0.342	0.122	0.531
0.415	0.058	0.288	0.239
0.117	0.414	0.464	0.005
0.175	0.171	0.127	0.527
0.001	0.058	0.004	0.937
0.410	0.117	0.414	0.059
0.537	0.058	0.230	0.175
>DKAKMTHCTTCH	15-DKAKMTHCTTCH	8.454789	-0.000005	0	T:30.0(0.22%),B:1052.3(0.45%),P:1e0	Tpos:5.0,Tstd:0.0,Bpos:0.0,Bstd:0.0,StrandBias:-10.0,Multiplicity:1.00
0.292	0.001	0.415	0.292
0.001	0.143	0.429	0.427
0.705	0.001	0.293	0.001
0.163	0.137	0.422	0.279
0.435	0.558	0.006	0.001
0.137	0.143	0.156	0.564
0.279	0.285	0.007	0.429
0.001	0.713	0.001	0.285
0.137	0.292	0.001	0.570
0.001	0.278	0.001	0.720
0.143	0.693	0.020	0.144
0.292	0.292	0.001	0.415
>ASAGGYCWBTCW	16-ASAGGYCWBTCW	7.775818	-0.000002	0	T:217.0(1.60%),B:5022.0(2.16%),P:1e0	Tpos:146.7,Tstd:86.6,Bpos:8082.4,Bstd:26541.3,StrandBias:0.0,Multiplicity:1.00
0.657	0.083	0.093	0.167
0.002	0.417	0.496	0.085
0.834	0.081	0.002	0.083
0.166	0.084	0.669	0.081
0.083	0.255	0.495	0.167
0.085	0.415	0.169	0.331
0.167	0.747	0.002	0.084
0.331	0.243	0.004	0.423
0.171	0.248	0.336	0.245
0.001	0.084	0.081	0.834
0.084	0.502	0.164	0.250
0.334	0.255	0.001	0.410
>YCAGGCAGRCCC	17-YCAGGCAGRCCC	8.276901	-0.000002	0	T:205.0(1.51%),B:4784.5(2.06%),P:1e0	Tpos:77.5,Tstd:13.5,Bpos:3046.0,Bstd:7634.7,StrandBias:0.0,Multiplicity:1.00
0.102	0.397	0.001	0.500
0.102	0.494	0.099	0.304
0.901	0.002	0.096	0.001
0.207	0.001	0.693	0.099
0.196	0.307	0.491	0.006
0.307	0.596	0.001	0.096
0.500	0.105	0.196	0.199
0.301	0.105	0.497	0.097
0.298	0.102	0.398	0.202
0.001	0.696	0.099	0.204
0.001	0.794	0.001	0.204
0.295	0.596	0.001	0.108
>KWGGARAKTTCT	18-KWGGARAKTTCT	7.995337	-0.000001	0	T:42.0(0.31%),B:1408.5(0.61%),P:1e0	Tpos:111.0,Tstd:0.0,Bpos:16308.4,Bstd:24676.2,StrandBias:-10.0,Multiplicity:1.00
0.130	0.064	0.436	0.371
0.435	0.001	0.123	0.440
0.375	0.063	0.561	0.001
0.250	0.187	0.562	0.001
0.499	0.187	0.313	0.001
0.380	0.186	0.247	0.187
0.563	0.066	0.125	0.246
0.124	0.061	0.380	0.436
0.124	0.123	0.001	0.752
0.001	0.187	0.246	0.566
0.001	0.681	0.122	0.196
0.190	0.186	0.065	0.559
>GGGGCTVABBDG	19-GGGGCTVABBDG	9.434028	-0.000000	0	T:23.0(0.17%),B:1118.6(0.48%),P:1e0	Tpos:137.0,Tstd:0.0,Bpos:308.3,Bstd:28.8,StrandBias:10.0,Multiplicity:1.00
0.350	0.001	0.648	0.001
0.001	0.001	0.652	0.346
0.001	0.001	0.997	0.001
0.304	0.001	0.694	0.001
0.001	0.997	0.001	0.001
0.354	0.049	0.001	0.596
0.298	0.351	0.343	0.008
0.607	0.391	0.001	0.001
0.049	0.347	0.302	0.302
0.053	0.302	0.299	0.347
0.298	0.001	0.305	0.396
0.052	0.299	0.645	0.004
>AARRGTBTTTTV	20-AARRGTBTTTTV	9.596139	-0.000000	0	T:81.0(0.60%),B:2963.0(1.28%),P:1e0	Tpos:122.0,Tstd:117.0,Bpos:6295.8,Bstd:14873.2,StrandBias:-10.0,Multiplicity:1.00
0.481	0.315	0.047	0.157
0.962	0.001	0.030	0.007
0.482	0.001	0.510	0.007
0.504	0.001	0.494	0.001
0.001	0.188	0.810	0.001
0.174	0.172	0.001	0.653
0.001	0.323	0.339	0.337
0.001	0.001	0.001	0.997
0.001	0.165	0.189	0.645
0.001	0.016	0.007	0.976
0.189	0.158	0.001	0.652
0.323	0.180	0.324	0.173
>NNNNNNNNNNNN	21-NNNNNNNNNNNN	nan	0.000000	0	T:0.0(0.00%),B:0.0(0.00%),P:1e0	Tpos:0.0,Tstd:0.0,Bpos:0.0,Bstd:0.0,StrandBias:0.0,Multiplicity:1.00
nan	nan	nan	nan
nan	nan	nan	nan
nan	nan	nan	nan
nan	nan	nan	nan
nan	nan	nan	nan
nan	nan	nan	nan
nan	nan	nan	nan
nan	nan	nan	nan
nan	nan	nan	nan
nan	nan	nan	nan
nan	nan	nan	nan
nan	nan	nan	nan
>NNNNNNNNNNNN	22-NNNNNNNNNNNN	nan	0.000000	0	T:0.0(0.00%),B:0.0(0.00%),P:1e0	Tpos:0.0,Tstd:0.0,Bpos:0.0,Bstd:0.0,StrandBias:0.0,Multiplicity:1.00
nan	nan	nan	nan
nan	nan	nan	nan
nan	nan	nan	nan
nan	nan	nan	nan
nan	nan	nan	nan
nan	nan	nan	nan
nan	nan	nan	nan
nan	nan	nan	nan
nan	nan	nan	nan
nan	nan	nan	nan
nan	nan	nan	nan
nan	nan	nan	nan
>GYAGCCWGWTCC	23-GYAGCCWGWTCC	6.953546	0.000000	0	T:1106.0(8.17%),B:23476.0(10.11%),P:1e0	Tpos:156.2,Tstd:102.7,Bpos:5892.0,Bstd:17031.4,StrandBias:0.0,Multiplicity:1.00
0.162	0.001	0.509	0.328
0.081	0.338	0.171	0.410
0.833	0.001	0.004	0.162
0.086	0.001	0.661	0.252
0.253	0.414	0.253	0.081
0.256	0.662	0.001	0.081
0.418	0.001	0.086	0.495
0.001	0.090	0.662	0.247
0.495	0.090	0.001	0.414
0.001	0.090	0.324	0.585
0.001	0.584	0.172	0.243
0.085	0.571	0.001	0.343
>HAACAWGRTTKY	24-HAACAWGRTTKY	6.806137	0.000000	0	T:1168.0(8.63%),B:25046.4(10.78%),P:1e0	Tpos:147.9,Tstd:212.9,Bpos:9856.1,Bstd:29335.2,StrandBias:0.0,Multiplicity:1.00
0.238	0.334	0.107	0.321
0.428	0.231	0.121	0.220
0.553	0.217	0.003	0.227
0.001	0.752	0.137	0.110
0.655	0.341	0.003	0.001
0.454	0.001	0.001	0.544
0.110	0.003	0.780	0.107
0.431	0.001	0.330	0.238
0.003	0.221	0.221	0.555
0.120	0.001	0.107	0.772
0.001	0.003	0.558	0.438
0.001	0.434	0.230	0.334
>TGRARGNNCTNY	25-TGRARGNNCTNY	6.938581	0.000000	0	T:141.0(1.04%),B:4690.9(2.02%),P:1e0	Tpos:167.7,Tstd:83.0,Bpos:56551.8,Bstd:161124.1,StrandBias:-1.0,Multiplicity:1.00
0.213	0.001	0.215	0.571
0.144	0.146	0.709	0.001
0.431	0.144	0.424	0.001
0.573	0.001	0.215	0.211
0.424	0.001	0.501	0.074
0.215	0.001	0.499	0.285
0.283	0.209	0.216	0.292
0.144	0.288	0.281	0.288
0.209	0.572	0.001	0.218
0.001	0.361	0.001	0.637
0.283	0.218	0.218	0.281
0.001	0.504	0.001	0.494
