>NYTGTGGTTW	1-NYTGTGGTTW	6.379788	-4062.664366	0	T:6467.0(47.79%),B:32618.7(14.04%),P:1e-1764	Tpos:124.8,Tstd:69.1,Bpos:14552.7,Bstd:69862.3,StrandBias:0.1,Multiplicity:1.37
0.173	0.290	0.291	0.247
0.137	0.337	0.062	0.465
0.075	0.041	0.041	0.843
0.005	0.004	0.989	0.002
0.033	0.236	0.016	0.715
0.008	0.013	0.969	0.010
0.005	0.002	0.989	0.004
0.004	0.047	0.052	0.897
0.053	0.237	0.058	0.652
0.423	0.046	0.171	0.361
>CACTTCCTBY	2-CACTTCCTBY	4.350572	-1044.203931	0	T:10959.0(80.98%),B:145102.0(62.47%),P:1e-453	Tpos:124.1,Tstd:89.5,Bpos:10886.1,Bstd:54747.2,StrandBias:-0.0,Multiplicity:1.61
0.222	0.514	0.030	0.234
0.721	0.093	0.085	0.101
0.040	0.782	0.060	0.118
0.163	0.050	0.005	0.782
0.037	0.045	0.067	0.851
0.015	0.886	0.030	0.069
0.043	0.873	0.006	0.078
0.026	0.065	0.075	0.834
0.114	0.372	0.265	0.250
0.210	0.308	0.097	0.385
>AGGAAGTGRY	3-AGGAAGTGRY	-1.287177	-862.254253	0	T:9102.0(67.26%),B:114099.2(49.12%),P:1e-374	Tpos:125.8,Tstd:87.1,Bpos:6452.9,Bstd:29631.6,StrandBias:0.0,Multiplicity:1.70
0.687	0.308	0.004	0.001
0.001	0.001	0.997	0.001
0.001	0.001	0.997	0.001
0.997	0.001	0.001	0.001
0.924	0.001	0.001	0.074
0.001	0.001	0.997	0.001
0.001	0.001	0.001	0.997
0.018	0.001	0.879	0.102
0.378	0.187	0.434	0.001
0.001	0.421	0.194	0.383
>YYYYYYCYTH	4-YYYYYYCYTH	3.927172	-818.415456	0	T:12017.0(88.80%),B:173236.7(74.58%),P:1e-355	Tpos:122.7,Tstd:90.5,Bpos:8830.6,Bstd:34001.8,StrandBias:-0.0,Multiplicity:1.51
0.092	0.373	0.095	0.441
0.001	0.465	0.070	0.464
0.151	0.382	0.001	0.466
0.059	0.408	0.001	0.532
0.033	0.462	0.001	0.504
0.130	0.403	0.001	0.466
0.193	0.480	0.001	0.326
0.244	0.413	0.001	0.342
0.256	0.233	0.100	0.411
0.233	0.274	0.127	0.367
>HTTCCYTTCC	5-HTTCCYTTCC	4.504499	-762.772514	0	T:10777.0(79.63%),B:148315.7(63.85%),P:1e-331	Tpos:123.7,Tstd:91.3,Bpos:8637.0,Bstd:38361.5,StrandBias:-0.1,Multiplicity:1.59
0.289	0.365	0.064	0.282
0.126	0.274	0.068	0.532
0.079	0.259	0.069	0.593
0.054	0.633	0.028	0.285
0.226	0.538	0.029	0.207
0.118	0.485	0.011	0.386
0.080	0.223	0.013	0.684
0.040	0.183	0.065	0.712
0.081	0.588	0.025	0.306
0.074	0.659	0.041	0.226
>TTYYYHWDNN	6-TTYYYHWDNN	3.796154	-715.529233	0	T:11594.0(85.67%),B:166460.0(71.67%),P:1e-310	Tpos:118.7,Tstd:91.1,Bpos:14009.6,Bstd:59677.6,StrandBias:-0.0,Multiplicity:1.67
0.001	0.411	0.001	0.587
0.001	0.420	0.001	0.578
0.001	0.449	0.001	0.549
0.087	0.478	0.001	0.435
0.210	0.372	0.001	0.417
0.293	0.262	0.100	0.346
0.298	0.151	0.182	0.369
0.334	0.001	0.302	0.364
0.267	0.197	0.262	0.274
0.270	0.209	0.214	0.307
>NNWCAGWWWA	7-NNWCAGWWWA	-1.071873	-630.905237	0	T:12612.0(93.19%),B:191884.2(82.61%),P:1e-273	Tpos:122.0,Tstd:93.6,Bpos:9688.3,Bstd:43370.9,StrandBias:-0.0,Multiplicity:1.73
0.238	0.265	0.272	0.224
0.231	0.313	0.252	0.204
0.414	0.001	0.231	0.353
0.001	0.997	0.001	0.001
0.997	0.001	0.001	0.001
0.190	0.238	0.408	0.163
0.462	0.001	0.001	0.536
0.509	0.001	0.001	0.489
0.442	0.001	0.001	0.556
0.997	0.001	0.001	0.001
>CWGRGGSCHN	8-CWGRGGSCHN	3.037140	-626.596867	0	T:13283.0(98.15%),B:210610.0(90.67%),P:1e-272	Tpos:126.6,Tstd:91.6,Bpos:5010.6,Bstd:29466.0,StrandBias:0.0,Multiplicity:1.79
0.042	0.867	0.051	0.040
0.470	0.001	0.001	0.528
0.062	0.257	0.599	0.082
0.288	0.001	0.432	0.280
0.193	0.001	0.617	0.189
0.167	0.169	0.509	0.155
0.112	0.415	0.346	0.126
0.134	0.672	0.001	0.193
0.295	0.419	0.001	0.285
0.173	0.311	0.306	0.210
>ATGACTAATT	9-ATGACTAATT	-11.015462	-600.757334	0	T:12123.0(89.58%),B:181128.2(77.98%),P:1e-260	Tpos:122.6,Tstd:92.8,Bpos:12458.4,Bstd:59625.4,StrandBias:0.0,Multiplicity:1.65
0.997	0.001	0.001	0.001
0.001	0.001	0.001	0.997
0.001	0.001	0.997	0.001
0.997	0.001	0.001	0.001
0.001	0.997	0.001	0.001
0.001	0.001	0.001	0.997
0.737	0.261	0.001	0.001
0.805	0.001	0.001	0.193
0.001	0.001	0.001	0.997
0.061	0.001	0.001	0.937
>AAGCAATGAT	10-AAGCAATGAT	-11.698522	-518.456136	0	T:13465.0(99.50%),B:219453.5(94.48%),P:1e-225	Tpos:125.2,Tstd:92.5,Bpos:7111.9,Bstd:40293.2,StrandBias:0.0,Multiplicity:1.70
0.997	0.001	0.001	0.001
0.997	0.001	0.001	0.001
0.001	0.001	0.997	0.001
0.001	0.997	0.001	0.001
0.754	0.098	0.001	0.147
0.997	0.001	0.001	0.001
0.001	0.001	0.111	0.887
0.001	0.001	0.997	0.001
0.737	0.261	0.001	0.001
0.001	0.001	0.001	0.997
>ACCACACACA	11-ACCACACACA	2.512553	-383.620084	0	T:13513.0(99.85%),B:224222.0(96.53%),P:1e-166	Tpos:127.8,Tstd:93.9,Bpos:5519.0,Bstd:32440.3,StrandBias:0.0,Multiplicity:2.62
0.700	0.100	0.100	0.100
0.100	0.700	0.100	0.100
0.100	0.700	0.100	0.100
0.700	0.100	0.100	0.100
0.100	0.700	0.100	0.100
0.700	0.100	0.100	0.100
0.100	0.700	0.100	0.100
0.700	0.100	0.100	0.100
0.100	0.700	0.100	0.100
0.700	0.100	0.100	0.100
>TTWWDDTTTT	12-TTWWDDTTTT	3.268838	-379.861070	0	T:10407.0(76.90%),B:152811.4(65.79%),P:1e-164	Tpos:115.1,Tstd:88.4,Bpos:11219.7,Bstd:35042.9,StrandBias:0.0,Multiplicity:2.11
0.246	0.202	0.056	0.497
0.208	0.186	0.129	0.477
0.284	0.182	0.130	0.403
0.377	0.054	0.140	0.429
0.362	0.020	0.297	0.321
0.314	0.147	0.211	0.327
0.266	0.201	0.094	0.439
0.187	0.185	0.028	0.600
0.078	0.198	0.013	0.711
0.073	0.151	0.001	0.775
>ATATGTAAGT	13-ATATGTAAGT	-10.951949	-319.424767	0	T:11400.0(84.24%),B:174488.9(75.12%),P:1e-138	Tpos:119.1,Tstd:92.8,Bpos:12754.6,Bstd:53898.8,StrandBias:-0.0,Multiplicity:1.81
0.737	0.001	0.001	0.261
0.001	0.001	0.001	0.997
0.997	0.001	0.001	0.001
0.001	0.001	0.001	0.997
0.001	0.001	0.997	0.001
0.001	0.001	0.001	0.997
0.997	0.001	0.001	0.001
0.997	0.001	0.001	0.001
0.001	0.001	0.997	0.001
0.065	0.001	0.001	0.933
>ATCTTGACAA	14-ATCTTGACAA	-9.255300	-265.310029	0	T:12801.0(94.59%),B:206307.7(88.82%),P:1e-115	Tpos:122.2,Tstd:88.0,Bpos:9160.4,Bstd:46055.7,StrandBias:-0.0,Multiplicity:1.53
0.597	0.001	0.001	0.401
0.001	0.001	0.001	0.997
0.001	0.587	0.411	0.001
0.398	0.001	0.001	0.600
0.001	0.001	0.001	0.997
0.001	0.238	0.760	0.001
0.800	0.001	0.001	0.198
0.211	0.787	0.001	0.001
0.625	0.001	0.001	0.373
0.997	0.001	0.001	0.001
>CCAGGAAACA	15-CCAGGAAACA	6.404373	-30.527965	0	T:4205.0(31.07%),B:65234.7(28.09%),P:1e-13	Tpos:122.8,Tstd:71.3,Bpos:5590.2,Bstd:16948.9,StrandBias:10.0,Multiplicity:1.00
0.100	0.700	0.100	0.100
0.100	0.700	0.100	0.100
0.700	0.100	0.100	0.100
0.100	0.100	0.700	0.100
0.100	0.100	0.700	0.100
0.700	0.100	0.100	0.100
0.700	0.100	0.100	0.100
0.700	0.100	0.100	0.100
0.100	0.700	0.100	0.100
0.700	0.100	0.100	0.100
>GTCTGCGGTA	16-GTCTGCGGTA	6.928147	-20.096047	0	T:186.0(1.37%),B:1970.4(0.85%),P:1e-8	Tpos:110.5,Tstd:26.5,Bpos:477.7,Bstd:476.9,StrandBias:0.0,Multiplicity:1.00
0.001	0.001	0.997	0.001
0.001	0.001	0.001	0.997
0.001	0.997	0.001	0.001
0.001	0.001	0.001	0.997
0.001	0.001	0.997	0.001
0.001	0.997	0.001	0.001
0.001	0.001	0.997	0.001
0.001	0.001	0.997	0.001
0.001	0.001	0.001	0.997
0.997	0.001	0.001	0.001
>CTGCCAGCCA	17-CTGCCAGCCA	0.566642	-7.420382	0	T:13533.0(100.00%),B:232144.1(99.94%),P:1e-3	Tpos:131.7,Tstd:95.7,Bpos:3071.0,Bstd:23847.0,StrandBias:0.0,Multiplicity:2.81
0.100	0.700	0.100	0.100
0.100	0.100	0.100	0.700
0.100	0.100	0.700	0.100
0.100	0.700	0.100	0.100
0.100	0.700	0.100	0.100
0.700	0.100	0.100	0.100
0.100	0.100	0.700	0.100
0.100	0.700	0.100	0.100
0.100	0.700	0.100	0.100
0.700	0.100	0.100	0.100
>CTCTGHGACC	18-CTCTGHGACC	10.315523	-0.441169	0	T:53.0(0.39%),B:951.5(0.41%),P:1e0	Tpos:71.0,Tstd:0.0,Bpos:1715.2,Bstd:1184.7,StrandBias:-10.0,Multiplicity:1.00
0.001	0.666	0.332	0.001
0.001	0.001	0.332	0.666
0.001	0.997	0.001	0.001
0.332	0.001	0.001	0.666
0.001	0.001	0.997	0.001
0.333	0.333	0.001	0.333
0.332	0.001	0.666	0.001
0.666	0.001	0.332	0.001
0.332	0.666	0.001	0.001
0.001	0.997	0.001	0.001
>TCACGAAGCC	19-TCACGAAGCC	13.832898	-0.351788	0	T:4.0(0.03%),B:82.4(0.04%),P:1e0	Tpos:117.0,Tstd:0.0,Bpos:0.0,Bstd:0.0,StrandBias:-10.0,Multiplicity:1.00
0.001	0.001	0.001	0.997
0.001	0.997	0.001	0.001
0.997	0.001	0.001	0.001
0.001	0.997	0.001	0.001
0.001	0.001	0.997	0.001
0.997	0.001	0.001	0.001
0.997	0.001	0.001	0.001
0.001	0.001	0.997	0.001
0.001	0.997	0.001	0.001
0.001	0.997	0.001	0.001
>GKYDSAAASC	20-GKYDSAAASC	6.582490	-0.015428	0	T:176.0(1.30%),B:3544.2(1.53%),P:1e0	Tpos:135.0,Tstd:75.0,Bpos:4431.1,Bstd:6621.3,StrandBias:0.0,Multiplicity:1.00
0.052	0.316	0.477	0.155
0.055	0.103	0.368	0.474
0.103	0.365	0.052	0.480
0.416	0.001	0.313	0.270
0.210	0.365	0.374	0.052
0.577	0.368	0.003	0.052
0.683	0.001	0.106	0.210
0.520	0.052	0.322	0.106
0.213	0.365	0.417	0.006
0.158	0.790	0.051	0.001
>TTCCACTGCC	21-TTCCACTGCC	13.832898	-0.008616	0	T:12.0(0.09%),B:378.4(0.16%),P:1e0	Tpos:107.0,Tstd:0.0,Bpos:83.0,Bstd:0.0,StrandBias:-10.0,Multiplicity:1.00
0.001	0.001	0.001	0.997
0.001	0.001	0.001	0.997
0.001	0.997	0.001	0.001
0.001	0.997	0.001	0.001
0.997	0.001	0.001	0.001
0.001	0.997	0.001	0.001
0.001	0.001	0.001	0.997
0.001	0.001	0.997	0.001
0.001	0.997	0.001	0.001
0.001	0.997	0.001	0.001
>GCCTGGGGCA	22-GCCTGGGGCA	13.832898	-0.002495	0	T:30.0(0.22%),B:826.9(0.36%),P:1e0	Tpos:134.0,Tstd:0.0,Bpos:2079.8,Bstd:4563.0,StrandBias:10.0,Multiplicity:1.00
0.001	0.001	0.997	0.001
0.001	0.997	0.001	0.001
0.001	0.997	0.001	0.001
0.001	0.001	0.001	0.997
0.001	0.001	0.997	0.001
0.001	0.001	0.997	0.001
0.001	0.001	0.997	0.001
0.001	0.001	0.997	0.001
0.001	0.997	0.001	0.001
0.997	0.001	0.001	0.001
>CTCTGAGGAG	23-CTCTGAGGAG	6.928147	-0.000000	0	T:477.0(3.52%),B:10300.2(4.43%),P:1e0	Tpos:109.8,Tstd:74.1,Bpos:6355.7,Bstd:15822.8,StrandBias:-2.0,Multiplicity:1.00
0.001	0.997	0.001	0.001
0.001	0.001	0.001	0.997
0.001	0.997	0.001	0.001
0.001	0.001	0.001	0.997
0.001	0.001	0.997	0.001
0.997	0.001	0.001	0.001
0.001	0.001	0.997	0.001
0.001	0.001	0.997	0.001
0.997	0.001	0.001	0.001
0.001	0.001	0.997	0.001
>GYYTKSTGAM	24-GYYTKSTGAM	6.750851	-0.000000	0	T:556.0(4.11%),B:12248.8(5.27%),P:1e0	Tpos:126.4,Tstd:73.8,Bpos:10819.2,Bstd:29322.9,StrandBias:-10.0,Multiplicity:1.00
0.058	0.058	0.769	0.115
0.067	0.470	0.001	0.462
0.174	0.346	0.058	0.422
0.058	0.346	0.058	0.538
0.173	0.058	0.348	0.422
0.115	0.462	0.356	0.067
0.231	0.067	0.116	0.586
0.182	0.001	0.816	0.001
0.710	0.059	0.173	0.058
0.356	0.404	0.182	0.058
>CAGCAGCTGT	25-CAGCAGCTGT	-3.325178	0.000000	0	T:13533.0(100.00%),B:232275.1(100.00%),P:1e0	Tpos:125.2,Tstd:92.9,Bpos:10222.7,Bstd:55876.9,StrandBias:-0.0,Multiplicity:1.57
0.100	0.700	0.100	0.100
0.700	0.100	0.100	0.100
0.100	0.100	0.700	0.100
0.100	0.700	0.100	0.100
0.700	0.100	0.100	0.100
0.100	0.100	0.700	0.100
0.100	0.700	0.100	0.100
0.100	0.100	0.100	0.700
0.100	0.100	0.700	0.100
0.100	0.100	0.100	0.700
