>NYTGTGGTTW	1-NYTGTGGTTW	6.379788	-4062.664366	0	T:6467.0(47.79%),B:32618.7(14.04%),P:1e-1764	Tpos:124.8,Tstd:69.1,Bpos:14552.7,Bstd:69862.3,StrandBias:0.1,Multiplicity:1.37
0.173	0.290	0.291	0.247
0.137	0.337	0.062	0.465
0.075	0.041	0.041	0.843
0.005	0.004	0.989	0.002
0.033	0.236	0.016	0.715
0.008	0.013	0.969	0.010
0.005	0.002	0.989	0.004
0.004	0.047	0.052	0.897
0.053	0.237	0.058	0.652
0.423	0.046	0.171	0.361
>CACTTCCTBY	2-CACTTCCTBY	4.350572	-1044.203931	0	T:10959.0(80.98%),B:145102.0(62.47%),P:1e-453	Tpos:124.1,Tstd:89.5,Bpos:10886.1,Bstd:54747.2,StrandBias:-0.0,Multiplicity:1.61
0.222	0.514	0.030	0.234
0.721	0.093	0.085	0.101
0.040	0.782	0.060	0.118
0.163	0.050	0.005	0.782
0.037	0.045	0.067	0.851
0.015	0.886	0.030	0.069
0.043	0.873	0.006	0.078
0.026	0.065	0.075	0.834
0.114	0.372	0.265	0.250
0.210	0.308	0.097	0.385
>AGGAAGTGRY	3-AGGAAGTGRY	-1.287177	-862.254253	0	T:9102.0(67.26%),B:114099.2(49.12%),P:1e-374	Tpos:125.8,Tstd:87.1,Bpos:6452.9,Bstd:29631.6,StrandBias:0.0,Multiplicity:1.70
0.687	0.308	0.004	0.001
0.001	0.001	0.997	0.001
0.001	0.001	0.997	0.001
0.997	0.001	0.001	0.001
0.924	0.001	0.001	0.074
0.001	0.001	0.997	0.001
0.001	0.001	0.001	0.997
0.018	0.001	0.879	0.102
0.378	0.187	0.434	0.001
0.001	0.421	0.194	0.383
>YYYYYYCYTH	4-YYYYYYCYTH	3.927172	-818.415456	0	T:12017.0(88.80%),B:173236.7(74.58%),P:1e-355	Tpos:122.7,Tstd:90.5,Bpos:8830.6,Bstd:34001.8,StrandBias:-0.0,Multiplicity:1.51
0.092	0.373	0.095	0.441
0.001	0.465	0.070	0.464
0.151	0.382	0.001	0.466
0.059	0.408	0.001	0.532
0.033	0.462	0.001	0.504
0.130	0.403	0.001	0.466
0.193	0.480	0.001	0.326
0.244	0.413	0.001	0.342
0.256	0.233	0.100	0.411
0.233	0.274	0.127	0.367
>HTTCCYTTCC	5-HTTCCYTTCC	4.504499	-762.772514	0	T:10777.0(79.63%),B:148315.7(63.85%),P:1e-331	Tpos:123.7,Tstd:91.3,Bpos:8637.0,Bstd:38361.5,StrandBias:-0.1,Multiplicity:1.59
0.289	0.365	0.064	0.282
0.126	0.274	0.068	0.532
0.079	0.259	0.069	0.593
0.054	0.633	0.028	0.285
0.226	0.538	0.029	0.207
0.118	0.485	0.011	0.386
0.080	0.223	0.013	0.684
0.040	0.183	0.065	0.712
0.081	0.588	0.025	0.306
0.074	0.659	0.041	0.226
>TTYYYHWDNN	6-TTYYYHWDNN	3.796154	-715.529233	0	T:11594.0(85.67%),B:166460.0(71.67%),P:1e-310	Tpos:118.7,Tstd:91.1,Bpos:14009.6,Bstd:59677.6,StrandBias:-0.0,Multiplicity:1.67
0.001	0.411	0.001	0.587
0.001	0.420	0.001	0.578
0.001	0.449	0.001	0.549
0.087	0.478	0.001	0.435
0.210	0.372	0.001	0.417
0.293	0.262	0.100	0.346
0.298	0.151	0.182	0.369
0.334	0.001	0.302	0.364
0.267	0.197	0.262	0.274
0.270	0.209	0.214	0.307
>NNWCAGWWWA	7-NNWCAGWWWA	-1.071873	-630.905237	0	T:12612.0(93.19%),B:191884.2(82.61%),P:1e-273	Tpos:122.0,Tstd:93.6,Bpos:9688.3,Bstd:43370.9,StrandBias:-0.0,Multiplicity:1.73
0.238	0.265	0.272	0.224
0.231	0.313	0.252	0.204
0.414	0.001	0.231	0.353
0.001	0.997	0.001	0.001
0.997	0.001	0.001	0.001
0.190	0.238	0.408	0.163
0.462	0.001	0.001	0.536
0.509	0.001	0.001	0.489
0.442	0.001	0.001	0.556
0.997	0.001	0.001	0.001
>CWGRGGSCHN	8-CWGRGGSCHN	3.037140	-626.596867	0	T:13283.0(98.15%),B:210610.0(90.67%),P:1e-272	Tpos:126.6,Tstd:91.6,Bpos:5010.6,Bstd:29466.0,StrandBias:0.0,Multiplicity:1.79
0.042	0.867	0.051	0.040
0.470	0.001	0.001	0.528
0.062	0.257	0.599	0.082
0.288	0.001	0.432	0.280
0.193	0.001	0.617	0.189
0.167	0.169	0.509	0.155
0.112	0.415	0.346	0.126
0.134	0.672	0.001	0.193
0.295	0.419	0.001	0.285
0.173	0.311	0.306	0.210
>ATGACTAATT	9-ATGACTAATT	-11.015462	-600.757334	0	T:12123.0(89.58%),B:181128.2(77.98%),P:1e-260	Tpos:122.6,Tstd:92.8,Bpos:12458.4,Bstd:59625.4,StrandBias:0.0,Multiplicity:1.65
0.997	0.001	0.001	0.001
0.001	0.001	0.001	0.997
0.001	0.001	0.997	0.001
0.997	0.001	0.001	0.001
0.001	0.997	0.001	0.001
0.001	0.001	0.001	0.997
0.737	0.261	0.001	0.001
0.805	0.001	0.001	0.193
0.001	0.001	0.001	0.997
0.061	0.001	0.001	0.937
>AAGCAATGAT	10-AAGCAATGAT	-11.698522	-518.456136	0	T:13465.0(99.50%),B:219453.5(94.48%),P:1e-225	Tpos:125.2,Tstd:92.5,Bpos:7111.9,Bstd:40293.2,StrandBias:0.0,Multiplicity:1.70
0.997	0.001	0.001	0.001
0.997	0.001	0.001	0.001
0.001	0.001	0.997	0.001
0.001	0.997	0.001	0.001
0.754	0.098	0.001	0.147
0.997	0.001	0.001	0.001
0.001	0.001	0.111	0.887
0.001	0.001	0.997	0.001
0.737	0.261	0.001	0.001
0.001	0.001	0.001	0.997
>ACCACACACA	11-ACCACACACA	2.512553	-383.620084	0	T:13513.0(99.85%),B:224222.0(96.53%),P:1e-166	Tpos:127.8,Tstd:93.9,Bpos:5519.0,Bstd:32440.3,StrandBias:0.0,Multiplicity:2.62
0.700	0.100	0.100	0.100
0.100	0.700	0.100	0.100
0.100	0.700	0.100	0.100
0.700	0.100	0.100	0.100
0.100	0.700	0.100	0.100
0.700	0.100	0.100	0.100
0.100	0.700	0.100	0.100
0.700	0.100	0.100	0.100
0.100	0.700	0.100	0.100
0.700	0.100	0.100	0.100
>TTWWDDTTTT	12-TTWWDDTTTT	3.268838	-379.861070	0	T:10407.0(76.90%),B:152811.4(65.79%),P:1e-164	Tpos:115.1,Tstd:88.4,Bpos:11219.7,Bstd:35042.9,StrandBias:0.0,Multiplicity:2.11
0.246	0.202	0.056	0.497
0.208	0.186	0.129	0.477
0.284	0.182	0.130	0.403
0.377	0.054	0.140	0.429
0.362	0.020	0.297	0.321
0.314	0.147	0.211	0.327
0.266	0.201	0.094	0.439
0.187	0.185	0.028	0.600
0.078	0.198	0.013	0.711
0.073	0.151	0.001	0.775
>ATATGTAAGT	13-ATATGTAAGT	-10.951949	-319.424767	0	T:11400.0(84.24%),B:174488.9(75.12%),P:1e-138	Tpos:119.1,Tstd:92.8,Bpos:12754.6,Bstd:53898.8,StrandBias:-0.0,Multiplicity:1.81
0.737	0.001	0.001	0.261
0.001	0.001	0.001	0.997
0.997	0.001	0.001	0.001
0.001	0.001	0.001	0.997
0.001	0.001	0.997	0.001
0.001	0.001	0.001	0.997
0.997	0.001	0.001	0.001
0.997	0.001	0.001	0.001
0.001	0.001	0.997	0.001
0.065	0.001	0.001	0.933
>ATCTTGACAA	14-ATCTTGACAA	-9.255300	-265.310029	0	T:12801.0(94.59%),B:206307.7(88.82%),P:1e-115	Tpos:122.2,Tstd:88.0,Bpos:9160.4,Bstd:46055.7,StrandBias:-0.0,Multiplicity:1.53
0.597	0.001	0.001	0.401
0.001	0.001	0.001	0.997
0.001	0.587	0.411	0.001
0.398	0.001	0.001	0.600
0.001	0.001	0.001	0.997
0.001	0.238	0.760	0.001
0.800	0.001	0.001	0.198
0.211	0.787	0.001	0.001
0.625	0.001	0.001	0.373
0.997	0.001	0.001	0.001
>CCAGGAAACA	15-CCAGGAAACA	6.404373	-30.527965	0	T:4205.0(31.07%),B:65234.7(28.09%),P:1e-13	Tpos:122.8,Tstd:71.3,Bpos:5590.2,Bstd:16948.9,StrandBias:10.0,Multiplicity:1.00
0.100	0.700	0.100	0.100
0.100	0.700	0.100	0.100
0.700	0.100	0.100	0.100
0.100	0.100	0.700	0.100
0.100	0.100	0.700	0.100
0.700	0.100	0.100	0.100
0.700	0.100	0.100	0.100
0.700	0.100	0.100	0.100
0.100	0.700	0.100	0.100
0.700	0.100	0.100	0.100
>GTCTGCGGTA	16-GTCTGCGGTA	6.928147	-20.096047	0	T:186.0(1.37%),B:1970.4(0.85%),P:1e-8	Tpos:110.5,Tstd:26.5,Bpos:477.7,Bstd:476.9,StrandBias:0.0,Multiplicity:1.00
0.001	0.001	0.997	0.001
0.001	0.001	0.001	0.997
0.001	0.997	0.001	0.001
0.001	0.001	0.001	0.997
0.001	0.001	0.997	0.001
0.001	0.997	0.001	0.001
0.001	0.001	0.997	0.001
0.001	0.001	0.997	0.001
0.001	0.001	0.001	0.997
0.997	0.001	0.001	0.001
>CTGCCAGCCA	17-CTGCCAGCCA	0.566642	-7.420382	0	T:13533.0(100.00%),B:232144.1(99.94%),P:1e-3	Tpos:131.7,Tstd:95.7,Bpos:3071.0,Bstd:23847.0,StrandBias:0.0,Multiplicity:2.81
0.100	0.700	0.100	0.100
0.100	0.100	0.100	0.700
0.100	0.100	0.700	0.100
0.100	0.700	0.100	0.100
0.100	0.700	0.100	0.100
0.700	0.100	0.100	0.100
0.100	0.100	0.700	0.100
0.100	0.700	0.100	0.100
0.100	0.700	0.100	0.100
0.700	0.100	0.100	0.100
>CTCTGHGACC	18-CTCTGHGACC	10.315523	-0.441169	0	T:53.0(0.39%),B:951.5(0.41%),P:1e0	Tpos:71.0,Tstd:0.0,Bpos:1715.2,Bstd:1184.7,StrandBias:-10.0,Multiplicity:1.00
0.001	0.666	0.332	0.001
0.001	0.001	0.332	0.666
0.001	0.997	0.001	0.001
0.332	0.001	0.001	0.666
0.001	0.001	0.997	0.001
0.333	0.333	0.001	0.333
0.332	0.001	0.666	0.001
0.666	0.001	0.332	0.001
0.332	0.666	0.001	0.001
0.001	0.997	0.001	0.001
>TCACGAAGCC	19-TCACGAAGCC	13.832898	-0.351788	0	T:4.0(0.03%),B:82.4(0.04%),P:1e0	Tpos:117.0,Tstd:0.0,Bpos:0.0,Bstd:0.0,StrandBias:-10.0,Multiplicity:1.00
0.001	0.001	0.001	0.997
0.001	0.997	0.001	0.001
0.997	0.001	0.001	0.001
0.001	0.997	0.001	0.001
0.001	0.001	0.997	0.001
0.997	0.001	0.001	0.001
0.997	0.001	0.001	0.001
0.001	0.001	0.997	0.001
0.001	0.997	0.001	0.001
0.001	0.997	0.001	0.001
>GKYDSAAASC	20-GKYDSAAASC	6.582490	-0.015428	0	T:176.0(1.30%),B:3544.2(1.53%),P:1e0	Tpos:135.0,Tstd:75.0,Bpos:4431.1,Bstd:6621.3,StrandBias:0.0,Multiplicity:1.00
0.052	0.316	0.477	0.155
0.055	0.103	0.368	0.474
0.103	0.365	0.052	0.480
0.416	0.001	0.313	0.270
0.210	0.365	0.374	0.052
0.577	0.368	0.003	0.052
0.683	0.001	0.106	0.210
0.520	0.052	0.322	0.106
0.213	0.365	0.417	0.006
0.158	0.790	0.051	0.001
>TTCCACTGCC	21-TTCCACTGCC	13.832898	-0.008616	0	T:12.0(0.09%),B:378.4(0.16%),P:1e0	Tpos:107.0,Tstd:0.0,Bpos:83.0,Bstd:0.0,StrandBias:-10.0,Multiplicity:1.00
0.001	0.001	0.001	0.997
0.001	0.001	0.001	0.997
0.001	0.997	0.001	0.001
0.001	0.997	0.001	0.001
0.997	0.001	0.001	0.001
0.001	0.997	0.001	0.001
0.001	0.001	0.001	0.997
0.001	0.001	0.997	0.001
0.001	0.997	0.001	0.001
0.001	0.997	0.001	0.001
>GCCTGGGGCA	22-GCCTGGGGCA	13.832898	-0.002495	0	T:30.0(0.22%),B:826.9(0.36%),P:1e0	Tpos:134.0,Tstd:0.0,Bpos:2079.8,Bstd:4563.0,StrandBias:10.0,Multiplicity:1.00
0.001	0.001	0.997	0.001
0.001	0.997	0.001	0.001
0.001	0.997	0.001	0.001
0.001	0.001	0.001	0.997
0.001	0.001	0.997	0.001
0.001	0.001	0.997	0.001
0.001	0.001	0.997	0.001
0.001	0.001	0.997	0.001
0.001	0.997	0.001	0.001
0.997	0.001	0.001	0.001
>CTCTGAGGAG	23-CTCTGAGGAG	6.928147	-0.000000	0	T:477.0(3.52%),B:10300.2(4.43%),P:1e0	Tpos:109.8,Tstd:74.1,Bpos:6355.7,Bstd:15822.8,StrandBias:-2.0,Multiplicity:1.00
0.001	0.997	0.001	0.001
0.001	0.001	0.001	0.997
0.001	0.997	0.001	0.001
0.001	0.001	0.001	0.997
0.001	0.001	0.997	0.001
0.997	0.001	0.001	0.001
0.001	0.001	0.997	0.001
0.001	0.001	0.997	0.001
0.997	0.001	0.001	0.001
0.001	0.001	0.997	0.001
>GYYTKSTGAM	24-GYYTKSTGAM	6.750851	-0.000000	0	T:556.0(4.11%),B:12248.8(5.27%),P:1e0	Tpos:126.4,Tstd:73.8,Bpos:10819.2,Bstd:29322.9,StrandBias:-10.0,Multiplicity:1.00
0.058	0.058	0.769	0.115
0.067	0.470	0.001	0.462
0.174	0.346	0.058	0.422
0.058	0.346	0.058	0.538
0.173	0.058	0.348	0.422
0.115	0.462	0.356	0.067
0.231	0.067	0.116	0.586
0.182	0.001	0.816	0.001
0.710	0.059	0.173	0.058
0.356	0.404	0.182	0.058
>CAGCAGCTGT	25-CAGCAGCTGT	-3.325178	0.000000	0	T:13533.0(100.00%),B:232275.1(100.00%),P:1e0	Tpos:125.2,Tstd:92.9,Bpos:10222.7,Bstd:55876.9,StrandBias:-0.0,Multiplicity:1.57
0.100	0.700	0.100	0.100
0.700	0.100	0.100	0.100
0.100	0.100	0.700	0.100
0.100	0.700	0.100	0.100
0.700	0.100	0.100	0.100
0.100	0.100	0.700	0.100
0.100	0.700	0.100	0.100
0.100	0.100	0.100	0.700
0.100	0.100	0.700	0.100
0.100	0.100	0.100	0.700
>HTGTGGTTDNNN	1-HTGTGGTTDNNN	6.459799	-3948.464844	0	T:7239.0(53.49%),B:42300.2(18.21%),P:1e-1714	Tpos:125.1,Tstd:68.5,Bpos:14039.8,Bstd:68922.8,StrandBias:0.0,Multiplicity:1.42
0.213	0.335	0.121	0.331
0.142	0.001	0.107	0.750
0.001	0.001	0.997	0.001
0.078	0.322	0.001	0.599
0.001	0.001	0.997	0.001
0.001	0.001	0.997	0.001
0.001	0.156	0.110	0.733
0.101	0.187	0.135	0.577
0.317	0.060	0.244	0.379
0.232	0.258	0.250	0.260
0.246	0.259	0.274	0.221
0.251	0.226	0.299	0.224
>WCACTTCCTCAC	2-WCACTTCCTCAC	-4.464419	-829.474113	0	T:12060.0(89.12%),B:173957.5(74.89%),P:1e-360	Tpos:123.1,Tstd:87.7,Bpos:10784.2,Bstd:58407.3,StrandBias:-0.0,Multiplicity:1.63
0.444	0.001	0.001	0.554
0.003	0.832	0.109	0.056
0.997	0.001	0.001	0.001
0.001	0.836	0.162	0.001
0.162	0.001	0.001	0.836
0.001	0.001	0.054	0.944
0.001	0.944	0.054	0.001
0.001	0.944	0.001	0.054
0.001	0.009	0.001	0.989
0.001	0.779	0.219	0.001
0.887	0.003	0.001	0.109
0.283	0.494	0.001	0.221
>CCCCAAACCCCA	3-CCCCAAACCCCA	2.625881	-813.476024	0	T:13351.0(98.66%),B:209403.8(90.15%),P:1e-353	Tpos:130.1,Tstd:97.2,Bpos:4804.2,Bstd:30767.8,StrandBias:-0.0,Multiplicity:2.14
0.100	0.700	0.100	0.100
0.100	0.700	0.100	0.100
0.100	0.700	0.100	0.100
0.100	0.700	0.100	0.100
0.700	0.100	0.100	0.100
0.700	0.100	0.100	0.100
0.700	0.100	0.100	0.100
0.100	0.700	0.100	0.100
0.100	0.700	0.100	0.100
0.100	0.700	0.100	0.100
0.100	0.700	0.100	0.100
0.700	0.100	0.100	0.100
>TTCCATTCCATT	4-TTCCATTCCATT	2.625881	-693.026213	0	T:13139.0(97.09%),B:204703.7(88.13%),P:1e-300	Tpos:121.4,Tstd:89.9,Bpos:9315.4,Bstd:37607.6,StrandBias:-0.0,Multiplicity:3.41
0.100	0.100	0.100	0.700
0.100	0.100	0.100	0.700
0.100	0.700	0.100	0.100
0.100	0.700	0.100	0.100
0.700	0.100	0.100	0.100
0.100	0.100	0.100	0.700
0.100	0.100	0.100	0.700
0.100	0.700	0.100	0.100
0.100	0.700	0.100	0.100
0.700	0.100	0.100	0.100
0.100	0.100	0.100	0.700
0.100	0.100	0.100	0.700
>AATGCAATGGAA	5-AATGCAATGGAA	2.625881	-646.228292	0	T:13100.0(96.80%),B:204531.4(88.06%),P:1e-280	Tpos:137.5,Tstd:146.0,Bpos:26209.2,Bstd:105826.7,StrandBias:0.2,Multiplicity:1.00
0.700	0.100	0.100	0.100
0.700	0.100	0.100	0.100
0.100	0.100	0.100	0.700
0.100	0.100	0.700	0.100
0.100	0.700	0.100	0.100
0.700	0.100	0.100	0.100
0.700	0.100	0.100	0.100
0.100	0.100	0.100	0.700
0.100	0.100	0.700	0.100
0.100	0.100	0.700	0.100
0.700	0.100	0.100	0.100
0.700	0.100	0.100	0.100
>TTCCATTCTATT	6-TTCCATTCTATT	2.625881	-643.927437	0	T:12907.0(95.37%),B:199174.1(85.75%),P:1e-279	Tpos:107.7,Tstd:64.6,Bpos:9104.8,Bstd:31077.6,StrandBias:0.0,Multiplicity:1.00
0.100	0.100	0.100	0.700
0.100	0.100	0.100	0.700
0.100	0.700	0.100	0.100
0.100	0.700	0.100	0.100
0.700	0.100	0.100	0.100
0.100	0.100	0.100	0.700
0.100	0.100	0.100	0.700
0.100	0.700	0.100	0.100
0.100	0.100	0.100	0.700
0.700	0.100	0.100	0.100
0.100	0.100	0.100	0.700
0.100	0.100	0.100	0.700
>GAAAAAAAAAAA	7-GAAAAAAAAAAA	-17.945565	-602.572440	0	T:11948.0(88.29%),B:177171.8(76.28%),P:1e-261	Tpos:119.5,Tstd:85.9,Bpos:10997.5,Bstd:43815.3,StrandBias:-0.0,Multiplicity:2.06
0.022	0.001	0.976	0.001
0.997	0.001	0.001	0.001
0.997	0.001	0.001	0.001
0.997	0.001	0.001	0.001
0.997	0.001	0.001	0.001
0.997	0.001	0.001	0.001
0.997	0.001	0.001	0.001
0.997	0.001	0.001	0.001
0.997	0.001	0.001	0.001
0.997	0.001	0.001	0.001
0.997	0.001	0.001	0.001
0.997	0.001	0.001	0.001
>CWGRGSAKCTGC	8-CWGRGSAKCTGC	-13.967792	-377.655640	0	T:13424.0(99.19%),B:220509.5(94.93%),P:1e-164	Tpos:125.6,Tstd:90.8,Bpos:5321.4,Bstd:33501.9,StrandBias:-0.0,Multiplicity:1.72
0.001	0.997	0.001	0.001
0.511	0.001	0.001	0.487
0.001	0.001	0.997	0.001
0.506	0.001	0.492	0.001
0.001	0.001	0.870	0.128
0.001	0.494	0.504	0.001
0.506	0.244	0.001	0.249
0.001	0.001	0.520	0.478
0.001	0.997	0.001	0.001
0.001	0.001	0.001	0.997
0.001	0.001	0.997	0.001
0.001	0.997	0.001	0.001
>CCACAGGAAGCA	9-CCACAGGAAGCA	2.625881	-375.503342	0	T:13512.0(99.84%),B:224312.6(96.57%),P:1e-163	Tpos:128.5,Tstd:95.5,Bpos:5283.6,Bstd:32683.8,StrandBias:-0.0,Multiplicity:3.31
0.100	0.700	0.100	0.100
0.100	0.700	0.100	0.100
0.700	0.100	0.100	0.100
0.100	0.700	0.100	0.100
0.700	0.100	0.100	0.100
0.100	0.100	0.700	0.100
0.100	0.100	0.700	0.100
0.700	0.100	0.100	0.100
0.700	0.100	0.100	0.100
0.100	0.100	0.700	0.100
0.100	0.700	0.100	0.100
0.700	0.100	0.100	0.100
>ATTCCATTCCAT	10-ATTCCATTCCAT	3.317113	-177.413980	0	T:7879.0(58.22%),B:116134.5(50.00%),P:1e-77	Tpos:121.8,Tstd:91.1,Bpos:14696.2,Bstd:63024.9,StrandBias:-0.1,Multiplicity:1.67
0.768	0.053	0.082	0.097
0.077	0.054	0.096	0.773
0.076	0.054	0.051	0.819
0.081	0.767	0.081	0.071
0.060	0.709	0.138	0.093
0.776	0.057	0.115	0.052
0.097	0.081	0.101	0.721
0.101	0.054	0.102	0.743
0.090	0.737	0.091	0.082
0.056	0.682	0.210	0.052
0.761	0.057	0.113	0.069
0.084	0.098	0.070	0.748
>GVGRGGGGGGGS	11-GVGRGGGGGGGS	0.042615	-110.019134	0	T:13505.0(99.79%),B:228970.7(98.58%),P:1e-47	Tpos:130.4,Tstd:102.2,Bpos:3763.5,Bstd:25689.1,StrandBias:0.0,Multiplicity:1.66
0.135	0.238	0.597	0.030
0.273	0.300	0.387	0.039
0.268	0.250	0.465	0.017
0.323	0.233	0.398	0.046
0.254	0.133	0.612	0.001
0.146	0.267	0.530	0.057
0.157	0.242	0.487	0.114
0.037	0.354	0.594	0.015
0.249	0.170	0.415	0.165
0.169	0.200	0.630	0.001
0.348	0.123	0.517	0.012
0.157	0.325	0.442	0.076
>NWHTGWHDRSAK	12-NWHTGWHDRSAK	-6.048381	-0.792824	0	T:13533.0(100.00%),B:232261.5(99.99%),P:1e0	Tpos:117.1,Tstd:88.4,Bpos:14158.8,Bstd:60261.2,StrandBias:-0.0,Multiplicity:1.62
0.292	0.246	0.171	0.291
0.314	0.171	0.080	0.434
0.263	0.251	0.166	0.320
0.001	0.001	0.001	0.997
0.217	0.001	0.468	0.314
0.383	0.177	0.189	0.251
0.360	0.234	0.189	0.217
0.377	0.069	0.234	0.320
0.502	0.001	0.360	0.137
0.206	0.446	0.332	0.017
0.742	0.001	0.001	0.256
0.001	0.251	0.303	0.445
>TTGGRAGWTTCC	13-TTGGRAGWTTCC	9.566403	-0.079558	0	T:11.0(0.08%),B:277.6(0.12%),P:1e0	Tpos:391.0,Tstd:0.0,Bpos:0.0,Bstd:0.0,StrandBias:10.0,Multiplicity:1.00
0.001	0.214	0.300	0.485
0.289	0.001	0.117	0.593
0.312	0.001	0.686	0.001
0.406	0.001	0.592	0.001
0.418	0.193	0.292	0.097
0.589	0.001	0.409	0.001
0.409	0.001	0.589	0.001
0.407	0.099	0.097	0.396
0.001	0.001	0.309	0.689
0.001	0.300	0.203	0.496
0.001	0.997	0.001	0.001
0.193	0.602	0.001	0.204
>GRAKGTRSTTRA	14-GRAKGTRSTTRA	7.949157	-0.000620	0	T:47.0(0.35%),B:1252.1(0.54%),P:1e0	Tpos:174.0,Tstd:63.0,Bpos:7.0,Bstd:0.0,StrandBias:-10.0,Multiplicity:1.00
0.233	0.001	0.702	0.064
0.395	0.001	0.487	0.117
0.595	0.117	0.230	0.058
0.175	0.103	0.361	0.361
0.001	0.167	0.594	0.238
0.005	0.342	0.122	0.531
0.415	0.058	0.288	0.239
0.117	0.414	0.464	0.005
0.175	0.171	0.127	0.527
0.001	0.058	0.004	0.937
0.410	0.117	0.414	0.059
0.537	0.058	0.230	0.175
>DKAKMTHCTTCH	15-DKAKMTHCTTCH	8.454789	-0.000005	0	T:30.0(0.22%),B:1052.3(0.45%),P:1e0	Tpos:5.0,Tstd:0.0,Bpos:0.0,Bstd:0.0,StrandBias:-10.0,Multiplicity:1.00
0.292	0.001	0.415	0.292
0.001	0.143	0.429	0.427
0.705	0.001	0.293	0.001
0.163	0.137	0.422	0.279
0.435	0.558	0.006	0.001
0.137	0.143	0.156	0.564
0.279	0.285	0.007	0.429
0.001	0.713	0.001	0.285
0.137	0.292	0.001	0.570
0.001	0.278	0.001	0.720
0.143	0.693	0.020	0.144
0.292	0.292	0.001	0.415
>ASAGGYCWBTCW	16-ASAGGYCWBTCW	7.775818	-0.000002	0	T:217.0(1.60%),B:5022.0(2.16%),P:1e0	Tpos:146.7,Tstd:86.6,Bpos:8082.4,Bstd:26541.3,StrandBias:0.0,Multiplicity:1.00
0.657	0.083	0.093	0.167
0.002	0.417	0.496	0.085
0.834	0.081	0.002	0.083
0.166	0.084	0.669	0.081
0.083	0.255	0.495	0.167
0.085	0.415	0.169	0.331
0.167	0.747	0.002	0.084
0.331	0.243	0.004	0.423
0.171	0.248	0.336	0.245
0.001	0.084	0.081	0.834
0.084	0.502	0.164	0.250
0.334	0.255	0.001	0.410
>YCAGGCAGRCCC	17-YCAGGCAGRCCC	8.276901	-0.000002	0	T:205.0(1.51%),B:4784.5(2.06%),P:1e0	Tpos:77.5,Tstd:13.5,Bpos:3046.0,Bstd:7634.7,StrandBias:0.0,Multiplicity:1.00
0.102	0.397	0.001	0.500
0.102	0.494	0.099	0.304
0.901	0.002	0.096	0.001
0.207	0.001	0.693	0.099
0.196	0.307	0.491	0.006
0.307	0.596	0.001	0.096
0.500	0.105	0.196	0.199
0.301	0.105	0.497	0.097
0.298	0.102	0.398	0.202
0.001	0.696	0.099	0.204
0.001	0.794	0.001	0.204
0.295	0.596	0.001	0.108
>KWGGARAKTTCT	18-KWGGARAKTTCT	7.995337	-0.000001	0	T:42.0(0.31%),B:1408.5(0.61%),P:1e0	Tpos:111.0,Tstd:0.0,Bpos:16308.4,Bstd:24676.2,StrandBias:-10.0,Multiplicity:1.00
0.130	0.064	0.436	0.371
0.435	0.001	0.123	0.440
0.375	0.063	0.561	0.001
0.250	0.187	0.562	0.001
0.499	0.187	0.313	0.001
0.380	0.186	0.247	0.187
0.563	0.066	0.125	0.246
0.124	0.061	0.380	0.436
0.124	0.123	0.001	0.752
0.001	0.187	0.246	0.566
0.001	0.681	0.122	0.196
0.190	0.186	0.065	0.559
>GGGGCTVABBDG	19-GGGGCTVABBDG	9.434028	-0.000000	0	T:23.0(0.17%),B:1118.6(0.48%),P:1e0	Tpos:137.0,Tstd:0.0,Bpos:308.3,Bstd:28.8,StrandBias:10.0,Multiplicity:1.00
0.350	0.001	0.648	0.001
0.001	0.001	0.652	0.346
0.001	0.001	0.997	0.001
0.304	0.001	0.694	0.001
0.001	0.997	0.001	0.001
0.354	0.049	0.001	0.596
0.298	0.351	0.343	0.008
0.607	0.391	0.001	0.001
0.049	0.347	0.302	0.302
0.053	0.302	0.299	0.347
0.298	0.001	0.305	0.396
0.052	0.299	0.645	0.004
>AARRGTBTTTTV	20-AARRGTBTTTTV	9.596139	-0.000000	0	T:81.0(0.60%),B:2963.0(1.28%),P:1e0	Tpos:122.0,Tstd:117.0,Bpos:6295.8,Bstd:14873.2,StrandBias:-10.0,Multiplicity:1.00
0.481	0.315	0.047	0.157
0.962	0.001	0.030	0.007
0.482	0.001	0.510	0.007
0.504	0.001	0.494	0.001
0.001	0.188	0.810	0.001
0.174	0.172	0.001	0.653
0.001	0.323	0.339	0.337
0.001	0.001	0.001	0.997
0.001	0.165	0.189	0.645
0.001	0.016	0.007	0.976
0.189	0.158	0.001	0.652
0.323	0.180	0.324	0.173
>NNNNNNNNNNNN	21-NNNNNNNNNNNN	nan	0.000000	0	T:0.0(0.00%),B:0.0(0.00%),P:1e0	Tpos:0.0,Tstd:0.0,Bpos:0.0,Bstd:0.0,StrandBias:0.0,Multiplicity:1.00
nan	nan	nan	nan
nan	nan	nan	nan
nan	nan	nan	nan
nan	nan	nan	nan
nan	nan	nan	nan
nan	nan	nan	nan
nan	nan	nan	nan
nan	nan	nan	nan
nan	nan	nan	nan
nan	nan	nan	nan
nan	nan	nan	nan
nan	nan	nan	nan
>NNNNNNNNNNNN	22-NNNNNNNNNNNN	nan	0.000000	0	T:0.0(0.00%),B:0.0(0.00%),P:1e0	Tpos:0.0,Tstd:0.0,Bpos:0.0,Bstd:0.0,StrandBias:0.0,Multiplicity:1.00
nan	nan	nan	nan
nan	nan	nan	nan
nan	nan	nan	nan
nan	nan	nan	nan
nan	nan	nan	nan
nan	nan	nan	nan
nan	nan	nan	nan
nan	nan	nan	nan
nan	nan	nan	nan
nan	nan	nan	nan
nan	nan	nan	nan
nan	nan	nan	nan
>GYAGCCWGWTCC	23-GYAGCCWGWTCC	6.953546	0.000000	0	T:1106.0(8.17%),B:23476.0(10.11%),P:1e0	Tpos:156.2,Tstd:102.7,Bpos:5892.0,Bstd:17031.4,StrandBias:0.0,Multiplicity:1.00
0.162	0.001	0.509	0.328
0.081	0.338	0.171	0.410
0.833	0.001	0.004	0.162
0.086	0.001	0.661	0.252
0.253	0.414	0.253	0.081
0.256	0.662	0.001	0.081
0.418	0.001	0.086	0.495
0.001	0.090	0.662	0.247
0.495	0.090	0.001	0.414
0.001	0.090	0.324	0.585
0.001	0.584	0.172	0.243
0.085	0.571	0.001	0.343
>HAACAWGRTTKY	24-HAACAWGRTTKY	6.806137	0.000000	0	T:1168.0(8.63%),B:25046.4(10.78%),P:1e0	Tpos:147.9,Tstd:212.9,Bpos:9856.1,Bstd:29335.2,StrandBias:0.0,Multiplicity:1.00
0.238	0.334	0.107	0.321
0.428	0.231	0.121	0.220
0.553	0.217	0.003	0.227
0.001	0.752	0.137	0.110
0.655	0.341	0.003	0.001
0.454	0.001	0.001	0.544
0.110	0.003	0.780	0.107
0.431	0.001	0.330	0.238
0.003	0.221	0.221	0.555
0.120	0.001	0.107	0.772
0.001	0.003	0.558	0.438
0.001	0.434	0.230	0.334
>TGRARGNNCTNY	25-TGRARGNNCTNY	6.938581	0.000000	0	T:141.0(1.04%),B:4690.9(2.02%),P:1e0	Tpos:167.7,Tstd:83.0,Bpos:56551.8,Bstd:161124.1,StrandBias:-1.0,Multiplicity:1.00
0.213	0.001	0.215	0.571
0.144	0.146	0.709	0.001
0.431	0.144	0.424	0.001
0.573	0.001	0.215	0.211
0.424	0.001	0.501	0.074
0.215	0.001	0.499	0.285
0.283	0.209	0.216	0.292
0.144	0.288	0.281	0.288
0.209	0.572	0.001	0.218
0.001	0.361	0.001	0.637
0.283	0.218	0.218	0.281
0.001	0.504	0.001	0.494
>TGYGGTTT	1-TGYGGTTT	6.104553	-3718.823169	0	T:6935.0(51.25%),B:40490.3(17.43%),P:1e-1615	Tpos:125.4,Tstd:71.2,Bpos:13015.9,Bstd:64961.4,StrandBias:0.0,Multiplicity:1.40
0.078	0.028	0.047	0.847
0.001	0.001	0.997	0.001
0.050	0.413	0.001	0.536
0.001	0.001	0.997	0.001
0.001	0.001	0.997	0.001
0.001	0.111	0.075	0.813
0.055	0.252	0.001	0.692
0.110	0.027	0.126	0.737
>CACTTCCT	2-CACTTCCT	2.192737	-1212.906856	0	T:9683.0(71.55%),B:116591.9(50.20%),P:1e-526	Tpos:124.4,Tstd:85.4,Bpos:7894.6,Bstd:41712.5,StrandBias:-0.0,Multiplicity:1.89
0.071	0.831	0.049	0.049
0.960	0.023	0.016	0.001
0.001	0.893	0.018	0.088
0.052	0.001	0.001	0.946
0.001	0.001	0.001	0.997
0.001	0.997	0.001	0.001
0.001	0.997	0.001	0.001
0.001	0.146	0.100	0.753
>AGGCTTTT	3-AGGCTTTT	-7.163028	-1099.507628	0	T:12767.0(94.34%),B:185703.6(79.95%),P:1e-477	Tpos:125.5,Tstd:94.5,Bpos:9262.2,Bstd:52188.6,StrandBias:-0.0,Multiplicity:1.80
0.997	0.001	0.001	0.001
0.001	0.001	0.997	0.001
0.001	0.012	0.986	0.001
0.001	0.997	0.001	0.001
0.001	0.001	0.001	0.997
0.001	0.001	0.001	0.997
0.001	0.001	0.001	0.997
0.001	0.001	0.001	0.997
>TTCCTDHT	4-TTCCTDHT	1.551469	-843.951454	0	T:10341.0(76.41%),B:137624.6(59.25%),P:1e-366	Tpos:118.3,Tstd:86.0,Bpos:11994.5,Bstd:51864.7,StrandBias:-0.0,Multiplicity:1.70
0.001	0.001	0.001	0.997
0.001	0.001	0.001	0.997
0.001	0.997	0.001	0.001
0.001	0.997	0.001	0.001
0.001	0.001	0.001	0.997
0.367	0.001	0.324	0.308
0.325	0.306	0.001	0.368
0.001	0.306	0.001	0.692
>TGTGTAAA	5-TGTGTAAA	-6.603412	-611.540766	0	T:12231.0(90.38%),B:183305.8(78.92%),P:1e-265	Tpos:120.7,Tstd:89.2,Bpos:12463.7,Bstd:62015.1,StrandBias:-0.0,Multiplicity:1.59
0.001	0.001	0.001	0.997
0.002	0.007	0.990	0.001
0.001	0.001	0.001	0.997
0.001	0.001	0.997	0.001
0.165	0.007	0.003	0.825
0.997	0.001	0.001	0.001
0.997	0.001	0.001	0.001
0.997	0.001	0.001	0.001
>TTTWGTMT	6-TTTWGTMT	-0.743261	-545.909660	0	T:11824.0(87.37%),B:176036.3(75.79%),P:1e-237	Tpos:120.2,Tstd:91.1,Bpos:11885.7,Bstd:49926.1,StrandBias:-0.0,Multiplicity:1.81
0.355	0.001	0.001	0.643
0.371	0.001	0.001	0.627
0.220	0.001	0.001	0.778
0.456	0.001	0.001	0.542
0.001	0.334	0.664	0.001
0.001	0.001	0.001	0.997
0.456	0.400	0.001	0.143
0.020	0.001	0.001	0.978
>WTTNWDDW	7-WTTNWDDW	2.722084	-539.195894	0	T:11323.0(83.67%),B:165675.9(71.33%),P:1e-234	Tpos:117.3,Tstd:85.2,Bpos:14738.6,Bstd:63116.8,StrandBias:0.0,Multiplicity:1.82
0.402	0.130	0.048	0.421
0.307	0.156	0.001	0.536
0.279	0.001	0.084	0.636
0.250	0.261	0.240	0.248
0.448	0.007	0.108	0.437
0.247	0.147	0.318	0.287
0.325	0.162	0.258	0.255
0.381	0.160	0.189	0.270
>TCCTWTTT	8-TCCTWTTT	3.998546	-528.411957	0	T:10381.0(76.71%),B:147283.0(63.41%),P:1e-229	Tpos:121.1,Tstd:87.5,Bpos:11079.1,Bstd:47139.0,StrandBias:0.0,Multiplicity:1.63
0.020	0.072	0.040	0.868
0.051	0.781	0.066	0.102
0.101	0.776	0.009	0.114
0.070	0.056	0.001	0.873
0.435	0.092	0.152	0.321
0.150	0.120	0.018	0.712
0.049	0.065	0.042	0.844
0.104	0.127	0.058	0.711
>AAAADAAW	9-AAAADAAW	2.753456	-480.132740	0	T:11335.0(83.76%),B:167727.6(72.21%),P:1e-208	Tpos:117.5,Tstd:88.3,Bpos:10987.9,Bstd:38532.5,StrandBias:0.0,Multiplicity:1.92
0.610	0.001	0.198	0.191
0.617	0.090	0.188	0.105
0.561	0.074	0.172	0.193
0.487	0.037	0.233	0.243
0.337	0.107	0.263	0.293
0.386	0.187	0.206	0.221
0.512	0.114	0.105	0.269
0.348	0.080	0.204	0.368
>TTTTTTWT	10-TTTTTTWT	3.914109	-475.423215	0	T:10324.0(76.29%),B:147900.6(63.67%),P:1e-206	Tpos:118.4,Tstd:87.0,Bpos:12051.9,Bstd:46486.0,StrandBias:-0.1,Multiplicity:1.80
0.044	0.307	0.001	0.648
0.238	0.135	0.001	0.626
0.022	0.001	0.001	0.976
0.001	0.156	0.001	0.842
0.102	0.206	0.001	0.691
0.133	0.223	0.001	0.643
0.386	0.208	0.060	0.346
0.273	0.207	0.088	0.433
>ASSTSCAW	11-ASSTSCAW	-1.227706	-297.644992	0	T:13444.0(99.34%),B:222857.1(95.95%),P:1e-129	Tpos:126.1,Tstd:99.0,Bpos:7458.2,Bstd:37454.8,StrandBias:0.0,Multiplicity:1.56
0.997	0.001	0.001	0.001
0.215	0.365	0.340	0.080
0.145	0.340	0.420	0.095
0.289	0.001	0.001	0.709
0.001	0.410	0.415	0.175
0.080	0.630	0.205	0.085
0.997	0.001	0.001	0.001
0.484	0.001	0.001	0.514
>TCACTTWT	12-TCACTTWT	-5.083822	-292.597073	0	T:13219.0(97.68%),B:216025.1(93.00%),P:1e-127	Tpos:121.8,Tstd:89.4,Bpos:8688.8,Bstd:39275.4,StrandBias:0.0,Multiplicity:1.62
0.370	0.001	0.001	0.628
0.001	0.948	0.050	0.001
0.951	0.001	0.001	0.047
0.001	0.576	0.422	0.001
0.394	0.001	0.001	0.604
0.001	0.002	0.004	0.993
0.442	0.001	0.001	0.556
0.001	0.001	0.001	0.997
>GGSCCGGS	13-GGSCCGGS	-11.465315	-289.771491	0	T:13208.0(97.60%),B:215793.7(92.90%),P:1e-125	Tpos:131.1,Tstd:93.8,Bpos:2250.1,Bstd:13357.8,StrandBias:-0.0,Multiplicity:2.09
0.001	0.376	0.622	0.001
0.001	0.285	0.713	0.001
0.001	0.549	0.449	0.001
0.001	0.997	0.001	0.001
0.001	0.997	0.001	0.001
0.001	0.354	0.644	0.001
0.001	0.338	0.660	0.001
0.001	0.562	0.436	0.001
>CCACACCC	14-CCACACCC	2.399224	-230.895430	0	T:13521.0(99.91%),B:227411.8(97.91%),P:1e-100	Tpos:132.2,Tstd:96.3,Bpos:2240.8,Bstd:13879.0,StrandBias:0.0,Multiplicity:2.94
0.100	0.700	0.100	0.100
0.100	0.700	0.100	0.100
0.700	0.100	0.100	0.100
0.100	0.700	0.100	0.100
0.700	0.100	0.100	0.100
0.100	0.700	0.100	0.100
0.100	0.700	0.100	0.100
0.100	0.700	0.100	0.100
>TTTTGGAA	15-TTTTGGAA	-12.409551	-226.287138	0	T:13513.0(99.85%),B:227077.8(97.76%),P:1e-98	Tpos:126.1,Tstd:97.3,Bpos:8308.5,Bstd:45936.0,StrandBias:0.0,Multiplicity:1.62
0.001	0.001	0.001	0.997
0.001	0.001	0.001	0.997
0.001	0.001	0.002	0.996
0.001	0.001	0.063	0.935
0.001	0.001	0.997	0.001
0.001	0.001	0.997	0.001
0.935	0.001	0.001	0.063
0.997	0.001	0.001	0.001
>TTCTGCTT	16-TTCTGCTT	2.399224	-129.562154	0	T:13530.0(99.98%),B:229770.7(98.92%),P:1e-56	Tpos:126.5,Tstd:93.5,Bpos:7329.4,Bstd:41285.6,StrandBias:-0.0,Multiplicity:3.90
0.100	0.100	0.100	0.700
0.100	0.100	0.100	0.700
0.100	0.700	0.100	0.100
0.100	0.100	0.100	0.700
0.100	0.100	0.700	0.100
0.100	0.700	0.100	0.100
0.100	0.100	0.100	0.700
0.100	0.100	0.100	0.700
>TTWAATGG	17-TTWAATGG	-10.802790	-122.082158	0	T:13521.0(99.91%),B:229413.6(98.77%),P:1e-53	Tpos:124.9,Tstd:94.5,Bpos:7569.5,Bstd:35989.4,StrandBias:-0.0,Multiplicity:1.64
0.001	0.001	0.001	0.997
0.289	0.001	0.001	0.709
0.458	0.001	0.001	0.540
0.997	0.001	0.001	0.001
0.752	0.006	0.012	0.230
0.001	0.001	0.001	0.997
0.001	0.001	0.997	0.001
0.001	0.229	0.769	0.001
>TGAGWGWG	18-TGAGWGWG	-5.735205	-72.956607	0	T:13532.0(99.99%),B:230914.7(99.41%),P:1e-31	Tpos:126.4,Tstd:95.4,Bpos:4803.3,Bstd:20193.7,StrandBias:0.0,Multiplicity:1.83
0.001	0.001	0.001	0.997
0.001	0.024	0.974	0.001
0.997	0.001	0.001	0.001
0.017	0.348	0.553	0.082
0.528	0.001	0.001	0.470
0.058	0.356	0.578	0.008
0.511	0.001	0.001	0.487
0.057	0.298	0.644	0.001
>ACAAAACC	19-ACAAAACC	0.000000	-1.019353	0	T:13533.0(100.00%),B:232257.7(99.99%),P:1e0
0.700	0.100	0.100	0.100
0.100	0.700	0.100	0.100
0.700	0.100	0.100	0.100
0.700	0.100	0.100	0.100
0.700	0.100	0.100	0.100
0.700	0.100	0.100	0.100
0.100	0.700	0.100	0.100
0.100	0.700	0.100	0.100
>GTGTGGCC	20-GTGTGGCC	0.000000	-0.849456	0	T:13533.0(100.00%),B:232260.6(99.99%),P:1e0
0.100	0.100	0.700	0.100
0.100	0.100	0.100	0.700
0.100	0.100	0.700	0.100
0.100	0.100	0.100	0.700
0.100	0.100	0.700	0.100
0.100	0.100	0.700	0.100
0.100	0.700	0.100	0.100
0.100	0.700	0.100	0.100
>TTTGTGCT	21-TTTGTGCT	0.000000	-0.339776	0	T:13533.0(100.00%),B:232269.8(100.00%),P:1e0
0.100	0.100	0.100	0.700
0.100	0.100	0.100	0.700
0.100	0.100	0.100	0.700
0.100	0.100	0.700	0.100
0.100	0.100	0.100	0.700
0.100	0.100	0.700	0.100
0.100	0.700	0.100	0.100
0.100	0.100	0.100	0.700
>TCAGTGAC	22-TCAGTGAC	0.000000	-0.283146	0	T:13533.0(100.00%),B:232270.1(100.00%),P:1e0
0.100	0.100	0.100	0.700
0.100	0.700	0.100	0.100
0.700	0.100	0.100	0.100
0.100	0.100	0.700	0.100
0.100	0.100	0.100	0.700
0.100	0.100	0.700	0.100
0.700	0.100	0.100	0.100
0.100	0.700	0.100	0.100
>CCCTCTGG	23-CCCTCTGG	0.000000	-0.113258	0	T:13533.0(100.00%),B:232273.7(100.00%),P:1e0
0.100	0.700	0.100	0.100
0.100	0.700	0.100	0.100
0.100	0.700	0.100	0.100
0.100	0.100	0.100	0.700
0.100	0.700	0.100	0.100
0.100	0.100	0.100	0.700
0.100	0.100	0.700	0.100
0.100	0.100	0.700	0.100
>TCCTCACT	24-TCCTCACT	0.000000	0.000000	0	T:13533.0(100.00%),B:232275.1(100.00%),P:1e0
0.100	0.100	0.100	0.700
0.100	0.700	0.100	0.100
0.100	0.700	0.100	0.100
0.100	0.100	0.100	0.700
0.100	0.700	0.100	0.100
0.700	0.100	0.100	0.100
0.100	0.700	0.100	0.100
0.100	0.100	0.100	0.700
>SCWAMKCT	25-SCWAMKCT	-26.084628	0.000000	0	T:13533.0(100.00%),B:232275.1(100.00%),P:1e0	Tpos:121.8,Tstd:91.6,Bpos:8589.5,Bstd:39484.2,StrandBias:0.0,Multiplicity:1.41
0.001	0.513	0.485	0.001
0.001	0.666	0.332	0.001
0.485	0.001	0.001	0.513
0.543	0.090	0.214	0.153
0.423	0.362	0.214	0.001
0.001	0.272	0.424	0.303
0.001	0.635	0.363	0.001
0.090	0.001	0.001	0.908
