>CGAATGGAATCA	4-CGAATGGAATCA	13.649527	-53.315998	0	T:13.0(4.71%),B:67.2(0.03%),P:1e-23
0.083	0.731	0.071	0.115
0.268	0.150	0.520	0.062
0.887	0.025	0.061	0.027
0.948	0.001	0.024	0.027
0.081	0.035	0.001	0.883
0.051	0.077	0.759	0.113
0.076	0.001	0.825	0.098
0.960	0.001	0.001	0.038
0.840	0.092	0.029	0.039
0.038	0.001	0.024	0.937
0.029	0.886	0.001	0.084
0.828	0.059	0.112	0.001
