>TCATYGAATGGA	8-TCATYGAATGGA	11.086169	-41.133301	0	T:14.0(5.07%),B:249.2(0.12%),P:1e-17
0.098	0.070	0.129	0.703
0.123	0.786	0.035	0.056
0.870	0.001	0.048	0.081
0.141	0.052	0.069	0.738
0.133	0.425	0.130	0.311
0.173	0.135	0.602	0.090
0.784	0.047	0.119	0.050
0.852	0.001	0.086	0.061
0.156	0.001	0.001	0.842
0.147	0.001	0.748	0.104
0.050	0.021	0.834	0.095
0.817	0.036	0.091	0.056
