>NTGGDBDGGRGD	4-NTGGDBDGGRGD,BestGuess:WT1(Zf)/Kidney-WT1-ChIP-Seq(GSE90016)/Homer(0.623)	3.743835	-54.649708	0	T:860.0(92.77%),B:194186.4(80.96%),P:1e-23
0.259	0.176	0.315	0.250
0.231	0.001	0.305	0.463
0.148	0.001	0.555	0.296
0.167	0.222	0.389	0.222
0.315	0.056	0.333	0.296
0.139	0.259	0.269	0.333
0.296	0.001	0.287	0.416
0.001	0.001	0.619	0.379
0.009	0.019	0.639	0.333
0.389	0.001	0.490	0.120
0.296	0.111	0.592	0.001
0.305	0.001	0.389	0.305
