>HWMARHTBHBWN	8-HWMARHTBHBWN,BestGuess:TFAP4/MA0691.1/Jaspar(0.639)	3.642673	-32.692555	0	T:851.0(91.80%),B:199092.6(83.01%),P:1e-14
0.265	0.310	0.115	0.310
0.398	0.071	0.053	0.478
0.460	0.434	0.062	0.044
0.841	0.001	0.026	0.132
0.425	0.035	0.496	0.044
0.336	0.327	0.053	0.283
0.071	0.124	0.071	0.734
0.106	0.292	0.310	0.292
0.398	0.266	0.027	0.310
0.044	0.381	0.248	0.327
0.416	0.071	0.080	0.434
0.204	0.230	0.248	0.319
