>HTWRWSWSWYAD	11-HTWRWSWSWYAD,BestGuess:Fosl2(bZIP)/3T3L1-Fosl2-ChIP-Seq(GSE56872)/Homer(0.554)	-7.313171	-9.516953	0	T:13533.0(100.00%),B:232107.2(99.93%),P:1e-4
0.333	0.288	0.045	0.334
0.257	0.071	0.103	0.569
0.397	0.001	0.153	0.448
0.385	0.122	0.365	0.128
0.429	0.001	0.115	0.455
0.045	0.519	0.423	0.013
0.537	0.001	0.001	0.461
0.167	0.346	0.327	0.160
0.499	0.001	0.001	0.499
0.122	0.352	0.193	0.333
0.576	0.001	0.001	0.422
0.212	0.167	0.295	0.327
