>VYCCTTGGAWRR	15-VYCCTTGGAWRR,BestGuess:EBF3/MA1637.1/Jaspar(0.632)	8.015516	-0.008085	0	T:15.0(0.11%),B:449.0(0.19%),P:1e0
0.302	0.364	0.234	0.100
0.033	0.334	0.202	0.431
0.001	0.830	0.101	0.068
0.165	0.567	0.001	0.267
0.199	0.235	0.066	0.500
0.066	0.135	0.298	0.501
0.232	0.099	0.500	0.169
0.066	0.099	0.834	0.001
0.497	0.171	0.266	0.066
0.365	0.168	0.199	0.268
0.532	0.001	0.466	0.001
0.398	0.166	0.402	0.033
