>MWRCCCTRGAGN	16-MWRCCCTRGAGN,BestGuess:PB0189.1_Tcfap2a_2/Jaspar(0.699)	7.655025	-0.000054	0	T:207.0(1.53%),B:4609.6(1.98%),P:1e0
0.366	0.444	0.124	0.066
0.428	0.130	0.062	0.380
0.298	0.192	0.384	0.126
0.001	0.508	0.295	0.196
0.062	0.687	0.001	0.250
0.066	0.871	0.001	0.062
0.318	0.064	0.001	0.617
0.424	0.004	0.384	0.188
0.314	0.068	0.554	0.064
0.571	0.049	0.312	0.068
0.001	0.318	0.619	0.062
0.243	0.252	0.250	0.254
