>GVGRGGGGGGGS	10-GVGRGGGGGGGS,BestGuess:PB0097.1_Zfp281_1/Jaspar(0.744)	0.042615	-110.019134	0	T:13505.0(99.79%),B:228970.7(98.58%),P:1e-47
0.135	0.238	0.597	0.030
0.273	0.300	0.387	0.039
0.268	0.250	0.465	0.017
0.323	0.233	0.398	0.046
0.254	0.133	0.612	0.001
0.146	0.267	0.530	0.057
0.157	0.242	0.487	0.114
0.037	0.354	0.594	0.015
0.249	0.170	0.415	0.165
0.169	0.200	0.630	0.001
0.348	0.123	0.517	0.012
0.157	0.325	0.442	0.076
