>GAATGGAATGGA	5-GAATGGAATGGA	10.735840	-50.767416	0	T:24.0(8.70%),B:978.9(0.46%),P:1e-22
0.082	0.053	0.822	0.043
0.883	0.044	0.050	0.023
0.753	0.074	0.126	0.047
0.077	0.065	0.009	0.849
0.034	0.138	0.712	0.116
0.069	0.021	0.872	0.038
0.967	0.023	0.009	0.001
0.830	0.040	0.117	0.013
0.062	0.108	0.008	0.822
0.022	0.167	0.753	0.058
0.103	0.064	0.805	0.028
0.934	0.016	0.001	0.049
