>TCGAATGGACTS	2-TCGAATGGACTS	9.750043	-81.363836	0	T:24.0(8.70%),B:255.1(0.12%),P:1e-35
0.119	0.089	0.001	0.791
0.120	0.542	0.248	0.090
0.060	0.120	0.700	0.120
0.760	0.060	0.030	0.150
0.580	0.060	0.240	0.120
0.060	0.032	0.090	0.818
0.091	0.198	0.620	0.091
0.049	0.090	0.741	0.120
0.730	0.120	0.090	0.060
0.292	0.528	0.150	0.030
0.111	0.079	0.030	0.780
0.120	0.412	0.359	0.110
