>RGGGRNTTYCCC	1-RGGGRNTTYCCC	9.165698	-148.825381	0	T:439.0(1.99%),B:1336.3(0.71%),P:1e-64	Tpos:26.3,Tstd:12.1,Bpos:1715.6,Bstd:6436.4,StrandBias:-0.0,Multiplicity:1.00
0.375	0.079	0.325	0.222
0.001	0.100	0.724	0.175
0.018	0.001	0.880	0.101
0.053	0.001	0.814	0.132
0.323	0.101	0.417	0.159
0.322	0.284	0.180	0.214
0.254	0.023	0.001	0.722
0.019	0.231	0.041	0.709
0.001	0.501	0.031	0.467
0.054	0.903	0.009	0.034
0.001	0.836	0.040	0.123
0.210	0.475	0.193	0.121
>VDGGGRATTYCC	2-VDGGGRATTYCC	9.256659	-147.020744	0	T:501.0(2.27%),B:1663.2(0.89%),P:1e-63	Tpos:26.5,Tstd:11.8,Bpos:2156.9,Bstd:6597.6,StrandBias:0.4,Multiplicity:1.01
0.310	0.265	0.296	0.129
0.362	0.060	0.300	0.279
0.082	0.037	0.875	0.006
0.001	0.001	0.997	0.001
0.056	0.073	0.748	0.123
0.443	0.067	0.426	0.064
0.431	0.219	0.168	0.183
0.215	0.229	0.051	0.505
0.001	0.134	0.088	0.777
0.020	0.427	0.105	0.448
0.001	0.997	0.001	0.001
0.001	0.826	0.090	0.083
>GGGRAWTYCCCN	3-GGGRAWTYCCCN	8.784273	-127.013785	0	T:443.0(2.01%),B:1491.2(0.80%),P:1e-55	Tpos:27.6,Tstd:13.3,Bpos:2169.5,Bstd:10713.4,StrandBias:-0.4,Multiplicity:1.00
0.154	0.053	0.633	0.160
0.001	0.001	0.997	0.001
0.001	0.001	0.997	0.001
0.499	0.103	0.397	0.001
0.496	0.194	0.176	0.135
0.350	0.072	0.090	0.488
0.097	0.180	0.254	0.469
0.001	0.522	0.063	0.414
0.155	0.843	0.001	0.001
0.059	0.939	0.001	0.001
0.187	0.481	0.142	0.190
0.211	0.315	0.224	0.249
>GGGAATTCCCCY	4-GGGAATTCCCCY	8.228179	-112.903262	0	T:437.0(1.98%),B:1557.3(0.83%),P:1e-49	Tpos:25.6,Tstd:11.7,Bpos:2311.6,Bstd:5897.8,StrandBias:-0.0,Multiplicity:1.00
0.092	0.054	0.700	0.154
0.007	0.030	0.925	0.038
0.297	0.034	0.602	0.067
0.562	0.133	0.208	0.097
0.495	0.154	0.105	0.245
0.321	0.081	0.120	0.479
0.069	0.237	0.173	0.521
0.047	0.613	0.049	0.291
0.013	0.973	0.013	0.001
0.133	0.774	0.037	0.056
0.212	0.470	0.128	0.190
0.182	0.262	0.190	0.366
>VGGGGAAVYCCC	5-VGGGGAAVYCCC	10.238006	-67.111289	0	T:243.0(1.10%),B:841.1(0.45%),P:1e-29	Tpos:24.4,Tstd:10.6,Bpos:1557.2,Bstd:3515.1,StrandBias:0.3,Multiplicity:1.00
0.283	0.204	0.353	0.160
0.191	0.001	0.807	0.001
0.001	0.001	0.997	0.001
0.001	0.001	0.997	0.001
0.336	0.001	0.662	0.001
0.962	0.001	0.036	0.001
0.976	0.022	0.001	0.001
0.368	0.250	0.261	0.120
0.048	0.453	0.133	0.366
0.209	0.614	0.110	0.067
0.174	0.824	0.001	0.001
0.255	0.414	0.212	0.119
>NVTGASTCAYND	6-NVTGASTCAYND	8.685863	-37.648063	0	T:652.0(2.95%),B:3847.6(2.05%),P:1e-16	Tpos:24.8,Tstd:11.6,Bpos:2727.4,Bstd:6574.0,StrandBias:-0.0,Multiplicity:1.04
0.301	0.240	0.279	0.180
0.391	0.266	0.342	0.001
0.001	0.001	0.001	0.997
0.001	0.001	0.997	0.001
0.997	0.001	0.001	0.001
0.001	0.489	0.509	0.001
0.001	0.001	0.001	0.997
0.001	0.997	0.001	0.001
0.997	0.001	0.001	0.001
0.001	0.346	0.161	0.493
0.210	0.304	0.202	0.284
0.283	0.111	0.293	0.314
>GGGGAAACCCCN	7-GGGGAAACCCCN	10.111014	-31.204620	0	T:224.0(1.01%),B:1054.3(0.56%),P:1e-13	Tpos:25.2,Tstd:11.1,Bpos:2486.4,Bstd:5920.4,StrandBias:0.2,Multiplicity:1.00
0.250	0.060	0.555	0.135
0.012	0.001	0.937	0.050
0.032	0.018	0.949	0.001
0.117	0.001	0.881	0.001
0.769	0.031	0.199	0.001
0.916	0.035	0.048	0.001
0.779	0.063	0.157	0.001
0.143	0.475	0.294	0.088
0.023	0.809	0.102	0.066
0.311	0.662	0.001	0.026
0.072	0.786	0.035	0.107
0.300	0.262	0.246	0.192
>GCCMCCTRGTGG	8-GCCMCCTRGTGG	12.647998	-17.180063	0	T:46.0(0.21%),B:141.3(0.08%),P:1e-7	Tpos:23.5,Tstd:10.1,Bpos:934.3,Bstd:1777.6,StrandBias:0.0,Multiplicity:1.00
0.043	0.001	0.847	0.109
0.081	0.844	0.074	0.001
0.001	0.997	0.001	0.001
0.559	0.439	0.001	0.001
0.001	0.665	0.001	0.333
0.001	0.948	0.001	0.050
0.114	0.001	0.001	0.884
0.296	0.161	0.433	0.110
0.073	0.160	0.723	0.044
0.093	0.143	0.129	0.635
0.001	0.001	0.997	0.001
0.126	0.001	0.785	0.088
>CCACYAGRGGGC	9-CCACYAGRGGGC	10.543533	-15.967098	0	T:107.0(0.48%),B:503.4(0.27%),P:1e-6	Tpos:27.2,Tstd:12.9,Bpos:1254.8,Bstd:4864.3,StrandBias:-0.2,Multiplicity:1.00
0.123	0.639	0.160	0.078
0.001	0.997	0.001	0.001
0.535	0.118	0.241	0.106
0.070	0.567	0.263	0.100
0.147	0.402	0.071	0.380
0.887	0.001	0.111	0.001
0.015	0.001	0.983	0.001
0.516	0.001	0.482	0.001
0.067	0.053	0.558	0.322
0.001	0.001	0.997	0.001
0.147	0.108	0.595	0.150
0.224	0.451	0.134	0.191
>ARAGAGGAAGTG	10-ARAGAGGAAGTG	9.876543	-14.197295	0	T:58.0(0.26%),B:226.0(0.12%),P:1e-6	Tpos:25.1,Tstd:11.2,Bpos:2513.9,Bstd:5285.5,StrandBias:-0.1,Multiplicity:1.00
0.491	0.052	0.154	0.303
0.455	0.124	0.343	0.078
0.553	0.086	0.217	0.144
0.046	0.298	0.631	0.025
0.526	0.122	0.188	0.164
0.052	0.044	0.830	0.074
0.070	0.102	0.758	0.070
0.670	0.119	0.148	0.063
0.678	0.080	0.135	0.107
0.075	0.096	0.758	0.071
0.107	0.116	0.149	0.628
0.281	0.057	0.582	0.080
>GGGAAASCCCCY	11-GGGAAASCCCCY	10.193071	-14.026686	0	T:43.0(0.19%),B:145.7(0.08%),P:1e-6	Tpos:26.3,Tstd:13.6,Bpos:4304.7,Bstd:5426.1,StrandBias:-0.7,Multiplicity:1.00
0.165	0.129	0.564	0.142
0.091	0.001	0.868	0.040
0.234	0.097	0.668	0.001
0.779	0.001	0.098	0.122
0.984	0.001	0.014	0.001
0.591	0.001	0.407	0.001
0.150	0.379	0.275	0.197
0.176	0.568	0.001	0.255
0.421	0.577	0.001	0.001
0.001	0.893	0.105	0.001
0.177	0.526	0.001	0.296
0.168	0.299	0.185	0.348
>AGTTTCACTTCC	12-AGTTTCACTTCC	12.308735	-4.610436	0	T:11.0(0.05%),B:37.4(0.02%),P:1e-2	Tpos:25.2,Tstd:11.7,Bpos:2792.6,Bstd:7106.7,StrandBias:-1.4,Multiplicity:1.00
0.512	0.105	0.114	0.269
0.183	0.282	0.534	0.001
0.048	0.168	0.001	0.783
0.001	0.116	0.206	0.677
0.001	0.280	0.137	0.582
0.001	0.997	0.001	0.001
0.660	0.143	0.108	0.089
0.046	0.902	0.015	0.037
0.089	0.173	0.046	0.692
0.001	0.113	0.033	0.853
0.001	0.849	0.113	0.037
0.001	0.997	0.001	0.001
>TGTCMCCTTGTG	13-TGTCMCCTTGTG	11.010712	-3.995580	0	T:38.0(0.17%),B:217.6(0.12%),P:1e-1	Tpos:23.4,Tstd:11.8,Bpos:1489.2,Bstd:3508.2,StrandBias:0.9,Multiplicity:1.00
0.083	0.198	0.092	0.627
0.051	0.005	0.884	0.060
0.001	0.333	0.001	0.665
0.020	0.866	0.113	0.001
0.499	0.456	0.001	0.044
0.018	0.804	0.043	0.135
0.060	0.829	0.080	0.031
0.141	0.032	0.057	0.770
0.057	0.063	0.322	0.558
0.056	0.022	0.847	0.075
0.069	0.056	0.094	0.781
0.062	0.111	0.756	0.071
>BCAYGTGAYNTG	14-BCAYGTGAYNTG	9.389021	-3.389799	0	T:68.0(0.31%),B:449.5(0.24%),P:1e-1	Tpos:26.2,Tstd:11.6,Bpos:1933.9,Bstd:4657.0,StrandBias:-0.2,Multiplicity:1.00
0.045	0.310	0.291	0.353
0.027	0.873	0.077	0.023
0.871	0.061	0.027	0.041
0.026	0.548	0.027	0.399
0.079	0.040	0.842	0.039
0.122	0.036	0.036	0.806
0.021	0.262	0.677	0.040
0.482	0.060	0.320	0.138
0.038	0.451	0.156	0.355
0.203	0.229	0.341	0.227
0.151	0.062	0.122	0.665
0.027	0.275	0.562	0.136
>GTCACGTGAYNN	15-GTCACGTGAYNN	9.979312	-2.456003	0	T:39.0(0.18%),B:257.6(0.14%),P:1e-1	Tpos:23.5,Tstd:11.3,Bpos:448.2,Bstd:1377.0,StrandBias:0.2,Multiplicity:1.03
0.292	0.169	0.506	0.033
0.080	0.184	0.251	0.485
0.001	0.997	0.001	0.001
0.997	0.001	0.001	0.001
0.001	0.687	0.001	0.311
0.235	0.001	0.763	0.001
0.001	0.001	0.001	0.997
0.001	0.001	0.997	0.001
0.462	0.253	0.219	0.066
0.093	0.404	0.211	0.292
0.224	0.290	0.210	0.276
0.189	0.267	0.242	0.302
>RARGAGGAAGTG	16-RARGAGGAAGTG	12.621415	-1.888851	0	T:8.0(0.04%),B:42.3(0.02%),P:1e0	Tpos:19.2,Tstd:12.5,Bpos:800.9,Bstd:1510.9,StrandBias:-0.7,Multiplicity:1.00
0.327	0.180	0.404	0.089
0.582	0.147	0.239	0.032
0.507	0.016	0.380	0.097
0.061	0.074	0.864	0.001
0.673	0.014	0.298	0.015
0.001	0.001	0.997	0.001
0.001	0.001	0.997	0.001
0.923	0.023	0.053	0.001
0.900	0.010	0.063	0.027
0.046	0.001	0.952	0.001
0.097	0.100	0.073	0.730
0.160	0.195	0.454	0.192
>NCTTCCCCTTTN	17-NCTTCCCCTTTN	9.660884	-1.461470	0	T:16.0(0.07%),B:108.2(0.06%),P:1e0	Tpos:20.0,Tstd:8.7,Bpos:2663.1,Bstd:5616.1,StrandBias:1.0,Multiplicity:1.00
0.275	0.288	0.234	0.202
0.093	0.685	0.111	0.111
0.111	0.166	0.107	0.616
0.082	0.156	0.139	0.623
0.079	0.669	0.127	0.125
0.100	0.714	0.087	0.099
0.105	0.682	0.094	0.119
0.104	0.692	0.094	0.110
0.114	0.172	0.110	0.604
0.089	0.164	0.159	0.588
0.098	0.182	0.153	0.567
0.165	0.294	0.255	0.285
>GTCCCMTGGGGC	18-GTCCCMTGGGGC	13.428450	-1.453040	0	T:3.0(0.01%),B:13.7(0.01%),P:1e0	Tpos:28.7,Tstd:12.3,Bpos:1595.0,Bstd:3769.6,StrandBias:1.0,Multiplicity:1.00
0.130	0.280	0.532	0.058
0.001	0.001	0.001	0.997
0.001	0.997	0.001	0.001
0.001	0.997	0.001	0.001
0.001	0.997	0.001	0.001
0.425	0.300	0.001	0.274
0.237	0.001	0.001	0.761
0.001	0.001	0.997	0.001
0.065	0.001	0.933	0.001
0.001	0.001	0.997	0.001
0.198	0.001	0.637	0.164
0.199	0.403	0.183	0.215
>GTTGCCATGGCA	19-GTTGCCATGGCA	12.597363	-1.441076	0	T:10.0(0.05%),B:63.3(0.03%),P:1e0	Tpos:24.4,Tstd:11.5,Bpos:1418.4,Bstd:2957.8,StrandBias:0.0,Multiplicity:1.00
0.145	0.033	0.821	0.001
0.070	0.340	0.018	0.572
0.081	0.023	0.047	0.849
0.035	0.315	0.530	0.120
0.001	0.829	0.001	0.169
0.001	0.870	0.001	0.128
0.638	0.071	0.070	0.221
0.030	0.001	0.099	0.870
0.020	0.001	0.870	0.109
0.272	0.135	0.564	0.029
0.070	0.612	0.208	0.110
0.694	0.054	0.194	0.058
>NVSYCACGTGAC	20-NVSYCACGTGAC	9.578992	-1.243742	0	T:31.0(0.14%),B:233.2(0.12%),P:1e0	Tpos:30.5,Tstd:8.4,Bpos:282.1,Bstd:290.2,StrandBias:0.0,Multiplicity:1.00
0.205	0.303	0.247	0.245
0.233	0.229	0.356	0.183
0.198	0.296	0.445	0.061
0.149	0.273	0.173	0.405
0.016	0.895	0.088	0.001
0.808	0.069	0.057	0.066
0.001	0.628	0.051	0.320
0.262	0.061	0.676	0.001
0.016	0.001	0.032	0.951
0.001	0.237	0.761	0.001
0.567	0.167	0.146	0.120
0.002	0.529	0.204	0.265
>RRGRGGAAGTGN	21-RRGRGGAAGTGN	9.884838	-1.039655	0	T:3.0(0.01%),B:17.6(0.01%),P:1e0	Tpos:20.3,Tstd:9.0,Bpos:2541.9,Bstd:4486.4,StrandBias:-1.0,Multiplicity:1.00
0.401	0.122	0.388	0.089
0.402	0.028	0.456	0.114
0.258	0.167	0.552	0.023
0.373	0.145	0.456	0.026
0.042	0.007	0.929	0.022
0.031	0.028	0.914	0.027
0.901	0.039	0.038	0.022
0.737	0.029	0.186	0.048
0.246	0.067	0.651	0.036
0.133	0.123	0.143	0.601
0.224	0.223	0.401	0.153
0.297	0.274	0.209	0.220
>NBYCCCHDGGGR	22-NBYCCCHDGGGR	8.721572	-0.940530	0	T:4.0(0.02%),B:26.5(0.01%),P:1e0	Tpos:27.5,Tstd:12.2,Bpos:3192.7,Bstd:5527.1,StrandBias:1.6,Multiplicity:1.00
0.295	0.236	0.232	0.237
0.012	0.314	0.387	0.288
0.153	0.338	0.112	0.397
0.018	0.952	0.017	0.013
0.227	0.496	0.016	0.260
0.120	0.695	0.029	0.156
0.359	0.303	0.074	0.264
0.256	0.126	0.311	0.307
0.116	0.073	0.794	0.017
0.119	0.008	0.849	0.024
0.009	0.204	0.773	0.014
0.428	0.164	0.305	0.102
>TGTGTGTGTGGT	23-TGTGTGTGTGGT	11.740388	-0.077446	0	T:12.0(0.05%),B:150.0(0.08%),P:1e0	Tpos:21.8,Tstd:11.4,Bpos:1676.0,Bstd:3887.8,StrandBias:-1.6,Multiplicity:1.00
0.133	0.117	0.105	0.645
0.104	0.095	0.718	0.083
0.103	0.133	0.146	0.618
0.119	0.122	0.675	0.084
0.095	0.115	0.101	0.689
0.072	0.098	0.754	0.076
0.138	0.168	0.107	0.587
0.073	0.109	0.722	0.096
0.125	0.093	0.112	0.670
0.145	0.102	0.660	0.093
0.115	0.132	0.649	0.104
0.131	0.138	0.118	0.613
>ACTACAMTTCCC	24-ACTACAMTTCCC	9.694726	-0.029350	0	T:31.0(0.14%),B:365.8(0.20%),P:1e0	Tpos:24.7,Tstd:10.1,Bpos:568.0,Bstd:2356.7,StrandBias:-0.7,Multiplicity:1.00
0.997	0.001	0.001	0.001
0.001	0.997	0.001	0.001
0.001	0.001	0.001	0.997
0.997	0.001	0.001	0.001
0.001	0.997	0.001	0.001
0.997	0.001	0.001	0.001
0.467	0.531	0.001	0.001
0.001	0.001	0.001	0.997
0.001	0.001	0.001	0.997
0.001	0.997	0.001	0.001
0.001	0.997	0.001	0.001
0.001	0.997	0.001	0.001
>CACACACACACA	25-CACACACACACA	8.222409	0.000000	0	T:646.0(2.93%),B:9993.8(5.33%),P:1e0	Tpos:25.2,Tstd:11.6,Bpos:2711.6,Bstd:7770.0,StrandBias:0.1,Multiplicity:1.17
0.019	0.822	0.015	0.144
0.660	0.141	0.093	0.106
0.014	0.821	0.005	0.160
0.731	0.147	0.107	0.015
0.010	0.841	0.021	0.128
0.696	0.135	0.147	0.022
0.014	0.863	0.016	0.107
0.659	0.120	0.141	0.080
0.007	0.805	0.018	0.170
0.664	0.020	0.180	0.136
0.017	0.857	0.024	0.102
0.659	0.102	0.122	0.117
