>ATGAGTCA	1-ATGAGTCA	9.113118	-30.472549	0	T:593.0(2.69%),B:3586.8(1.91%),P:1e-13	Tpos:24.7,Tstd:12.8,Bpos:3291.4,Bstd:7149.7,StrandBias:-0.0,Multiplicity:1.04
0.557	0.227	0.191	0.025
0.001	0.001	0.001	0.997
0.001	0.001	0.981	0.017
0.979	0.009	0.001	0.011
0.016	0.263	0.697	0.024
0.001	0.001	0.001	0.997
0.005	0.993	0.001	0.001
0.997	0.001	0.001	0.001
>GTGACTCA	2-GTGACTCA	10.422469	-21.592549	0	T:330.0(1.49%),B:1913.2(1.02%),P:1e-9	Tpos:23.8,Tstd:13.0,Bpos:2024.7,Bstd:5948.4,StrandBias:0.1,Multiplicity:1.00
0.001	0.244	0.687	0.068
0.001	0.001	0.001	0.997
0.001	0.001	0.997	0.001
0.997	0.001	0.001	0.001
0.001	0.760	0.238	0.001
0.001	0.001	0.001	0.997
0.001	0.997	0.001	0.001
0.997	0.001	0.001	0.001
>GGGGAATT	3-GGGGAATT	7.222429	-0.288710	0	T:115.0(0.52%),B:1039.4(0.55%),P:1e0	Tpos:24.5,Tstd:12.8,Bpos:3213.2,Bstd:7541.7,StrandBias:-0.3,Multiplicity:1.00
0.189	0.076	0.617	0.118
0.111	0.068	0.745	0.076
0.026	0.035	0.827	0.112
0.279	0.070	0.599	0.052
0.598	0.109	0.218	0.075
0.614	0.093	0.135	0.158
0.204	0.097	0.200	0.499
0.058	0.237	0.204	0.501
>GTCACGTG	4-GTCACGTG	8.657408	-0.096952	0	T:218.0(0.99%),B:2028.9(1.08%),P:1e0	Tpos:25.2,Tstd:12.1,Bpos:701.3,Bstd:3505.8,StrandBias:-0.0,Multiplicity:1.03
0.197	0.150	0.567	0.086
0.089	0.192	0.153	0.566
0.015	0.829	0.137	0.019
0.945	0.025	0.013	0.017
0.001	0.782	0.025	0.192
0.224	0.085	0.632	0.059
0.061	0.071	0.028	0.840
0.037	0.102	0.841	0.020
>WWCAYRTG	5-WWCAYRTG	7.345905	-0.051265	0	T:81.0(0.37%),B:825.5(0.44%),P:1e0	Tpos:25.3,Tstd:13.0,Bpos:1856.4,Bstd:5488.4,StrandBias:-0.1,Multiplicity:1.00
0.399	0.168	0.125	0.307
0.347	0.053	0.110	0.491
0.001	0.739	0.259	0.001
0.525	0.099	0.248	0.128
0.001	0.565	0.001	0.433
0.444	0.001	0.554	0.001
0.001	0.001	0.001	0.997
0.001	0.001	0.997	0.001
>GTCATGTG	6-GTCATGTG	8.670746	-0.002182	0	T:109.0(0.49%),B:1213.3(0.65%),P:1e0	Tpos:24.1,Tstd:12.4,Bpos:12690.4,Bstd:31316.4,StrandBias:0.2,Multiplicity:1.03
0.175	0.121	0.557	0.147
0.134	0.097	0.153	0.616
0.071	0.707	0.182	0.040
0.782	0.023	0.157	0.038
0.011	0.272	0.046	0.671
0.101	0.049	0.827	0.023
0.033	0.042	0.026	0.899
0.016	0.027	0.940	0.017
>MYTTCCCY	7-MYTTCCCY	8.518723	-0.000010	0	T:220.0(1.00%),B:2483.0(1.32%),P:1e0	Tpos:25.9,Tstd:15.1,Bpos:1184.9,Bstd:3452.6,StrandBias:1.2,Multiplicity:1.00
0.511	0.419	0.069	0.001
0.072	0.508	0.001	0.419
0.001	0.001	0.001	0.997
0.001	0.001	0.001	0.997
0.001	0.997	0.001	0.001
0.001	0.997	0.001	0.001
0.001	0.583	0.001	0.415
0.001	0.511	0.001	0.487
>WGGAGGGA	8-WGGAGGGA	6.555896	-0.000000	0	T:3009.0(13.63%),B:54744.1(29.20%),P:1e0	Tpos:25.3,Tstd:13.9,Bpos:2347.7,Bstd:6220.2,StrandBias:-0.0,Multiplicity:1.01
0.403	0.001	0.192	0.403
0.283	0.001	0.715	0.001
0.357	0.001	0.641	0.001
0.641	0.001	0.357	0.001
0.001	0.001	0.997	0.001
0.001	0.001	0.997	0.001
0.192	0.001	0.806	0.001
0.997	0.001	0.001	0.001
>YCTTCCCT	9-YCTTCCCT	4.651361	-0.000000	0	T:7981.0(36.15%),B:111587.0(59.52%),P:1e0	Tpos:24.8,Tstd:13.3,Bpos:2384.0,Bstd:7742.2,StrandBias:-0.1,Multiplicity:1.10
0.163	0.342	0.149	0.347
0.126	0.639	0.018	0.217
0.008	0.323	0.052	0.617
0.030	0.309	0.001	0.660
0.001	0.779	0.001	0.219
0.030	0.936	0.001	0.033
0.103	0.700	0.001	0.196
0.050	0.308	0.026	0.616
>GGRAGGRT	10-GGRAGGRT	8.779977	-0.000000	0	T:54.0(0.24%),B:1851.2(0.99%),P:1e0	Tpos:29.7,Tstd:13.6,Bpos:3389.4,Bstd:8828.7,StrandBias:-0.2,Multiplicity:1.00
0.001	0.001	0.997	0.001
0.001	0.001	0.997	0.001
0.562	0.001	0.436	0.001
0.958	0.001	0.040	0.001
0.273	0.001	0.725	0.001
0.038	0.001	0.960	0.001
0.562	0.001	0.436	0.001
0.001	0.250	0.275	0.474
>CTTCCCAC	11-CTTCCCAC	6.188440	-0.000000	0	T:1857.0(8.41%),B:39930.9(21.30%),P:1e0	Tpos:24.5,Tstd:13.2,Bpos:2472.4,Bstd:6467.0,StrandBias:-0.0,Multiplicity:1.01
0.042	0.618	0.059	0.281
0.050	0.115	0.055	0.780
0.030	0.131	0.035	0.804
0.041	0.791	0.044	0.124
0.015	0.954	0.014	0.017
0.091	0.788	0.026	0.095
0.682	0.149	0.052	0.117
0.104	0.584	0.192	0.120
>HTYACACA	12-HTYACACA	6.780355	0.000000	0	T:1009.0(4.57%),B:22210.7(11.85%),P:1e0	Tpos:24.4,Tstd:14.4,Bpos:3491.5,Bstd:7809.2,StrandBias:-0.3,Multiplicity:1.00
0.275	0.414	0.001	0.310
0.278	0.092	0.081	0.549
0.104	0.412	0.036	0.448
0.501	0.205	0.147	0.147
0.001	0.997	0.001	0.001
0.859	0.025	0.001	0.115
0.001	0.997	0.001	0.001
0.997	0.001	0.001	0.001
>RGGGAAKT	13-RGGGAAKT	6.437433	0.000000	0	T:43.0(0.19%),B:1124.6(0.60%),P:1e0	Tpos:25.0,Tstd:22.0,Bpos:660.9,Bstd:1104.4,StrandBias:0.0,Multiplicity:1.00
0.407	0.089	0.393	0.110
0.227	0.062	0.595	0.116
0.001	0.009	0.968	0.022
0.187	0.094	0.619	0.100
0.491	0.098	0.335	0.076
0.594	0.073	0.058	0.275
0.233	0.079	0.284	0.403
0.074	0.195	0.172	0.559
>RGGGRAGG	14-RGGGRAGG	8.087491	0.000000	0	T:884.0(4.00%),B:21493.3(11.46%),P:1e0	Tpos:24.4,Tstd:13.3,Bpos:1183.5,Bstd:4671.5,StrandBias:0.0,Multiplicity:1.01
0.555	0.001	0.443	0.001
0.409	0.001	0.589	0.001
0.001	0.001	0.997	0.001
0.001	0.001	0.997	0.001
0.443	0.001	0.555	0.001
0.997	0.001	0.001	0.001
0.262	0.001	0.736	0.001
0.182	0.272	0.470	0.076
>GAATTCCC	15-GAATTCCC	5.557503	0.000000	0	T:1944.0(8.81%),B:32211.0(17.18%),P:1e0	Tpos:25.3,Tstd:12.7,Bpos:3076.4,Bstd:7677.1,StrandBias:-0.0,Multiplicity:1.03
0.214	0.086	0.667	0.033
0.692	0.064	0.218	0.026
0.589	0.178	0.048	0.185
0.207	0.029	0.092	0.672
0.046	0.160	0.072	0.722
0.023	0.743	0.035	0.199
0.021	0.965	0.011	0.003
0.010	0.952	0.018	0.020
>GTGTGTGT	16-GTGTGTGT	4.214672	0.000000	0	T:4896.0(22.18%),B:89368.0(47.67%),P:1e0	Tpos:24.9,Tstd:12.5,Bpos:3028.2,Bstd:9453.8,StrandBias:-0.0,Multiplicity:1.16
0.306	0.042	0.596	0.056
0.061	0.183	0.063	0.693
0.165	0.010	0.819	0.006
0.029	0.058	0.079	0.834
0.092	0.013	0.894	0.001
0.074	0.052	0.082	0.792
0.101	0.061	0.810	0.028
0.145	0.105	0.187	0.563
>GTGTGSMN	17-GTGTGSMN	3.052594	0.000000	0	T:2933.0(13.29%),B:62008.6(33.07%),P:1e0	Tpos:24.6,Tstd:12.8,Bpos:3509.6,Bstd:11542.9,StrandBias:-0.1,Multiplicity:1.02
0.001	0.001	0.997	0.001
0.001	0.001	0.001	0.997
0.001	0.001	0.997	0.001
0.001	0.001	0.001	0.997
0.016	0.001	0.982	0.001
0.156	0.427	0.399	0.017
0.358	0.425	0.001	0.217
0.338	0.208	0.236	0.217
>TATGTGTG	18-TATGTGTG	7.551144	0.000000	0	T:777.0(3.52%),B:14275.9(7.61%),P:1e0	Tpos:25.5,Tstd:13.1,Bpos:3004.3,Bstd:8204.7,StrandBias:-0.1,Multiplicity:1.26
0.172	0.260	0.009	0.559
0.671	0.001	0.327	0.001
0.001	0.153	0.001	0.845
0.243	0.001	0.755	0.001
0.001	0.294	0.001	0.704
0.146	0.001	0.852	0.001
0.001	0.001	0.001	0.997
0.001	0.001	0.997	0.001
>RRRGGRAR	19-RRRGGRAR	5.243850	0.000000	0	T:4341.0(19.66%),B:67878.1(36.20%),P:1e0	Tpos:25.0,Tstd:12.9,Bpos:3161.7,Bstd:10362.5,StrandBias:0.1,Multiplicity:1.19
0.362	0.116	0.335	0.188
0.380	0.054	0.403	0.163
0.405	0.079	0.464	0.053
0.156	0.050	0.793	0.001
0.028	0.016	0.836	0.120
0.374	0.065	0.518	0.043
0.742	0.055	0.136	0.067
0.473	0.001	0.392	0.134
>TCCCYTYG	20-TCCCYTYG	7.555608	0.000000	0	T:1384.0(6.27%),B:29840.8(15.92%),P:1e0	Tpos:23.2,Tstd:13.5,Bpos:4928.2,Bstd:17335.1,StrandBias:-0.1,Multiplicity:1.02
0.001	0.001	0.001	0.997
0.001	0.793	0.001	0.205
0.001	0.997	0.001	0.001
0.001	0.997	0.001	0.001
0.001	0.520	0.001	0.478
0.001	0.204	0.001	0.794
0.001	0.521	0.001	0.477
0.001	0.206	0.588	0.205
>CTCCCTAY	21-CTCCCTAY	8.428234	0.000000	0	T:21.0(0.10%),B:965.0(0.51%),P:1e0	Tpos:19.4,Tstd:10.3,Bpos:4689.7,Bstd:13133.9,StrandBias:0.6,Multiplicity:1.00
0.001	0.814	0.001	0.184
0.001	0.371	0.001	0.627
0.001	0.604	0.001	0.394
0.001	0.997	0.001	0.001
0.001	0.997	0.001	0.001
0.001	0.092	0.001	0.906
0.565	0.231	0.001	0.203
0.072	0.350	0.132	0.445
>ACCCTCCC	22-ACCCTCCC	5.438904	0.000000	0	T:4020.0(18.21%),B:75223.1(40.12%),P:1e0	Tpos:25.4,Tstd:14.0,Bpos:3391.3,Bstd:11661.9,StrandBias:0.1,Multiplicity:1.01
0.612	0.248	0.001	0.139
0.001	0.614	0.001	0.384
0.001	0.753	0.001	0.245
0.001	0.615	0.001	0.383
0.001	0.001	0.001	0.997
0.001	0.751	0.001	0.247
0.001	0.997	0.001	0.001
0.001	0.997	0.001	0.001
>CACATGYK	23-CACATGYK	9.009973	0.000000	0	T:34.0(0.15%),B:992.0(0.53%),P:1e0	Tpos:19.2,Tstd:12.3,Bpos:968.8,Bstd:4023.5,StrandBias:-1.4,Multiplicity:1.00
0.001	0.997	0.001	0.001
0.997	0.001	0.001	0.001
0.001	0.852	0.001	0.146
0.632	0.001	0.366	0.001
0.001	0.001	0.001	0.997
0.001	0.001	0.997	0.001
0.151	0.481	0.015	0.353
0.003	0.149	0.488	0.361
>ACACAHYM	24-ACACAHYM	5.742946	0.000000	0	T:98.0(0.44%),B:2964.0(1.58%),P:1e0	Tpos:27.8,Tstd:10.9,Bpos:3505.1,Bstd:6429.3,StrandBias:-0.9,Multiplicity:1.00
0.642	0.137	0.067	0.154
0.028	0.811	0.054	0.107
0.704	0.223	0.055	0.018
0.021	0.765	0.030	0.184
0.441	0.186	0.110	0.263
0.252	0.233	0.173	0.342
0.174	0.379	0.185	0.262
0.297	0.379	0.175	0.149
>TCTTCCYC	25-TCTTCCYC	8.030896	0.000000	0	T:814.0(3.69%),B:23163.2(12.35%),P:1e0	Tpos:24.1,Tstd:13.7,Bpos:1888.4,Bstd:5963.5,StrandBias:0.3,Multiplicity:1.00
0.001	0.419	0.001	0.579
0.001	0.712	0.001	0.286
0.001	0.001	0.001	0.997
0.001	0.187	0.001	0.811
0.001	0.890	0.001	0.108
0.001	0.997	0.001	0.001
0.001	0.475	0.001	0.523
0.001	0.755	0.001	0.243
