>GGAAWTCCCC	1-GGAAWTCCCC	8.735511	-154.466296	0	T:345.0(1.56%),B:863.0(0.46%),P:1e-67	Tpos:25.5,Tstd:12.4,Bpos:2035.5,Bstd:6440.6,StrandBias:0.1,Multiplicity:1.00
0.037	0.063	0.857	0.043
0.155	0.050	0.749	0.046
0.571	0.059	0.315	0.055
0.722	0.128	0.038	0.112
0.463	0.107	0.103	0.327
0.157	0.155	0.076	0.612
0.066	0.617	0.094	0.223
0.070	0.858	0.038	0.034
0.048	0.878	0.047	0.027
0.136	0.672	0.064	0.128
>GGGAAWTTCC	2-GGGAAWTTCC	8.870299	-89.414803	0	T:233.0(1.06%),B:657.8(0.35%),P:1e-38	Tpos:25.4,Tstd:12.5,Bpos:2342.7,Bstd:4804.9,StrandBias:0.4,Multiplicity:1.00
0.056	0.055	0.845	0.044
0.015	0.006	0.920	0.059
0.025	0.013	0.833	0.129
0.566	0.074	0.303	0.057
0.747	0.124	0.080	0.049
0.455	0.095	0.120	0.331
0.109	0.127	0.174	0.590
0.108	0.229	0.129	0.534
0.134	0.733	0.085	0.048
0.108	0.800	0.060	0.032
>GGAATTCCCC	3-GGAATTCCCC	8.869354	-77.512797	0	T:173.0(0.78%),B:437.0(0.23%),P:1e-33	Tpos:23.4,Tstd:10.8,Bpos:2809.6,Bstd:5659.9,StrandBias:-0.5,Multiplicity:1.00
0.089	0.001	0.909	0.001
0.273	0.084	0.428	0.215
0.577	0.100	0.175	0.148
0.669	0.112	0.079	0.140
0.294	0.161	0.062	0.484
0.091	0.301	0.067	0.541
0.046	0.643	0.022	0.289
0.051	0.933	0.015	0.001
0.083	0.908	0.008	0.001
0.192	0.569	0.071	0.168
>GGGAAATCCC	4-GGGAAATCCC	8.997376	-74.749502	0	T:280.0(1.27%),B:985.9(0.53%),P:1e-32	Tpos:25.7,Tstd:12.7,Bpos:2013.0,Bstd:5519.7,StrandBias:0.1,Multiplicity:1.00
0.073	0.064	0.767	0.096
0.038	0.054	0.863	0.045
0.195	0.046	0.712	0.047
0.604	0.066	0.262	0.068
0.870	0.052	0.052	0.026
0.623	0.103	0.203	0.071
0.139	0.223	0.165	0.473
0.092	0.539	0.111	0.258
0.119	0.768	0.061	0.052
0.087	0.783	0.066	0.064
>GGGRAATYCC	5-GGGRAATYCC	8.515554	-74.291017	0	T:232.0(1.05%),B:737.9(0.39%),P:1e-32	Tpos:23.0,Tstd:12.2,Bpos:2794.1,Bstd:6083.7,StrandBias:0.1,Multiplicity:1.00
0.156	0.001	0.640	0.203
0.074	0.001	0.910	0.015
0.001	0.001	0.997	0.001
0.410	0.021	0.476	0.093
0.756	0.106	0.119	0.019
0.615	0.049	0.100	0.236
0.268	0.110	0.160	0.462
0.069	0.389	0.128	0.413
0.190	0.518	0.137	0.155
0.150	0.686	0.083	0.081
>GGGGRATTYC	6-GGGGRATTYC	7.640865	-72.371858	0	T:199.0(0.90%),B:584.5(0.31%),P:1e-31	Tpos:21.3,Tstd:12.3,Bpos:1973.5,Bstd:5034.3,StrandBias:0.2,Multiplicity:1.00
0.291	0.001	0.546	0.162
0.044	0.001	0.940	0.015
0.001	0.001	0.856	0.142
0.193	0.019	0.598	0.190
0.441	0.114	0.355	0.091
0.487	0.139	0.074	0.301
0.253	0.082	0.164	0.501
0.114	0.201	0.255	0.430
0.135	0.433	0.092	0.340
0.118	0.636	0.137	0.109
>GGAAWTCCCC	7-GGAAWTCCCC	7.453661	-64.217507	0	T:223.0(1.01%),B:756.0(0.40%),P:1e-27	Tpos:27.7,Tstd:10.3,Bpos:3899.2,Bstd:11117.9,StrandBias:-0.5,Multiplicity:1.00
0.129	0.014	0.854	0.003
0.221	0.146	0.514	0.119
0.511	0.086	0.227	0.176
0.644	0.128	0.071	0.157
0.317	0.104	0.123	0.456
0.088	0.243	0.186	0.484
0.273	0.439	0.118	0.171
0.221	0.747	0.031	0.001
0.127	0.813	0.032	0.028
0.226	0.448	0.083	0.243
>RTGASTCACH	8-RTGASTCACH	7.967186	-50.993179	0	T:605.0(2.74%),B:3270.0(1.74%),P:1e-22	Tpos:25.5,Tstd:12.4,Bpos:2993.5,Bstd:6459.2,StrandBias:-0.3,Multiplicity:1.01
0.382	0.199	0.322	0.097
0.002	0.041	0.001	0.956
0.047	0.040	0.756	0.157
0.766	0.174	0.003	0.057
0.115	0.393	0.410	0.082
0.074	0.001	0.061	0.864
0.193	0.769	0.020	0.018
0.969	0.001	0.001	0.029
0.036	0.502	0.242	0.220
0.236	0.350	0.195	0.219
>GGRATTYCCM	9-GGRATTYCCM	7.678103	-50.564971	0	T:177.0(0.80%),B:605.1(0.32%),P:1e-21	Tpos:21.2,Tstd:8.6,Bpos:1211.6,Bstd:3243.8,StrandBias:1.6,Multiplicity:1.00
0.001	0.001	0.997	0.001
0.138	0.247	0.401	0.213
0.326	0.133	0.376	0.165
0.459	0.171	0.143	0.227
0.320	0.102	0.107	0.471
0.001	0.280	0.159	0.560
0.137	0.436	0.122	0.305
0.124	0.874	0.001	0.001
0.001	0.997	0.001	0.001
0.298	0.444	0.001	0.257
>GATGAGTCAT	10-GATGAGTCAT	9.693506	-50.368748	0	T:223.0(1.01%),B:858.7(0.46%),P:1e-21	Tpos:24.7,Tstd:12.4,Bpos:2944.7,Bstd:6302.4,StrandBias:0.0,Multiplicity:1.05
0.131	0.186	0.564	0.119
0.562	0.213	0.195	0.030
0.004	0.016	0.009	0.971
0.009	0.019	0.928	0.044
0.939	0.019	0.015	0.027
0.030	0.295	0.634	0.041
0.010	0.011	0.015	0.964
0.029	0.935	0.024	0.012
0.975	0.007	0.012	0.006
0.021	0.273	0.178	0.528
>GGAATTYCCH	11-GGAATTYCCH	7.763422	-49.189368	0	T:361.0(1.64%),B:1697.9(0.91%),P:1e-21	Tpos:27.5,Tstd:12.5,Bpos:2730.8,Bstd:6519.7,StrandBias:-0.8,Multiplicity:1.00
0.001	0.032	0.916	0.051
0.293	0.051	0.553	0.103
0.570	0.131	0.255	0.044
0.648	0.224	0.108	0.020
0.258	0.112	0.172	0.458
0.103	0.294	0.099	0.504
0.170	0.448	0.001	0.381
0.119	0.874	0.006	0.001
0.086	0.906	0.007	0.001
0.252	0.390	0.116	0.241
>GGGAAABCCC	12-GGGAAABCCC	8.454333	-45.036205	0	T:503.0(2.28%),B:2680.5(1.43%),P:1e-19	Tpos:25.8,Tstd:11.8,Bpos:2242.4,Bstd:6275.0,StrandBias:0.2,Multiplicity:1.00
0.109	0.055	0.686	0.150
0.040	0.046	0.902	0.012
0.293	0.053	0.610	0.044
0.637	0.029	0.248	0.086
0.935	0.025	0.033	0.007
0.741	0.074	0.126	0.059
0.080	0.278	0.300	0.341
0.073	0.649	0.103	0.175
0.324	0.673	0.001	0.002
0.051	0.821	0.040	0.088
>NTGASTCATN	13-NTGASTCATN	8.756130	-42.615992	0	T:293.0(1.33%),B:1350.8(0.72%),P:1e-18	Tpos:25.4,Tstd:12.2,Bpos:3242.8,Bstd:6063.9,StrandBias:0.1,Multiplicity:1.01
0.341	0.216	0.228	0.214
0.012	0.001	0.001	0.986
0.036	0.001	0.900	0.063
0.909	0.001	0.001	0.089
0.052	0.525	0.377	0.046
0.056	0.001	0.040	0.903
0.225	0.735	0.039	0.001
0.985	0.013	0.001	0.001
0.171	0.245	0.106	0.478
0.184	0.315	0.295	0.206
>CACTTCCTCT	14-CACTTCCTCT	10.263360	-3.361574	0	T:60.0(0.27%),B:390.8(0.21%),P:1e-1	Tpos:21.9,Tstd:12.1,Bpos:1842.6,Bstd:6173.5,StrandBias:-0.2,Multiplicity:1.00
0.087	0.710	0.117	0.086
0.696	0.125	0.103	0.076
0.067	0.748	0.083	0.102
0.100	0.116	0.105	0.679
0.075	0.144	0.114	0.667
0.092	0.726	0.111	0.071
0.075	0.809	0.060	0.056
0.099	0.209	0.095	0.597
0.073	0.722	0.118	0.087
0.113	0.172	0.070	0.645
>ACTTCCCCTT	15-ACTTCCCCTT	10.264977	-2.697956	0	T:34.0(0.15%),B:214.3(0.11%),P:1e-1	Tpos:19.2,Tstd:10.2,Bpos:2023.8,Bstd:4905.0,StrandBias:-1.4,Multiplicity:1.00
0.638	0.153	0.124	0.085
0.118	0.675	0.103	0.104
0.103	0.124	0.102	0.671
0.070	0.120	0.113	0.697
0.068	0.739	0.080	0.113
0.066	0.820	0.069	0.045
0.084	0.727	0.078	0.111
0.069	0.746	0.081	0.104
0.090	0.168	0.077	0.665
0.099	0.147	0.132	0.622
>ASTGACTCAV	16-ASTGACTCAV	9.990036	-2.272941	0	T:270.0(1.22%),B:2109.5(1.13%),P:1e0	Tpos:24.7,Tstd:11.8,Bpos:2312.9,Bstd:6628.8,StrandBias:0.3,Multiplicity:1.02
0.462	0.237	0.243	0.057
0.077	0.457	0.463	0.004
0.001	0.001	0.001	0.997
0.001	0.001	0.868	0.130
0.997	0.001	0.001	0.001
0.102	0.767	0.130	0.001
0.001	0.001	0.001	0.997
0.001	0.997	0.001	0.001
0.997	0.001	0.001	0.001
0.273	0.310	0.289	0.128
>GGCAYGTGAC	17-GGCAYGTGAC	10.253776	-1.275592	0	T:84.0(0.38%),B:663.3(0.35%),P:1e0	Tpos:26.3,Tstd:12.3,Bpos:1369.2,Bstd:4049.6,StrandBias:-0.4,Multiplicity:1.02
0.095	0.001	0.558	0.346
0.216	0.145	0.410	0.229
0.001	0.997	0.001	0.001
0.997	0.001	0.001	0.001
0.001	0.552	0.001	0.446
0.001	0.005	0.993	0.001
0.001	0.001	0.001	0.997
0.001	0.001	0.997	0.001
0.585	0.125	0.050	0.240
0.014	0.709	0.033	0.244
>SACTTCCCCT	18-SACTTCCCCT	9.107567	-1.064012	0	T:20.0(0.09%),B:151.1(0.08%),P:1e0	Tpos:16.4,Tstd:9.6,Bpos:1371.2,Bstd:2896.7,StrandBias:-1.0,Multiplicity:1.00
0.178	0.312	0.404	0.107
0.504	0.225	0.189	0.082
0.216	0.465	0.119	0.200
0.100	0.125	0.094	0.681
0.048	0.115	0.089	0.748
0.034	0.708	0.086	0.172
0.025	0.949	0.018	0.008
0.026	0.704	0.069	0.201
0.059	0.676	0.122	0.143
0.175	0.213	0.054	0.558
>NCACGTGACN	19-NCACGTGACN	8.074002	-1.015466	0	T:98.0(0.44%),B:798.0(0.43%),P:1e0	Tpos:23.9,Tstd:11.9,Bpos:852.1,Bstd:2816.8,StrandBias:0.3,Multiplicity:1.02
0.213	0.206	0.255	0.326
0.001	0.912	0.086	0.001
0.751	0.086	0.091	0.072
0.001	0.618	0.001	0.380
0.412	0.003	0.584	0.001
0.052	0.001	0.086	0.861
0.001	0.129	0.861	0.009
0.511	0.198	0.123	0.168
0.134	0.460	0.199	0.208
0.202	0.218	0.237	0.343
>CAYRTGTSAB	20-CAYRTGTSAB	6.557561	-0.848072	0	T:12.0(0.05%),B:93.5(0.05%),P:1e0	Tpos:25.1,Tstd:11.9,Bpos:1821.2,Bstd:4084.7,StrandBias:-0.3,Multiplicity:1.00
0.241	0.452	0.286	0.021
0.388	0.207	0.201	0.204
0.043	0.484	0.134	0.339
0.393	0.063	0.513	0.031
0.001	0.302	0.004	0.693
0.001	0.218	0.775	0.006
0.291	0.106	0.134	0.468
0.066	0.427	0.469	0.038
0.432	0.168	0.192	0.208
0.164	0.323	0.210	0.303
>GAGGAAGTGA	21-GAGGAAGTGA	9.945450	-0.798169	0	T:37.0(0.17%),B:304.1(0.16%),P:1e0	Tpos:22.6,Tstd:12.2,Bpos:2293.2,Bstd:5052.3,StrandBias:0.1,Multiplicity:1.00
0.110	0.144	0.687	0.059
0.596	0.101	0.193	0.110
0.036	0.017	0.889	0.058
0.082	0.134	0.678	0.106
0.733	0.077	0.163	0.027
0.738	0.077	0.073	0.112
0.128	0.069	0.802	0.001
0.048	0.128	0.205	0.619
0.209	0.133	0.615	0.043
0.488	0.155	0.215	0.142
>CACATGTGAY	22-CACATGTGAY	9.123668	-0.097274	0	T:7.0(0.03%),B:92.1(0.05%),P:1e0	Tpos:24.7,Tstd:8.4,Bpos:2274.7,Bstd:4056.2,StrandBias:-0.4,Multiplicity:1.00
0.203	0.573	0.181	0.043
0.427	0.206	0.219	0.148
0.010	0.549	0.374	0.067
0.600	0.070	0.183	0.147
0.054	0.249	0.013	0.684
0.023	0.103	0.860	0.014
0.053	0.031	0.080	0.836
0.027	0.148	0.810	0.015
0.681	0.053	0.081	0.185
0.028	0.400	0.225	0.347
>SAYRTGTSAY	23-SAYRTGTSAY	6.948713	-0.000325	0	T:12.0(0.05%),B:240.2(0.13%),P:1e0	Tpos:23.2,Tstd:7.6,Bpos:2148.5,Bstd:5974.2,StrandBias:0.0,Multiplicity:1.00
0.126	0.457	0.316	0.102
0.399	0.181	0.219	0.202
0.056	0.452	0.175	0.317
0.413	0.130	0.391	0.066
0.065	0.264	0.039	0.632
0.074	0.155	0.759	0.012
0.195	0.078	0.126	0.601
0.078	0.437	0.437	0.048
0.516	0.108	0.225	0.151
0.013	0.449	0.171	0.367
>CACACAYGYG	24-CACACAYGYG	8.919344	-0.000000	0	T:39.0(0.18%),B:688.4(0.37%),P:1e0	Tpos:24.0,Tstd:12.1,Bpos:1646.5,Bstd:4320.1,StrandBias:0.5,Multiplicity:1.00
0.212	0.485	0.197	0.106
0.534	0.104	0.120	0.242
0.084	0.524	0.352	0.040
0.460	0.165	0.162	0.213
0.001	0.997	0.001	0.001
0.997	0.001	0.001	0.001
0.001	0.478	0.001	0.520
0.255	0.001	0.743	0.001
0.001	0.523	0.001	0.475
0.371	0.002	0.626	0.001
>CACACACACA	25-CACACACACA	7.415798	0.000000	0	T:712.0(3.23%),B:12119.3(6.46%),P:1e0	Tpos:25.7,Tstd:12.2,Bpos:2667.8,Bstd:7760.5,StrandBias:0.0,Multiplicity:1.15
0.072	0.659	0.093	0.176
0.545	0.171	0.167	0.117
0.001	0.804	0.001	0.194
0.568	0.139	0.211	0.082
0.005	0.843	0.001	0.151
0.664	0.193	0.139	0.004
0.013	0.721	0.045	0.221
0.636	0.051	0.153	0.160
0.011	0.784	0.041	0.164
0.618	0.043	0.175	0.164
