>GAATGGAATGGA	1-GAATGGAATGGA	13.586547	-80.109283	0	T:22.0(2.37%),B:51.1(0.02%),P:1e-34	Tpos:139.6,Tstd:92.9,Bpos:18050.8,Bstd:18575.4,StrandBias:-0.4,Multiplicity:4.41
0.001	0.001	0.997	0.001
0.997	0.001	0.001	0.001
0.997	0.001	0.001	0.001
0.001	0.001	0.001	0.997
0.001	0.049	0.949	0.001
0.001	0.001	0.997	0.001
0.997	0.001	0.001	0.001
0.997	0.001	0.001	0.001
0.001	0.001	0.001	0.997
0.001	0.001	0.997	0.001
0.001	0.001	0.997	0.001
0.997	0.001	0.001	0.001
>ATGGAATCGAAT	2-ATGGAATCGAAT	11.770903	-69.512442	0	T:22.0(2.37%),B:90.6(0.04%),P:1e-30	Tpos:213.0,Tstd:113.4,Bpos:12449.6,Bstd:22961.5,StrandBias:1.3,Multiplicity:1.53
0.997	0.001	0.001	0.001
0.001	0.001	0.001	0.997
0.001	0.053	0.945	0.001
0.001	0.001	0.997	0.001
0.997	0.001	0.001	0.001
0.997	0.001	0.001	0.001
0.001	0.001	0.001	0.997
0.001	0.848	0.150	0.001
0.001	0.001	0.997	0.001
0.997	0.001	0.001	0.001
0.997	0.001	0.001	0.001
0.001	0.001	0.001	0.997
>AATGGAATCATC	3-AATGGAATCATC	14.508588	-63.513646	0	T:20.0(2.16%),B:81.7(0.03%),P:1e-27	Tpos:187.4,Tstd:120.0,Bpos:10159.6,Bstd:34483.2,StrandBias:1.3,Multiplicity:1.40
0.936	0.001	0.001	0.062
0.966	0.001	0.032	0.001
0.027	0.001	0.001	0.971
0.031	0.001	0.937	0.031
0.019	0.001	0.955	0.025
0.997	0.001	0.001	0.001
0.968	0.001	0.030	0.001
0.021	0.001	0.001	0.977
0.065	0.854	0.001	0.080
0.976	0.001	0.001	0.022
0.197	0.001	0.001	0.801
0.001	0.980	0.001	0.018
>HTKTCCCAGGNT	4-HTKTCCCAGGNT	3.691449	-51.237173	0	T:848.0(91.48%),B:188814.7(79.63%),P:1e-22	Tpos:99.8,Tstd:87.4,Bpos:10834.4,Bstd:41422.0,StrandBias:0.1,Multiplicity:1.59
0.338	0.199	0.159	0.305
0.331	0.053	0.046	0.570
0.073	0.172	0.311	0.444
0.291	0.079	0.079	0.551
0.053	0.464	0.252	0.232
0.060	0.821	0.046	0.073
0.278	0.457	0.001	0.265
0.530	0.033	0.093	0.344
0.199	0.026	0.523	0.252
0.060	0.325	0.542	0.073
0.245	0.318	0.185	0.252
0.298	0.060	0.053	0.589
>CACTCGGGTTGA	5-CACTCGGGTTGA	13.878894	-48.636246	0	T:10.0(1.08%),B:4.3(0.00%),P:1e-21	Tpos:120.9,Tstd:68.8,Bpos:927.3,Bstd:1035.0,StrandBias:1.0,Multiplicity:1.50
0.083	0.915	0.001	0.001
0.997	0.001	0.001	0.001
0.001	0.903	0.001	0.095
0.001	0.001	0.001	0.997
0.083	0.915	0.001	0.001
0.001	0.001	0.997	0.001
0.095	0.095	0.809	0.001
0.001	0.001	0.997	0.001
0.001	0.001	0.001	0.997
0.001	0.001	0.001	0.997
0.095	0.001	0.903	0.001
0.997	0.001	0.001	0.001
>TTCHTVWCHWHW	6-TTCHTVWCHWHW	1.981711	-34.464020	0	T:840.0(90.61%),B:192396.2(81.14%),P:1e-14	Tpos:112.5,Tstd:137.1,Bpos:15392.7,Bstd:58596.1,StrandBias:0.2,Multiplicity:1.55
0.041	0.250	0.126	0.583
0.001	0.001	0.001	0.997
0.084	0.667	0.083	0.166
0.251	0.375	0.001	0.374
0.375	0.001	0.001	0.623
0.249	0.376	0.291	0.084
0.539	0.001	0.001	0.459
0.001	0.626	0.332	0.041
0.415	0.294	0.001	0.290
0.458	0.001	0.001	0.540
0.375	0.374	0.001	0.250
0.458	0.001	0.001	0.540
>AATGGAATGGAA	7-AATGGAATGGAA	11.664965	-32.375420	0	T:23.0(2.48%),B:653.5(0.28%),P:1e-14	Tpos:130.6,Tstd:97.9,Bpos:14635.0,Bstd:33688.2,StrandBias:1.8,Multiplicity:2.18
0.944	0.033	0.013	0.010
0.719	0.151	0.129	0.001
0.017	0.055	0.001	0.927
0.051	0.246	0.639	0.064
0.071	0.048	0.868	0.013
0.962	0.026	0.011	0.001
0.710	0.174	0.099	0.017
0.011	0.055	0.021	0.913
0.044	0.216	0.697	0.043
0.021	0.062	0.896	0.021
0.916	0.050	0.011	0.023
0.807	0.047	0.100	0.046
>TAGATAGATAGA	8-TAGATAGATAGA	2.625881	-29.993617	0	T:897.0(96.76%),B:214545.4(90.48%),P:1e-13	Tpos:109.3,Tstd:97.4,Bpos:14652.1,Bstd:53006.3,StrandBias:-0.1,Multiplicity:3.27
0.100	0.100	0.100	0.700
0.700	0.100	0.100	0.100
0.100	0.100	0.700	0.100
0.700	0.100	0.100	0.100
0.100	0.100	0.100	0.700
0.700	0.100	0.100	0.100
0.100	0.100	0.700	0.100
0.700	0.100	0.100	0.100
0.100	0.100	0.100	0.700
0.700	0.100	0.100	0.100
0.100	0.100	0.700	0.100
0.700	0.100	0.100	0.100
>ATATTTTATGTA	9-ATATTTTATGTA	2.625881	-20.118998	0	T:889.0(95.90%),B:215249.3(90.78%),P:1e-8	Tpos:115.5,Tstd:121.1,Bpos:13373.7,Bstd:50549.6,StrandBias:0.1,Multiplicity:1.57
0.700	0.100	0.100	0.100
0.100	0.100	0.100	0.700
0.700	0.100	0.100	0.100
0.100	0.100	0.100	0.700
0.100	0.100	0.100	0.700
0.100	0.100	0.100	0.700
0.100	0.100	0.100	0.700
0.700	0.100	0.100	0.100
0.100	0.100	0.100	0.700
0.100	0.100	0.700	0.100
0.100	0.100	0.100	0.700
0.700	0.100	0.100	0.100
>TTTGATATTTTA	10-TTTGATATTTTA	1.834811	-18.723535	0	T:907.0(97.84%),B:222559.7(93.86%),P:1e-8	Tpos:110.9,Tstd:106.4,Bpos:14889.0,Bstd:58369.5,StrandBias:-0.1,Multiplicity:1.60
0.127	0.043	0.065	0.765
0.064	0.022	0.128	0.786
0.042	0.021	0.212	0.725
0.106	0.106	0.787	0.001
0.576	0.127	0.191	0.106
0.148	0.170	0.149	0.533
0.576	0.127	0.148	0.149
0.042	0.107	0.128	0.723
0.021	0.106	0.106	0.767
0.042	0.064	0.276	0.618
0.085	0.191	0.149	0.575
0.575	0.107	0.212	0.106
>TSTCTVTCTCTM	11-TSTCTVTCTCTM	4.287452	-18.104189	0	T:641.0(69.15%),B:142938.4(60.28%),P:1e-7	Tpos:95.8,Tstd:68.2,Bpos:14641.4,Bstd:53320.5,StrandBias:-0.0,Multiplicity:1.41
0.078	0.148	0.116	0.658
0.183	0.367	0.242	0.208
0.173	0.129	0.130	0.568
0.263	0.432	0.262	0.044
0.081	0.186	0.001	0.732
0.274	0.359	0.231	0.136
0.043	0.151	0.039	0.767
0.146	0.607	0.129	0.118
0.130	0.105	0.001	0.764
0.215	0.437	0.227	0.121
0.197	0.085	0.026	0.692
0.303	0.362	0.156	0.178
>TGGAATGGAATG	12-TGGAATGGAATG	8.667545	-14.393073	0	T:26.0(2.80%),B:2108.5(0.89%),P:1e-6	Tpos:138.5,Tstd:118.1,Bpos:11854.7,Bstd:35332.3,StrandBias:0.6,Multiplicity:1.85
0.146	0.166	0.028	0.660
0.098	0.321	0.503	0.078
0.100	0.097	0.661	0.142
0.716	0.131	0.040	0.113
0.658	0.128	0.112	0.102
0.096	0.103	0.096	0.705
0.098	0.231	0.569	0.102
0.121	0.133	0.654	0.092
0.869	0.028	0.031	0.072
0.746	0.144	0.039	0.071
0.154	0.057	0.068	0.721
0.112	0.283	0.540	0.065
>AAAAAAWAAAWW	13-AAAAAAWAAAWW	3.971113	-14.341345	0	T:735.0(79.29%),B:171380.1(72.28%),P:1e-6	Tpos:96.2,Tstd:74.6,Bpos:13647.4,Bstd:48483.6,StrandBias:0.0,Multiplicity:1.60
0.590	0.109	0.280	0.021
0.608	0.064	0.152	0.176
0.675	0.088	0.225	0.012
0.666	0.012	0.164	0.158
0.441	0.119	0.201	0.240
0.550	0.091	0.116	0.243
0.465	0.094	0.122	0.319
0.462	0.088	0.158	0.292
0.517	0.058	0.167	0.258
0.468	0.149	0.067	0.316
0.486	0.070	0.055	0.389
0.419	0.085	0.131	0.365
>ATGVAATAATNA	14-ATGVAATAATNA	8.915177	-6.697693	0	T:4.0(0.43%),B:114.2(0.05%),P:1e-2	Tpos:138.0,Tstd:76.9,Bpos:6247.5,Bstd:10596.7,StrandBias:1.6,Multiplicity:1.00
0.611	0.198	0.049	0.142
0.315	0.012	0.086	0.587
0.049	0.001	0.679	0.271
0.247	0.284	0.383	0.086
0.642	0.321	0.012	0.025
0.698	0.037	0.049	0.216
0.216	0.086	0.210	0.488
0.463	0.216	0.204	0.117
0.573	0.124	0.099	0.204
0.160	0.222	0.167	0.451
0.290	0.278	0.235	0.198
0.654	0.074	0.001	0.271
>CYCTCTVTCTVT	15-CYCTCTVTCTVT	2.278083	-5.895036	0	T:503.0(54.26%),B:117707.8(49.64%),P:1e-2	Tpos:93.8,Tstd:61.4,Bpos:14133.2,Bstd:50150.1,StrandBias:0.4,Multiplicity:1.52
0.111	0.695	0.193	0.001
0.003	0.562	0.001	0.434
0.231	0.464	0.302	0.004
0.001	0.072	0.001	0.926
0.233	0.627	0.078	0.062
0.003	0.001	0.002	0.994
0.357	0.256	0.386	0.001
0.001	0.001	0.307	0.691
0.172	0.777	0.050	0.001
0.080	0.001	0.104	0.815
0.319	0.365	0.238	0.078
0.001	0.060	0.001	0.938
>WTBTCWTGCMTT	16-WTBTCWTGCMTT	10.908808	-1.379355	0	T:6.0(0.65%),B:1081.6(0.46%),P:1e0	Tpos:76.4,Tstd:48.6,Bpos:11789.5,Bstd:37223.4,StrandBias:0.6,Multiplicity:1.00
0.499	0.001	0.001	0.499
0.372	0.002	0.001	0.625
0.001	0.378	0.377	0.244
0.001	0.130	0.002	0.867
0.001	0.752	0.122	0.125
0.369	0.125	0.001	0.505
0.244	0.001	0.002	0.753
0.122	0.002	0.873	0.003
0.122	0.629	0.127	0.122
0.372	0.505	0.001	0.122
0.001	0.001	0.001	0.997
0.122	0.001	0.128	0.749
>NNNNNNNNNNNN	17-NNNNNNNNNNNN	-nan	0.000000	0	T:0.0(0.00%),B:0.0(0.00%),P:1e0	Tpos:0.0,Tstd:0.0,Bpos:0.0,Bstd:0.0,StrandBias:0.0,Multiplicity:1.00
-nan	-nan	-nan	-nan
-nan	-nan	-nan	-nan
-nan	-nan	-nan	-nan
-nan	-nan	-nan	-nan
-nan	-nan	-nan	-nan
-nan	-nan	-nan	-nan
-nan	-nan	-nan	-nan
-nan	-nan	-nan	-nan
-nan	-nan	-nan	-nan
-nan	-nan	-nan	-nan
-nan	-nan	-nan	-nan
-nan	-nan	-nan	-nan
>NNNNNNNNNNNN	18-NNNNNNNNNNNN	-nan	0.000000	0	T:0.0(0.00%),B:0.0(0.00%),P:1e0	Tpos:0.0,Tstd:0.0,Bpos:0.0,Bstd:0.0,StrandBias:0.0,Multiplicity:1.00
-nan	-nan	-nan	-nan
-nan	-nan	-nan	-nan
-nan	-nan	-nan	-nan
-nan	-nan	-nan	-nan
-nan	-nan	-nan	-nan
-nan	-nan	-nan	-nan
-nan	-nan	-nan	-nan
-nan	-nan	-nan	-nan
-nan	-nan	-nan	-nan
-nan	-nan	-nan	-nan
-nan	-nan	-nan	-nan
-nan	-nan	-nan	-nan
>NNNNNNNNNNNN	19-NNNNNNNNNNNN	-nan	0.000000	0	T:0.0(0.00%),B:0.0(0.00%),P:1e0	Tpos:0.0,Tstd:0.0,Bpos:0.0,Bstd:0.0,StrandBias:0.0,Multiplicity:1.00
-nan	-nan	-nan	-nan
-nan	-nan	-nan	-nan
-nan	-nan	-nan	-nan
-nan	-nan	-nan	-nan
-nan	-nan	-nan	-nan
-nan	-nan	-nan	-nan
-nan	-nan	-nan	-nan
-nan	-nan	-nan	-nan
-nan	-nan	-nan	-nan
-nan	-nan	-nan	-nan
-nan	-nan	-nan	-nan
-nan	-nan	-nan	-nan
>NNNNNNNNNNNN	20-NNNNNNNNNNNN	-nan	0.000000	0	T:0.0(0.00%),B:0.0(0.00%),P:1e0	Tpos:0.0,Tstd:0.0,Bpos:0.0,Bstd:0.0,StrandBias:0.0,Multiplicity:1.00
-nan	-nan	-nan	-nan
-nan	-nan	-nan	-nan
-nan	-nan	-nan	-nan
-nan	-nan	-nan	-nan
-nan	-nan	-nan	-nan
-nan	-nan	-nan	-nan
-nan	-nan	-nan	-nan
-nan	-nan	-nan	-nan
-nan	-nan	-nan	-nan
-nan	-nan	-nan	-nan
-nan	-nan	-nan	-nan
-nan	-nan	-nan	-nan
>NNNNNNNNNNNN	21-NNNNNNNNNNNN	-nan	0.000000	0	T:0.0(0.00%),B:0.0(0.00%),P:1e0	Tpos:0.0,Tstd:0.0,Bpos:0.0,Bstd:0.0,StrandBias:0.0,Multiplicity:1.00
-nan	-nan	-nan	-nan
-nan	-nan	-nan	-nan
-nan	-nan	-nan	-nan
-nan	-nan	-nan	-nan
-nan	-nan	-nan	-nan
-nan	-nan	-nan	-nan
-nan	-nan	-nan	-nan
-nan	-nan	-nan	-nan
-nan	-nan	-nan	-nan
-nan	-nan	-nan	-nan
-nan	-nan	-nan	-nan
-nan	-nan	-nan	-nan
>NNNNNNNNNNNN	22-NNNNNNNNNNNN	-nan	0.000000	0	T:0.0(0.00%),B:0.0(0.00%),P:1e0	Tpos:0.0,Tstd:0.0,Bpos:0.0,Bstd:0.0,StrandBias:0.0,Multiplicity:1.00
-nan	-nan	-nan	-nan
-nan	-nan	-nan	-nan
-nan	-nan	-nan	-nan
-nan	-nan	-nan	-nan
-nan	-nan	-nan	-nan
-nan	-nan	-nan	-nan
-nan	-nan	-nan	-nan
-nan	-nan	-nan	-nan
-nan	-nan	-nan	-nan
-nan	-nan	-nan	-nan
-nan	-nan	-nan	-nan
-nan	-nan	-nan	-nan
>NNNNNNNNNNNN	23-NNNNNNNNNNNN	-nan	0.000000	0	T:0.0(0.00%),B:0.0(0.00%),P:1e0	Tpos:0.0,Tstd:0.0,Bpos:0.0,Bstd:0.0,StrandBias:0.0,Multiplicity:1.00
-nan	-nan	-nan	-nan
-nan	-nan	-nan	-nan
-nan	-nan	-nan	-nan
-nan	-nan	-nan	-nan
-nan	-nan	-nan	-nan
-nan	-nan	-nan	-nan
-nan	-nan	-nan	-nan
-nan	-nan	-nan	-nan
-nan	-nan	-nan	-nan
-nan	-nan	-nan	-nan
-nan	-nan	-nan	-nan
-nan	-nan	-nan	-nan
>NNNNNNNNNNNN	24-NNNNNNNNNNNN	-nan	0.000000	0	T:0.0(0.00%),B:0.0(0.00%),P:1e0	Tpos:0.0,Tstd:0.0,Bpos:0.0,Bstd:0.0,StrandBias:0.0,Multiplicity:1.00
-nan	-nan	-nan	-nan
-nan	-nan	-nan	-nan
-nan	-nan	-nan	-nan
-nan	-nan	-nan	-nan
-nan	-nan	-nan	-nan
-nan	-nan	-nan	-nan
-nan	-nan	-nan	-nan
-nan	-nan	-nan	-nan
-nan	-nan	-nan	-nan
-nan	-nan	-nan	-nan
-nan	-nan	-nan	-nan
-nan	-nan	-nan	-nan
>NNNNNNNNNNNN	25-NNNNNNNNNNNN	-nan	0.000000	0	T:0.0(0.00%),B:0.0(0.00%),P:1e0	Tpos:0.0,Tstd:0.0,Bpos:0.0,Bstd:0.0,StrandBias:0.0,Multiplicity:1.00
-nan	-nan	-nan	-nan
-nan	-nan	-nan	-nan
-nan	-nan	-nan	-nan
-nan	-nan	-nan	-nan
-nan	-nan	-nan	-nan
-nan	-nan	-nan	-nan
-nan	-nan	-nan	-nan
-nan	-nan	-nan	-nan
-nan	-nan	-nan	-nan
-nan	-nan	-nan	-nan
-nan	-nan	-nan	-nan
-nan	-nan	-nan	-nan
