>CGAGTGGAAT	1-CGAGTGGAAT	12.619282	-49.708525	0	T:14.0(1.51%),B:38.4(0.02%),P:1e-21	Tpos:115.7,Tstd:81.9,Bpos:9538.6,Bstd:20311.2,StrandBias:-0.6,Multiplicity:1.64
0.001	0.805	0.193	0.001
0.001	0.001	0.997	0.001
0.975	0.001	0.001	0.023
0.294	0.099	0.606	0.001
0.001	0.113	0.001	0.885
0.077	0.128	0.794	0.001
0.001	0.001	0.997	0.001
0.997	0.001	0.001	0.001
0.932	0.066	0.001	0.001
0.001	0.064	0.001	0.934
>TCWGTGWSWT	2-TCWGTGWSWT	-3.936246	-49.144745	0	T:872.0(94.07%),B:198282.4(83.62%),P:1e-21	Tpos:105.8,Tstd:109.6,Bpos:13693.8,Bstd:53791.6,StrandBias:0.2,Multiplicity:1.49
0.259	0.001	0.001	0.739
0.259	0.739	0.001	0.001
0.479	0.001	0.001	0.519
0.001	0.001	0.997	0.001
0.001	0.001	0.001	0.997
0.001	0.238	0.760	0.001
0.478	0.001	0.001	0.520
0.001	0.479	0.519	0.001
0.498	0.001	0.001	0.500
0.001	0.001	0.001	0.997
>ATTCCATTCG	3-ATTCCATTCG	10.160589	-43.832230	0	T:14.0(1.51%),B:62.5(0.03%),P:1e-19	Tpos:207.2,Tstd:132.4,Bpos:11311.1,Bstd:26209.4,StrandBias:-2.2,Multiplicity:3.14
0.767	0.063	0.124	0.046
0.099	0.107	0.113	0.681
0.053	0.065	0.129	0.753
0.057	0.817	0.080	0.046
0.060	0.477	0.312	0.151
0.668	0.090	0.194	0.048
0.064	0.090	0.280	0.566
0.063	0.071	0.117	0.749
0.020	0.881	0.068	0.031
0.038	0.309	0.645	0.008
>ATCGAATGGA	4-ATCGAATGGA	8.561085	-30.139043	0	T:25.0(2.70%),B:890.4(0.38%),P:1e-13	Tpos:166.0,Tstd:126.9,Bpos:14211.2,Bstd:43735.9,StrandBias:1.8,Multiplicity:2.12
0.632	0.134	0.117	0.117
0.112	0.068	0.074	0.746
0.015	0.683	0.232	0.070
0.040	0.080	0.830	0.050
0.737	0.093	0.112	0.058
0.647	0.101	0.128	0.124
0.073	0.148	0.092	0.687
0.113	0.195	0.583	0.109
0.163	0.136	0.639	0.062
0.817	0.093	0.024	0.066
>TTWSWTTCWK	5-TTWSWTTCWK	0.237887	-29.835843	0	T:881.0(95.04%),B:208499.4(87.93%),P:1e-12	Tpos:102.0,Tstd:100.5,Bpos:14277.9,Bstd:55946.4,StrandBias:0.1,Multiplicity:1.52
0.001	0.336	0.001	0.662
0.114	0.229	0.111	0.546
0.447	0.001	0.001	0.551
0.001	0.551	0.447	0.001
0.557	0.001	0.001	0.441
0.001	0.001	0.001	0.997
0.332	0.001	0.001	0.666
0.001	0.778	0.001	0.220
0.445	0.001	0.001	0.553
0.221	0.001	0.447	0.331
>WAAAARAAWW	6-WAAAARAAWW	3.655229	-28.914902	0	T:843.0(90.94%),B:195736.7(82.55%),P:1e-12	Tpos:97.5,Tstd:82.5,Bpos:14903.0,Bstd:57188.2,StrandBias:-0.1,Multiplicity:1.45
0.393	0.146	0.194	0.267
0.543	0.236	0.220	0.001
0.687	0.001	0.311	0.001
0.490	0.184	0.325	0.001
0.457	0.001	0.282	0.260
0.406	0.208	0.386	0.001
0.570	0.001	0.297	0.132
0.453	0.156	0.225	0.166
0.385	0.128	0.208	0.279
0.407	0.095	0.206	0.293
>TGGAGCCCAG	7-TGGAGCCCAG	2.512553	-28.093035	0	T:907.0(97.84%),B:219311.6(92.49%),P:1e-12	Tpos:110.0,Tstd:112.2,Bpos:9813.8,Bstd:38670.1,StrandBias:-0.0,Multiplicity:1.80
0.100	0.100	0.100	0.700
0.100	0.100	0.700	0.100
0.100	0.100	0.700	0.100
0.700	0.100	0.100	0.100
0.100	0.100	0.700	0.100
0.100	0.700	0.100	0.100
0.100	0.700	0.100	0.100
0.100	0.700	0.100	0.100
0.700	0.100	0.100	0.100
0.100	0.100	0.700	0.100
>GAATGGAATG	8-GAATGGAATG	13.660111	-25.822263	0	T:19.0(2.05%),B:580.1(0.24%),P:1e-11	Tpos:136.9,Tstd:81.2,Bpos:15851.0,Bstd:22523.6,StrandBias:-0.5,Multiplicity:12.59
0.001	0.001	0.997	0.001
0.997	0.001	0.001	0.001
0.997	0.001	0.001	0.001
0.001	0.045	0.001	0.953
0.001	0.001	0.997	0.001
0.001	0.001	0.997	0.001
0.997	0.001	0.001	0.001
0.997	0.001	0.001	0.001
0.001	0.046	0.001	0.952
0.001	0.079	0.919	0.001
>TTTACATCTA	9-TTTACATCTA	-3.191689	-25.727300	0	T:853.0(92.02%),B:200445.7(84.54%),P:1e-11	Tpos:105.5,Tstd:89.9,Bpos:14244.0,Bstd:54094.5,StrandBias:-0.0,Multiplicity:1.52
0.375	0.001	0.001	0.623
0.004	0.001	0.001	0.994
0.370	0.005	0.004	0.621
0.993	0.001	0.001	0.005
0.250	0.620	0.129	0.001
0.627	0.250	0.001	0.122
0.001	0.001	0.001	0.997
0.004	0.994	0.001	0.001
0.254	0.001	0.001	0.744
0.618	0.001	0.001	0.380
>GAAATATTGA	10-GAAATATTGA	-5.421132	-24.653558	0	T:673.0(72.60%),B:147576.4(62.24%),P:1e-10	Tpos:105.1,Tstd:105.5,Bpos:14351.8,Bstd:51927.5,StrandBias:0.0,Multiplicity:1.70
0.001	0.001	0.997	0.001
0.923	0.038	0.038	0.001
0.997	0.001	0.001	0.001
0.997	0.001	0.001	0.001
0.113	0.001	0.037	0.849
0.997	0.001	0.001	0.001
0.001	0.001	0.001	0.997
0.001	0.001	0.001	0.997
0.001	0.001	0.997	0.001
0.997	0.001	0.001	0.001
>CACACACACA	11-CACACACACA	2.512553	-24.004233	0	T:904.0(97.52%),B:219458.5(92.55%),P:1e-10	Tpos:113.1,Tstd:121.4,Bpos:10905.5,Bstd:43079.1,StrandBias:-0.1,Multiplicity:1.94
0.100	0.700	0.100	0.100
0.700	0.100	0.100	0.100
0.100	0.700	0.100	0.100
0.700	0.100	0.100	0.100
0.100	0.700	0.100	0.100
0.700	0.100	0.100	0.100
0.100	0.700	0.100	0.100
0.700	0.100	0.100	0.100
0.100	0.700	0.100	0.100
0.700	0.100	0.100	0.100
>AGAGGGAGAG	12-AGAGGGAGAG	2.512553	-23.263243	0	T:921.0(99.35%),B:227348.0(95.88%),P:1e-10	Tpos:112.5,Tstd:111.5,Bpos:9532.0,Bstd:38646.7,StrandBias:-0.2,Multiplicity:2.07
0.700	0.100	0.100	0.100
0.100	0.100	0.700	0.100
0.700	0.100	0.100	0.100
0.100	0.100	0.700	0.100
0.100	0.100	0.700	0.100
0.100	0.100	0.700	0.100
0.700	0.100	0.100	0.100
0.100	0.100	0.700	0.100
0.700	0.100	0.100	0.100
0.100	0.100	0.700	0.100
>ATTCCATTCC	13-ATTCCATTCC	9.673927	-23.018014	0	T:18.0(1.94%),B:606.5(0.26%),P:1e-9	Tpos:245.0,Tstd:6.0,Bpos:0.0,Bstd:0.0,StrandBias:0.0,Multiplicity:1.00
0.520	0.166	0.164	0.150
0.141	0.100	0.012	0.747
0.024	0.121	0.028	0.827
0.129	0.589	0.125	0.157
0.163	0.701	0.020	0.116
0.805	0.146	0.001	0.048
0.105	0.142	0.134	0.619
0.185	0.097	0.112	0.606
0.083	0.701	0.082	0.134
0.295	0.540	0.007	0.158
>CHWTTCMATT	14-CHWTTCMATT	4.950416	-22.525218	0	T:633.0(68.28%),B:137956.5(58.18%),P:1e-9	Tpos:99.0,Tstd:70.7,Bpos:13675.4,Bstd:50780.6,StrandBias:0.3,Multiplicity:1.54
0.112	0.595	0.067	0.226
0.341	0.392	0.001	0.266
0.482	0.132	0.054	0.332
0.001	0.033	0.001	0.965
0.011	0.221	0.085	0.683
0.055	0.764	0.088	0.093
0.465	0.529	0.001	0.005
0.557	0.180	0.019	0.244
0.200	0.229	0.130	0.440
0.267	0.251	0.001	0.481
>WWWTTTTTWW	15-WWWTTTTTWW	4.296786	-15.906686	0	T:712.0(76.81%),B:163859.4(69.11%),P:1e-6	Tpos:104.0,Tstd:83.2,Bpos:13799.5,Bstd:49384.8,StrandBias:0.1,Multiplicity:1.61
0.424	0.088	0.088	0.399
0.340	0.123	0.131	0.407
0.293	0.150	0.119	0.438
0.142	0.200	0.159	0.499
0.223	0.173	0.057	0.547
0.215	0.209	0.001	0.575
0.001	0.239	0.001	0.759
0.023	0.284	0.001	0.692
0.415	0.153	0.001	0.431
0.405	0.138	0.031	0.426
>AATGGAATSG	16-AATGGAATSG	10.726275	-14.584231	0	T:26.0(2.80%),B:2086.7(0.88%),P:1e-6	Tpos:180.6,Tstd:120.3,Bpos:11649.5,Bstd:44252.9,StrandBias:1.0,Multiplicity:1.65
0.891	0.055	0.020	0.034
0.862	0.027	0.088	0.023
0.024	0.092	0.005	0.879
0.034	0.101	0.770	0.095
0.051	0.030	0.902	0.017
0.941	0.033	0.001	0.025
0.840	0.040	0.104	0.016
0.023	0.091	0.016	0.870
0.062	0.364	0.480	0.094
0.370	0.044	0.572	0.014
>ATAWCTGTAW	17-ATAWCTGTAW	-0.104898	-12.528638	0	T:761.0(82.09%),B:180018.8(75.92%),P:1e-5	Tpos:114.8,Tstd:114.7,Bpos:15344.3,Bstd:54926.2,StrandBias:0.2,Multiplicity:1.66
0.727	0.001	0.001	0.271
0.001	0.001	0.001	0.997
0.727	0.001	0.001	0.271
0.540	0.001	0.001	0.458
0.179	0.731	0.089	0.001
0.275	0.001	0.001	0.723
0.272	0.001	0.455	0.272
0.275	0.001	0.001	0.723
0.997	0.001	0.001	0.001
0.547	0.001	0.001	0.451
>WTTHMAAWTT	18-WTTHMAAWTT	4.307265	-10.171230	0	T:649.0(70.01%),B:151239.4(63.78%),P:1e-4	Tpos:102.0,Tstd:82.1,Bpos:14665.7,Bstd:50369.6,StrandBias:0.2,Multiplicity:1.79
0.416	0.001	0.122	0.461
0.222	0.011	0.178	0.589
0.211	0.217	0.133	0.439
0.311	0.283	0.133	0.272
0.372	0.250	0.167	0.211
0.489	0.278	0.006	0.228
0.572	0.178	0.006	0.244
0.549	0.001	0.001	0.449
0.300	0.001	0.094	0.605
0.194	0.001	0.216	0.589
>TGGAATGGAA	19-TGGAATGGAA	3.974041	-8.935748	0	T:521.0(56.20%),B:118917.2(50.15%),P:1e-3	Tpos:105.4,Tstd:81.1,Bpos:15254.2,Bstd:57522.5,StrandBias:0.1,Multiplicity:1.82
0.038	0.101	0.034	0.827
0.072	0.183	0.651	0.094
0.088	0.018	0.850	0.044
0.806	0.066	0.046	0.082
0.808	0.073	0.078	0.041
0.022	0.169	0.081	0.728
0.087	0.097	0.772	0.044
0.043	0.037	0.846	0.074
0.923	0.017	0.033	0.027
0.798	0.064	0.067	0.071
>AATGGAATNR	20-AATGGAATNR	8.591634	-7.974363	0	T:31.0(3.34%),B:3991.1(1.68%),P:1e-3	Tpos:123.0,Tstd:94.4,Bpos:15598.2,Bstd:55221.0,StrandBias:1.6,Multiplicity:1.00
0.868	0.083	0.001	0.048
0.607	0.097	0.247	0.049
0.048	0.001	0.141	0.810
0.097	0.001	0.805	0.097
0.160	0.001	0.693	0.146
0.936	0.001	0.062	0.001
0.834	0.001	0.066	0.099
0.198	0.160	0.224	0.418
0.231	0.208	0.317	0.244
0.271	0.051	0.416	0.262
>AACATTTCTT	21-AACATTTCTT	0.566642	-0.702605	0	T:927.0(100.00%),B:236934.8(99.92%),P:1e0	Tpos:103.2,Tstd:59.5,Bpos:10876.7,Bstd:41007.3,StrandBias:-0.7,Multiplicity:1.00
0.700	0.100	0.100	0.100
0.700	0.100	0.100	0.100
0.100	0.700	0.100	0.100
0.700	0.100	0.100	0.100
0.100	0.100	0.100	0.700
0.100	0.100	0.100	0.700
0.100	0.100	0.100	0.700
0.100	0.700	0.100	0.100
0.100	0.100	0.100	0.700
0.100	0.100	0.100	0.700
>ATCAGCAAAA	22-ATCAGCAAAA	0.566642	-0.152186	0	T:927.0(100.00%),B:237075.7(99.98%),P:1e0	Tpos:110.7,Tstd:126.3,Bpos:12998.5,Bstd:50279.3,StrandBias:0.0,Multiplicity:1.86
0.700	0.100	0.100	0.100
0.100	0.100	0.100	0.700
0.100	0.700	0.100	0.100
0.700	0.100	0.100	0.100
0.100	0.100	0.700	0.100
0.100	0.700	0.100	0.100
0.700	0.100	0.100	0.100
0.700	0.100	0.100	0.100
0.700	0.100	0.100	0.100
0.700	0.100	0.100	0.100
>GGSCRGSGGS	23-GGSCRGSGGS	11.064319	-0.000188	0	T:5.0(0.54%),B:4317.8(1.82%),P:1e0	Tpos:56.0,Tstd:31.0,Bpos:5546.2,Bstd:13389.0,StrandBias:-10.0,Multiplicity:1.00
0.001	0.001	0.997	0.001
0.001	0.001	0.997	0.001
0.001	0.499	0.499	0.001
0.001	0.997	0.001	0.001
0.499	0.001	0.499	0.001
0.001	0.001	0.997	0.001
0.001	0.499	0.499	0.001
0.001	0.001	0.997	0.001
0.001	0.001	0.997	0.001
0.001	0.499	0.499	0.001
>GAAATTAAAA	24-GAAATTAAAA	8.350283	-0.000006	0	T:59.0(6.36%),B:24754.6(10.44%),P:1e0	Tpos:22.0,Tstd:0.0,Bpos:10570.0,Bstd:32500.1,StrandBias:10.0,Multiplicity:1.00
0.100	0.100	0.700	0.100
0.700	0.100	0.100	0.100
0.700	0.100	0.100	0.100
0.700	0.100	0.100	0.100
0.100	0.100	0.100	0.700
0.100	0.100	0.100	0.700
0.700	0.100	0.100	0.100
0.700	0.100	0.100	0.100
0.700	0.100	0.100	0.100
0.700	0.100	0.100	0.100
>TTGATATTTT	25-TTGATATTTT	-3.325178	0.000000	0	T:927.0(100.00%),B:237114.5(100.00%),P:1e0	Tpos:106.1,Tstd:91.2,Bpos:13868.1,Bstd:54211.9,StrandBias:-0.0,Multiplicity:1.50
0.100	0.100	0.100	0.700
0.100	0.100	0.100	0.700
0.100	0.100	0.700	0.100
0.700	0.100	0.100	0.100
0.100	0.100	0.100	0.700
0.700	0.100	0.100	0.100
0.100	0.100	0.100	0.700
0.100	0.100	0.100	0.700
0.100	0.100	0.100	0.700
0.100	0.100	0.100	0.700
>GAATGGAATGGA	1-GAATGGAATGGA	13.586547	-80.109283	0	T:22.0(2.37%),B:51.1(0.02%),P:1e-34	Tpos:139.6,Tstd:92.9,Bpos:18050.8,Bstd:18575.4,StrandBias:-0.4,Multiplicity:4.41
0.001	0.001	0.997	0.001
0.997	0.001	0.001	0.001
0.997	0.001	0.001	0.001
0.001	0.001	0.001	0.997
0.001	0.049	0.949	0.001
0.001	0.001	0.997	0.001
0.997	0.001	0.001	0.001
0.997	0.001	0.001	0.001
0.001	0.001	0.001	0.997
0.001	0.001	0.997	0.001
0.001	0.001	0.997	0.001
0.997	0.001	0.001	0.001
>ATGGAATCGAAT	2-ATGGAATCGAAT	11.770903	-69.512442	0	T:22.0(2.37%),B:90.6(0.04%),P:1e-30	Tpos:213.0,Tstd:113.4,Bpos:12449.6,Bstd:22961.5,StrandBias:1.3,Multiplicity:1.53
0.997	0.001	0.001	0.001
0.001	0.001	0.001	0.997
0.001	0.053	0.945	0.001
0.001	0.001	0.997	0.001
0.997	0.001	0.001	0.001
0.997	0.001	0.001	0.001
0.001	0.001	0.001	0.997
0.001	0.848	0.150	0.001
0.001	0.001	0.997	0.001
0.997	0.001	0.001	0.001
0.997	0.001	0.001	0.001
0.001	0.001	0.001	0.997
>AATGGAATCATC	3-AATGGAATCATC	14.508588	-63.513646	0	T:20.0(2.16%),B:81.7(0.03%),P:1e-27	Tpos:187.4,Tstd:120.0,Bpos:10159.6,Bstd:34483.2,StrandBias:1.3,Multiplicity:1.40
0.936	0.001	0.001	0.062
0.966	0.001	0.032	0.001
0.027	0.001	0.001	0.971
0.031	0.001	0.937	0.031
0.019	0.001	0.955	0.025
0.997	0.001	0.001	0.001
0.968	0.001	0.030	0.001
0.021	0.001	0.001	0.977
0.065	0.854	0.001	0.080
0.976	0.001	0.001	0.022
0.197	0.001	0.001	0.801
0.001	0.980	0.001	0.018
>HTKTCCCAGGNT	4-HTKTCCCAGGNT	3.691449	-51.237173	0	T:848.0(91.48%),B:188814.7(79.63%),P:1e-22	Tpos:99.8,Tstd:87.4,Bpos:10834.4,Bstd:41422.0,StrandBias:0.1,Multiplicity:1.59
0.338	0.199	0.159	0.305
0.331	0.053	0.046	0.570
0.073	0.172	0.311	0.444
0.291	0.079	0.079	0.551
0.053	0.464	0.252	0.232
0.060	0.821	0.046	0.073
0.278	0.457	0.001	0.265
0.530	0.033	0.093	0.344
0.199	0.026	0.523	0.252
0.060	0.325	0.542	0.073
0.245	0.318	0.185	0.252
0.298	0.060	0.053	0.589
>CACTCGGGTTGA	5-CACTCGGGTTGA	13.878894	-48.636246	0	T:10.0(1.08%),B:4.3(0.00%),P:1e-21	Tpos:120.9,Tstd:68.8,Bpos:927.3,Bstd:1035.0,StrandBias:1.0,Multiplicity:1.50
0.083	0.915	0.001	0.001
0.997	0.001	0.001	0.001
0.001	0.903	0.001	0.095
0.001	0.001	0.001	0.997
0.083	0.915	0.001	0.001
0.001	0.001	0.997	0.001
0.095	0.095	0.809	0.001
0.001	0.001	0.997	0.001
0.001	0.001	0.001	0.997
0.001	0.001	0.001	0.997
0.095	0.001	0.903	0.001
0.997	0.001	0.001	0.001
>TTCHTVWCHWHW	6-TTCHTVWCHWHW	1.981711	-34.464020	0	T:840.0(90.61%),B:192396.2(81.14%),P:1e-14	Tpos:112.5,Tstd:137.1,Bpos:15392.7,Bstd:58596.1,StrandBias:0.2,Multiplicity:1.55
0.041	0.250	0.126	0.583
0.001	0.001	0.001	0.997
0.084	0.667	0.083	0.166
0.251	0.375	0.001	0.374
0.375	0.001	0.001	0.623
0.249	0.376	0.291	0.084
0.539	0.001	0.001	0.459
0.001	0.626	0.332	0.041
0.415	0.294	0.001	0.290
0.458	0.001	0.001	0.540
0.375	0.374	0.001	0.250
0.458	0.001	0.001	0.540
>AATGGAATGGAA	7-AATGGAATGGAA	11.664965	-32.375420	0	T:23.0(2.48%),B:653.5(0.28%),P:1e-14	Tpos:130.6,Tstd:97.9,Bpos:14635.0,Bstd:33688.2,StrandBias:1.8,Multiplicity:2.18
0.944	0.033	0.013	0.010
0.719	0.151	0.129	0.001
0.017	0.055	0.001	0.927
0.051	0.246	0.639	0.064
0.071	0.048	0.868	0.013
0.962	0.026	0.011	0.001
0.710	0.174	0.099	0.017
0.011	0.055	0.021	0.913
0.044	0.216	0.697	0.043
0.021	0.062	0.896	0.021
0.916	0.050	0.011	0.023
0.807	0.047	0.100	0.046
>TAGATAGATAGA	8-TAGATAGATAGA	2.625881	-29.993617	0	T:897.0(96.76%),B:214545.4(90.48%),P:1e-13	Tpos:109.3,Tstd:97.4,Bpos:14652.1,Bstd:53006.3,StrandBias:-0.1,Multiplicity:3.27
0.100	0.100	0.100	0.700
0.700	0.100	0.100	0.100
0.100	0.100	0.700	0.100
0.700	0.100	0.100	0.100
0.100	0.100	0.100	0.700
0.700	0.100	0.100	0.100
0.100	0.100	0.700	0.100
0.700	0.100	0.100	0.100
0.100	0.100	0.100	0.700
0.700	0.100	0.100	0.100
0.100	0.100	0.700	0.100
0.700	0.100	0.100	0.100
>ATATTTTATGTA	9-ATATTTTATGTA	2.625881	-20.118998	0	T:889.0(95.90%),B:215249.3(90.78%),P:1e-8	Tpos:115.5,Tstd:121.1,Bpos:13373.7,Bstd:50549.6,StrandBias:0.1,Multiplicity:1.57
0.700	0.100	0.100	0.100
0.100	0.100	0.100	0.700
0.700	0.100	0.100	0.100
0.100	0.100	0.100	0.700
0.100	0.100	0.100	0.700
0.100	0.100	0.100	0.700
0.100	0.100	0.100	0.700
0.700	0.100	0.100	0.100
0.100	0.100	0.100	0.700
0.100	0.100	0.700	0.100
0.100	0.100	0.100	0.700
0.700	0.100	0.100	0.100
>TTTGATATTTTA	10-TTTGATATTTTA	1.834811	-18.723535	0	T:907.0(97.84%),B:222559.7(93.86%),P:1e-8	Tpos:110.9,Tstd:106.4,Bpos:14889.0,Bstd:58369.5,StrandBias:-0.1,Multiplicity:1.60
0.127	0.043	0.065	0.765
0.064	0.022	0.128	0.786
0.042	0.021	0.212	0.725
0.106	0.106	0.787	0.001
0.576	0.127	0.191	0.106
0.148	0.170	0.149	0.533
0.576	0.127	0.148	0.149
0.042	0.107	0.128	0.723
0.021	0.106	0.106	0.767
0.042	0.064	0.276	0.618
0.085	0.191	0.149	0.575
0.575	0.107	0.212	0.106
>TSTCTVTCTCTM	11-TSTCTVTCTCTM	4.287452	-18.104189	0	T:641.0(69.15%),B:142938.4(60.28%),P:1e-7	Tpos:95.8,Tstd:68.2,Bpos:14641.4,Bstd:53320.5,StrandBias:-0.0,Multiplicity:1.41
0.078	0.148	0.116	0.658
0.183	0.367	0.242	0.208
0.173	0.129	0.130	0.568
0.263	0.432	0.262	0.044
0.081	0.186	0.001	0.732
0.274	0.359	0.231	0.136
0.043	0.151	0.039	0.767
0.146	0.607	0.129	0.118
0.130	0.105	0.001	0.764
0.215	0.437	0.227	0.121
0.197	0.085	0.026	0.692
0.303	0.362	0.156	0.178
>TGGAATGGAATG	12-TGGAATGGAATG	8.667545	-14.393073	0	T:26.0(2.80%),B:2108.5(0.89%),P:1e-6	Tpos:138.5,Tstd:118.1,Bpos:11854.7,Bstd:35332.3,StrandBias:0.6,Multiplicity:1.85
0.146	0.166	0.028	0.660
0.098	0.321	0.503	0.078
0.100	0.097	0.661	0.142
0.716	0.131	0.040	0.113
0.658	0.128	0.112	0.102
0.096	0.103	0.096	0.705
0.098	0.231	0.569	0.102
0.121	0.133	0.654	0.092
0.869	0.028	0.031	0.072
0.746	0.144	0.039	0.071
0.154	0.057	0.068	0.721
0.112	0.283	0.540	0.065
>AAAAAAWAAAWW	13-AAAAAAWAAAWW	3.971113	-14.341345	0	T:735.0(79.29%),B:171380.1(72.28%),P:1e-6	Tpos:96.2,Tstd:74.6,Bpos:13647.4,Bstd:48483.6,StrandBias:0.0,Multiplicity:1.60
0.590	0.109	0.280	0.021
0.608	0.064	0.152	0.176
0.675	0.088	0.225	0.012
0.666	0.012	0.164	0.158
0.441	0.119	0.201	0.240
0.550	0.091	0.116	0.243
0.465	0.094	0.122	0.319
0.462	0.088	0.158	0.292
0.517	0.058	0.167	0.258
0.468	0.149	0.067	0.316
0.486	0.070	0.055	0.389
0.419	0.085	0.131	0.365
>ATGVAATAATNA	14-ATGVAATAATNA	8.915177	-6.697693	0	T:4.0(0.43%),B:114.2(0.05%),P:1e-2	Tpos:138.0,Tstd:76.9,Bpos:6247.5,Bstd:10596.7,StrandBias:1.6,Multiplicity:1.00
0.611	0.198	0.049	0.142
0.315	0.012	0.086	0.587
0.049	0.001	0.679	0.271
0.247	0.284	0.383	0.086
0.642	0.321	0.012	0.025
0.698	0.037	0.049	0.216
0.216	0.086	0.210	0.488
0.463	0.216	0.204	0.117
0.573	0.124	0.099	0.204
0.160	0.222	0.167	0.451
0.290	0.278	0.235	0.198
0.654	0.074	0.001	0.271
>CYCTCTVTCTVT	15-CYCTCTVTCTVT	2.278083	-5.895036	0	T:503.0(54.26%),B:117707.8(49.64%),P:1e-2	Tpos:93.8,Tstd:61.4,Bpos:14133.2,Bstd:50150.1,StrandBias:0.4,Multiplicity:1.52
0.111	0.695	0.193	0.001
0.003	0.562	0.001	0.434
0.231	0.464	0.302	0.004
0.001	0.072	0.001	0.926
0.233	0.627	0.078	0.062
0.003	0.001	0.002	0.994
0.357	0.256	0.386	0.001
0.001	0.001	0.307	0.691
0.172	0.777	0.050	0.001
0.080	0.001	0.104	0.815
0.319	0.365	0.238	0.078
0.001	0.060	0.001	0.938
>WTBTCWTGCMTT	16-WTBTCWTGCMTT	10.908808	-1.379355	0	T:6.0(0.65%),B:1081.6(0.46%),P:1e0	Tpos:76.4,Tstd:48.6,Bpos:11789.5,Bstd:37223.4,StrandBias:0.6,Multiplicity:1.00
0.499	0.001	0.001	0.499
0.372	0.002	0.001	0.625
0.001	0.378	0.377	0.244
0.001	0.130	0.002	0.867
0.001	0.752	0.122	0.125
0.369	0.125	0.001	0.505
0.244	0.001	0.002	0.753
0.122	0.002	0.873	0.003
0.122	0.629	0.127	0.122
0.372	0.505	0.001	0.122
0.001	0.001	0.001	0.997
0.122	0.001	0.128	0.749
>NNNNNNNNNNNN	17-NNNNNNNNNNNN	-nan	0.000000	0	T:0.0(0.00%),B:0.0(0.00%),P:1e0	Tpos:0.0,Tstd:0.0,Bpos:0.0,Bstd:0.0,StrandBias:0.0,Multiplicity:1.00
-nan	-nan	-nan	-nan
-nan	-nan	-nan	-nan
-nan	-nan	-nan	-nan
-nan	-nan	-nan	-nan
-nan	-nan	-nan	-nan
-nan	-nan	-nan	-nan
-nan	-nan	-nan	-nan
-nan	-nan	-nan	-nan
-nan	-nan	-nan	-nan
-nan	-nan	-nan	-nan
-nan	-nan	-nan	-nan
-nan	-nan	-nan	-nan
>NNNNNNNNNNNN	18-NNNNNNNNNNNN	-nan	0.000000	0	T:0.0(0.00%),B:0.0(0.00%),P:1e0	Tpos:0.0,Tstd:0.0,Bpos:0.0,Bstd:0.0,StrandBias:0.0,Multiplicity:1.00
-nan	-nan	-nan	-nan
-nan	-nan	-nan	-nan
-nan	-nan	-nan	-nan
-nan	-nan	-nan	-nan
-nan	-nan	-nan	-nan
-nan	-nan	-nan	-nan
-nan	-nan	-nan	-nan
-nan	-nan	-nan	-nan
-nan	-nan	-nan	-nan
-nan	-nan	-nan	-nan
-nan	-nan	-nan	-nan
-nan	-nan	-nan	-nan
>NNNNNNNNNNNN	19-NNNNNNNNNNNN	-nan	0.000000	0	T:0.0(0.00%),B:0.0(0.00%),P:1e0	Tpos:0.0,Tstd:0.0,Bpos:0.0,Bstd:0.0,StrandBias:0.0,Multiplicity:1.00
-nan	-nan	-nan	-nan
-nan	-nan	-nan	-nan
-nan	-nan	-nan	-nan
-nan	-nan	-nan	-nan
-nan	-nan	-nan	-nan
-nan	-nan	-nan	-nan
-nan	-nan	-nan	-nan
-nan	-nan	-nan	-nan
-nan	-nan	-nan	-nan
-nan	-nan	-nan	-nan
-nan	-nan	-nan	-nan
-nan	-nan	-nan	-nan
>NNNNNNNNNNNN	20-NNNNNNNNNNNN	-nan	0.000000	0	T:0.0(0.00%),B:0.0(0.00%),P:1e0	Tpos:0.0,Tstd:0.0,Bpos:0.0,Bstd:0.0,StrandBias:0.0,Multiplicity:1.00
-nan	-nan	-nan	-nan
-nan	-nan	-nan	-nan
-nan	-nan	-nan	-nan
-nan	-nan	-nan	-nan
-nan	-nan	-nan	-nan
-nan	-nan	-nan	-nan
-nan	-nan	-nan	-nan
-nan	-nan	-nan	-nan
-nan	-nan	-nan	-nan
-nan	-nan	-nan	-nan
-nan	-nan	-nan	-nan
-nan	-nan	-nan	-nan
>NNNNNNNNNNNN	21-NNNNNNNNNNNN	-nan	0.000000	0	T:0.0(0.00%),B:0.0(0.00%),P:1e0	Tpos:0.0,Tstd:0.0,Bpos:0.0,Bstd:0.0,StrandBias:0.0,Multiplicity:1.00
-nan	-nan	-nan	-nan
-nan	-nan	-nan	-nan
-nan	-nan	-nan	-nan
-nan	-nan	-nan	-nan
-nan	-nan	-nan	-nan
-nan	-nan	-nan	-nan
-nan	-nan	-nan	-nan
-nan	-nan	-nan	-nan
-nan	-nan	-nan	-nan
-nan	-nan	-nan	-nan
-nan	-nan	-nan	-nan
-nan	-nan	-nan	-nan
>NNNNNNNNNNNN	22-NNNNNNNNNNNN	-nan	0.000000	0	T:0.0(0.00%),B:0.0(0.00%),P:1e0	Tpos:0.0,Tstd:0.0,Bpos:0.0,Bstd:0.0,StrandBias:0.0,Multiplicity:1.00
-nan	-nan	-nan	-nan
-nan	-nan	-nan	-nan
-nan	-nan	-nan	-nan
-nan	-nan	-nan	-nan
-nan	-nan	-nan	-nan
-nan	-nan	-nan	-nan
-nan	-nan	-nan	-nan
-nan	-nan	-nan	-nan
-nan	-nan	-nan	-nan
-nan	-nan	-nan	-nan
-nan	-nan	-nan	-nan
-nan	-nan	-nan	-nan
>NNNNNNNNNNNN	23-NNNNNNNNNNNN	-nan	0.000000	0	T:0.0(0.00%),B:0.0(0.00%),P:1e0	Tpos:0.0,Tstd:0.0,Bpos:0.0,Bstd:0.0,StrandBias:0.0,Multiplicity:1.00
-nan	-nan	-nan	-nan
-nan	-nan	-nan	-nan
-nan	-nan	-nan	-nan
-nan	-nan	-nan	-nan
-nan	-nan	-nan	-nan
-nan	-nan	-nan	-nan
-nan	-nan	-nan	-nan
-nan	-nan	-nan	-nan
-nan	-nan	-nan	-nan
-nan	-nan	-nan	-nan
-nan	-nan	-nan	-nan
-nan	-nan	-nan	-nan
>NNNNNNNNNNNN	24-NNNNNNNNNNNN	-nan	0.000000	0	T:0.0(0.00%),B:0.0(0.00%),P:1e0	Tpos:0.0,Tstd:0.0,Bpos:0.0,Bstd:0.0,StrandBias:0.0,Multiplicity:1.00
-nan	-nan	-nan	-nan
-nan	-nan	-nan	-nan
-nan	-nan	-nan	-nan
-nan	-nan	-nan	-nan
-nan	-nan	-nan	-nan
-nan	-nan	-nan	-nan
-nan	-nan	-nan	-nan
-nan	-nan	-nan	-nan
-nan	-nan	-nan	-nan
-nan	-nan	-nan	-nan
-nan	-nan	-nan	-nan
-nan	-nan	-nan	-nan
>NNNNNNNNNNNN	25-NNNNNNNNNNNN	-nan	0.000000	0	T:0.0(0.00%),B:0.0(0.00%),P:1e0	Tpos:0.0,Tstd:0.0,Bpos:0.0,Bstd:0.0,StrandBias:0.0,Multiplicity:1.00
-nan	-nan	-nan	-nan
-nan	-nan	-nan	-nan
-nan	-nan	-nan	-nan
-nan	-nan	-nan	-nan
-nan	-nan	-nan	-nan
-nan	-nan	-nan	-nan
-nan	-nan	-nan	-nan
-nan	-nan	-nan	-nan
-nan	-nan	-nan	-nan
-nan	-nan	-nan	-nan
-nan	-nan	-nan	-nan
-nan	-nan	-nan	-nan
>TCWSTTTA	1-TCWSTTTA	-0.611026	-39.061289	0	T:813.0(87.70%),B:181683.6(76.62%),P:1e-16	Tpos:106.6,Tstd:115.3,Bpos:15247.9,Bstd:58462.9,StrandBias:-0.1,Multiplicity:1.61
0.319	0.001	0.001	0.679
0.001	0.819	0.179	0.001
0.501	0.001	0.001	0.497
0.001	0.462	0.536	0.001
0.001	0.001	0.001	0.997
0.001	0.001	0.001	0.997
0.001	0.001	0.001	0.997
0.960	0.001	0.001	0.038
>WNCYWDBC	2-WNCYWDBC	2.971531	-38.964577	0	T:907.0(97.84%),B:215861.8(91.04%),P:1e-16	Tpos:106.2,Tstd:107.4,Bpos:10555.0,Bstd:40458.7,StrandBias:0.2,Multiplicity:1.74
0.482	0.001	0.001	0.516
0.264	0.207	0.322	0.207
0.275	0.437	0.287	0.001
0.001	0.562	0.001	0.436
0.562	0.001	0.001	0.436
0.310	0.035	0.356	0.299
0.149	0.299	0.299	0.253
0.218	0.402	0.218	0.161
>AGAAAGTT	3-AGAAAGTT	1.811922	-29.856153	0	T:857.0(92.45%),B:200024.9(84.36%),P:1e-12	Tpos:100.9,Tstd:93.3,Bpos:13965.3,Bstd:52639.0,StrandBias:-0.1,Multiplicity:1.51
0.788	0.001	0.001	0.210
0.001	0.394	0.604	0.001
0.580	0.001	0.001	0.418
0.631	0.053	0.079	0.237
0.815	0.001	0.001	0.183
0.001	0.290	0.657	0.052
0.051	0.001	0.001	0.947
0.263	0.001	0.001	0.735
>WNHWWWTT	4-WNHWWWTT	3.170228	-25.463402	0	T:817.0(88.13%),B:189000.7(79.71%),P:1e-11	Tpos:104.8,Tstd:97.7,Bpos:14022.3,Bstd:50108.4,StrandBias:0.1,Multiplicity:1.61
0.288	0.162	0.173	0.377
0.322	0.206	0.198	0.274
0.320	0.210	0.166	0.305
0.328	0.158	0.120	0.394
0.330	0.164	0.118	0.389
0.352	0.126	0.078	0.444
0.039	0.001	0.001	0.959
0.202	0.105	0.097	0.596
>NTTTWTTN	5-NTTTWTTN	2.323265	-23.693996	0	T:865.0(93.31%),B:205367.5(86.61%),P:1e-10	Tpos:108.5,Tstd:117.3,Bpos:14439.6,Bstd:54157.6,StrandBias:0.1,Multiplicity:1.56
0.328	0.208	0.179	0.285
0.196	0.074	0.210	0.520
0.175	0.170	0.237	0.419
0.187	0.215	0.184	0.414
0.349	0.103	0.093	0.455
0.258	0.112	0.132	0.498
0.139	0.153	0.222	0.486
0.304	0.263	0.160	0.273
>WWWAAAAA	6-WWWAAAAA	4.077486	-21.620932	0	T:752.0(81.12%),B:171585.0(72.36%),P:1e-9	Tpos:104.0,Tstd:81.5,Bpos:14533.1,Bstd:51759.1,StrandBias:-0.1,Multiplicity:1.71
0.399	0.023	0.104	0.474
0.279	0.140	0.153	0.429
0.354	0.149	0.088	0.409
0.646	0.156	0.091	0.107
0.880	0.001	0.048	0.071
0.782	0.001	0.001	0.216
0.659	0.001	0.126	0.214
0.574	0.001	0.204	0.221
>WWSWNAAA	7-WWSWNAAA	3.532824	-20.947935	0	T:796.0(85.87%),B:184908.8(77.98%),P:1e-9	Tpos:108.2,Tstd:100.5,Bpos:14149.9,Bstd:52702.8,StrandBias:-0.1,Multiplicity:1.47
0.444	0.041	0.088	0.427
0.397	0.093	0.148	0.362
0.137	0.397	0.368	0.098
0.503	0.130	0.001	0.366
0.251	0.287	0.265	0.197
0.532	0.131	0.089	0.248
0.672	0.066	0.016	0.246
0.533	0.034	0.091	0.342
>TTTTCTCA	8-TTTTCTCA	-4.246261	-20.196684	0	T:910.0(98.17%),B:223252.8(94.15%),P:1e-8	Tpos:98.4,Tstd:77.2,Bpos:12406.7,Bstd:48598.2,StrandBias:0.2,Multiplicity:1.78
0.332	0.001	0.001	0.666
0.001	0.001	0.001	0.997
0.001	0.001	0.001	0.997
0.001	0.001	0.001	0.997
0.001	0.997	0.001	0.001
0.001	0.001	0.001	0.997
0.001	0.997	0.001	0.001
0.666	0.001	0.001	0.332
>AAAAAAAA	9-AAAAAAAA	4.114513	-14.387734	0	T:692.0(74.65%),B:159426.7(67.24%),P:1e-6	Tpos:101.3,Tstd:71.7,Bpos:14246.5,Bstd:50299.1,StrandBias:-0.1,Multiplicity:1.63
0.614	0.043	0.140	0.203
0.627	0.001	0.143	0.229
0.636	0.043	0.120	0.201
0.628	0.066	0.077	0.229
0.533	0.054	0.238	0.175
0.473	0.115	0.203	0.209
0.634	0.060	0.143	0.163
0.665	0.074	0.135	0.126
>DGCWGVWS	10-DGCWGVWS	2.369738	-13.577572	0	T:915.0(98.71%),B:227658.8(96.01%),P:1e-5	Tpos:106.0,Tstd:111.9,Bpos:12264.6,Bstd:50143.0,StrandBias:0.1,Multiplicity:1.50
0.308	0.001	0.296	0.395
0.148	0.222	0.506	0.124
0.086	0.544	0.173	0.197
0.542	0.001	0.001	0.456
0.123	0.136	0.630	0.111
0.247	0.321	0.296	0.136
0.284	0.111	0.197	0.408
0.148	0.345	0.494	0.012
>AATGGAAT	11-AATGGAAT	-2.782043	-11.930126	0	T:566.0(61.06%),B:127787.8(53.89%),P:1e-5	Tpos:125.7,Tstd:101.5,Bpos:17272.4,Bstd:63530.0,StrandBias:0.0,Multiplicity:3.03
0.997	0.001	0.001	0.001
0.997	0.001	0.001	0.001
0.001	0.044	0.001	0.954
0.001	0.039	0.959	0.001
0.001	0.001	0.997	0.001
0.997	0.001	0.001	0.001
0.997	0.001	0.001	0.001
0.001	0.001	0.001	0.997
>GTGTGTGA	12-GTGTGTGA	2.399224	-10.549163	0	T:925.0(99.78%),B:233181.2(98.34%),P:1e-4	Tpos:109.2,Tstd:112.1,Bpos:10854.4,Bstd:42250.3,StrandBias:-0.1,Multiplicity:2.28
0.100	0.100	0.700	0.100
0.100	0.100	0.100	0.700
0.100	0.100	0.700	0.100
0.100	0.100	0.100	0.700
0.100	0.100	0.700	0.100
0.100	0.100	0.100	0.700
0.100	0.100	0.700	0.100
0.700	0.100	0.100	0.100
>TATTTCCT	13-TATTTCCT	2.189720	-8.753500	0	T:587.0(63.32%),B:136214.5(57.45%),P:1e-3	Tpos:100.3,Tstd:77.0,Bpos:13731.7,Bstd:49462.3,StrandBias:0.0,Multiplicity:1.52
0.089	0.152	0.101	0.658
0.997	0.001	0.001	0.001
0.012	0.001	0.001	0.986
0.001	0.001	0.001	0.997
0.001	0.001	0.012	0.986
0.001	0.997	0.001	0.001
0.164	0.620	0.001	0.215
0.001	0.001	0.001	0.997
>THAAAGAA	14-THAAAGAA	2.113277	-8.411690	0	T:621.0(66.99%),B:145496.1(61.36%),P:1e-3	Tpos:105.7,Tstd:92.3,Bpos:14150.4,Bstd:52090.8,StrandBias:-0.1,Multiplicity:1.49
0.308	0.083	0.003	0.606
0.303	0.305	0.083	0.308
0.997	0.001	0.001	0.001
0.997	0.001	0.001	0.001
0.696	0.001	0.302	0.001
0.001	0.001	0.997	0.001
0.997	0.001	0.001	0.001
0.997	0.001	0.001	0.001
>AATGGGGS	15-AATGGGGS	-1.115164	-8.273684	0	T:927.0(100.00%),B:235003.2(99.11%),P:1e-3	Tpos:111.3,Tstd:110.9,Bpos:11182.8,Bstd:45023.1,StrandBias:-0.1,Multiplicity:1.55
0.997	0.001	0.001	0.001
0.495	0.339	0.055	0.111
0.278	0.001	0.001	0.720
0.166	0.001	0.832	0.001
0.221	0.001	0.554	0.224
0.389	0.001	0.609	0.001
0.166	0.001	0.832	0.001
0.220	0.279	0.388	0.112
>AAAGCTCT	16-AAAGCTCT	2.399224	-6.774882	0	T:926.0(99.89%),B:234796.3(99.02%),P:1e-2	Tpos:108.9,Tstd:112.5,Bpos:12872.7,Bstd:52109.6,StrandBias:0.0,Multiplicity:2.68
0.700	0.100	0.100	0.100
0.700	0.100	0.100	0.100
0.700	0.100	0.100	0.100
0.100	0.100	0.700	0.100
0.100	0.700	0.100	0.100
0.100	0.100	0.100	0.700
0.100	0.700	0.100	0.100
0.100	0.100	0.100	0.700
>GKGSCATC	17-GKGSCATC	6.468532	-0.232884	0	T:6.0(0.65%),B:1999.5(0.84%),P:1e0	Tpos:137.0,Tstd:22.0,Bpos:6790.1,Bstd:18971.4,StrandBias:0.0,Multiplicity:1.00
0.171	0.001	0.578	0.250
0.088	0.001	0.495	0.416
0.083	0.332	0.499	0.085
0.001	0.413	0.417	0.169
0.001	0.746	0.001	0.252
0.500	0.253	0.001	0.246
0.001	0.330	0.001	0.668
0.001	0.663	0.335	0.001
>CYWGDDCH	18-CYWGDDCH	-2.115443	-0.226337	0	T:927.0(100.00%),B:237056.5(99.98%),P:1e0	Tpos:113.3,Tstd:124.4,Bpos:11174.6,Bstd:42921.4,StrandBias:-0.0,Multiplicity:1.49
0.001	0.679	0.001	0.319
0.001	0.535	0.001	0.463
0.534	0.001	0.001	0.464
0.001	0.001	0.678	0.320
0.320	0.001	0.393	0.286
0.358	0.001	0.357	0.284
0.001	0.714	0.284	0.001
0.357	0.393	0.001	0.249
>TATGGCCA	19-TATGGCCA	8.164072	-0.151796	0	T:14.0(1.51%),B:4602.7(1.94%),P:1e0	Tpos:68.0,Tstd:34.0,Bpos:13099.5,Bstd:48194.8,StrandBias:0.0,Multiplicity:1.00
0.168	0.162	0.014	0.656
0.670	0.003	0.001	0.326
0.170	0.001	0.164	0.665
0.002	0.001	0.996	0.001
0.003	0.001	0.673	0.323
0.003	0.834	0.001	0.162
0.001	0.997	0.001	0.001
0.506	0.329	0.001	0.164
>WCHCCAGN	20-WCHCCAGN	4.619418	-0.027020	0	T:8.0(0.86%),B:3649.0(1.54%),P:1e0	Tpos:119.0,Tstd:53.0,Bpos:10130.0,Bstd:36051.1,StrandBias:0.0,Multiplicity:1.00
0.354	0.230	0.021	0.396
0.167	0.479	0.188	0.166
0.333	0.313	0.104	0.250
0.250	0.417	0.083	0.250
0.229	0.584	0.021	0.166
0.645	0.001	0.001	0.353
0.208	0.146	0.500	0.146
0.188	0.292	0.209	0.312
>CWCARAGG	21-CWCARAGG	6.123293	-0.004266	0	T:108.0(11.65%),B:34551.2(14.57%),P:1e0	Tpos:67.0,Tstd:64.0,Bpos:10465.9,Bstd:44798.9,StrandBias:-10.0,Multiplicity:1.00
0.001	0.597	0.401	0.001
0.402	0.211	0.001	0.386
0.210	0.403	0.193	0.193
0.997	0.001	0.001	0.001
0.386	0.226	0.386	0.001
0.612	0.001	0.194	0.193
0.017	0.001	0.579	0.403
0.001	0.208	0.790	0.001
>SCCATTGC	22-SCCATTGC	6.089470	-0.000708	0	T:135.0(14.56%),B:43805.9(18.47%),P:1e0	Tpos:121.7,Tstd:63.4,Bpos:10365.6,Bstd:35815.5,StrandBias:1.0,Multiplicity:1.00
0.001	0.420	0.386	0.193
0.197	0.801	0.001	0.001
0.001	0.801	0.001	0.197
0.608	0.193	0.001	0.198
0.001	0.001	0.415	0.583
0.001	0.192	0.001	0.806
0.001	0.193	0.613	0.193
0.193	0.580	0.226	0.001
>CCCATCTG	23-CCCATCTG	9.855935	-0.000592	0	T:7.0(0.76%),B:4785.6(2.02%),P:1e0	Tpos:35.0,Tstd:0.0,Bpos:9230.8,Bstd:26278.0,StrandBias:-10.0,Multiplicity:1.00
0.001	0.666	0.332	0.001
0.001	0.997	0.001	0.001
0.332	0.666	0.001	0.001
0.997	0.001	0.001	0.001
0.001	0.001	0.001	0.997
0.332	0.666	0.001	0.001
0.001	0.001	0.001	0.997
0.001	0.001	0.997	0.001
>SNWCAGCH	24-SNWCAGCH	4.294306	-0.000006	0	T:147.0(15.86%),B:51015.8(21.52%),P:1e0	Tpos:79.1,Tstd:62.9,Bpos:9733.4,Bstd:36965.6,StrandBias:0.0,Multiplicity:1.00
0.060	0.446	0.386	0.109
0.277	0.265	0.289	0.169
0.373	0.205	0.145	0.277
0.001	0.686	0.312	0.001
0.589	0.001	0.001	0.409
0.169	0.096	0.446	0.289
0.084	0.542	0.373	0.001
0.313	0.361	0.012	0.313
>GWAKGCAK	25-GWAKGCAK	-17.936975	0.000000	0	T:927.0(100.00%),B:237114.5(100.00%),P:1e0	Tpos:107.1,Tstd:103.7,Bpos:11842.0,Bstd:46792.5,StrandBias:0.1,Multiplicity:1.59
0.001	0.001	0.997	0.001
0.499	0.001	0.001	0.499
0.997	0.001	0.001	0.001
0.001	0.001	0.499	0.499
0.001	0.001	0.997	0.001
0.001	0.997	0.001	0.001
0.997	0.001	0.001	0.001
0.001	0.001	0.499	0.499
