>CGAGTGGAAT	1-CGAGTGGAAT	12.619282	-49.708525	0	T:14.0(1.51%),B:38.4(0.02%),P:1e-21	Tpos:115.7,Tstd:81.9,Bpos:9538.6,Bstd:20311.2,StrandBias:-0.6,Multiplicity:1.64
0.001	0.805	0.193	0.001
0.001	0.001	0.997	0.001
0.975	0.001	0.001	0.023
0.294	0.099	0.606	0.001
0.001	0.113	0.001	0.885
0.077	0.128	0.794	0.001
0.001	0.001	0.997	0.001
0.997	0.001	0.001	0.001
0.932	0.066	0.001	0.001
0.001	0.064	0.001	0.934
>TCWGTGWSWT	2-TCWGTGWSWT	-3.936246	-49.144745	0	T:872.0(94.07%),B:198282.4(83.62%),P:1e-21	Tpos:105.8,Tstd:109.6,Bpos:13693.8,Bstd:53791.6,StrandBias:0.2,Multiplicity:1.49
0.259	0.001	0.001	0.739
0.259	0.739	0.001	0.001
0.479	0.001	0.001	0.519
0.001	0.001	0.997	0.001
0.001	0.001	0.001	0.997
0.001	0.238	0.760	0.001
0.478	0.001	0.001	0.520
0.001	0.479	0.519	0.001
0.498	0.001	0.001	0.500
0.001	0.001	0.001	0.997
>ATTCCATTCG	3-ATTCCATTCG	10.160589	-43.832230	0	T:14.0(1.51%),B:62.5(0.03%),P:1e-19	Tpos:207.2,Tstd:132.4,Bpos:11311.1,Bstd:26209.4,StrandBias:-2.2,Multiplicity:3.14
0.767	0.063	0.124	0.046
0.099	0.107	0.113	0.681
0.053	0.065	0.129	0.753
0.057	0.817	0.080	0.046
0.060	0.477	0.312	0.151
0.668	0.090	0.194	0.048
0.064	0.090	0.280	0.566
0.063	0.071	0.117	0.749
0.020	0.881	0.068	0.031
0.038	0.309	0.645	0.008
>ATCGAATGGA	4-ATCGAATGGA	8.561085	-30.139043	0	T:25.0(2.70%),B:890.4(0.38%),P:1e-13	Tpos:166.0,Tstd:126.9,Bpos:14211.2,Bstd:43735.9,StrandBias:1.8,Multiplicity:2.12
0.632	0.134	0.117	0.117
0.112	0.068	0.074	0.746
0.015	0.683	0.232	0.070
0.040	0.080	0.830	0.050
0.737	0.093	0.112	0.058
0.647	0.101	0.128	0.124
0.073	0.148	0.092	0.687
0.113	0.195	0.583	0.109
0.163	0.136	0.639	0.062
0.817	0.093	0.024	0.066
>TTWSWTTCWK	5-TTWSWTTCWK	0.237887	-29.835843	0	T:881.0(95.04%),B:208499.4(87.93%),P:1e-12	Tpos:102.0,Tstd:100.5,Bpos:14277.9,Bstd:55946.4,StrandBias:0.1,Multiplicity:1.52
0.001	0.336	0.001	0.662
0.114	0.229	0.111	0.546
0.447	0.001	0.001	0.551
0.001	0.551	0.447	0.001
0.557	0.001	0.001	0.441
0.001	0.001	0.001	0.997
0.332	0.001	0.001	0.666
0.001	0.778	0.001	0.220
0.445	0.001	0.001	0.553
0.221	0.001	0.447	0.331
>WAAAARAAWW	6-WAAAARAAWW	3.655229	-28.914902	0	T:843.0(90.94%),B:195736.7(82.55%),P:1e-12	Tpos:97.5,Tstd:82.5,Bpos:14903.0,Bstd:57188.2,StrandBias:-0.1,Multiplicity:1.45
0.393	0.146	0.194	0.267
0.543	0.236	0.220	0.001
0.687	0.001	0.311	0.001
0.490	0.184	0.325	0.001
0.457	0.001	0.282	0.260
0.406	0.208	0.386	0.001
0.570	0.001	0.297	0.132
0.453	0.156	0.225	0.166
0.385	0.128	0.208	0.279
0.407	0.095	0.206	0.293
>TGGAGCCCAG	7-TGGAGCCCAG	2.512553	-28.093035	0	T:907.0(97.84%),B:219311.6(92.49%),P:1e-12	Tpos:110.0,Tstd:112.2,Bpos:9813.8,Bstd:38670.1,StrandBias:-0.0,Multiplicity:1.80
0.100	0.100	0.100	0.700
0.100	0.100	0.700	0.100
0.100	0.100	0.700	0.100
0.700	0.100	0.100	0.100
0.100	0.100	0.700	0.100
0.100	0.700	0.100	0.100
0.100	0.700	0.100	0.100
0.100	0.700	0.100	0.100
0.700	0.100	0.100	0.100
0.100	0.100	0.700	0.100
>GAATGGAATG	8-GAATGGAATG	13.660111	-25.822263	0	T:19.0(2.05%),B:580.1(0.24%),P:1e-11	Tpos:136.9,Tstd:81.2,Bpos:15851.0,Bstd:22523.6,StrandBias:-0.5,Multiplicity:12.59
0.001	0.001	0.997	0.001
0.997	0.001	0.001	0.001
0.997	0.001	0.001	0.001
0.001	0.045	0.001	0.953
0.001	0.001	0.997	0.001
0.001	0.001	0.997	0.001
0.997	0.001	0.001	0.001
0.997	0.001	0.001	0.001
0.001	0.046	0.001	0.952
0.001	0.079	0.919	0.001
>TTTACATCTA	9-TTTACATCTA	-3.191689	-25.727300	0	T:853.0(92.02%),B:200445.7(84.54%),P:1e-11	Tpos:105.5,Tstd:89.9,Bpos:14244.0,Bstd:54094.5,StrandBias:-0.0,Multiplicity:1.52
0.375	0.001	0.001	0.623
0.004	0.001	0.001	0.994
0.370	0.005	0.004	0.621
0.993	0.001	0.001	0.005
0.250	0.620	0.129	0.001
0.627	0.250	0.001	0.122
0.001	0.001	0.001	0.997
0.004	0.994	0.001	0.001
0.254	0.001	0.001	0.744
0.618	0.001	0.001	0.380
>GAAATATTGA	10-GAAATATTGA	-5.421132	-24.653558	0	T:673.0(72.60%),B:147576.4(62.24%),P:1e-10	Tpos:105.1,Tstd:105.5,Bpos:14351.8,Bstd:51927.5,StrandBias:0.0,Multiplicity:1.70
0.001	0.001	0.997	0.001
0.923	0.038	0.038	0.001
0.997	0.001	0.001	0.001
0.997	0.001	0.001	0.001
0.113	0.001	0.037	0.849
0.997	0.001	0.001	0.001
0.001	0.001	0.001	0.997
0.001	0.001	0.001	0.997
0.001	0.001	0.997	0.001
0.997	0.001	0.001	0.001
>CACACACACA	11-CACACACACA	2.512553	-24.004233	0	T:904.0(97.52%),B:219458.5(92.55%),P:1e-10	Tpos:113.1,Tstd:121.4,Bpos:10905.5,Bstd:43079.1,StrandBias:-0.1,Multiplicity:1.94
0.100	0.700	0.100	0.100
0.700	0.100	0.100	0.100
0.100	0.700	0.100	0.100
0.700	0.100	0.100	0.100
0.100	0.700	0.100	0.100
0.700	0.100	0.100	0.100
0.100	0.700	0.100	0.100
0.700	0.100	0.100	0.100
0.100	0.700	0.100	0.100
0.700	0.100	0.100	0.100
>AGAGGGAGAG	12-AGAGGGAGAG	2.512553	-23.263243	0	T:921.0(99.35%),B:227348.0(95.88%),P:1e-10	Tpos:112.5,Tstd:111.5,Bpos:9532.0,Bstd:38646.7,StrandBias:-0.2,Multiplicity:2.07
0.700	0.100	0.100	0.100
0.100	0.100	0.700	0.100
0.700	0.100	0.100	0.100
0.100	0.100	0.700	0.100
0.100	0.100	0.700	0.100
0.100	0.100	0.700	0.100
0.700	0.100	0.100	0.100
0.100	0.100	0.700	0.100
0.700	0.100	0.100	0.100
0.100	0.100	0.700	0.100
>ATTCCATTCC	13-ATTCCATTCC	9.673927	-23.018014	0	T:18.0(1.94%),B:606.5(0.26%),P:1e-9	Tpos:245.0,Tstd:6.0,Bpos:0.0,Bstd:0.0,StrandBias:0.0,Multiplicity:1.00
0.520	0.166	0.164	0.150
0.141	0.100	0.012	0.747
0.024	0.121	0.028	0.827
0.129	0.589	0.125	0.157
0.163	0.701	0.020	0.116
0.805	0.146	0.001	0.048
0.105	0.142	0.134	0.619
0.185	0.097	0.112	0.606
0.083	0.701	0.082	0.134
0.295	0.540	0.007	0.158
>CHWTTCMATT	14-CHWTTCMATT	4.950416	-22.525218	0	T:633.0(68.28%),B:137956.5(58.18%),P:1e-9	Tpos:99.0,Tstd:70.7,Bpos:13675.4,Bstd:50780.6,StrandBias:0.3,Multiplicity:1.54
0.112	0.595	0.067	0.226
0.341	0.392	0.001	0.266
0.482	0.132	0.054	0.332
0.001	0.033	0.001	0.965
0.011	0.221	0.085	0.683
0.055	0.764	0.088	0.093
0.465	0.529	0.001	0.005
0.557	0.180	0.019	0.244
0.200	0.229	0.130	0.440
0.267	0.251	0.001	0.481
>WWWTTTTTWW	15-WWWTTTTTWW	4.296786	-15.906686	0	T:712.0(76.81%),B:163859.4(69.11%),P:1e-6	Tpos:104.0,Tstd:83.2,Bpos:13799.5,Bstd:49384.8,StrandBias:0.1,Multiplicity:1.61
0.424	0.088	0.088	0.399
0.340	0.123	0.131	0.407
0.293	0.150	0.119	0.438
0.142	0.200	0.159	0.499
0.223	0.173	0.057	0.547
0.215	0.209	0.001	0.575
0.001	0.239	0.001	0.759
0.023	0.284	0.001	0.692
0.415	0.153	0.001	0.431
0.405	0.138	0.031	0.426
>AATGGAATSG	16-AATGGAATSG	10.726275	-14.584231	0	T:26.0(2.80%),B:2086.7(0.88%),P:1e-6	Tpos:180.6,Tstd:120.3,Bpos:11649.5,Bstd:44252.9,StrandBias:1.0,Multiplicity:1.65
0.891	0.055	0.020	0.034
0.862	0.027	0.088	0.023
0.024	0.092	0.005	0.879
0.034	0.101	0.770	0.095
0.051	0.030	0.902	0.017
0.941	0.033	0.001	0.025
0.840	0.040	0.104	0.016
0.023	0.091	0.016	0.870
0.062	0.364	0.480	0.094
0.370	0.044	0.572	0.014
>ATAWCTGTAW	17-ATAWCTGTAW	-0.104898	-12.528638	0	T:761.0(82.09%),B:180018.8(75.92%),P:1e-5	Tpos:114.8,Tstd:114.7,Bpos:15344.3,Bstd:54926.2,StrandBias:0.2,Multiplicity:1.66
0.727	0.001	0.001	0.271
0.001	0.001	0.001	0.997
0.727	0.001	0.001	0.271
0.540	0.001	0.001	0.458
0.179	0.731	0.089	0.001
0.275	0.001	0.001	0.723
0.272	0.001	0.455	0.272
0.275	0.001	0.001	0.723
0.997	0.001	0.001	0.001
0.547	0.001	0.001	0.451
>WTTHMAAWTT	18-WTTHMAAWTT	4.307265	-10.171230	0	T:649.0(70.01%),B:151239.4(63.78%),P:1e-4	Tpos:102.0,Tstd:82.1,Bpos:14665.7,Bstd:50369.6,StrandBias:0.2,Multiplicity:1.79
0.416	0.001	0.122	0.461
0.222	0.011	0.178	0.589
0.211	0.217	0.133	0.439
0.311	0.283	0.133	0.272
0.372	0.250	0.167	0.211
0.489	0.278	0.006	0.228
0.572	0.178	0.006	0.244
0.549	0.001	0.001	0.449
0.300	0.001	0.094	0.605
0.194	0.001	0.216	0.589
>TGGAATGGAA	19-TGGAATGGAA	3.974041	-8.935748	0	T:521.0(56.20%),B:118917.2(50.15%),P:1e-3	Tpos:105.4,Tstd:81.1,Bpos:15254.2,Bstd:57522.5,StrandBias:0.1,Multiplicity:1.82
0.038	0.101	0.034	0.827
0.072	0.183	0.651	0.094
0.088	0.018	0.850	0.044
0.806	0.066	0.046	0.082
0.808	0.073	0.078	0.041
0.022	0.169	0.081	0.728
0.087	0.097	0.772	0.044
0.043	0.037	0.846	0.074
0.923	0.017	0.033	0.027
0.798	0.064	0.067	0.071
>AATGGAATNR	20-AATGGAATNR	8.591634	-7.974363	0	T:31.0(3.34%),B:3991.1(1.68%),P:1e-3	Tpos:123.0,Tstd:94.4,Bpos:15598.2,Bstd:55221.0,StrandBias:1.6,Multiplicity:1.00
0.868	0.083	0.001	0.048
0.607	0.097	0.247	0.049
0.048	0.001	0.141	0.810
0.097	0.001	0.805	0.097
0.160	0.001	0.693	0.146
0.936	0.001	0.062	0.001
0.834	0.001	0.066	0.099
0.198	0.160	0.224	0.418
0.231	0.208	0.317	0.244
0.271	0.051	0.416	0.262
>AACATTTCTT	21-AACATTTCTT	0.566642	-0.702605	0	T:927.0(100.00%),B:236934.8(99.92%),P:1e0	Tpos:103.2,Tstd:59.5,Bpos:10876.7,Bstd:41007.3,StrandBias:-0.7,Multiplicity:1.00
0.700	0.100	0.100	0.100
0.700	0.100	0.100	0.100
0.100	0.700	0.100	0.100
0.700	0.100	0.100	0.100
0.100	0.100	0.100	0.700
0.100	0.100	0.100	0.700
0.100	0.100	0.100	0.700
0.100	0.700	0.100	0.100
0.100	0.100	0.100	0.700
0.100	0.100	0.100	0.700
>ATCAGCAAAA	22-ATCAGCAAAA	0.566642	-0.152186	0	T:927.0(100.00%),B:237075.7(99.98%),P:1e0	Tpos:110.7,Tstd:126.3,Bpos:12998.5,Bstd:50279.3,StrandBias:0.0,Multiplicity:1.86
0.700	0.100	0.100	0.100
0.100	0.100	0.100	0.700
0.100	0.700	0.100	0.100
0.700	0.100	0.100	0.100
0.100	0.100	0.700	0.100
0.100	0.700	0.100	0.100
0.700	0.100	0.100	0.100
0.700	0.100	0.100	0.100
0.700	0.100	0.100	0.100
0.700	0.100	0.100	0.100
>GGSCRGSGGS	23-GGSCRGSGGS	11.064319	-0.000188	0	T:5.0(0.54%),B:4317.8(1.82%),P:1e0	Tpos:56.0,Tstd:31.0,Bpos:5546.2,Bstd:13389.0,StrandBias:-10.0,Multiplicity:1.00
0.001	0.001	0.997	0.001
0.001	0.001	0.997	0.001
0.001	0.499	0.499	0.001
0.001	0.997	0.001	0.001
0.499	0.001	0.499	0.001
0.001	0.001	0.997	0.001
0.001	0.499	0.499	0.001
0.001	0.001	0.997	0.001
0.001	0.001	0.997	0.001
0.001	0.499	0.499	0.001
>GAAATTAAAA	24-GAAATTAAAA	8.350283	-0.000006	0	T:59.0(6.36%),B:24754.6(10.44%),P:1e0	Tpos:22.0,Tstd:0.0,Bpos:10570.0,Bstd:32500.1,StrandBias:10.0,Multiplicity:1.00
0.100	0.100	0.700	0.100
0.700	0.100	0.100	0.100
0.700	0.100	0.100	0.100
0.700	0.100	0.100	0.100
0.100	0.100	0.100	0.700
0.100	0.100	0.100	0.700
0.700	0.100	0.100	0.100
0.700	0.100	0.100	0.100
0.700	0.100	0.100	0.100
0.700	0.100	0.100	0.100
>TTGATATTTT	25-TTGATATTTT	-3.325178	0.000000	0	T:927.0(100.00%),B:237114.5(100.00%),P:1e0	Tpos:106.1,Tstd:91.2,Bpos:13868.1,Bstd:54211.9,StrandBias:-0.0,Multiplicity:1.50
0.100	0.100	0.100	0.700
0.100	0.100	0.100	0.700
0.100	0.100	0.700	0.100
0.700	0.100	0.100	0.100
0.100	0.100	0.100	0.700
0.700	0.100	0.100	0.100
0.100	0.100	0.100	0.700
0.100	0.100	0.100	0.700
0.100	0.100	0.100	0.700
0.100	0.100	0.100	0.700
