>TCWSTTTA	1-TCWSTTTA	-0.611026	-39.061289	0	T:813.0(87.70%),B:181683.6(76.62%),P:1e-16	Tpos:106.6,Tstd:115.3,Bpos:15247.9,Bstd:58462.9,StrandBias:-0.1,Multiplicity:1.61
0.319	0.001	0.001	0.679
0.001	0.819	0.179	0.001
0.501	0.001	0.001	0.497
0.001	0.462	0.536	0.001
0.001	0.001	0.001	0.997
0.001	0.001	0.001	0.997
0.001	0.001	0.001	0.997
0.960	0.001	0.001	0.038
>WNCYWDBC	2-WNCYWDBC	2.971531	-38.964577	0	T:907.0(97.84%),B:215861.8(91.04%),P:1e-16	Tpos:106.2,Tstd:107.4,Bpos:10555.0,Bstd:40458.7,StrandBias:0.2,Multiplicity:1.74
0.482	0.001	0.001	0.516
0.264	0.207	0.322	0.207
0.275	0.437	0.287	0.001
0.001	0.562	0.001	0.436
0.562	0.001	0.001	0.436
0.310	0.035	0.356	0.299
0.149	0.299	0.299	0.253
0.218	0.402	0.218	0.161
>AGAAAGTT	3-AGAAAGTT	1.811922	-29.856153	0	T:857.0(92.45%),B:200024.9(84.36%),P:1e-12	Tpos:100.9,Tstd:93.3,Bpos:13965.3,Bstd:52639.0,StrandBias:-0.1,Multiplicity:1.51
0.788	0.001	0.001	0.210
0.001	0.394	0.604	0.001
0.580	0.001	0.001	0.418
0.631	0.053	0.079	0.237
0.815	0.001	0.001	0.183
0.001	0.290	0.657	0.052
0.051	0.001	0.001	0.947
0.263	0.001	0.001	0.735
>WNHWWWTT	4-WNHWWWTT	3.170228	-25.463402	0	T:817.0(88.13%),B:189000.7(79.71%),P:1e-11	Tpos:104.8,Tstd:97.7,Bpos:14022.3,Bstd:50108.4,StrandBias:0.1,Multiplicity:1.61
0.288	0.162	0.173	0.377
0.322	0.206	0.198	0.274
0.320	0.210	0.166	0.305
0.328	0.158	0.120	0.394
0.330	0.164	0.118	0.389
0.352	0.126	0.078	0.444
0.039	0.001	0.001	0.959
0.202	0.105	0.097	0.596
>NTTTWTTN	5-NTTTWTTN	2.323265	-23.693996	0	T:865.0(93.31%),B:205367.5(86.61%),P:1e-10	Tpos:108.5,Tstd:117.3,Bpos:14439.6,Bstd:54157.6,StrandBias:0.1,Multiplicity:1.56
0.328	0.208	0.179	0.285
0.196	0.074	0.210	0.520
0.175	0.170	0.237	0.419
0.187	0.215	0.184	0.414
0.349	0.103	0.093	0.455
0.258	0.112	0.132	0.498
0.139	0.153	0.222	0.486
0.304	0.263	0.160	0.273
>WWWAAAAA	6-WWWAAAAA	4.077486	-21.620932	0	T:752.0(81.12%),B:171585.0(72.36%),P:1e-9	Tpos:104.0,Tstd:81.5,Bpos:14533.1,Bstd:51759.1,StrandBias:-0.1,Multiplicity:1.71
0.399	0.023	0.104	0.474
0.279	0.140	0.153	0.429
0.354	0.149	0.088	0.409
0.646	0.156	0.091	0.107
0.880	0.001	0.048	0.071
0.782	0.001	0.001	0.216
0.659	0.001	0.126	0.214
0.574	0.001	0.204	0.221
>WWSWNAAA	7-WWSWNAAA	3.532824	-20.947935	0	T:796.0(85.87%),B:184908.8(77.98%),P:1e-9	Tpos:108.2,Tstd:100.5,Bpos:14149.9,Bstd:52702.8,StrandBias:-0.1,Multiplicity:1.47
0.444	0.041	0.088	0.427
0.397	0.093	0.148	0.362
0.137	0.397	0.368	0.098
0.503	0.130	0.001	0.366
0.251	0.287	0.265	0.197
0.532	0.131	0.089	0.248
0.672	0.066	0.016	0.246
0.533	0.034	0.091	0.342
>TTTTCTCA	8-TTTTCTCA	-4.246261	-20.196684	0	T:910.0(98.17%),B:223252.8(94.15%),P:1e-8	Tpos:98.4,Tstd:77.2,Bpos:12406.7,Bstd:48598.2,StrandBias:0.2,Multiplicity:1.78
0.332	0.001	0.001	0.666
0.001	0.001	0.001	0.997
0.001	0.001	0.001	0.997
0.001	0.001	0.001	0.997
0.001	0.997	0.001	0.001
0.001	0.001	0.001	0.997
0.001	0.997	0.001	0.001
0.666	0.001	0.001	0.332
>AAAAAAAA	9-AAAAAAAA	4.114513	-14.387734	0	T:692.0(74.65%),B:159426.7(67.24%),P:1e-6	Tpos:101.3,Tstd:71.7,Bpos:14246.5,Bstd:50299.1,StrandBias:-0.1,Multiplicity:1.63
0.614	0.043	0.140	0.203
0.627	0.001	0.143	0.229
0.636	0.043	0.120	0.201
0.628	0.066	0.077	0.229
0.533	0.054	0.238	0.175
0.473	0.115	0.203	0.209
0.634	0.060	0.143	0.163
0.665	0.074	0.135	0.126
>DGCWGVWS	10-DGCWGVWS	2.369738	-13.577572	0	T:915.0(98.71%),B:227658.8(96.01%),P:1e-5	Tpos:106.0,Tstd:111.9,Bpos:12264.6,Bstd:50143.0,StrandBias:0.1,Multiplicity:1.50
0.308	0.001	0.296	0.395
0.148	0.222	0.506	0.124
0.086	0.544	0.173	0.197
0.542	0.001	0.001	0.456
0.123	0.136	0.630	0.111
0.247	0.321	0.296	0.136
0.284	0.111	0.197	0.408
0.148	0.345	0.494	0.012
>AATGGAAT	11-AATGGAAT	-2.782043	-11.930126	0	T:566.0(61.06%),B:127787.8(53.89%),P:1e-5	Tpos:125.7,Tstd:101.5,Bpos:17272.4,Bstd:63530.0,StrandBias:0.0,Multiplicity:3.03
0.997	0.001	0.001	0.001
0.997	0.001	0.001	0.001
0.001	0.044	0.001	0.954
0.001	0.039	0.959	0.001
0.001	0.001	0.997	0.001
0.997	0.001	0.001	0.001
0.997	0.001	0.001	0.001
0.001	0.001	0.001	0.997
>GTGTGTGA	12-GTGTGTGA	2.399224	-10.549163	0	T:925.0(99.78%),B:233181.2(98.34%),P:1e-4	Tpos:109.2,Tstd:112.1,Bpos:10854.4,Bstd:42250.3,StrandBias:-0.1,Multiplicity:2.28
0.100	0.100	0.700	0.100
0.100	0.100	0.100	0.700
0.100	0.100	0.700	0.100
0.100	0.100	0.100	0.700
0.100	0.100	0.700	0.100
0.100	0.100	0.100	0.700
0.100	0.100	0.700	0.100
0.700	0.100	0.100	0.100
>TATTTCCT	13-TATTTCCT	2.189720	-8.753500	0	T:587.0(63.32%),B:136214.5(57.45%),P:1e-3	Tpos:100.3,Tstd:77.0,Bpos:13731.7,Bstd:49462.3,StrandBias:0.0,Multiplicity:1.52
0.089	0.152	0.101	0.658
0.997	0.001	0.001	0.001
0.012	0.001	0.001	0.986
0.001	0.001	0.001	0.997
0.001	0.001	0.012	0.986
0.001	0.997	0.001	0.001
0.164	0.620	0.001	0.215
0.001	0.001	0.001	0.997
>THAAAGAA	14-THAAAGAA	2.113277	-8.411690	0	T:621.0(66.99%),B:145496.1(61.36%),P:1e-3	Tpos:105.7,Tstd:92.3,Bpos:14150.4,Bstd:52090.8,StrandBias:-0.1,Multiplicity:1.49
0.308	0.083	0.003	0.606
0.303	0.305	0.083	0.308
0.997	0.001	0.001	0.001
0.997	0.001	0.001	0.001
0.696	0.001	0.302	0.001
0.001	0.001	0.997	0.001
0.997	0.001	0.001	0.001
0.997	0.001	0.001	0.001
>AATGGGGS	15-AATGGGGS	-1.115164	-8.273684	0	T:927.0(100.00%),B:235003.2(99.11%),P:1e-3	Tpos:111.3,Tstd:110.9,Bpos:11182.8,Bstd:45023.1,StrandBias:-0.1,Multiplicity:1.55
0.997	0.001	0.001	0.001
0.495	0.339	0.055	0.111
0.278	0.001	0.001	0.720
0.166	0.001	0.832	0.001
0.221	0.001	0.554	0.224
0.389	0.001	0.609	0.001
0.166	0.001	0.832	0.001
0.220	0.279	0.388	0.112
>AAAGCTCT	16-AAAGCTCT	2.399224	-6.774882	0	T:926.0(99.89%),B:234796.3(99.02%),P:1e-2	Tpos:108.9,Tstd:112.5,Bpos:12872.7,Bstd:52109.6,StrandBias:0.0,Multiplicity:2.68
0.700	0.100	0.100	0.100
0.700	0.100	0.100	0.100
0.700	0.100	0.100	0.100
0.100	0.100	0.700	0.100
0.100	0.700	0.100	0.100
0.100	0.100	0.100	0.700
0.100	0.700	0.100	0.100
0.100	0.100	0.100	0.700
>GKGSCATC	17-GKGSCATC	6.468532	-0.232884	0	T:6.0(0.65%),B:1999.5(0.84%),P:1e0	Tpos:137.0,Tstd:22.0,Bpos:6790.1,Bstd:18971.4,StrandBias:0.0,Multiplicity:1.00
0.171	0.001	0.578	0.250
0.088	0.001	0.495	0.416
0.083	0.332	0.499	0.085
0.001	0.413	0.417	0.169
0.001	0.746	0.001	0.252
0.500	0.253	0.001	0.246
0.001	0.330	0.001	0.668
0.001	0.663	0.335	0.001
>CYWGDDCH	18-CYWGDDCH	-2.115443	-0.226337	0	T:927.0(100.00%),B:237056.5(99.98%),P:1e0	Tpos:113.3,Tstd:124.4,Bpos:11174.6,Bstd:42921.4,StrandBias:-0.0,Multiplicity:1.49
0.001	0.679	0.001	0.319
0.001	0.535	0.001	0.463
0.534	0.001	0.001	0.464
0.001	0.001	0.678	0.320
0.320	0.001	0.393	0.286
0.358	0.001	0.357	0.284
0.001	0.714	0.284	0.001
0.357	0.393	0.001	0.249
>TATGGCCA	19-TATGGCCA	8.164072	-0.151796	0	T:14.0(1.51%),B:4602.7(1.94%),P:1e0	Tpos:68.0,Tstd:34.0,Bpos:13099.5,Bstd:48194.8,StrandBias:0.0,Multiplicity:1.00
0.168	0.162	0.014	0.656
0.670	0.003	0.001	0.326
0.170	0.001	0.164	0.665
0.002	0.001	0.996	0.001
0.003	0.001	0.673	0.323
0.003	0.834	0.001	0.162
0.001	0.997	0.001	0.001
0.506	0.329	0.001	0.164
>WCHCCAGN	20-WCHCCAGN	4.619418	-0.027020	0	T:8.0(0.86%),B:3649.0(1.54%),P:1e0	Tpos:119.0,Tstd:53.0,Bpos:10130.0,Bstd:36051.1,StrandBias:0.0,Multiplicity:1.00
0.354	0.230	0.021	0.396
0.167	0.479	0.188	0.166
0.333	0.313	0.104	0.250
0.250	0.417	0.083	0.250
0.229	0.584	0.021	0.166
0.645	0.001	0.001	0.353
0.208	0.146	0.500	0.146
0.188	0.292	0.209	0.312
>CWCARAGG	21-CWCARAGG	6.123293	-0.004266	0	T:108.0(11.65%),B:34551.2(14.57%),P:1e0	Tpos:67.0,Tstd:64.0,Bpos:10465.9,Bstd:44798.9,StrandBias:-10.0,Multiplicity:1.00
0.001	0.597	0.401	0.001
0.402	0.211	0.001	0.386
0.210	0.403	0.193	0.193
0.997	0.001	0.001	0.001
0.386	0.226	0.386	0.001
0.612	0.001	0.194	0.193
0.017	0.001	0.579	0.403
0.001	0.208	0.790	0.001
>SCCATTGC	22-SCCATTGC	6.089470	-0.000708	0	T:135.0(14.56%),B:43805.9(18.47%),P:1e0	Tpos:121.7,Tstd:63.4,Bpos:10365.6,Bstd:35815.5,StrandBias:1.0,Multiplicity:1.00
0.001	0.420	0.386	0.193
0.197	0.801	0.001	0.001
0.001	0.801	0.001	0.197
0.608	0.193	0.001	0.198
0.001	0.001	0.415	0.583
0.001	0.192	0.001	0.806
0.001	0.193	0.613	0.193
0.193	0.580	0.226	0.001
>CCCATCTG	23-CCCATCTG	9.855935	-0.000592	0	T:7.0(0.76%),B:4785.6(2.02%),P:1e0	Tpos:35.0,Tstd:0.0,Bpos:9230.8,Bstd:26278.0,StrandBias:-10.0,Multiplicity:1.00
0.001	0.666	0.332	0.001
0.001	0.997	0.001	0.001
0.332	0.666	0.001	0.001
0.997	0.001	0.001	0.001
0.001	0.001	0.001	0.997
0.332	0.666	0.001	0.001
0.001	0.001	0.001	0.997
0.001	0.001	0.997	0.001
>SNWCAGCH	24-SNWCAGCH	4.294306	-0.000006	0	T:147.0(15.86%),B:51015.8(21.52%),P:1e0	Tpos:79.1,Tstd:62.9,Bpos:9733.4,Bstd:36965.6,StrandBias:0.0,Multiplicity:1.00
0.060	0.446	0.386	0.109
0.277	0.265	0.289	0.169
0.373	0.205	0.145	0.277
0.001	0.686	0.312	0.001
0.589	0.001	0.001	0.409
0.169	0.096	0.446	0.289
0.084	0.542	0.373	0.001
0.313	0.361	0.012	0.313
>GWAKGCAK	25-GWAKGCAK	-17.936975	0.000000	0	T:927.0(100.00%),B:237114.5(100.00%),P:1e0	Tpos:107.1,Tstd:103.7,Bpos:11842.0,Bstd:46792.5,StrandBias:0.1,Multiplicity:1.59
0.001	0.001	0.997	0.001
0.499	0.001	0.001	0.499
0.997	0.001	0.001	0.001
0.001	0.001	0.499	0.499
0.001	0.001	0.997	0.001
0.001	0.997	0.001	0.001
0.997	0.001	0.001	0.001
0.001	0.001	0.499	0.499
