>AAGAGGAAGT	1-AAGAGGAAGT	9.757397	-37.258075	0	T:202.0(1.31%),B:1171.5(0.66%),P:1e-16	Tpos:25.5,Tstd:11.9,Bpos:2432.8,Bstd:5307.9,StrandBias:0.0,Multiplicity:1.01
0.682	0.071	0.164	0.083
0.736	0.007	0.122	0.135
0.111	0.150	0.722	0.017
0.481	0.136	0.315	0.068
0.066	0.003	0.925	0.006
0.044	0.016	0.928	0.012
0.919	0.029	0.027	0.025
0.944	0.023	0.011	0.022
0.019	0.115	0.840	0.026
0.022	0.111	0.043	0.824
>GRGGAAGTGA	2-GRGGAAGTGA	9.608782	-17.419226	0	T:84.0(0.54%),B:477.7(0.27%),P:1e-7	Tpos:22.9,Tstd:13.6,Bpos:1859.3,Bstd:4518.9,StrandBias:0.8,Multiplicity:1.02
0.220	0.180	0.557	0.043
0.459	0.164	0.375	0.002
0.040	0.014	0.925	0.021
0.015	0.041	0.926	0.018
0.828	0.128	0.015	0.029
0.803	0.015	0.052	0.130
0.053	0.115	0.831	0.001
0.046	0.128	0.243	0.583
0.188	0.219	0.537	0.056
0.459	0.141	0.172	0.228
>AGRGGAAGKR	3-AGRGGAAGKR	8.185376	-15.405352	0	T:66.0(0.43%),B:359.2(0.20%),P:1e-6	Tpos:26.0,Tstd:11.7,Bpos:2470.9,Bstd:8021.2,StrandBias:0.0,Multiplicity:1.00
0.442	0.070	0.286	0.202
0.257	0.193	0.414	0.136
0.381	0.188	0.374	0.057
0.001	0.001	0.997	0.001
0.001	0.001	0.997	0.001
0.670	0.256	0.073	0.001
0.697	0.025	0.132	0.146
0.205	0.171	0.623	0.001
0.001	0.250	0.333	0.417
0.322	0.169	0.407	0.102
>CACTTCCYCT	4-CACTTCCYCT	6.929269	-9.425838	0	T:134.0(0.87%),B:1068.6(0.60%),P:1e-4	Tpos:30.0,Tstd:13.0,Bpos:1583.5,Bstd:4547.2,StrandBias:3.3,Multiplicity:1.00
0.158	0.472	0.152	0.217
0.561	0.188	0.047	0.204
0.041	0.606	0.144	0.209
0.147	0.163	0.190	0.500
0.184	0.155	0.134	0.527
0.022	0.619	0.178	0.181
0.103	0.774	0.022	0.101
0.063	0.415	0.205	0.316
0.033	0.479	0.249	0.238
0.165	0.269	0.079	0.487
>CACTTCCYCY	5-CACTTCCYCY	9.735630	-4.540178	0	T:37.0(0.24%),B:274.0(0.15%),P:1e-1	Tpos:36.6,Tstd:10.1,Bpos:1340.0,Bstd:2736.7,StrandBias:1.3,Multiplicity:1.00
0.042	0.503	0.213	0.242
0.549	0.184	0.256	0.011
0.001	0.745	0.103	0.151
0.114	0.079	0.076	0.731
0.031	0.029	0.001	0.939
0.001	0.708	0.153	0.138
0.001	0.963	0.001	0.035
0.001	0.469	0.153	0.376
0.032	0.703	0.121	0.144
0.079	0.412	0.001	0.508
>NWCACTTCCC	6-NWCACTTCCC	8.831966	-0.470538	0	T:66.0(0.43%),B:784.3(0.44%),P:1e0	Tpos:23.9,Tstd:13.7,Bpos:3115.8,Bstd:6241.8,StrandBias:-0.9,Multiplicity:1.00
0.192	0.317	0.180	0.311
0.393	0.131	0.128	0.348
0.001	0.910	0.026	0.063
0.645	0.141	0.076	0.138
0.058	0.715	0.096	0.131
0.133	0.140	0.038	0.689
0.150	0.037	0.080	0.733
0.001	0.711	0.284	0.004
0.124	0.845	0.010	0.021
0.001	0.474	0.246	0.280
>MCACACTTCC	7-MCACACTTCC	12.603634	-0.398583	0	T:17.0(0.11%),B:213.9(0.12%),P:1e0	Tpos:18.5,Tstd:14.5,Bpos:1095.1,Bstd:2438.6,StrandBias:0.0,Multiplicity:1.00
0.415	0.478	0.001	0.106
0.001	0.933	0.001	0.065
0.997	0.001	0.001	0.001
0.001	0.997	0.001	0.001
0.997	0.001	0.001	0.001
0.001	0.997	0.001	0.001
0.001	0.001	0.001	0.997
0.001	0.001	0.001	0.997
0.001	0.997	0.001	0.001
0.348	0.650	0.001	0.001
>YGSCACGTGN	8-YGSCACGTGN	8.662833	-0.394567	0	T:6.0(0.04%),B:78.7(0.04%),P:1e0	Tpos:24.2,Tstd:4.4,Bpos:1410.0,Bstd:5916.8,StrandBias:-2.0,Multiplicity:1.00
0.174	0.332	0.176	0.317
0.231	0.001	0.629	0.139
0.001	0.384	0.413	0.202
0.001	0.770	0.228	0.001
0.986	0.001	0.001	0.012
0.179	0.500	0.123	0.198
0.269	0.197	0.533	0.001
0.001	0.001	0.001	0.997
0.001	0.001	0.997	0.001
0.198	0.318	0.223	0.260
>NBVCTTCCNN	9-NBVCTTCCNN	5.604494	-0.275477	0	T:32.0(0.21%),B:412.7(0.23%),P:1e0	Tpos:26.1,Tstd:11.3,Bpos:2943.4,Bstd:4754.1,StrandBias:1.0,Multiplicity:1.00
0.263	0.211	0.189	0.337
0.168	0.322	0.203	0.307
0.334	0.252	0.281	0.134
0.001	0.520	0.238	0.241
0.230	0.224	0.160	0.386
0.001	0.001	0.286	0.712
0.001	0.591	0.407	0.001
0.001	0.997	0.001	0.001
0.232	0.282	0.204	0.282
0.207	0.288	0.204	0.301
>NACACTTCCN	10-NACACTTCCN	6.553287	-0.219730	0	T:42.0(0.27%),B:546.2(0.31%),P:1e0	Tpos:22.8,Tstd:13.9,Bpos:1996.2,Bstd:5661.0,StrandBias:0.0,Multiplicity:1.00
0.228	0.298	0.236	0.238
0.528	0.166	0.150	0.156
0.122	0.606	0.136	0.136
0.540	0.165	0.158	0.137
0.109	0.607	0.143	0.141
0.176	0.156	0.145	0.523
0.147	0.176	0.167	0.510
0.146	0.551	0.170	0.133
0.149	0.578	0.139	0.134
0.209	0.317	0.222	0.252
>DRGDGGAAGT	11-DRGDGGAAGT	7.534105	-0.127569	0	T:60.0(0.39%),B:799.0(0.45%),P:1e0	Tpos:25.9,Tstd:12.1,Bpos:1471.0,Bstd:3583.3,StrandBias:0.8,Multiplicity:1.00
0.317	0.147	0.322	0.215
0.361	0.020	0.466	0.153
0.281	0.161	0.535	0.023
0.334	0.122	0.312	0.232
0.021	0.033	0.945	0.001
0.001	0.112	0.882	0.005
0.445	0.224	0.198	0.133
0.624	0.106	0.115	0.155
0.175	0.175	0.576	0.074
0.097	0.135	0.261	0.507
>ACTTCCYYTC	12-ACTTCCYYTC	8.899244	-0.037367	0	T:10.0(0.06%),B:190.8(0.11%),P:1e0	Tpos:20.8,Tstd:13.3,Bpos:3585.1,Bstd:7371.6,StrandBias:-0.3,Multiplicity:1.00
0.444	0.225	0.210	0.121
0.001	0.588	0.183	0.228
0.067	0.233	0.112	0.588
0.056	0.125	0.049	0.770
0.001	0.832	0.166	0.001
0.001	0.997	0.001	0.001
0.083	0.372	0.084	0.461
0.001	0.410	0.114	0.476
0.050	0.318	0.123	0.509
0.023	0.638	0.184	0.155
>CACTTCCTTY	13-CACTTCCTTY	9.575893	-0.033456	0	T:16.0(0.10%),B:280.6(0.16%),P:1e0	Tpos:27.7,Tstd:10.6,Bpos:2289.0,Bstd:6381.6,StrandBias:-0.2,Multiplicity:1.00
0.148	0.420	0.165	0.267
0.632	0.176	0.112	0.080
0.001	0.862	0.109	0.028
0.089	0.114	0.049	0.748
0.051	0.130	0.118	0.701
0.024	0.925	0.047	0.004
0.013	0.953	0.019	0.015
0.050	0.179	0.103	0.668
0.048	0.270	0.170	0.512
0.105	0.380	0.162	0.353
>NGNCABVTGN	14-NGNCABVTGN	7.035379	-0.014400	0	T:2.0(0.01%),B:73.5(0.04%),P:1e0	Tpos:18.0,Tstd:0.0,Bpos:2522.6,Bstd:9896.8,StrandBias:-10.0,Multiplicity:1.00
0.237	0.232	0.245	0.286
0.288	0.255	0.456	0.001
0.325	0.229	0.264	0.182
0.001	0.997	0.001	0.001
0.861	0.001	0.001	0.137
0.001	0.424	0.299	0.275
0.244	0.273	0.347	0.137
0.001	0.001	0.001	0.997
0.001	0.341	0.657	0.001
0.217	0.218	0.256	0.309
>ACTTCMCAYC	15-ACTTCMCAYC	11.874730	-0.014255	0	T:4.0(0.03%),B:112.8(0.06%),P:1e0	Tpos:28.0,Tstd:12.6,Bpos:3097.3,Bstd:5658.5,StrandBias:0.0,Multiplicity:1.00
0.997	0.001	0.001	0.001
0.001	0.997	0.001	0.001
0.001	0.001	0.001	0.997
0.050	0.001	0.001	0.948
0.001	0.997	0.001	0.001
0.459	0.539	0.001	0.001
0.001	0.997	0.001	0.001
0.511	0.187	0.001	0.301
0.001	0.464	0.001	0.534
0.001	0.997	0.001	0.001
>NCACGTGACD	16-NCACGTGACD	7.540323	-0.002710	0	T:3.0(0.02%),B:118.2(0.07%),P:1e0	Tpos:28.8,Tstd:15.5,Bpos:678.8,Bstd:2059.2,StrandBias:1.6,Multiplicity:1.33
0.271	0.203	0.253	0.272
0.099	0.674	0.138	0.089
0.572	0.159	0.173	0.096
0.103	0.604	0.138	0.155
0.160	0.150	0.568	0.122
0.098	0.105	0.171	0.626
0.050	0.188	0.671	0.091
0.600	0.162	0.144	0.094
0.133	0.613	0.137	0.117
0.323	0.137	0.272	0.268
>VYRTYRTRTG	17-VYRTYRTRTG	7.653671	-0.001253	0	T:2.0(0.01%),B:106.9(0.06%),P:1e0	Tpos:12.0,Tstd:6.0,Bpos:2583.6,Bstd:7174.4,StrandBias:0.0,Multiplicity:1.00
0.395	0.252	0.267	0.086
0.187	0.363	0.196	0.254
0.389	0.134	0.314	0.163
0.097	0.244	0.235	0.425
0.001	0.499	0.001	0.499
0.452	0.001	0.546	0.001
0.001	0.418	0.001	0.580
0.458	0.001	0.540	0.001
0.001	0.001	0.001	0.997
0.001	0.001	0.997	0.001
>RRRGGAAGNV	18-RRRGGAAGNV	6.708050	-0.001032	0	T:10.0(0.06%),B:265.2(0.15%),P:1e0	Tpos:24.0,Tstd:9.9,Bpos:2288.9,Bstd:7575.9,StrandBias:-0.7,Multiplicity:1.00
0.342	0.089	0.366	0.203
0.415	0.133	0.372	0.080
0.369	0.172	0.385	0.074
0.040	0.026	0.932	0.002
0.004	0.253	0.742	0.001
0.476	0.193	0.213	0.118
0.531	0.048	0.227	0.194
0.180	0.182	0.622	0.016
0.203	0.217	0.229	0.352
0.295	0.231	0.349	0.125
>ARRGRGGAAG	19-ARRGRGGAAG	8.337265	-0.000066	0	T:17.0(0.11%),B:439.6(0.25%),P:1e0	Tpos:19.7,Tstd:12.6,Bpos:1975.0,Bstd:4712.8,StrandBias:0.2,Multiplicity:1.00
0.457	0.127	0.259	0.157
0.342	0.090	0.417	0.151
0.442	0.002	0.432	0.124
0.313	0.172	0.513	0.002
0.382	0.090	0.420	0.108
0.001	0.005	0.968	0.026
0.034	0.055	0.880	0.031
0.592	0.194	0.184	0.030
0.717	0.064	0.097	0.122
0.236	0.156	0.607	0.001
>ABCAKGTGAC	20-ABCAKGTGAC	8.847676	-0.000036	0	T:7.0(0.05%),B:267.5(0.15%),P:1e0	Tpos:26.6,Tstd:12.8,Bpos:999.8,Bstd:3136.3,StrandBias:-0.4,Multiplicity:1.00
0.704	0.100	0.155	0.041
0.136	0.331	0.337	0.195
0.159	0.572	0.142	0.127
0.669	0.084	0.054	0.193
0.105	0.187	0.404	0.304
0.227	0.062	0.648	0.063
0.025	0.021	0.061	0.893
0.077	0.024	0.873	0.026
0.446	0.203	0.117	0.233
0.056	0.803	0.081	0.060
>GGAAGGGGAA	21-GGAAGGGGAA	8.707004	-0.000018	0	T:23.0(0.15%),B:566.4(0.32%),P:1e0	Tpos:24.8,Tstd:8.9,Bpos:3974.5,Bstd:7688.3,StrandBias:-10.0,Multiplicity:1.00
0.148	0.119	0.668	0.065
0.146	0.141	0.593	0.120
0.571	0.172	0.174	0.083
0.675	0.038	0.205	0.082
0.171	0.143	0.650	0.036
0.142	0.139	0.557	0.162
0.142	0.089	0.643	0.126
0.179	0.132	0.579	0.110
0.483	0.171	0.211	0.135
0.580	0.140	0.172	0.108
>GAGGGAGGAA	22-GAGGGAGGAA	9.202708	-0.000000	0	T:25.0(0.16%),B:706.2(0.40%),P:1e0	Tpos:28.6,Tstd:14.1,Bpos:1997.6,Bstd:4238.6,StrandBias:0.8,Multiplicity:1.00
0.216	0.160	0.519	0.105
0.559	0.015	0.209	0.217
0.288	0.007	0.669	0.036
0.213	0.001	0.653	0.133
0.199	0.164	0.611	0.026
0.639	0.001	0.141	0.219
0.094	0.001	0.900	0.005
0.061	0.119	0.659	0.161
0.462	0.248	0.248	0.042
0.698	0.045	0.070	0.187
>GTGTGTGTGY	23-GTGTGTGTGY	7.244654	-0.000000	0	T:590.0(3.82%),B:14832.1(8.38%),P:1e0	Tpos:26.0,Tstd:12.2,Bpos:2082.6,Bstd:5767.5,StrandBias:0.1,Multiplicity:1.18
0.161	0.074	0.679	0.086
0.036	0.311	0.001	0.652
0.184	0.001	0.814	0.001
0.001	0.260	0.001	0.738
0.266	0.001	0.732	0.001
0.042	0.370	0.001	0.587
0.294	0.001	0.704	0.001
0.120	0.359	0.001	0.520
0.224	0.001	0.774	0.001
0.143	0.418	0.001	0.437
>YCMYTTCCCY	24-YCMYTTCCCY	7.648253	-0.000000	0	T:231.0(1.50%),B:6372.8(3.60%),P:1e0	Tpos:25.4,Tstd:12.8,Bpos:1841.9,Bstd:4908.5,StrandBias:-0.1,Multiplicity:1.02
0.170	0.278	0.196	0.355
0.166	0.465	0.262	0.107
0.368	0.381	0.204	0.047
0.159	0.439	0.001	0.401
0.001	0.075	0.001	0.923
0.001	0.283	0.001	0.715
0.001	0.705	0.278	0.016
0.001	0.997	0.001	0.001
0.103	0.576	0.093	0.228
0.151	0.358	0.001	0.491
>VCTGCCWCCT	25-VCTGCCWCCT	5.697488	0.000000	0	T:2424.0(15.71%),B:65720.6(37.11%),P:1e0	Tpos:25.2,Tstd:12.0,Bpos:1639.7,Bstd:5006.9,StrandBias:-0.0,Multiplicity:1.08
0.259	0.374	0.344	0.023
0.044	0.523	0.362	0.071
0.221	0.036	0.002	0.741
0.083	0.001	0.741	0.175
0.151	0.519	0.109	0.221
0.013	0.849	0.002	0.136
0.382	0.081	0.007	0.530
0.007	0.687	0.180	0.126
0.151	0.558	0.201	0.090
0.140	0.195	0.002	0.663
