>AAGAGGAAGT	1-AAGAGGAAGT	9.757397	-37.258075	0	T:202.0(1.31%),B:1171.5(0.66%),P:1e-16	Tpos:25.5,Tstd:11.9,Bpos:2432.8,Bstd:5307.9,StrandBias:0.0,Multiplicity:1.01
0.682	0.071	0.164	0.083
0.736	0.007	0.122	0.135
0.111	0.150	0.722	0.017
0.481	0.136	0.315	0.068
0.066	0.003	0.925	0.006
0.044	0.016	0.928	0.012
0.919	0.029	0.027	0.025
0.944	0.023	0.011	0.022
0.019	0.115	0.840	0.026
0.022	0.111	0.043	0.824
>GRGGAAGTGA	2-GRGGAAGTGA	9.608782	-17.419226	0	T:84.0(0.54%),B:477.7(0.27%),P:1e-7	Tpos:22.9,Tstd:13.6,Bpos:1859.3,Bstd:4518.9,StrandBias:0.8,Multiplicity:1.02
0.220	0.180	0.557	0.043
0.459	0.164	0.375	0.002
0.040	0.014	0.925	0.021
0.015	0.041	0.926	0.018
0.828	0.128	0.015	0.029
0.803	0.015	0.052	0.130
0.053	0.115	0.831	0.001
0.046	0.128	0.243	0.583
0.188	0.219	0.537	0.056
0.459	0.141	0.172	0.228
>AGRGGAAGKR	3-AGRGGAAGKR	8.185376	-15.405352	0	T:66.0(0.43%),B:359.2(0.20%),P:1e-6	Tpos:26.0,Tstd:11.7,Bpos:2470.9,Bstd:8021.2,StrandBias:0.0,Multiplicity:1.00
0.442	0.070	0.286	0.202
0.257	0.193	0.414	0.136
0.381	0.188	0.374	0.057
0.001	0.001	0.997	0.001
0.001	0.001	0.997	0.001
0.670	0.256	0.073	0.001
0.697	0.025	0.132	0.146
0.205	0.171	0.623	0.001
0.001	0.250	0.333	0.417
0.322	0.169	0.407	0.102
>CACTTCCYCT	4-CACTTCCYCT	6.929269	-9.425838	0	T:134.0(0.87%),B:1068.6(0.60%),P:1e-4	Tpos:30.0,Tstd:13.0,Bpos:1583.5,Bstd:4547.2,StrandBias:3.3,Multiplicity:1.00
0.158	0.472	0.152	0.217
0.561	0.188	0.047	0.204
0.041	0.606	0.144	0.209
0.147	0.163	0.190	0.500
0.184	0.155	0.134	0.527
0.022	0.619	0.178	0.181
0.103	0.774	0.022	0.101
0.063	0.415	0.205	0.316
0.033	0.479	0.249	0.238
0.165	0.269	0.079	0.487
>CACTTCCYCY	5-CACTTCCYCY	9.735630	-4.540178	0	T:37.0(0.24%),B:274.0(0.15%),P:1e-1	Tpos:36.6,Tstd:10.1,Bpos:1340.0,Bstd:2736.7,StrandBias:1.3,Multiplicity:1.00
0.042	0.503	0.213	0.242
0.549	0.184	0.256	0.011
0.001	0.745	0.103	0.151
0.114	0.079	0.076	0.731
0.031	0.029	0.001	0.939
0.001	0.708	0.153	0.138
0.001	0.963	0.001	0.035
0.001	0.469	0.153	0.376
0.032	0.703	0.121	0.144
0.079	0.412	0.001	0.508
>NWCACTTCCC	6-NWCACTTCCC	8.831966	-0.470538	0	T:66.0(0.43%),B:784.3(0.44%),P:1e0	Tpos:23.9,Tstd:13.7,Bpos:3115.8,Bstd:6241.8,StrandBias:-0.9,Multiplicity:1.00
0.192	0.317	0.180	0.311
0.393	0.131	0.128	0.348
0.001	0.910	0.026	0.063
0.645	0.141	0.076	0.138
0.058	0.715	0.096	0.131
0.133	0.140	0.038	0.689
0.150	0.037	0.080	0.733
0.001	0.711	0.284	0.004
0.124	0.845	0.010	0.021
0.001	0.474	0.246	0.280
>MCACACTTCC	7-MCACACTTCC	12.603634	-0.398583	0	T:17.0(0.11%),B:213.9(0.12%),P:1e0	Tpos:18.5,Tstd:14.5,Bpos:1095.1,Bstd:2438.6,StrandBias:0.0,Multiplicity:1.00
0.415	0.478	0.001	0.106
0.001	0.933	0.001	0.065
0.997	0.001	0.001	0.001
0.001	0.997	0.001	0.001
0.997	0.001	0.001	0.001
0.001	0.997	0.001	0.001
0.001	0.001	0.001	0.997
0.001	0.001	0.001	0.997
0.001	0.997	0.001	0.001
0.348	0.650	0.001	0.001
>YGSCACGTGN	8-YGSCACGTGN	8.662833	-0.394567	0	T:6.0(0.04%),B:78.7(0.04%),P:1e0	Tpos:24.2,Tstd:4.4,Bpos:1410.0,Bstd:5916.8,StrandBias:-2.0,Multiplicity:1.00
0.174	0.332	0.176	0.317
0.231	0.001	0.629	0.139
0.001	0.384	0.413	0.202
0.001	0.770	0.228	0.001
0.986	0.001	0.001	0.012
0.179	0.500	0.123	0.198
0.269	0.197	0.533	0.001
0.001	0.001	0.001	0.997
0.001	0.001	0.997	0.001
0.198	0.318	0.223	0.260
>NBVCTTCCNN	9-NBVCTTCCNN	5.604494	-0.275477	0	T:32.0(0.21%),B:412.7(0.23%),P:1e0	Tpos:26.1,Tstd:11.3,Bpos:2943.4,Bstd:4754.1,StrandBias:1.0,Multiplicity:1.00
0.263	0.211	0.189	0.337
0.168	0.322	0.203	0.307
0.334	0.252	0.281	0.134
0.001	0.520	0.238	0.241
0.230	0.224	0.160	0.386
0.001	0.001	0.286	0.712
0.001	0.591	0.407	0.001
0.001	0.997	0.001	0.001
0.232	0.282	0.204	0.282
0.207	0.288	0.204	0.301
>NACACTTCCN	10-NACACTTCCN	6.553287	-0.219730	0	T:42.0(0.27%),B:546.2(0.31%),P:1e0	Tpos:22.8,Tstd:13.9,Bpos:1996.2,Bstd:5661.0,StrandBias:0.0,Multiplicity:1.00
0.228	0.298	0.236	0.238
0.528	0.166	0.150	0.156
0.122	0.606	0.136	0.136
0.540	0.165	0.158	0.137
0.109	0.607	0.143	0.141
0.176	0.156	0.145	0.523
0.147	0.176	0.167	0.510
0.146	0.551	0.170	0.133
0.149	0.578	0.139	0.134
0.209	0.317	0.222	0.252
>DRGDGGAAGT	11-DRGDGGAAGT	7.534105	-0.127569	0	T:60.0(0.39%),B:799.0(0.45%),P:1e0	Tpos:25.9,Tstd:12.1,Bpos:1471.0,Bstd:3583.3,StrandBias:0.8,Multiplicity:1.00
0.317	0.147	0.322	0.215
0.361	0.020	0.466	0.153
0.281	0.161	0.535	0.023
0.334	0.122	0.312	0.232
0.021	0.033	0.945	0.001
0.001	0.112	0.882	0.005
0.445	0.224	0.198	0.133
0.624	0.106	0.115	0.155
0.175	0.175	0.576	0.074
0.097	0.135	0.261	0.507
>ACTTCCYYTC	12-ACTTCCYYTC	8.899244	-0.037367	0	T:10.0(0.06%),B:190.8(0.11%),P:1e0	Tpos:20.8,Tstd:13.3,Bpos:3585.1,Bstd:7371.6,StrandBias:-0.3,Multiplicity:1.00
0.444	0.225	0.210	0.121
0.001	0.588	0.183	0.228
0.067	0.233	0.112	0.588
0.056	0.125	0.049	0.770
0.001	0.832	0.166	0.001
0.001	0.997	0.001	0.001
0.083	0.372	0.084	0.461
0.001	0.410	0.114	0.476
0.050	0.318	0.123	0.509
0.023	0.638	0.184	0.155
>CACTTCCTTY	13-CACTTCCTTY	9.575893	-0.033456	0	T:16.0(0.10%),B:280.6(0.16%),P:1e0	Tpos:27.7,Tstd:10.6,Bpos:2289.0,Bstd:6381.6,StrandBias:-0.2,Multiplicity:1.00
0.148	0.420	0.165	0.267
0.632	0.176	0.112	0.080
0.001	0.862	0.109	0.028
0.089	0.114	0.049	0.748
0.051	0.130	0.118	0.701
0.024	0.925	0.047	0.004
0.013	0.953	0.019	0.015
0.050	0.179	0.103	0.668
0.048	0.270	0.170	0.512
0.105	0.380	0.162	0.353
>NGNCABVTGN	14-NGNCABVTGN	7.035379	-0.014400	0	T:2.0(0.01%),B:73.5(0.04%),P:1e0	Tpos:18.0,Tstd:0.0,Bpos:2522.6,Bstd:9896.8,StrandBias:-10.0,Multiplicity:1.00
0.237	0.232	0.245	0.286
0.288	0.255	0.456	0.001
0.325	0.229	0.264	0.182
0.001	0.997	0.001	0.001
0.861	0.001	0.001	0.137
0.001	0.424	0.299	0.275
0.244	0.273	0.347	0.137
0.001	0.001	0.001	0.997
0.001	0.341	0.657	0.001
0.217	0.218	0.256	0.309
>ACTTCMCAYC	15-ACTTCMCAYC	11.874730	-0.014255	0	T:4.0(0.03%),B:112.8(0.06%),P:1e0	Tpos:28.0,Tstd:12.6,Bpos:3097.3,Bstd:5658.5,StrandBias:0.0,Multiplicity:1.00
0.997	0.001	0.001	0.001
0.001	0.997	0.001	0.001
0.001	0.001	0.001	0.997
0.050	0.001	0.001	0.948
0.001	0.997	0.001	0.001
0.459	0.539	0.001	0.001
0.001	0.997	0.001	0.001
0.511	0.187	0.001	0.301
0.001	0.464	0.001	0.534
0.001	0.997	0.001	0.001
>NCACGTGACD	16-NCACGTGACD	7.540323	-0.002710	0	T:3.0(0.02%),B:118.2(0.07%),P:1e0	Tpos:28.8,Tstd:15.5,Bpos:678.8,Bstd:2059.2,StrandBias:1.6,Multiplicity:1.33
0.271	0.203	0.253	0.272
0.099	0.674	0.138	0.089
0.572	0.159	0.173	0.096
0.103	0.604	0.138	0.155
0.160	0.150	0.568	0.122
0.098	0.105	0.171	0.626
0.050	0.188	0.671	0.091
0.600	0.162	0.144	0.094
0.133	0.613	0.137	0.117
0.323	0.137	0.272	0.268
>VYRTYRTRTG	17-VYRTYRTRTG	7.653671	-0.001253	0	T:2.0(0.01%),B:106.9(0.06%),P:1e0	Tpos:12.0,Tstd:6.0,Bpos:2583.6,Bstd:7174.4,StrandBias:0.0,Multiplicity:1.00
0.395	0.252	0.267	0.086
0.187	0.363	0.196	0.254
0.389	0.134	0.314	0.163
0.097	0.244	0.235	0.425
0.001	0.499	0.001	0.499
0.452	0.001	0.546	0.001
0.001	0.418	0.001	0.580
0.458	0.001	0.540	0.001
0.001	0.001	0.001	0.997
0.001	0.001	0.997	0.001
>RRRGGAAGNV	18-RRRGGAAGNV	6.708050	-0.001032	0	T:10.0(0.06%),B:265.2(0.15%),P:1e0	Tpos:24.0,Tstd:9.9,Bpos:2288.9,Bstd:7575.9,StrandBias:-0.7,Multiplicity:1.00
0.342	0.089	0.366	0.203
0.415	0.133	0.372	0.080
0.369	0.172	0.385	0.074
0.040	0.026	0.932	0.002
0.004	0.253	0.742	0.001
0.476	0.193	0.213	0.118
0.531	0.048	0.227	0.194
0.180	0.182	0.622	0.016
0.203	0.217	0.229	0.352
0.295	0.231	0.349	0.125
>ARRGRGGAAG	19-ARRGRGGAAG	8.337265	-0.000066	0	T:17.0(0.11%),B:439.6(0.25%),P:1e0	Tpos:19.7,Tstd:12.6,Bpos:1975.0,Bstd:4712.8,StrandBias:0.2,Multiplicity:1.00
0.457	0.127	0.259	0.157
0.342	0.090	0.417	0.151
0.442	0.002	0.432	0.124
0.313	0.172	0.513	0.002
0.382	0.090	0.420	0.108
0.001	0.005	0.968	0.026
0.034	0.055	0.880	0.031
0.592	0.194	0.184	0.030
0.717	0.064	0.097	0.122
0.236	0.156	0.607	0.001
>ABCAKGTGAC	20-ABCAKGTGAC	8.847676	-0.000036	0	T:7.0(0.05%),B:267.5(0.15%),P:1e0	Tpos:26.6,Tstd:12.8,Bpos:999.8,Bstd:3136.3,StrandBias:-0.4,Multiplicity:1.00
0.704	0.100	0.155	0.041
0.136	0.331	0.337	0.195
0.159	0.572	0.142	0.127
0.669	0.084	0.054	0.193
0.105	0.187	0.404	0.304
0.227	0.062	0.648	0.063
0.025	0.021	0.061	0.893
0.077	0.024	0.873	0.026
0.446	0.203	0.117	0.233
0.056	0.803	0.081	0.060
>GGAAGGGGAA	21-GGAAGGGGAA	8.707004	-0.000018	0	T:23.0(0.15%),B:566.4(0.32%),P:1e0	Tpos:24.8,Tstd:8.9,Bpos:3974.5,Bstd:7688.3,StrandBias:-10.0,Multiplicity:1.00
0.148	0.119	0.668	0.065
0.146	0.141	0.593	0.120
0.571	0.172	0.174	0.083
0.675	0.038	0.205	0.082
0.171	0.143	0.650	0.036
0.142	0.139	0.557	0.162
0.142	0.089	0.643	0.126
0.179	0.132	0.579	0.110
0.483	0.171	0.211	0.135
0.580	0.140	0.172	0.108
>GAGGGAGGAA	22-GAGGGAGGAA	9.202708	-0.000000	0	T:25.0(0.16%),B:706.2(0.40%),P:1e0	Tpos:28.6,Tstd:14.1,Bpos:1997.6,Bstd:4238.6,StrandBias:0.8,Multiplicity:1.00
0.216	0.160	0.519	0.105
0.559	0.015	0.209	0.217
0.288	0.007	0.669	0.036
0.213	0.001	0.653	0.133
0.199	0.164	0.611	0.026
0.639	0.001	0.141	0.219
0.094	0.001	0.900	0.005
0.061	0.119	0.659	0.161
0.462	0.248	0.248	0.042
0.698	0.045	0.070	0.187
>GTGTGTGTGY	23-GTGTGTGTGY	7.244654	-0.000000	0	T:590.0(3.82%),B:14832.1(8.38%),P:1e0	Tpos:26.0,Tstd:12.2,Bpos:2082.6,Bstd:5767.5,StrandBias:0.1,Multiplicity:1.18
0.161	0.074	0.679	0.086
0.036	0.311	0.001	0.652
0.184	0.001	0.814	0.001
0.001	0.260	0.001	0.738
0.266	0.001	0.732	0.001
0.042	0.370	0.001	0.587
0.294	0.001	0.704	0.001
0.120	0.359	0.001	0.520
0.224	0.001	0.774	0.001
0.143	0.418	0.001	0.437
>YCMYTTCCCY	24-YCMYTTCCCY	7.648253	-0.000000	0	T:231.0(1.50%),B:6372.8(3.60%),P:1e0	Tpos:25.4,Tstd:12.8,Bpos:1841.9,Bstd:4908.5,StrandBias:-0.1,Multiplicity:1.02
0.170	0.278	0.196	0.355
0.166	0.465	0.262	0.107
0.368	0.381	0.204	0.047
0.159	0.439	0.001	0.401
0.001	0.075	0.001	0.923
0.001	0.283	0.001	0.715
0.001	0.705	0.278	0.016
0.001	0.997	0.001	0.001
0.103	0.576	0.093	0.228
0.151	0.358	0.001	0.491
>VCTGCCWCCT	25-VCTGCCWCCT	5.697488	0.000000	0	T:2424.0(15.71%),B:65720.6(37.11%),P:1e0	Tpos:25.2,Tstd:12.0,Bpos:1639.7,Bstd:5006.9,StrandBias:-0.0,Multiplicity:1.08
0.259	0.374	0.344	0.023
0.044	0.523	0.362	0.071
0.221	0.036	0.002	0.741
0.083	0.001	0.741	0.175
0.151	0.519	0.109	0.221
0.013	0.849	0.002	0.136
0.382	0.081	0.007	0.530
0.007	0.687	0.180	0.126
0.151	0.558	0.201	0.090
0.140	0.195	0.002	0.663
>GAAAGAGGAAGT	1-GAAAGAGGAAGT	10.757689	-44.833057	0	T:82.0(0.53%),B:251.5(0.14%),P:1e-19	Tpos:26.4,Tstd:12.0,Bpos:4855.9,Bstd:7279.9,StrandBias:0.3,Multiplicity:1.00
0.253	0.098	0.574	0.075
0.542	0.153	0.193	0.112
0.673	0.065	0.208	0.054
0.610	0.019	0.265	0.106
0.121	0.118	0.727	0.034
0.545	0.157	0.242	0.056
0.128	0.001	0.839	0.032
0.020	0.018	0.961	0.001
0.809	0.058	0.083	0.050
0.891	0.025	0.040	0.044
0.067	0.200	0.725	0.008
0.079	0.121	0.114	0.686
>WAAGRGGAAGTG	2-WAAGRGGAAGTG	10.396737	-40.123506	0	T:119.0(0.77%),B:515.6(0.29%),P:1e-17	Tpos:25.2,Tstd:11.2,Bpos:1928.4,Bstd:4815.9,StrandBias:0.3,Multiplicity:1.00
0.402	0.103	0.183	0.312
0.448	0.140	0.237	0.175
0.545	0.001	0.294	0.160
0.115	0.205	0.679	0.001
0.380	0.227	0.372	0.020
0.062	0.001	0.926	0.011
0.022	0.001	0.976	0.001
0.969	0.029	0.001	0.001
0.947	0.001	0.051	0.001
0.086	0.151	0.762	0.001
0.097	0.082	0.093	0.728
0.178	0.094	0.583	0.145
>GCCACCTRSTGG	3-GCCACCTRSTGG	12.034181	-29.886681	0	T:84.0(0.54%),B:356.5(0.20%),P:1e-12	Tpos:21.6,Tstd:10.9,Bpos:989.4,Bstd:2907.2,StrandBias:-0.3,Multiplicity:1.00
0.001	0.065	0.933	0.001
0.143	0.755	0.001	0.101
0.027	0.971	0.001	0.001
0.656	0.342	0.001	0.001
0.001	0.789	0.001	0.209
0.001	0.997	0.001	0.001
0.001	0.001	0.001	0.997
0.414	0.016	0.522	0.048
0.043	0.372	0.442	0.144
0.048	0.133	0.001	0.818
0.001	0.001	0.997	0.001
0.074	0.098	0.680	0.148
>CACTTCCTCYBN	4-CACTTCCTCYBN	10.669344	-21.873878	0	T:38.0(0.25%),B:116.6(0.07%),P:1e-9	Tpos:27.8,Tstd:3.1,Bpos:1925.3,Bstd:5802.2,StrandBias:0.6,Multiplicity:1.00
0.050	0.663	0.066	0.221
0.611	0.156	0.088	0.145
0.001	0.764	0.234	0.001
0.057	0.068	0.001	0.874
0.060	0.001	0.067	0.872
0.001	0.976	0.022	0.001
0.027	0.885	0.001	0.087
0.022	0.332	0.161	0.485
0.001	0.661	0.153	0.185
0.176	0.344	0.001	0.479
0.171	0.261	0.217	0.352
0.204	0.314	0.175	0.307
>CACHAGGKGGCA	5-CACHAGGKGGCA	11.200048	-15.332445	0	T:27.0(0.17%),B:86.6(0.05%),P:1e-6	Tpos:23.0,Tstd:14.4,Bpos:2325.4,Bstd:4670.8,StrandBias:1.6,Multiplicity:1.00
0.042	0.861	0.014	0.083
0.720	0.056	0.207	0.017
0.124	0.589	0.254	0.033
0.367	0.379	0.023	0.231
0.705	0.007	0.213	0.075
0.119	0.070	0.801	0.010
0.311	0.023	0.665	0.001
0.149	0.033	0.346	0.472
0.001	0.029	0.944	0.026
0.051	0.001	0.668	0.280
0.043	0.741	0.038	0.178
0.624	0.025	0.340	0.011
>YTTCACTTCCCY	6-YTTCACTTCCCY	9.791799	-15.240551	0	T:25.0(0.16%),B:75.2(0.04%),P:1e-6	Tpos:21.5,Tstd:15.0,Bpos:2614.8,Bstd:4266.1,StrandBias:-0.2,Multiplicity:1.00
0.112	0.344	0.121	0.423
0.243	0.063	0.228	0.466
0.144	0.259	0.162	0.435
0.068	0.758	0.098	0.076
0.552	0.295	0.068	0.085
0.065	0.721	0.110	0.104
0.119	0.132	0.059	0.690
0.063	0.125	0.126	0.686
0.045	0.804	0.072	0.079
0.084	0.764	0.068	0.084
0.070	0.501	0.079	0.350
0.101	0.405	0.117	0.376
>AAGRGGAAGTGA	7-AAGRGGAAGTGA	13.118158	-14.805665	0	T:20.0(0.13%),B:50.4(0.03%),P:1e-6	Tpos:36.0,Tstd:8.0,Bpos:3018.0,Bstd:2084.7,StrandBias:-10.0,Multiplicity:1.00
0.615	0.028	0.278	0.079
0.703	0.001	0.224	0.072
0.110	0.040	0.849	0.001
0.501	0.072	0.379	0.048
0.014	0.001	0.984	0.001
0.015	0.001	0.983	0.001
0.895	0.094	0.010	0.001
0.929	0.001	0.028	0.042
0.039	0.119	0.841	0.001
0.013	0.023	0.177	0.787
0.089	0.176	0.734	0.001
0.546	0.164	0.179	0.111
>CCACCAGGTGGC	8-CCACCAGGTGGC	11.288537	-11.769421	0	T:37.0(0.24%),B:177.2(0.10%),P:1e-5	Tpos:26.1,Tstd:11.1,Bpos:1043.1,Bstd:3020.3,StrandBias:-0.1,Multiplicity:1.00
0.251	0.623	0.078	0.048
0.155	0.820	0.014	0.011
0.636	0.193	0.127	0.044
0.064	0.706	0.201	0.029
0.112	0.679	0.051	0.158
0.566	0.044	0.001	0.389
0.069	0.025	0.747	0.159
0.191	0.051	0.757	0.001
0.061	0.080	0.225	0.634
0.001	0.021	0.941	0.037
0.100	0.023	0.653	0.224
0.062	0.691	0.049	0.198
>GGAAGTGAGAGT	9-GGAAGTGAGAGT	11.478631	-11.276703	0	T:17.0(0.11%),B:49.2(0.03%),P:1e-4	Tpos:25.4,Tstd:8.8,Bpos:1769.9,Bstd:5264.8,StrandBias:1.2,Multiplicity:1.00
0.015	0.001	0.960	0.024
0.035	0.101	0.843	0.021
0.708	0.147	0.093	0.052
0.892	0.056	0.041	0.011
0.082	0.111	0.781	0.026
0.096	0.039	0.108	0.757
0.048	0.086	0.798	0.068
0.646	0.087	0.137	0.130
0.144	0.099	0.621	0.136
0.631	0.081	0.174	0.114
0.078	0.124	0.666	0.132
0.140	0.108	0.141	0.611
>RRGRGGAAGTGV	10-RRGRGGAAGTGV	10.201234	-10.261652	0	T:12.0(0.08%),B:27.6(0.02%),P:1e-4	Tpos:25.0,Tstd:6.7,Bpos:2124.3,Bstd:3451.2,StrandBias:1.0,Multiplicity:1.00
0.327	0.136	0.402	0.135
0.434	0.024	0.384	0.158
0.275	0.218	0.490	0.017
0.449	0.205	0.315	0.031
0.034	0.029	0.921	0.016
0.029	0.029	0.932	0.010
0.864	0.034	0.077	0.025
0.876	0.037	0.047	0.040
0.056	0.253	0.685	0.006
0.119	0.179	0.180	0.522
0.195	0.150	0.568	0.087
0.317	0.263	0.262	0.158
>ACTACAATTCCC	11-ACTACAATTCCC	11.676025	-5.665967	0	T:72.0(0.47%),B:577.8(0.33%),P:1e-2	Tpos:21.8,Tstd:11.1,Bpos:426.9,Bstd:1554.8,StrandBias:0.2,Multiplicity:1.00
0.759	0.093	0.087	0.061
0.033	0.853	0.059	0.055
0.092	0.165	0.074	0.669
0.647	0.084	0.147	0.122
0.033	0.859	0.062	0.046
0.730	0.113	0.083	0.074
0.558	0.193	0.111	0.138
0.085	0.173	0.098	0.644
0.049	0.098	0.073	0.780
0.058	0.767	0.076	0.099
0.046	0.888	0.031	0.035
0.052	0.848	0.033	0.067
>CATTATGTMACA	12-CATTATGTMACA	9.884547	-5.419618	0	T:11.0(0.07%),B:45.3(0.03%),P:1e-2	Tpos:29.7,Tstd:10.3,Bpos:4201.8,Bstd:5697.1,StrandBias:1.4,Multiplicity:1.00
0.118	0.617	0.169	0.096
0.756	0.138	0.060	0.046
0.052	0.190	0.169	0.589
0.032	0.259	0.250	0.458
0.512	0.191	0.208	0.089
0.017	0.102	0.063	0.818
0.047	0.045	0.862	0.046
0.042	0.310	0.007	0.641
0.374	0.315	0.221	0.090
0.664	0.157	0.131	0.048
0.023	0.824	0.122	0.031
0.427	0.197	0.138	0.238
>CACATATACACG	13-CACATATACACG	14.002216	-1.074444	0	T:1.0(0.01%),B:4.0(0.00%),P:1e0	Tpos:34.0,Tstd:0.0,Bpos:8653.6,Bstd:3292.8,StrandBias:-10.0,Multiplicity:1.00
0.001	0.997	0.001	0.001
0.997	0.001	0.001	0.001
0.001	0.614	0.001	0.384
0.577	0.001	0.421	0.001
0.001	0.371	0.001	0.627
0.638	0.001	0.360	0.001
0.001	0.081	0.001	0.917
0.838	0.001	0.160	0.001
0.001	0.947	0.051	0.001
0.997	0.001	0.001	0.001
0.001	0.997	0.001	0.001
0.293	0.001	0.705	0.001
>TGTGTGTGTGTG	14-TGTGTGTGTGTG	14.757356	-0.000000	0	T:105.0(0.68%),B:1960.9(1.11%),P:1e0	Tpos:27.3,Tstd:11.6,Bpos:3449.7,Bstd:9128.5,StrandBias:0.0,Multiplicity:1.00
0.060	0.029	0.002	0.909
0.269	0.001	0.729	0.001
0.011	0.075	0.001	0.913
0.013	0.001	0.985	0.001
0.001	0.216	0.001	0.782
0.312	0.001	0.686	0.001
0.017	0.183	0.001	0.799
0.173	0.001	0.825	0.001
0.018	0.077	0.001	0.904
0.038	0.001	0.960	0.001
0.001	0.104	0.001	0.894
0.012	0.001	0.935	0.052
>GTGTGTGTGTGT	15-GTGTGTGTGTGT	14.406423	-0.000000	0	T:106.0(0.69%),B:2009.9(1.14%),P:1e0	Tpos:25.9,Tstd:12.3,Bpos:2504.7,Bstd:6140.5,StrandBias:0.7,Multiplicity:1.08
0.064	0.063	0.872	0.001
0.026	0.211	0.010	0.753
0.070	0.021	0.908	0.001
0.006	0.237	0.001	0.756
0.167	0.034	0.798	0.001
0.001	0.192	0.019	0.788
0.118	0.034	0.847	0.001
0.001	0.197	0.008	0.794
0.056	0.001	0.942	0.001
0.001	0.182	0.022	0.795
0.029	0.001	0.958	0.012
0.015	0.197	0.001	0.787
>ACACACACRCAC	16-ACACACACRCAC	12.767688	-0.000000	0	T:111.0(0.72%),B:2115.3(1.19%),P:1e0	Tpos:29.0,Tstd:8.3,Bpos:1538.6,Bstd:3056.7,StrandBias:1.0,Multiplicity:1.00
0.721	0.001	0.188	0.090
0.001	0.753	0.054	0.192
0.764	0.001	0.213	0.022
0.010	0.865	0.001	0.124
0.771	0.001	0.227	0.001
0.001	0.842	0.001	0.156
0.782	0.001	0.216	0.001
0.001	0.696	0.001	0.302
0.551	0.001	0.447	0.001
0.001	0.820	0.001	0.178
0.639	0.051	0.309	0.001
0.138	0.704	0.001	0.157
>TGTGTGTGTGTG	17-TGTGTGTGTGTG	13.362084	-0.000000	0	T:113.0(0.73%),B:2156.4(1.22%),P:1e0	Tpos:42.0,Tstd:0.7,Bpos:2804.2,Bstd:10370.1,StrandBias:-1.6,Multiplicity:1.00
0.001	0.250	0.001	0.748
0.056	0.001	0.942	0.001
0.001	0.322	0.001	0.676
0.118	0.001	0.880	0.001
0.001	0.357	0.001	0.641
0.044	0.001	0.954	0.001
0.001	0.316	0.001	0.682
0.168	0.001	0.830	0.001
0.001	0.205	0.001	0.793
0.068	0.001	0.930	0.001
0.001	0.259	0.001	0.739
0.138	0.001	0.860	0.001
>CACACACACACA	18-CACACACACACA	11.498110	-0.000000	0	T:117.0(0.76%),B:2229.6(1.26%),P:1e0	Tpos:31.8,Tstd:11.9,Bpos:1575.2,Bstd:6299.5,StrandBias:1.9,Multiplicity:1.00
0.103	0.654	0.001	0.242
0.594	0.001	0.404	0.001
0.001	0.775	0.001	0.223
0.656	0.001	0.342	0.001
0.001	0.843	0.001	0.155
0.762	0.001	0.236	0.001
0.001	0.622	0.001	0.376
0.673	0.001	0.325	0.001
0.001	0.772	0.001	0.226
0.601	0.001	0.330	0.068
0.058	0.701	0.059	0.182
0.502	0.024	0.340	0.134
>ACACACACACAC	19-ACACACACACAC	13.006502	-0.000000	0	T:114.0(0.74%),B:2185.4(1.23%),P:1e0	Tpos:26.0,Tstd:1.0,Bpos:1977.2,Bstd:3244.3,StrandBias:10.0,Multiplicity:1.00
0.732	0.001	0.266	0.001
0.001	0.888	0.001	0.110
0.666	0.001	0.332	0.001
0.001	0.833	0.001	0.165
0.595	0.001	0.403	0.001
0.001	0.850	0.001	0.148
0.595	0.001	0.403	0.001
0.001	0.803	0.001	0.195
0.761	0.001	0.237	0.001
0.001	0.936	0.001	0.062
0.687	0.001	0.311	0.001
0.001	0.919	0.001	0.079
>ACACACACACAC	20-ACACACACACAC	13.333626	-0.000000	0	T:110.0(0.71%),B:2129.8(1.20%),P:1e0	Tpos:26.0,Tstd:13.8,Bpos:1553.7,Bstd:5647.2,StrandBias:2.0,Multiplicity:1.00
0.716	0.001	0.189	0.094
0.017	0.861	0.001	0.121
0.747	0.001	0.231	0.021
0.001	0.952	0.001	0.046
0.833	0.001	0.165	0.001
0.001	0.820	0.001	0.178
0.650	0.001	0.348	0.001
0.001	0.932	0.001	0.066
0.822	0.001	0.176	0.001
0.001	0.858	0.001	0.140
0.676	0.042	0.191	0.091
0.050	0.795	0.048	0.107
>CACACACACACA	21-CACACACACACA	13.532522	-0.000000	0	T:110.0(0.71%),B:2129.6(1.20%),P:1e0	Tpos:44.0,Tstd:0.0,Bpos:3466.8,Bstd:10451.0,StrandBias:10.0,Multiplicity:1.00
0.001	0.941	0.001	0.057
0.860	0.001	0.138	0.001
0.001	0.932	0.001	0.066
0.767	0.001	0.231	0.001
0.001	0.983	0.001	0.015
0.769	0.001	0.212	0.018
0.001	0.894	0.001	0.104
0.718	0.001	0.280	0.001
0.001	0.758	0.001	0.240
0.676	0.001	0.322	0.001
0.069	0.757	0.001	0.173
0.866	0.002	0.131	0.001
>GTGTGTGTGTGY	22-GTGTGTGTGTGY	11.417225	-0.000000	0	T:114.0(0.74%),B:2197.0(1.24%),P:1e0	Tpos:7.5,Tstd:1.5,Bpos:2478.2,Bstd:9458.3,StrandBias:0.0,Multiplicity:1.00
0.232	0.061	0.682	0.025
0.064	0.317	0.043	0.576
0.286	0.029	0.574	0.111
0.073	0.269	0.010	0.648
0.366	0.006	0.599	0.029
0.001	0.293	0.001	0.705
0.202	0.001	0.796	0.001
0.001	0.341	0.001	0.657
0.126	0.001	0.872	0.001
0.004	0.309	0.016	0.671
0.184	0.059	0.661	0.096
0.126	0.434	0.005	0.435
>TGTGTGTGTGTG	23-TGTGTGTGTGTG	10.976389	-0.000000	0	T:110.0(0.71%),B:2135.5(1.21%),P:1e0	Tpos:24.8,Tstd:10.0,Bpos:1125.9,Bstd:3153.1,StrandBias:10.0,Multiplicity:1.00
0.075	0.266	0.021	0.638
0.232	0.004	0.733	0.031
0.027	0.375	0.011	0.587
0.224	0.011	0.751	0.014
0.010	0.345	0.020	0.625
0.271	0.019	0.705	0.005
0.019	0.391	0.007	0.583
0.263	0.014	0.703	0.020
0.025	0.323	0.011	0.641
0.211	0.019	0.736	0.034
0.167	0.283	0.013	0.537
0.209	0.129	0.551	0.111
>ACACACACRCAC	24-ACACACACRCAC	11.983173	-0.000000	0	T:117.0(0.76%),B:2239.0(1.26%),P:1e0	Tpos:30.2,Tstd:11.8,Bpos:1517.5,Bstd:3524.4,StrandBias:1.6,Multiplicity:1.00
0.591	0.045	0.309	0.055
0.001	0.732	0.001	0.266
0.774	0.019	0.206	0.001
0.001	0.969	0.001	0.029
0.973	0.001	0.025	0.001
0.001	0.997	0.001	0.001
0.865	0.001	0.104	0.030
0.001	0.668	0.013	0.318
0.552	0.013	0.415	0.020
0.046	0.618	0.103	0.233
0.415	0.250	0.253	0.082
0.093	0.615	0.141	0.151
>GRGGGGGRGRGG	25-GRGGGGGRGRGG	6.217595	-0.000000	0	T:2098.0(13.60%),B:56938.4(32.15%),P:1e0	Tpos:25.0,Tstd:11.8,Bpos:1543.0,Bstd:4356.3,StrandBias:-0.1,Multiplicity:1.08
0.335	0.125	0.539	0.001
0.369	0.113	0.445	0.073
0.279	0.001	0.543	0.177
0.352	0.001	0.646	0.001
0.420	0.001	0.578	0.001
0.400	0.001	0.559	0.040
0.352	0.001	0.646	0.001
0.363	0.001	0.456	0.180
0.354	0.074	0.571	0.001
0.388	0.001	0.474	0.136
0.252	0.194	0.434	0.120
0.294	0.082	0.480	0.145
>AGGAAGTG	1-AGGAAGTG	10.480759	-0.250808	0	T:294.0(1.91%),B:3527.1(1.99%),P:1e0	Tpos:24.5,Tstd:12.8,Bpos:2129.6,Bstd:5605.3,StrandBias:0.0,Multiplicity:1.01
0.768	0.059	0.172	0.001
0.001	0.001	0.997	0.001
0.001	0.001	0.997	0.001
0.956	0.039	0.001	0.004
0.964	0.001	0.001	0.034
0.030	0.021	0.948	0.001
0.001	0.020	0.028	0.951
0.085	0.038	0.857	0.020
>RDBDCAYR	2-RDBDCAYR	5.014797	-0.000000	0	T:8.0(0.05%),B:448.9(0.25%),P:1e0	Tpos:5.0,Tstd:0.0,Bpos:1132.5,Bstd:2844.5,StrandBias:10.0,Multiplicity:1.00
0.276	0.171	0.368	0.184
0.283	0.162	0.205	0.350
0.131	0.323	0.215	0.331
0.341	0.035	0.383	0.242
0.001	0.966	0.001	0.032
0.740	0.076	0.120	0.064
0.050	0.485	0.001	0.464
0.381	0.108	0.406	0.105
>WKDCAYRY	3-WKDCAYRY	4.349575	-0.000000	0	T:3853.0(24.97%),B:88159.8(49.79%),P:1e0	Tpos:25.2,Tstd:12.5,Bpos:3426.9,Bstd:9242.9,StrandBias:-0.1,Multiplicity:1.29
0.352	0.111	0.154	0.383
0.118	0.204	0.272	0.406
0.318	0.098	0.310	0.274
0.001	0.997	0.001	0.001
0.745	0.001	0.253	0.001
0.001	0.530	0.001	0.468
0.512	0.001	0.486	0.001
0.001	0.567	0.001	0.431
>GGGAARDR	4-GGGAARDR	8.045640	-0.000000	0	T:175.0(1.13%),B:3230.4(1.82%),P:1e0	Tpos:25.8,Tstd:16.4,Bpos:1468.0,Bstd:3686.3,StrandBias:-0.2,Multiplicity:1.00
0.302	0.001	0.696	0.001
0.001	0.001	0.997	0.001
0.001	0.001	0.997	0.001
0.656	0.001	0.342	0.001
0.997	0.001	0.001	0.001
0.387	0.001	0.529	0.083
0.312	0.001	0.311	0.376
0.387	0.001	0.529	0.083
>GGAAGGGA	5-GGAAGGGA	4.858811	-0.000000	0	T:2957.0(19.16%),B:69742.1(39.39%),P:1e0	Tpos:24.9,Tstd:13.5,Bpos:1981.3,Bstd:5317.4,StrandBias:-0.0,Multiplicity:1.07
0.087	0.004	0.844	0.065
0.048	0.020	0.906	0.026
0.782	0.014	0.196	0.008
0.932	0.005	0.048	0.015
0.025	0.008	0.965	0.002
0.002	0.003	0.834	0.161
0.079	0.014	0.902	0.005
0.906	0.014	0.062	0.018
>YCTCYYTC	6-YCTCYYTC	4.971162	-0.000000	0	T:464.0(3.01%),B:16825.1(9.50%),P:1e0	Tpos:18.2,Tstd:14.6,Bpos:2519.0,Bstd:4780.0,StrandBias:0.3,Multiplicity:1.00
0.165	0.402	0.145	0.288
0.275	0.442	0.091	0.192
0.174	0.279	0.031	0.516
0.092	0.508	0.214	0.186
0.162	0.475	0.009	0.354
0.061	0.387	0.106	0.446
0.226	0.152	0.073	0.549
0.066	0.545	0.131	0.258
>GGRRGGGG	7-GGRRGGGG	5.112890	-0.000000	0	T:3889.0(25.20%),B:89357.7(50.46%),P:1e0	Tpos:25.7,Tstd:13.7,Bpos:1572.5,Bstd:6421.3,StrandBias:0.0,Multiplicity:1.03
0.269	0.004	0.469	0.258
0.294	0.001	0.544	0.161
0.441	0.001	0.409	0.148
0.429	0.001	0.569	0.001
0.273	0.001	0.664	0.062
0.317	0.001	0.681	0.001
0.317	0.001	0.624	0.058
0.320	0.001	0.678	0.001
>VTBACAYR	8-VTBACAYR	4.726356	-0.000000	0	T:1154.0(7.48%),B:34545.2(19.51%),P:1e0	Tpos:26.2,Tstd:12.4,Bpos:4219.5,Bstd:10056.8,StrandBias:0.2,Multiplicity:1.01
0.273	0.262	0.380	0.085
0.154	0.119	0.095	0.632
0.135	0.307	0.332	0.225
0.479	0.120	0.188	0.214
0.002	0.847	0.150	0.001
0.807	0.001	0.085	0.107
0.001	0.484	0.061	0.454
0.480	0.001	0.453	0.066
>RRAGRGGR	9-RRAGRGGR	4.840717	-0.000000	0	T:929.0(6.02%),B:31140.9(17.59%),P:1e0	Tpos:21.5,Tstd:12.8,Bpos:2045.7,Bstd:5428.9,StrandBias:-2.3,Multiplicity:1.00
0.319	0.144	0.374	0.162
0.437	0.109	0.362	0.092
0.530	0.001	0.376	0.093
0.346	0.001	0.521	0.132
0.396	0.001	0.504	0.099
0.289	0.001	0.576	0.134
0.346	0.001	0.536	0.117
0.350	0.126	0.401	0.123
>AGGGAAGG	10-AGGGAAGG	7.347846	-0.000000	0	T:677.0(4.39%),B:22093.5(12.48%),P:1e0	Tpos:29.6,Tstd:13.2,Bpos:1612.5,Bstd:5259.7,StrandBias:0.1,Multiplicity:1.00
0.577	0.086	0.253	0.084
0.182	0.051	0.712	0.055
0.016	0.010	0.939	0.035
0.079	0.029	0.878	0.014
0.897	0.029	0.053	0.021
0.677	0.017	0.256	0.050
0.107	0.047	0.768	0.078
0.150	0.137	0.553	0.160
>MCTBCCWT	11-MCTBCCWT	5.172984	-0.000000	0	T:109.0(0.71%),B:2942.4(1.66%),P:1e0	Tpos:24.4,Tstd:12.8,Bpos:3501.2,Bstd:8310.0,StrandBias:-0.1,Multiplicity:1.02
0.378	0.235	0.205	0.182
0.075	0.523	0.123	0.279
0.356	0.106	0.021	0.517
0.096	0.325	0.265	0.314
0.231	0.510	0.180	0.079
0.101	0.855	0.027	0.017
0.359	0.202	0.055	0.384
0.094	0.296	0.109	0.501
>CTTCCCYT	12-CTTCCCYT	4.717811	-0.000000	0	T:4752.0(30.80%),B:90524.9(51.12%),P:1e0	Tpos:24.8,Tstd:12.9,Bpos:2362.8,Bstd:9007.2,StrandBias:0.0,Multiplicity:1.26
0.149	0.522	0.153	0.176
0.163	0.113	0.110	0.614
0.001	0.122	0.001	0.876
0.037	0.915	0.001	0.047
0.001	0.997	0.001	0.001
0.037	0.500	0.338	0.125
0.070	0.426	0.198	0.305
0.088	0.334	0.001	0.577
>GDGARRRR	13-GDGARRRR	3.775881	-0.000000	0	T:6980.0(45.23%),B:131445.3(74.23%),P:1e0	Tpos:25.2,Tstd:13.4,Bpos:2598.0,Bstd:7878.5,StrandBias:-0.0,Multiplicity:1.06
0.230	0.098	0.530	0.142
0.291	0.001	0.298	0.410
0.255	0.186	0.558	0.001
0.697	0.001	0.153	0.149
0.365	0.117	0.500	0.019
0.449	0.001	0.549	0.001
0.304	0.135	0.442	0.118
0.332	0.105	0.398	0.165
>NTGTGTGY	14-NTGTGTGY	7.940317	-0.000000	0	T:36.0(0.23%),B:1385.0(0.78%),P:1e0	Tpos:15.6,Tstd:10.0,Bpos:2862.2,Bstd:10165.0,StrandBias:1.2,Multiplicity:1.00
0.285	0.205	0.197	0.313
0.064	0.169	0.297	0.470
0.218	0.001	0.780	0.001
0.001	0.001	0.001	0.997
0.168	0.001	0.830	0.001
0.001	0.001	0.001	0.997
0.001	0.001	0.997	0.001
0.160	0.454	0.001	0.385
>RGGGAARD	15-RGGGAARD	3.785698	-0.000000	0	T:6490.0(42.06%),B:121345.4(68.53%),P:1e0	Tpos:24.9,Tstd:13.5,Bpos:2913.5,Bstd:7806.7,StrandBias:0.2,Multiplicity:1.10
0.412	0.038	0.466	0.083
0.241	0.051	0.614	0.094
0.093	0.001	0.768	0.138
0.321	0.073	0.605	0.001
0.643	0.001	0.269	0.087
0.482	0.095	0.325	0.097
0.415	0.040	0.380	0.165
0.337	0.157	0.267	0.239
>RGGAAGRG	16-RGGAAGRG	8.506938	0.000000	0	T:205.0(1.33%),B:7943.3(4.49%),P:1e0	Tpos:47.0,Tstd:0.0,Bpos:422.4,Bstd:708.0,StrandBias:10.0,Multiplicity:1.00
0.428	0.001	0.570	0.001
0.001	0.001	0.997	0.001
0.001	0.001	0.997	0.001
0.802	0.001	0.196	0.001
0.997	0.001	0.001	0.001
0.245	0.001	0.753	0.001
0.463	0.001	0.473	0.063
0.290	0.001	0.468	0.241
>GRAARGDG	17-GRAARGDG	5.797870	0.000000	0	T:440.0(2.85%),B:18406.7(10.39%),P:1e0	Tpos:24.6,Tstd:15.0,Bpos:14384.1,Bstd:33741.3,StrandBias:0.2,Multiplicity:1.00
0.282	0.070	0.464	0.184
0.394	0.042	0.491	0.073
0.608	0.001	0.390	0.001
0.600	0.001	0.398	0.001
0.424	0.001	0.468	0.108
0.192	0.102	0.617	0.089
0.366	0.001	0.377	0.255
0.213	0.128	0.632	0.027
>TGCCWCCT	18-TGCCWCCT	4.523006	0.000000	0	T:4860.0(31.50%),B:105883.4(59.80%),P:1e0	Tpos:25.1,Tstd:13.0,Bpos:2716.3,Bstd:7177.6,StrandBias:-0.0,Multiplicity:1.12
0.030	0.001	0.001	0.968
0.061	0.324	0.594	0.021
0.074	0.571	0.001	0.354
0.014	0.704	0.052	0.230
0.365	0.192	0.051	0.392
0.001	0.876	0.095	0.028
0.121	0.626	0.027	0.226
0.093	0.089	0.055	0.763
>YYCCCYYN	19-YYCCCYYN	4.542356	0.000000	0	T:1080.0(7.00%),B:32242.7(18.21%),P:1e0	Tpos:37.3,Tstd:15.2,Bpos:1581.0,Bstd:2580.7,StrandBias:-1.0,Multiplicity:1.00
0.057	0.454	0.035	0.454
0.001	0.489	0.001	0.509
0.121	0.479	0.082	0.319
0.065	0.575	0.001	0.359
0.094	0.573	0.120	0.213
0.163	0.440	0.001	0.396
0.176	0.342	0.173	0.309
0.243	0.289	0.160	0.308
>CACACACA	20-CACACACA	3.849869	0.000000	0	T:3005.0(19.47%),B:83133.3(46.95%),P:1e0	Tpos:24.8,Tstd:13.2,Bpos:3249.5,Bstd:11933.8,StrandBias:0.1,Multiplicity:1.08
0.042	0.953	0.001	0.004
0.873	0.018	0.029	0.080
0.008	0.947	0.026	0.019
0.932	0.011	0.037	0.020
0.001	0.960	0.011	0.028
0.890	0.014	0.084	0.012
0.056	0.831	0.108	0.005
0.701	0.159	0.037	0.103
>GARRGRGR	21-GARRGRGR	4.764889	0.000000	0	T:3403.0(22.05%),B:81015.8(45.75%),P:1e0	Tpos:25.9,Tstd:13.4,Bpos:3842.8,Bstd:13301.7,StrandBias:-0.2,Multiplicity:1.02
0.023	0.125	0.851	0.001
0.542	0.001	0.250	0.207
0.367	0.108	0.479	0.047
0.475	0.001	0.523	0.001
0.299	0.137	0.563	0.001
0.377	0.001	0.455	0.168
0.267	0.037	0.455	0.241
0.301	0.144	0.380	0.174
>VATRTGTG	22-VATRTGTG	5.845159	0.000000	0	T:20.0(0.13%),B:768.8(0.43%),P:1e0	Tpos:32.0,Tstd:1.0,Bpos:2673.7,Bstd:4347.0,StrandBias:10.0,Multiplicity:1.00
0.233	0.332	0.262	0.173
0.534	0.110	0.234	0.122
0.200	0.118	0.204	0.478
0.466	0.078	0.409	0.047
0.079	0.052	0.147	0.722
0.003	0.082	0.885	0.030
0.186	0.118	0.203	0.494
0.192	0.226	0.423	0.159
>SAYACATG	23-SAYACATG	7.049944	0.000000	0	T:100.0(0.65%),B:2332.4(1.32%),P:1e0	Tpos:31.4,Tstd:14.1,Bpos:1844.1,Bstd:3840.4,StrandBias:-0.6,Multiplicity:1.00
0.165	0.373	0.296	0.166
0.573	0.001	0.206	0.220
0.111	0.511	0.001	0.377
0.538	0.001	0.282	0.179
0.001	0.893	0.001	0.105
0.898	0.001	0.100	0.001
0.001	0.385	0.001	0.613
0.361	0.001	0.609	0.029
>DHNACACA	24-DHNACACA	6.070072	0.000000	0	T:50.0(0.32%),B:2445.4(1.38%),P:1e0	Tpos:25.9,Tstd:10.0,Bpos:1568.3,Bstd:3105.0,StrandBias:-0.3,Multiplicity:1.12
0.337	0.065	0.252	0.346
0.255	0.335	0.084	0.327
0.179	0.322	0.321	0.178
0.475	0.208	0.129	0.189
0.001	0.767	0.108	0.124
0.694	0.049	0.176	0.081
0.001	0.917	0.001	0.081
0.763	0.072	0.043	0.122
>VSATGTGT	25-VSATGTGT	8.760933	0.000000	0	T:32.0(0.21%),B:1309.2(0.74%),P:1e0	Tpos:28.4,Tstd:15.2,Bpos:4204.4,Bstd:8304.6,StrandBias:-1.0,Multiplicity:1.00
0.320	0.296	0.276	0.108
0.223	0.325	0.451	0.001
0.778	0.001	0.191	0.030
0.038	0.001	0.001	0.960
0.068	0.001	0.930	0.001
0.001	0.021	0.001	0.977
0.001	0.001	0.997	0.001
0.001	0.001	0.001	0.997
