>GAAAGAGGAAGT	1-GAAAGAGGAAGT	10.757689	-44.833057	0	T:82.0(0.53%),B:251.5(0.14%),P:1e-19	Tpos:26.4,Tstd:12.0,Bpos:4855.9,Bstd:7279.9,StrandBias:0.3,Multiplicity:1.00
0.253	0.098	0.574	0.075
0.542	0.153	0.193	0.112
0.673	0.065	0.208	0.054
0.610	0.019	0.265	0.106
0.121	0.118	0.727	0.034
0.545	0.157	0.242	0.056
0.128	0.001	0.839	0.032
0.020	0.018	0.961	0.001
0.809	0.058	0.083	0.050
0.891	0.025	0.040	0.044
0.067	0.200	0.725	0.008
0.079	0.121	0.114	0.686
>WAAGRGGAAGTG	2-WAAGRGGAAGTG	10.396737	-40.123506	0	T:119.0(0.77%),B:515.6(0.29%),P:1e-17	Tpos:25.2,Tstd:11.2,Bpos:1928.4,Bstd:4815.9,StrandBias:0.3,Multiplicity:1.00
0.402	0.103	0.183	0.312
0.448	0.140	0.237	0.175
0.545	0.001	0.294	0.160
0.115	0.205	0.679	0.001
0.380	0.227	0.372	0.020
0.062	0.001	0.926	0.011
0.022	0.001	0.976	0.001
0.969	0.029	0.001	0.001
0.947	0.001	0.051	0.001
0.086	0.151	0.762	0.001
0.097	0.082	0.093	0.728
0.178	0.094	0.583	0.145
>GCCACCTRSTGG	3-GCCACCTRSTGG	12.034181	-29.886681	0	T:84.0(0.54%),B:356.5(0.20%),P:1e-12	Tpos:21.6,Tstd:10.9,Bpos:989.4,Bstd:2907.2,StrandBias:-0.3,Multiplicity:1.00
0.001	0.065	0.933	0.001
0.143	0.755	0.001	0.101
0.027	0.971	0.001	0.001
0.656	0.342	0.001	0.001
0.001	0.789	0.001	0.209
0.001	0.997	0.001	0.001
0.001	0.001	0.001	0.997
0.414	0.016	0.522	0.048
0.043	0.372	0.442	0.144
0.048	0.133	0.001	0.818
0.001	0.001	0.997	0.001
0.074	0.098	0.680	0.148
>CACTTCCTCYBN	4-CACTTCCTCYBN	10.669344	-21.873878	0	T:38.0(0.25%),B:116.6(0.07%),P:1e-9	Tpos:27.8,Tstd:3.1,Bpos:1925.3,Bstd:5802.2,StrandBias:0.6,Multiplicity:1.00
0.050	0.663	0.066	0.221
0.611	0.156	0.088	0.145
0.001	0.764	0.234	0.001
0.057	0.068	0.001	0.874
0.060	0.001	0.067	0.872
0.001	0.976	0.022	0.001
0.027	0.885	0.001	0.087
0.022	0.332	0.161	0.485
0.001	0.661	0.153	0.185
0.176	0.344	0.001	0.479
0.171	0.261	0.217	0.352
0.204	0.314	0.175	0.307
>CACHAGGKGGCA	5-CACHAGGKGGCA	11.200048	-15.332445	0	T:27.0(0.17%),B:86.6(0.05%),P:1e-6	Tpos:23.0,Tstd:14.4,Bpos:2325.4,Bstd:4670.8,StrandBias:1.6,Multiplicity:1.00
0.042	0.861	0.014	0.083
0.720	0.056	0.207	0.017
0.124	0.589	0.254	0.033
0.367	0.379	0.023	0.231
0.705	0.007	0.213	0.075
0.119	0.070	0.801	0.010
0.311	0.023	0.665	0.001
0.149	0.033	0.346	0.472
0.001	0.029	0.944	0.026
0.051	0.001	0.668	0.280
0.043	0.741	0.038	0.178
0.624	0.025	0.340	0.011
>YTTCACTTCCCY	6-YTTCACTTCCCY	9.791799	-15.240551	0	T:25.0(0.16%),B:75.2(0.04%),P:1e-6	Tpos:21.5,Tstd:15.0,Bpos:2614.8,Bstd:4266.1,StrandBias:-0.2,Multiplicity:1.00
0.112	0.344	0.121	0.423
0.243	0.063	0.228	0.466
0.144	0.259	0.162	0.435
0.068	0.758	0.098	0.076
0.552	0.295	0.068	0.085
0.065	0.721	0.110	0.104
0.119	0.132	0.059	0.690
0.063	0.125	0.126	0.686
0.045	0.804	0.072	0.079
0.084	0.764	0.068	0.084
0.070	0.501	0.079	0.350
0.101	0.405	0.117	0.376
>AAGRGGAAGTGA	7-AAGRGGAAGTGA	13.118158	-14.805665	0	T:20.0(0.13%),B:50.4(0.03%),P:1e-6	Tpos:36.0,Tstd:8.0,Bpos:3018.0,Bstd:2084.7,StrandBias:-10.0,Multiplicity:1.00
0.615	0.028	0.278	0.079
0.703	0.001	0.224	0.072
0.110	0.040	0.849	0.001
0.501	0.072	0.379	0.048
0.014	0.001	0.984	0.001
0.015	0.001	0.983	0.001
0.895	0.094	0.010	0.001
0.929	0.001	0.028	0.042
0.039	0.119	0.841	0.001
0.013	0.023	0.177	0.787
0.089	0.176	0.734	0.001
0.546	0.164	0.179	0.111
>CCACCAGGTGGC	8-CCACCAGGTGGC	11.288537	-11.769421	0	T:37.0(0.24%),B:177.2(0.10%),P:1e-5	Tpos:26.1,Tstd:11.1,Bpos:1043.1,Bstd:3020.3,StrandBias:-0.1,Multiplicity:1.00
0.251	0.623	0.078	0.048
0.155	0.820	0.014	0.011
0.636	0.193	0.127	0.044
0.064	0.706	0.201	0.029
0.112	0.679	0.051	0.158
0.566	0.044	0.001	0.389
0.069	0.025	0.747	0.159
0.191	0.051	0.757	0.001
0.061	0.080	0.225	0.634
0.001	0.021	0.941	0.037
0.100	0.023	0.653	0.224
0.062	0.691	0.049	0.198
>GGAAGTGAGAGT	9-GGAAGTGAGAGT	11.478631	-11.276703	0	T:17.0(0.11%),B:49.2(0.03%),P:1e-4	Tpos:25.4,Tstd:8.8,Bpos:1769.9,Bstd:5264.8,StrandBias:1.2,Multiplicity:1.00
0.015	0.001	0.960	0.024
0.035	0.101	0.843	0.021
0.708	0.147	0.093	0.052
0.892	0.056	0.041	0.011
0.082	0.111	0.781	0.026
0.096	0.039	0.108	0.757
0.048	0.086	0.798	0.068
0.646	0.087	0.137	0.130
0.144	0.099	0.621	0.136
0.631	0.081	0.174	0.114
0.078	0.124	0.666	0.132
0.140	0.108	0.141	0.611
>RRGRGGAAGTGV	10-RRGRGGAAGTGV	10.201234	-10.261652	0	T:12.0(0.08%),B:27.6(0.02%),P:1e-4	Tpos:25.0,Tstd:6.7,Bpos:2124.3,Bstd:3451.2,StrandBias:1.0,Multiplicity:1.00
0.327	0.136	0.402	0.135
0.434	0.024	0.384	0.158
0.275	0.218	0.490	0.017
0.449	0.205	0.315	0.031
0.034	0.029	0.921	0.016
0.029	0.029	0.932	0.010
0.864	0.034	0.077	0.025
0.876	0.037	0.047	0.040
0.056	0.253	0.685	0.006
0.119	0.179	0.180	0.522
0.195	0.150	0.568	0.087
0.317	0.263	0.262	0.158
>ACTACAATTCCC	11-ACTACAATTCCC	11.676025	-5.665967	0	T:72.0(0.47%),B:577.8(0.33%),P:1e-2	Tpos:21.8,Tstd:11.1,Bpos:426.9,Bstd:1554.8,StrandBias:0.2,Multiplicity:1.00
0.759	0.093	0.087	0.061
0.033	0.853	0.059	0.055
0.092	0.165	0.074	0.669
0.647	0.084	0.147	0.122
0.033	0.859	0.062	0.046
0.730	0.113	0.083	0.074
0.558	0.193	0.111	0.138
0.085	0.173	0.098	0.644
0.049	0.098	0.073	0.780
0.058	0.767	0.076	0.099
0.046	0.888	0.031	0.035
0.052	0.848	0.033	0.067
>CATTATGTMACA	12-CATTATGTMACA	9.884547	-5.419618	0	T:11.0(0.07%),B:45.3(0.03%),P:1e-2	Tpos:29.7,Tstd:10.3,Bpos:4201.8,Bstd:5697.1,StrandBias:1.4,Multiplicity:1.00
0.118	0.617	0.169	0.096
0.756	0.138	0.060	0.046
0.052	0.190	0.169	0.589
0.032	0.259	0.250	0.458
0.512	0.191	0.208	0.089
0.017	0.102	0.063	0.818
0.047	0.045	0.862	0.046
0.042	0.310	0.007	0.641
0.374	0.315	0.221	0.090
0.664	0.157	0.131	0.048
0.023	0.824	0.122	0.031
0.427	0.197	0.138	0.238
>CACATATACACG	13-CACATATACACG	14.002216	-1.074444	0	T:1.0(0.01%),B:4.0(0.00%),P:1e0	Tpos:34.0,Tstd:0.0,Bpos:8653.6,Bstd:3292.8,StrandBias:-10.0,Multiplicity:1.00
0.001	0.997	0.001	0.001
0.997	0.001	0.001	0.001
0.001	0.614	0.001	0.384
0.577	0.001	0.421	0.001
0.001	0.371	0.001	0.627
0.638	0.001	0.360	0.001
0.001	0.081	0.001	0.917
0.838	0.001	0.160	0.001
0.001	0.947	0.051	0.001
0.997	0.001	0.001	0.001
0.001	0.997	0.001	0.001
0.293	0.001	0.705	0.001
>TGTGTGTGTGTG	14-TGTGTGTGTGTG	14.757356	-0.000000	0	T:105.0(0.68%),B:1960.9(1.11%),P:1e0	Tpos:27.3,Tstd:11.6,Bpos:3449.7,Bstd:9128.5,StrandBias:0.0,Multiplicity:1.00
0.060	0.029	0.002	0.909
0.269	0.001	0.729	0.001
0.011	0.075	0.001	0.913
0.013	0.001	0.985	0.001
0.001	0.216	0.001	0.782
0.312	0.001	0.686	0.001
0.017	0.183	0.001	0.799
0.173	0.001	0.825	0.001
0.018	0.077	0.001	0.904
0.038	0.001	0.960	0.001
0.001	0.104	0.001	0.894
0.012	0.001	0.935	0.052
>GTGTGTGTGTGT	15-GTGTGTGTGTGT	14.406423	-0.000000	0	T:106.0(0.69%),B:2009.9(1.14%),P:1e0	Tpos:25.9,Tstd:12.3,Bpos:2504.7,Bstd:6140.5,StrandBias:0.7,Multiplicity:1.08
0.064	0.063	0.872	0.001
0.026	0.211	0.010	0.753
0.070	0.021	0.908	0.001
0.006	0.237	0.001	0.756
0.167	0.034	0.798	0.001
0.001	0.192	0.019	0.788
0.118	0.034	0.847	0.001
0.001	0.197	0.008	0.794
0.056	0.001	0.942	0.001
0.001	0.182	0.022	0.795
0.029	0.001	0.958	0.012
0.015	0.197	0.001	0.787
>ACACACACRCAC	16-ACACACACRCAC	12.767688	-0.000000	0	T:111.0(0.72%),B:2115.3(1.19%),P:1e0	Tpos:29.0,Tstd:8.3,Bpos:1538.6,Bstd:3056.7,StrandBias:1.0,Multiplicity:1.00
0.721	0.001	0.188	0.090
0.001	0.753	0.054	0.192
0.764	0.001	0.213	0.022
0.010	0.865	0.001	0.124
0.771	0.001	0.227	0.001
0.001	0.842	0.001	0.156
0.782	0.001	0.216	0.001
0.001	0.696	0.001	0.302
0.551	0.001	0.447	0.001
0.001	0.820	0.001	0.178
0.639	0.051	0.309	0.001
0.138	0.704	0.001	0.157
>TGTGTGTGTGTG	17-TGTGTGTGTGTG	13.362084	-0.000000	0	T:113.0(0.73%),B:2156.4(1.22%),P:1e0	Tpos:42.0,Tstd:0.7,Bpos:2804.2,Bstd:10370.1,StrandBias:-1.6,Multiplicity:1.00
0.001	0.250	0.001	0.748
0.056	0.001	0.942	0.001
0.001	0.322	0.001	0.676
0.118	0.001	0.880	0.001
0.001	0.357	0.001	0.641
0.044	0.001	0.954	0.001
0.001	0.316	0.001	0.682
0.168	0.001	0.830	0.001
0.001	0.205	0.001	0.793
0.068	0.001	0.930	0.001
0.001	0.259	0.001	0.739
0.138	0.001	0.860	0.001
>CACACACACACA	18-CACACACACACA	11.498110	-0.000000	0	T:117.0(0.76%),B:2229.6(1.26%),P:1e0	Tpos:31.8,Tstd:11.9,Bpos:1575.2,Bstd:6299.5,StrandBias:1.9,Multiplicity:1.00
0.103	0.654	0.001	0.242
0.594	0.001	0.404	0.001
0.001	0.775	0.001	0.223
0.656	0.001	0.342	0.001
0.001	0.843	0.001	0.155
0.762	0.001	0.236	0.001
0.001	0.622	0.001	0.376
0.673	0.001	0.325	0.001
0.001	0.772	0.001	0.226
0.601	0.001	0.330	0.068
0.058	0.701	0.059	0.182
0.502	0.024	0.340	0.134
>ACACACACACAC	19-ACACACACACAC	13.006502	-0.000000	0	T:114.0(0.74%),B:2185.4(1.23%),P:1e0	Tpos:26.0,Tstd:1.0,Bpos:1977.2,Bstd:3244.3,StrandBias:10.0,Multiplicity:1.00
0.732	0.001	0.266	0.001
0.001	0.888	0.001	0.110
0.666	0.001	0.332	0.001
0.001	0.833	0.001	0.165
0.595	0.001	0.403	0.001
0.001	0.850	0.001	0.148
0.595	0.001	0.403	0.001
0.001	0.803	0.001	0.195
0.761	0.001	0.237	0.001
0.001	0.936	0.001	0.062
0.687	0.001	0.311	0.001
0.001	0.919	0.001	0.079
>ACACACACACAC	20-ACACACACACAC	13.333626	-0.000000	0	T:110.0(0.71%),B:2129.8(1.20%),P:1e0	Tpos:26.0,Tstd:13.8,Bpos:1553.7,Bstd:5647.2,StrandBias:2.0,Multiplicity:1.00
0.716	0.001	0.189	0.094
0.017	0.861	0.001	0.121
0.747	0.001	0.231	0.021
0.001	0.952	0.001	0.046
0.833	0.001	0.165	0.001
0.001	0.820	0.001	0.178
0.650	0.001	0.348	0.001
0.001	0.932	0.001	0.066
0.822	0.001	0.176	0.001
0.001	0.858	0.001	0.140
0.676	0.042	0.191	0.091
0.050	0.795	0.048	0.107
>CACACACACACA	21-CACACACACACA	13.532522	-0.000000	0	T:110.0(0.71%),B:2129.6(1.20%),P:1e0	Tpos:44.0,Tstd:0.0,Bpos:3466.8,Bstd:10451.0,StrandBias:10.0,Multiplicity:1.00
0.001	0.941	0.001	0.057
0.860	0.001	0.138	0.001
0.001	0.932	0.001	0.066
0.767	0.001	0.231	0.001
0.001	0.983	0.001	0.015
0.769	0.001	0.212	0.018
0.001	0.894	0.001	0.104
0.718	0.001	0.280	0.001
0.001	0.758	0.001	0.240
0.676	0.001	0.322	0.001
0.069	0.757	0.001	0.173
0.866	0.002	0.131	0.001
>GTGTGTGTGTGY	22-GTGTGTGTGTGY	11.417225	-0.000000	0	T:114.0(0.74%),B:2197.0(1.24%),P:1e0	Tpos:7.5,Tstd:1.5,Bpos:2478.2,Bstd:9458.3,StrandBias:0.0,Multiplicity:1.00
0.232	0.061	0.682	0.025
0.064	0.317	0.043	0.576
0.286	0.029	0.574	0.111
0.073	0.269	0.010	0.648
0.366	0.006	0.599	0.029
0.001	0.293	0.001	0.705
0.202	0.001	0.796	0.001
0.001	0.341	0.001	0.657
0.126	0.001	0.872	0.001
0.004	0.309	0.016	0.671
0.184	0.059	0.661	0.096
0.126	0.434	0.005	0.435
>TGTGTGTGTGTG	23-TGTGTGTGTGTG	10.976389	-0.000000	0	T:110.0(0.71%),B:2135.5(1.21%),P:1e0	Tpos:24.8,Tstd:10.0,Bpos:1125.9,Bstd:3153.1,StrandBias:10.0,Multiplicity:1.00
0.075	0.266	0.021	0.638
0.232	0.004	0.733	0.031
0.027	0.375	0.011	0.587
0.224	0.011	0.751	0.014
0.010	0.345	0.020	0.625
0.271	0.019	0.705	0.005
0.019	0.391	0.007	0.583
0.263	0.014	0.703	0.020
0.025	0.323	0.011	0.641
0.211	0.019	0.736	0.034
0.167	0.283	0.013	0.537
0.209	0.129	0.551	0.111
>ACACACACRCAC	24-ACACACACRCAC	11.983173	-0.000000	0	T:117.0(0.76%),B:2239.0(1.26%),P:1e0	Tpos:30.2,Tstd:11.8,Bpos:1517.5,Bstd:3524.4,StrandBias:1.6,Multiplicity:1.00
0.591	0.045	0.309	0.055
0.001	0.732	0.001	0.266
0.774	0.019	0.206	0.001
0.001	0.969	0.001	0.029
0.973	0.001	0.025	0.001
0.001	0.997	0.001	0.001
0.865	0.001	0.104	0.030
0.001	0.668	0.013	0.318
0.552	0.013	0.415	0.020
0.046	0.618	0.103	0.233
0.415	0.250	0.253	0.082
0.093	0.615	0.141	0.151
>GRGGGGGRGRGG	25-GRGGGGGRGRGG	6.217595	-0.000000	0	T:2098.0(13.60%),B:56938.4(32.15%),P:1e0	Tpos:25.0,Tstd:11.8,Bpos:1543.0,Bstd:4356.3,StrandBias:-0.1,Multiplicity:1.08
0.335	0.125	0.539	0.001
0.369	0.113	0.445	0.073
0.279	0.001	0.543	0.177
0.352	0.001	0.646	0.001
0.420	0.001	0.578	0.001
0.400	0.001	0.559	0.040
0.352	0.001	0.646	0.001
0.363	0.001	0.456	0.180
0.354	0.074	0.571	0.001
0.388	0.001	0.474	0.136
0.252	0.194	0.434	0.120
0.294	0.082	0.480	0.145
