>AGGAAGTG	1-AGGAAGTG	10.480759	-0.250808	0	T:294.0(1.91%),B:3527.1(1.99%),P:1e0	Tpos:24.5,Tstd:12.8,Bpos:2129.6,Bstd:5605.3,StrandBias:0.0,Multiplicity:1.01
0.768	0.059	0.172	0.001
0.001	0.001	0.997	0.001
0.001	0.001	0.997	0.001
0.956	0.039	0.001	0.004
0.964	0.001	0.001	0.034
0.030	0.021	0.948	0.001
0.001	0.020	0.028	0.951
0.085	0.038	0.857	0.020
>RDBDCAYR	2-RDBDCAYR	5.014797	-0.000000	0	T:8.0(0.05%),B:448.9(0.25%),P:1e0	Tpos:5.0,Tstd:0.0,Bpos:1132.5,Bstd:2844.5,StrandBias:10.0,Multiplicity:1.00
0.276	0.171	0.368	0.184
0.283	0.162	0.205	0.350
0.131	0.323	0.215	0.331
0.341	0.035	0.383	0.242
0.001	0.966	0.001	0.032
0.740	0.076	0.120	0.064
0.050	0.485	0.001	0.464
0.381	0.108	0.406	0.105
>WKDCAYRY	3-WKDCAYRY	4.349575	-0.000000	0	T:3853.0(24.97%),B:88159.8(49.79%),P:1e0	Tpos:25.2,Tstd:12.5,Bpos:3426.9,Bstd:9242.9,StrandBias:-0.1,Multiplicity:1.29
0.352	0.111	0.154	0.383
0.118	0.204	0.272	0.406
0.318	0.098	0.310	0.274
0.001	0.997	0.001	0.001
0.745	0.001	0.253	0.001
0.001	0.530	0.001	0.468
0.512	0.001	0.486	0.001
0.001	0.567	0.001	0.431
>GGGAARDR	4-GGGAARDR	8.045640	-0.000000	0	T:175.0(1.13%),B:3230.4(1.82%),P:1e0	Tpos:25.8,Tstd:16.4,Bpos:1468.0,Bstd:3686.3,StrandBias:-0.2,Multiplicity:1.00
0.302	0.001	0.696	0.001
0.001	0.001	0.997	0.001
0.001	0.001	0.997	0.001
0.656	0.001	0.342	0.001
0.997	0.001	0.001	0.001
0.387	0.001	0.529	0.083
0.312	0.001	0.311	0.376
0.387	0.001	0.529	0.083
>GGAAGGGA	5-GGAAGGGA	4.858811	-0.000000	0	T:2957.0(19.16%),B:69742.1(39.39%),P:1e0	Tpos:24.9,Tstd:13.5,Bpos:1981.3,Bstd:5317.4,StrandBias:-0.0,Multiplicity:1.07
0.087	0.004	0.844	0.065
0.048	0.020	0.906	0.026
0.782	0.014	0.196	0.008
0.932	0.005	0.048	0.015
0.025	0.008	0.965	0.002
0.002	0.003	0.834	0.161
0.079	0.014	0.902	0.005
0.906	0.014	0.062	0.018
>YCTCYYTC	6-YCTCYYTC	4.971162	-0.000000	0	T:464.0(3.01%),B:16825.1(9.50%),P:1e0	Tpos:18.2,Tstd:14.6,Bpos:2519.0,Bstd:4780.0,StrandBias:0.3,Multiplicity:1.00
0.165	0.402	0.145	0.288
0.275	0.442	0.091	0.192
0.174	0.279	0.031	0.516
0.092	0.508	0.214	0.186
0.162	0.475	0.009	0.354
0.061	0.387	0.106	0.446
0.226	0.152	0.073	0.549
0.066	0.545	0.131	0.258
>GGRRGGGG	7-GGRRGGGG	5.112890	-0.000000	0	T:3889.0(25.20%),B:89357.7(50.46%),P:1e0	Tpos:25.7,Tstd:13.7,Bpos:1572.5,Bstd:6421.3,StrandBias:0.0,Multiplicity:1.03
0.269	0.004	0.469	0.258
0.294	0.001	0.544	0.161
0.441	0.001	0.409	0.148
0.429	0.001	0.569	0.001
0.273	0.001	0.664	0.062
0.317	0.001	0.681	0.001
0.317	0.001	0.624	0.058
0.320	0.001	0.678	0.001
>VTBACAYR	8-VTBACAYR	4.726356	-0.000000	0	T:1154.0(7.48%),B:34545.2(19.51%),P:1e0	Tpos:26.2,Tstd:12.4,Bpos:4219.5,Bstd:10056.8,StrandBias:0.2,Multiplicity:1.01
0.273	0.262	0.380	0.085
0.154	0.119	0.095	0.632
0.135	0.307	0.332	0.225
0.479	0.120	0.188	0.214
0.002	0.847	0.150	0.001
0.807	0.001	0.085	0.107
0.001	0.484	0.061	0.454
0.480	0.001	0.453	0.066
>RRAGRGGR	9-RRAGRGGR	4.840717	-0.000000	0	T:929.0(6.02%),B:31140.9(17.59%),P:1e0	Tpos:21.5,Tstd:12.8,Bpos:2045.7,Bstd:5428.9,StrandBias:-2.3,Multiplicity:1.00
0.319	0.144	0.374	0.162
0.437	0.109	0.362	0.092
0.530	0.001	0.376	0.093
0.346	0.001	0.521	0.132
0.396	0.001	0.504	0.099
0.289	0.001	0.576	0.134
0.346	0.001	0.536	0.117
0.350	0.126	0.401	0.123
>AGGGAAGG	10-AGGGAAGG	7.347846	-0.000000	0	T:677.0(4.39%),B:22093.5(12.48%),P:1e0	Tpos:29.6,Tstd:13.2,Bpos:1612.5,Bstd:5259.7,StrandBias:0.1,Multiplicity:1.00
0.577	0.086	0.253	0.084
0.182	0.051	0.712	0.055
0.016	0.010	0.939	0.035
0.079	0.029	0.878	0.014
0.897	0.029	0.053	0.021
0.677	0.017	0.256	0.050
0.107	0.047	0.768	0.078
0.150	0.137	0.553	0.160
>MCTBCCWT	11-MCTBCCWT	5.172984	-0.000000	0	T:109.0(0.71%),B:2942.4(1.66%),P:1e0	Tpos:24.4,Tstd:12.8,Bpos:3501.2,Bstd:8310.0,StrandBias:-0.1,Multiplicity:1.02
0.378	0.235	0.205	0.182
0.075	0.523	0.123	0.279
0.356	0.106	0.021	0.517
0.096	0.325	0.265	0.314
0.231	0.510	0.180	0.079
0.101	0.855	0.027	0.017
0.359	0.202	0.055	0.384
0.094	0.296	0.109	0.501
>CTTCCCYT	12-CTTCCCYT	4.717811	-0.000000	0	T:4752.0(30.80%),B:90524.9(51.12%),P:1e0	Tpos:24.8,Tstd:12.9,Bpos:2362.8,Bstd:9007.2,StrandBias:0.0,Multiplicity:1.26
0.149	0.522	0.153	0.176
0.163	0.113	0.110	0.614
0.001	0.122	0.001	0.876
0.037	0.915	0.001	0.047
0.001	0.997	0.001	0.001
0.037	0.500	0.338	0.125
0.070	0.426	0.198	0.305
0.088	0.334	0.001	0.577
>GDGARRRR	13-GDGARRRR	3.775881	-0.000000	0	T:6980.0(45.23%),B:131445.3(74.23%),P:1e0	Tpos:25.2,Tstd:13.4,Bpos:2598.0,Bstd:7878.5,StrandBias:-0.0,Multiplicity:1.06
0.230	0.098	0.530	0.142
0.291	0.001	0.298	0.410
0.255	0.186	0.558	0.001
0.697	0.001	0.153	0.149
0.365	0.117	0.500	0.019
0.449	0.001	0.549	0.001
0.304	0.135	0.442	0.118
0.332	0.105	0.398	0.165
>NTGTGTGY	14-NTGTGTGY	7.940317	-0.000000	0	T:36.0(0.23%),B:1385.0(0.78%),P:1e0	Tpos:15.6,Tstd:10.0,Bpos:2862.2,Bstd:10165.0,StrandBias:1.2,Multiplicity:1.00
0.285	0.205	0.197	0.313
0.064	0.169	0.297	0.470
0.218	0.001	0.780	0.001
0.001	0.001	0.001	0.997
0.168	0.001	0.830	0.001
0.001	0.001	0.001	0.997
0.001	0.001	0.997	0.001
0.160	0.454	0.001	0.385
>RGGGAARD	15-RGGGAARD	3.785698	-0.000000	0	T:6490.0(42.06%),B:121345.4(68.53%),P:1e0	Tpos:24.9,Tstd:13.5,Bpos:2913.5,Bstd:7806.7,StrandBias:0.2,Multiplicity:1.10
0.412	0.038	0.466	0.083
0.241	0.051	0.614	0.094
0.093	0.001	0.768	0.138
0.321	0.073	0.605	0.001
0.643	0.001	0.269	0.087
0.482	0.095	0.325	0.097
0.415	0.040	0.380	0.165
0.337	0.157	0.267	0.239
>RGGAAGRG	16-RGGAAGRG	8.506938	0.000000	0	T:205.0(1.33%),B:7943.3(4.49%),P:1e0	Tpos:47.0,Tstd:0.0,Bpos:422.4,Bstd:708.0,StrandBias:10.0,Multiplicity:1.00
0.428	0.001	0.570	0.001
0.001	0.001	0.997	0.001
0.001	0.001	0.997	0.001
0.802	0.001	0.196	0.001
0.997	0.001	0.001	0.001
0.245	0.001	0.753	0.001
0.463	0.001	0.473	0.063
0.290	0.001	0.468	0.241
>GRAARGDG	17-GRAARGDG	5.797870	0.000000	0	T:440.0(2.85%),B:18406.7(10.39%),P:1e0	Tpos:24.6,Tstd:15.0,Bpos:14384.1,Bstd:33741.3,StrandBias:0.2,Multiplicity:1.00
0.282	0.070	0.464	0.184
0.394	0.042	0.491	0.073
0.608	0.001	0.390	0.001
0.600	0.001	0.398	0.001
0.424	0.001	0.468	0.108
0.192	0.102	0.617	0.089
0.366	0.001	0.377	0.255
0.213	0.128	0.632	0.027
>TGCCWCCT	18-TGCCWCCT	4.523006	0.000000	0	T:4860.0(31.50%),B:105883.4(59.80%),P:1e0	Tpos:25.1,Tstd:13.0,Bpos:2716.3,Bstd:7177.6,StrandBias:-0.0,Multiplicity:1.12
0.030	0.001	0.001	0.968
0.061	0.324	0.594	0.021
0.074	0.571	0.001	0.354
0.014	0.704	0.052	0.230
0.365	0.192	0.051	0.392
0.001	0.876	0.095	0.028
0.121	0.626	0.027	0.226
0.093	0.089	0.055	0.763
>YYCCCYYN	19-YYCCCYYN	4.542356	0.000000	0	T:1080.0(7.00%),B:32242.7(18.21%),P:1e0	Tpos:37.3,Tstd:15.2,Bpos:1581.0,Bstd:2580.7,StrandBias:-1.0,Multiplicity:1.00
0.057	0.454	0.035	0.454
0.001	0.489	0.001	0.509
0.121	0.479	0.082	0.319
0.065	0.575	0.001	0.359
0.094	0.573	0.120	0.213
0.163	0.440	0.001	0.396
0.176	0.342	0.173	0.309
0.243	0.289	0.160	0.308
>CACACACA	20-CACACACA	3.849869	0.000000	0	T:3005.0(19.47%),B:83133.3(46.95%),P:1e0	Tpos:24.8,Tstd:13.2,Bpos:3249.5,Bstd:11933.8,StrandBias:0.1,Multiplicity:1.08
0.042	0.953	0.001	0.004
0.873	0.018	0.029	0.080
0.008	0.947	0.026	0.019
0.932	0.011	0.037	0.020
0.001	0.960	0.011	0.028
0.890	0.014	0.084	0.012
0.056	0.831	0.108	0.005
0.701	0.159	0.037	0.103
>GARRGRGR	21-GARRGRGR	4.764889	0.000000	0	T:3403.0(22.05%),B:81015.8(45.75%),P:1e0	Tpos:25.9,Tstd:13.4,Bpos:3842.8,Bstd:13301.7,StrandBias:-0.2,Multiplicity:1.02
0.023	0.125	0.851	0.001
0.542	0.001	0.250	0.207
0.367	0.108	0.479	0.047
0.475	0.001	0.523	0.001
0.299	0.137	0.563	0.001
0.377	0.001	0.455	0.168
0.267	0.037	0.455	0.241
0.301	0.144	0.380	0.174
>VATRTGTG	22-VATRTGTG	5.845159	0.000000	0	T:20.0(0.13%),B:768.8(0.43%),P:1e0	Tpos:32.0,Tstd:1.0,Bpos:2673.7,Bstd:4347.0,StrandBias:10.0,Multiplicity:1.00
0.233	0.332	0.262	0.173
0.534	0.110	0.234	0.122
0.200	0.118	0.204	0.478
0.466	0.078	0.409	0.047
0.079	0.052	0.147	0.722
0.003	0.082	0.885	0.030
0.186	0.118	0.203	0.494
0.192	0.226	0.423	0.159
>SAYACATG	23-SAYACATG	7.049944	0.000000	0	T:100.0(0.65%),B:2332.4(1.32%),P:1e0	Tpos:31.4,Tstd:14.1,Bpos:1844.1,Bstd:3840.4,StrandBias:-0.6,Multiplicity:1.00
0.165	0.373	0.296	0.166
0.573	0.001	0.206	0.220
0.111	0.511	0.001	0.377
0.538	0.001	0.282	0.179
0.001	0.893	0.001	0.105
0.898	0.001	0.100	0.001
0.001	0.385	0.001	0.613
0.361	0.001	0.609	0.029
>DHNACACA	24-DHNACACA	6.070072	0.000000	0	T:50.0(0.32%),B:2445.4(1.38%),P:1e0	Tpos:25.9,Tstd:10.0,Bpos:1568.3,Bstd:3105.0,StrandBias:-0.3,Multiplicity:1.12
0.337	0.065	0.252	0.346
0.255	0.335	0.084	0.327
0.179	0.322	0.321	0.178
0.475	0.208	0.129	0.189
0.001	0.767	0.108	0.124
0.694	0.049	0.176	0.081
0.001	0.917	0.001	0.081
0.763	0.072	0.043	0.122
>VSATGTGT	25-VSATGTGT	8.760933	0.000000	0	T:32.0(0.21%),B:1309.2(0.74%),P:1e0	Tpos:28.4,Tstd:15.2,Bpos:4204.4,Bstd:8304.6,StrandBias:-1.0,Multiplicity:1.00
0.320	0.296	0.276	0.108
0.223	0.325	0.451	0.001
0.778	0.001	0.191	0.030
0.038	0.001	0.001	0.960
0.068	0.001	0.930	0.001
0.001	0.021	0.001	0.977
0.001	0.001	0.997	0.001
0.001	0.001	0.001	0.997
