>ANCCTGGGAMAD	4-HTKTCCCAGGNT	3.691449	-51.237173	0	T:848.0(91.48%),B:188814.7(79.63%),P:1e-22
0.589	0.053	0.060	0.298
0.252	0.185	0.318	0.245
0.073	0.542	0.325	0.060
0.252	0.523	0.026	0.199
0.344	0.093	0.033	0.530
0.265	0.001	0.457	0.278
0.073	0.046	0.821	0.060
0.232	0.252	0.464	0.053
0.551	0.079	0.079	0.291
0.444	0.311	0.172	0.073
0.570	0.046	0.053	0.331
0.305	0.159	0.199	0.338
