>AAAAAAWAAAWW	13-AAAAAAWAAAWW	3.971113	-14.341345	0	T:735.0(79.29%),B:171380.1(72.28%),P:1e-6
0.590	0.109	0.280	0.021
0.608	0.064	0.152	0.176
0.675	0.088	0.225	0.012
0.666	0.012	0.164	0.158
0.441	0.119	0.201	0.240
0.550	0.091	0.116	0.243
0.465	0.094	0.122	0.319
0.462	0.088	0.158	0.292
0.517	0.058	0.167	0.258
0.468	0.149	0.067	0.316
0.486	0.070	0.055	0.389
0.419	0.085	0.131	0.365
