>TGGAATGGAATG	12-TGGAATGGAATG	8.667545	-14.393073	0	T:26.0(2.80%),B:2108.5(0.89%),P:1e-6
0.146	0.166	0.028	0.660
0.098	0.321	0.503	0.078
0.100	0.097	0.661	0.142
0.716	0.131	0.040	0.113
0.658	0.128	0.112	0.102
0.096	0.103	0.096	0.705
0.098	0.231	0.569	0.102
0.121	0.133	0.654	0.092
0.869	0.028	0.031	0.072
0.746	0.144	0.039	0.071
0.154	0.057	0.068	0.721
0.112	0.283	0.540	0.065
