>TAAAATATCAAA	10-TTTGATATTTTA	1.834811	-18.723535	0	T:907.0(97.84%),B:222559.7(93.86%),P:1e-8
0.106	0.212	0.107	0.575
0.575	0.149	0.191	0.085
0.618	0.276	0.064	0.042
0.767	0.106	0.106	0.021
0.723	0.128	0.107	0.042
0.149	0.148	0.127	0.576
0.533	0.149	0.170	0.148
0.106	0.191	0.127	0.576
0.001	0.787	0.106	0.106
0.725	0.212	0.021	0.042
0.786	0.128	0.022	0.064
0.765	0.065	0.043	0.127
