>AATGGAATGGAA	7-AATGGAATGGAA	11.664965	-32.375420	0	T:23.0(2.48%),B:653.5(0.28%),P:1e-14
0.944	0.033	0.013	0.010
0.719	0.151	0.129	0.001
0.017	0.055	0.001	0.927
0.051	0.246	0.639	0.064
0.071	0.048	0.868	0.013
0.962	0.026	0.011	0.001
0.710	0.174	0.099	0.017
0.011	0.055	0.021	0.913
0.044	0.216	0.697	0.043
0.021	0.062	0.896	0.021
0.916	0.050	0.011	0.023
0.807	0.047	0.100	0.046
