>TSTCTVTCTCTM	11-TSTCTVTCTCTM	4.287452	-18.104189	0	T:641.0(69.15%),B:142938.4(60.28%),P:1e-7
0.078	0.148	0.116	0.658
0.183	0.367	0.242	0.208
0.173	0.129	0.130	0.568
0.263	0.432	0.262	0.044
0.081	0.186	0.001	0.732
0.274	0.359	0.231	0.136
0.043	0.151	0.039	0.767
0.146	0.607	0.129	0.118
0.130	0.105	0.001	0.764
0.215	0.437	0.227	0.121
0.197	0.085	0.026	0.692
0.303	0.362	0.156	0.178
