>ATGVAATAATNA	14-ATGVAATAATNA	8.915177	-6.697693	0	T:4.0(0.43%),B:114.2(0.05%),P:1e-2
0.611	0.198	0.049	0.142
0.315	0.012	0.086	0.587
0.049	0.001	0.679	0.271
0.247	0.284	0.383	0.086
0.642	0.321	0.012	0.025
0.698	0.037	0.049	0.216
0.216	0.086	0.210	0.488
0.463	0.216	0.204	0.117
0.573	0.124	0.099	0.204
0.160	0.222	0.167	0.451
0.290	0.278	0.235	0.198
0.654	0.074	0.001	0.271
