>TGYGGTTT	1-TGYGGTTT	6.736573	-1914.401984	0	T:4130.0(30.52%),B:24222.3(10.36%),P:1e-831	Tpos:52.0,Tstd:23.8,Bpos:14944.8,Bstd:74048.2,StrandBias:0.0,Multiplicity:1.16
0.064	0.030	0.037	0.869
0.001	0.001	0.997	0.001
0.044	0.476	0.001	0.480
0.001	0.001	0.997	0.001
0.001	0.001	0.997	0.001
0.001	0.104	0.063	0.832
0.050	0.260	0.014	0.676
0.145	0.029	0.124	0.702
>YTGTGGTT	2-YTGTGGTT	8.432285	-1522.880138	0	T:2221.0(16.41%),B:8821.8(3.77%),P:1e-661	Tpos:52.1,Tstd:21.0,Bpos:1943.5,Bstd:8165.2,StrandBias:-0.4,Multiplicity:1.00
0.001	0.480	0.144	0.375
0.245	0.001	0.001	0.753
0.001	0.001	0.997	0.001
0.001	0.315	0.001	0.683
0.001	0.001	0.997	0.001
0.001	0.001	0.997	0.001
0.001	0.001	0.001	0.997
0.134	0.084	0.159	0.623
>TTGTGGTT	3-TTGTGGTT	7.208699	-1440.859867	0	T:2338.0(17.28%),B:10306.5(4.41%),P:1e-625	Tpos:48.7,Tstd:28.6,Bpos:5496.6,Bstd:15973.9,StrandBias:0.1,Multiplicity:1.02
0.200	0.205	0.174	0.421
0.155	0.071	0.176	0.598
0.035	0.076	0.820	0.069
0.017	0.288	0.034	0.661
0.050	0.056	0.820	0.074
0.045	0.034	0.857	0.064
0.032	0.113	0.084	0.771
0.110	0.156	0.094	0.640
>GTGGTTTT	4-GTGGTTTT	5.800651	-940.744866	0	T:2462.0(18.19%),B:15579.8(6.66%),P:1e-408	Tpos:51.6,Tstd:26.3,Bpos:6762.8,Bstd:18391.1,StrandBias:0.0,Multiplicity:1.04
0.001	0.001	0.997	0.001
0.001	0.001	0.001	0.997
0.001	0.001	0.997	0.001
0.001	0.001	0.997	0.001
0.001	0.001	0.001	0.997
0.001	0.001	0.001	0.997
0.079	0.001	0.001	0.919
0.065	0.162	0.276	0.498
>ACCACAAA	5-ACCACAAA	8.763321	-622.120686	0	T:1759.0(13.00%),B:11452.7(4.90%),P:1e-270	Tpos:52.1,Tstd:27.3,Bpos:7456.5,Bstd:29349.5,StrandBias:-0.1,Multiplicity:1.03
0.997	0.001	0.001	0.001
0.001	0.997	0.001	0.001
0.001	0.997	0.001	0.001
0.997	0.001	0.001	0.001
0.001	0.997	0.001	0.001
0.997	0.001	0.001	0.001
0.736	0.001	0.179	0.084
0.687	0.001	0.135	0.177
>TTGTGGTT	6-TTGTGGTT	8.811743	-581.373099	0	T:903.0(6.67%),B:3658.4(1.56%),P:1e-252	Tpos:43.2,Tstd:28.8,Bpos:4741.5,Bstd:21469.0,StrandBias:1.1,Multiplicity:1.00
0.235	0.181	0.159	0.425
0.156	0.044	0.160	0.640
0.001	0.002	0.996	0.001
0.093	0.186	0.007	0.714
0.002	0.004	0.993	0.001
0.002	0.002	0.995	0.001
0.001	0.091	0.060	0.848
0.082	0.171	0.115	0.632
>AACCACWA	7-AACCACWA	7.947819	-462.898534	0	T:1237.0(9.14%),B:7684.8(3.29%),P:1e-201	Tpos:47.8,Tstd:29.0,Bpos:6113.7,Bstd:15143.9,StrandBias:-0.2,Multiplicity:1.00
0.746	0.123	0.028	0.103
0.997	0.001	0.001	0.001
0.001	0.997	0.001	0.001
0.001	0.997	0.001	0.001
0.768	0.148	0.001	0.083
0.147	0.851	0.001	0.001
0.449	0.148	0.001	0.401
0.487	0.199	0.191	0.123
>CCACTTCC	8-CCACTTCC	10.255003	-59.198921	0	T:604.0(4.46%),B:6507.6(2.78%),P:1e-25	Tpos:51.3,Tstd:27.3,Bpos:5629.9,Bstd:23826.4,StrandBias:0.1,Multiplicity:1.01
0.091	0.564	0.125	0.220
0.099	0.783	0.001	0.117
0.997	0.001	0.001	0.001
0.001	0.997	0.001	0.001
0.001	0.001	0.001	0.997
0.001	0.001	0.001	0.997
0.001	0.997	0.001	0.001
0.001	0.997	0.001	0.001
>NACTTCCT	9-NACTTCCT	8.324572	-57.237261	0	T:569.0(4.20%),B:6088.1(2.60%),P:1e-24	Tpos:50.2,Tstd:25.9,Bpos:4625.5,Bstd:13946.4,StrandBias:-0.0,Multiplicity:1.02
0.225	0.323	0.174	0.279
0.579	0.082	0.338	0.001
0.019	0.754	0.065	0.162
0.070	0.001	0.011	0.918
0.028	0.001	0.028	0.943
0.011	0.966	0.011	0.012
0.001	0.965	0.006	0.028
0.001	0.230	0.216	0.553
>ACTTCCTG	10-ACTTCCTG	7.184237	-22.257615	0	T:1978.0(14.62%),B:29778.0(12.73%),P:1e-9	Tpos:51.0,Tstd:26.8,Bpos:5270.0,Bstd:22269.4,StrandBias:-0.1,Multiplicity:1.05
0.701	0.044	0.254	0.001
0.001	0.741	0.072	0.186
0.096	0.008	0.002	0.894
0.029	0.020	0.033	0.918
0.010	0.977	0.009	0.004
0.001	0.963	0.001	0.035
0.017	0.220	0.191	0.572
0.058	0.235	0.479	0.228
>TCACTTCC	11-TCACTTCC	10.172510	-0.074416	0	T:257.0(1.90%),B:4860.0(2.08%),P:1e0	Tpos:53.2,Tstd:30.3,Bpos:5821.4,Bstd:16475.9,StrandBias:-0.5,Multiplicity:1.00
0.117	0.001	0.161	0.721
0.132	0.564	0.186	0.118
0.997	0.001	0.001	0.001
0.001	0.997	0.001	0.001
0.001	0.001	0.001	0.997
0.001	0.001	0.001	0.997
0.001	0.997	0.001	0.001
0.001	0.997	0.001	0.001
>CTTCCTGY	12-CTTCCTGY	7.891304	-0.000218	0	T:1080.0(7.98%),B:20686.9(8.85%),P:1e0	Tpos:50.2,Tstd:27.2,Bpos:5112.7,Bstd:20417.2,StrandBias:0.2,Multiplicity:1.04
0.002	0.651	0.047	0.300
0.026	0.022	0.003	0.949
0.014	0.004	0.001	0.981
0.010	0.896	0.076	0.018
0.005	0.985	0.009	0.001
0.001	0.120	0.247	0.632
0.077	0.282	0.480	0.162
0.173	0.296	0.103	0.428
>DACAGGAA	13-DACAGGAA	8.633301	-0.000038	0	T:263.0(1.94%),B:5756.6(2.46%),P:1e0	Tpos:49.2,Tstd:28.4,Bpos:5185.5,Bstd:14485.2,StrandBias:0.3,Multiplicity:1.00
0.366	0.160	0.237	0.237
0.551	0.182	0.088	0.179
0.073	0.565	0.263	0.099
0.931	0.041	0.027	0.001
0.001	0.001	0.983	0.015
0.082	0.013	0.901	0.004
0.954	0.032	0.009	0.005
0.956	0.015	0.004	0.025
>YTCTTCCT	14-YTCTTCCT	8.499296	-0.000000	0	T:244.0(1.80%),B:9298.5(3.98%),P:1e0	Tpos:50.0,Tstd:47.0,Bpos:3866.9,Bstd:16975.3,StrandBias:0.0,Multiplicity:1.00
0.214	0.394	0.098	0.294
0.162	0.212	0.083	0.543
0.070	0.708	0.038	0.184
0.023	0.087	0.001	0.889
0.011	0.071	0.093	0.825
0.008	0.822	0.021	0.149
0.006	0.984	0.004	0.006
0.047	0.092	0.027	0.834
>GCAGGAAG	15-GCAGGAAG	5.908471	-0.000000	0	T:3625.0(26.79%),B:85223.2(36.45%),P:1e0	Tpos:49.7,Tstd:28.7,Bpos:13823.0,Bstd:72872.7,StrandBias:0.2,Multiplicity:1.04
0.277	0.098	0.503	0.122
0.306	0.515	0.057	0.122
0.730	0.034	0.133	0.103
0.029	0.001	0.953	0.017
0.297	0.032	0.661	0.010
0.870	0.001	0.121	0.008
0.773	0.001	0.138	0.088
0.050	0.027	0.801	0.122
>YCCTTCCT	16-YCCTTCCT	8.556597	-0.000000	0	T:240.0(1.77%),B:8598.2(3.68%),P:1e0	Tpos:97.0,Tstd:0.0,Bpos:944.9,Bstd:2457.2,StrandBias:10.0,Multiplicity:1.00
0.122	0.423	0.168	0.288
0.137	0.608	0.068	0.187
0.078	0.640	0.046	0.236
0.038	0.017	0.001	0.944
0.001	0.104	0.072	0.823
0.005	0.807	0.024	0.164
0.019	0.909	0.004	0.068
0.060	0.066	0.028	0.846
>TTCCTTCC	17-TTCCTTCC	5.510073	-0.000000	0	T:3052.0(22.55%),B:76347.9(32.65%),P:1e0	Tpos:50.0,Tstd:28.0,Bpos:8704.7,Bstd:42950.2,StrandBias:-0.0,Multiplicity:1.06
0.077	0.047	0.019	0.857
0.025	0.110	0.088	0.777
0.054	0.768	0.001	0.177
0.001	0.997	0.001	0.001
0.001	0.001	0.001	0.997
0.008	0.042	0.052	0.898
0.004	0.918	0.009	0.069
0.009	0.954	0.001	0.036
>AGGAAGGA	18-AGGAAGGA	7.385759	-0.000000	0	T:636.0(4.70%),B:17886.1(7.65%),P:1e0	Tpos:52.5,Tstd:25.6,Bpos:6163.6,Bstd:17165.2,StrandBias:0.7,Multiplicity:1.00
0.780	0.030	0.124	0.066
0.121	0.003	0.836	0.040
0.210	0.042	0.741	0.007
0.812	0.081	0.096	0.011
0.864	0.001	0.120	0.015
0.259	0.021	0.668	0.052
0.194	0.070	0.489	0.247
0.440	0.195	0.259	0.107
>CTTCCTGB	19-CTTCCTGB	6.923452	-0.000000	0	T:1101.0(8.14%),B:25821.3(11.04%),P:1e0	Tpos:53.2,Tstd:26.5,Bpos:5555.4,Bstd:16868.2,StrandBias:0.3,Multiplicity:1.00
0.086	0.687	0.060	0.167
0.117	0.094	0.015	0.774
0.048	0.157	0.098	0.697
0.064	0.737	0.061	0.138
0.050	0.787	0.023	0.140
0.070	0.135	0.048	0.747
0.032	0.125	0.554	0.289
0.169	0.280	0.218	0.334
>RCAGGAAG	20-RCAGGAAG	6.948864	0.000000	0	T:1322.0(9.77%),B:31701.9(13.56%),P:1e0	Tpos:51.6,Tstd:27.6,Bpos:3567.3,Bstd:12662.4,StrandBias:-0.1,Multiplicity:1.01
0.338	0.014	0.402	0.247
0.001	0.876	0.078	0.045
0.893	0.028	0.028	0.051
0.047	0.015	0.905	0.033
0.084	0.048	0.843	0.025
0.805	0.114	0.073	0.008
0.834	0.001	0.069	0.096
0.101	0.025	0.829	0.045
>CAGGAAGA	21-CAGGAAGA	3.222963	0.000000	0	T:4166.0(30.78%),B:103608.4(44.31%),P:1e0	Tpos:49.3,Tstd:27.3,Bpos:8503.4,Bstd:48717.1,StrandBias:-0.1,Multiplicity:1.15
0.001	0.997	0.001	0.001
0.997	0.001	0.001	0.001
0.001	0.001	0.997	0.001
0.001	0.001	0.997	0.001
0.997	0.001	0.001	0.001
0.997	0.001	0.001	0.001
0.001	0.001	0.997	0.001
0.608	0.001	0.390	0.001
>CTTCCTKY	22-CTTCCTKY	7.224039	0.000000	0	T:263.0(1.94%),B:7915.6(3.39%),P:1e0	Tpos:53.0,Tstd:0.0,Bpos:2656.0,Bstd:10665.3,StrandBias:10.0,Multiplicity:1.00
0.156	0.549	0.080	0.215
0.033	0.114	0.001	0.852
0.028	0.234	0.057	0.681
0.124	0.752	0.022	0.102
0.190	0.764	0.045	0.001
0.135	0.148	0.025	0.692
0.001	0.114	0.437	0.448
0.133	0.369	0.149	0.348
>CTTCCTGA	23-CTTCCTGA	8.663312	0.000000	0	T:388.0(2.87%),B:13478.9(5.76%),P:1e0	Tpos:60.0,Tstd:36.1,Bpos:461.2,Bstd:1711.5,StrandBias:-2.0,Multiplicity:1.00
0.001	0.871	0.001	0.127
0.001	0.001	0.001	0.997
0.001	0.128	0.152	0.719
0.001	0.788	0.210	0.001
0.001	0.985	0.013	0.001
0.228	0.001	0.045	0.726
0.092	0.001	0.906	0.001
0.559	0.001	0.277	0.163
>YCAGGAAG	24-YCAGGAAG	6.140730	0.000000	0	T:2528.0(18.68%),B:68180.1(29.16%),P:1e0	Tpos:50.9,Tstd:26.1,Bpos:7263.3,Bstd:45781.5,StrandBias:-0.0,Multiplicity:1.04
0.198	0.372	0.137	0.294
0.123	0.707	0.123	0.047
0.710	0.058	0.145	0.087
0.139	0.003	0.809	0.049
0.023	0.105	0.837	0.035
0.770	0.106	0.081	0.043
0.879	0.003	0.001	0.117
0.064	0.044	0.855	0.037
>TTCCCTTY	25-TTCCCTTY	7.677002	0.000000	0	T:728.0(5.38%),B:25816.6(11.04%),P:1e0	Tpos:50.9,Tstd:28.6,Bpos:15178.7,Bstd:77206.1,StrandBias:0.1,Multiplicity:1.02
0.047	0.244	0.001	0.708
0.001	0.001	0.001	0.997
0.001	0.863	0.001	0.135
0.001	0.997	0.001	0.001
0.111	0.673	0.001	0.215
0.001	0.215	0.014	0.770
0.001	0.230	0.218	0.551
0.014	0.551	0.001	0.434
