>WAACCACARV	1-WAACCACARV	7.295982	-1982.281450	0	T:3240.0(23.94%),B:14826.0(6.34%),P:1e-860	Tpos:51.8,Tstd:23.4,Bpos:12051.7,Bstd:57969.3,StrandBias:-0.1,Multiplicity:1.12
0.415	0.168	0.046	0.371
0.646	0.068	0.217	0.069
0.826	0.073	0.081	0.020
0.024	0.933	0.024	0.019
0.018	0.935	0.028	0.019
0.697	0.039	0.212	0.052
0.018	0.934	0.024	0.024
0.832	0.051	0.047	0.070
0.368	0.073	0.428	0.132
0.355	0.255	0.239	0.150
>KNYTGTGGTT	2-KNYTGTGGTT	5.626044	-1402.062531	0	T:5551.0(41.02%),B:47573.1(20.34%),P:1e-608	Tpos:50.9,Tstd:24.7,Bpos:11812.9,Bstd:67172.3,StrandBias:-0.0,Multiplicity:1.12
0.166	0.207	0.388	0.239
0.199	0.296	0.204	0.301
0.128	0.371	0.118	0.383
0.149	0.084	0.102	0.665
0.045	0.047	0.850	0.058
0.087	0.357	0.041	0.515
0.038	0.056	0.856	0.050
0.059	0.060	0.827	0.054
0.035	0.177	0.096	0.692
0.121	0.238	0.121	0.520
>NHAACCACAR	3-NHAACCACAR	7.833698	-1329.624186	0	T:2109.0(15.58%),B:9038.9(3.87%),P:1e-577	Tpos:47.7,Tstd:27.8,Bpos:5915.2,Bstd:13773.8,StrandBias:-0.3,Multiplicity:1.00
0.292	0.222	0.179	0.308
0.366	0.254	0.030	0.351
0.576	0.110	0.200	0.114
0.655	0.127	0.217	0.001
0.001	0.997	0.001	0.001
0.001	0.995	0.003	0.001
0.593	0.047	0.134	0.226
0.001	0.981	0.001	0.017
0.740	0.045	0.029	0.186
0.355	0.062	0.422	0.161
>NNNAACCACA	4-NNNAACCACA	6.968183	-1297.369396	0	T:2346.0(17.34%),B:11354.2(4.86%),P:1e-563	Tpos:63.6,Tstd:36.7,Bpos:962.7,Bstd:3553.3,StrandBias:0.3,Multiplicity:1.00
0.213	0.284	0.286	0.217
0.268	0.285	0.267	0.181
0.299	0.205	0.187	0.310
0.602	0.129	0.093	0.176
0.652	0.098	0.231	0.019
0.040	0.866	0.069	0.025
0.038	0.923	0.017	0.022
0.585	0.049	0.239	0.127
0.072	0.815	0.058	0.055
0.685	0.078	0.032	0.205
>HTGTGGTTDN	5-HTGTGGTTDN	7.953591	-1181.737660	0	T:1627.0(12.02%),B:5975.6(2.56%),P:1e-513	Tpos:35.3,Tstd:42.2,Bpos:86.3,Bstd:203.4,StrandBias:1.0,Multiplicity:1.00
0.263	0.269	0.064	0.404
0.123	0.071	0.078	0.728
0.005	0.029	0.958	0.008
0.071	0.223	0.001	0.705
0.001	0.001	0.997	0.001
0.007	0.001	0.991	0.001
0.001	0.247	0.130	0.622
0.197	0.207	0.151	0.445
0.358	0.045	0.275	0.322
0.176	0.304	0.300	0.219
>YTGTGGTTWH	6-YTGTGGTTWH	8.867664	-1089.049345	0	T:1309.0(9.67%),B:4092.8(1.75%),P:1e-472	Tpos:5.0,Tstd:0.0,Bpos:404.0,Bstd:435.5,StrandBias:10.0,Multiplicity:1.00
0.001	0.555	0.028	0.416
0.125	0.095	0.009	0.771
0.010	0.001	0.931	0.058
0.131	0.104	0.001	0.764
0.001	0.001	0.997	0.001
0.001	0.001	0.997	0.001
0.001	0.094	0.104	0.801
0.206	0.058	0.159	0.577
0.341	0.145	0.159	0.356
0.326	0.273	0.136	0.265
>NDWAACCACA	7-NDWAACCACA	8.390993	-806.720106	0	T:1546.0(11.42%),B:7655.4(3.27%),P:1e-350	Tpos:54.7,Tstd:42.1,Bpos:307.6,Bstd:1415.9,StrandBias:0.1,Multiplicity:1.00
0.267	0.213	0.254	0.266
0.324	0.097	0.304	0.275
0.362	0.108	0.194	0.336
0.635	0.107	0.151	0.107
0.689	0.056	0.254	0.001
0.001	0.997	0.001	0.001
0.001	0.997	0.001	0.001
0.864	0.001	0.001	0.134
0.001	0.997	0.001	0.001
0.838	0.001	0.001	0.160
>NNWAACCACA	8-NNWAACCACA	7.232956	-579.203307	0	T:903.0(6.67%),B:3671.5(1.57%),P:1e-251	Tpos:39.0,Tstd:0.0,Bpos:119.3,Bstd:62.6,StrandBias:10.0,Multiplicity:1.00
0.229	0.231	0.204	0.335
0.212	0.294	0.275	0.219
0.270	0.169	0.169	0.392
0.536	0.107	0.191	0.166
0.594	0.084	0.267	0.055
0.030	0.911	0.022	0.037
0.010	0.883	0.058	0.049
0.561	0.023	0.266	0.150
0.053	0.845	0.077	0.025
0.594	0.081	0.109	0.216
>AGGAAGTGGT	9-AGGAAGTGGT	9.777077	-255.399280	0	T:539.0(3.98%),B:2809.7(1.20%),P:1e-110	Tpos:50.1,Tstd:24.3,Bpos:3795.6,Bstd:12733.5,StrandBias:0.1,Multiplicity:1.01
0.670	0.140	0.167	0.023
0.036	0.014	0.940	0.010
0.026	0.018	0.912	0.044
0.877	0.043	0.047	0.033
0.700	0.012	0.001	0.287
0.027	0.010	0.959	0.004
0.008	0.040	0.001	0.951
0.073	0.067	0.780	0.080
0.129	0.073	0.720	0.078
0.086	0.193	0.227	0.494
>GTGGTTTNBN	10-GTGGTTTNBN	9.004921	-79.535454	0	T:120.0(0.89%),B:475.9(0.20%),P:1e-34	Tpos:48.5,Tstd:21.0,Bpos:6182.6,Bstd:16592.3,StrandBias:-0.2,Multiplicity:1.03
0.001	0.001	0.997	0.001
0.001	0.282	0.001	0.716
0.001	0.001	0.997	0.001
0.001	0.001	0.997	0.001
0.001	0.001	0.001	0.997
0.001	0.217	0.001	0.781
0.225	0.001	0.309	0.465
0.298	0.283	0.223	0.196
0.148	0.338	0.277	0.236
0.274	0.192	0.218	0.316
>RCCACADNNV	11-RCCACADNNV	7.371902	-73.223120	0	T:84.0(0.62%),B:248.8(0.11%),P:1e-31	Tpos:50.0,Tstd:45.0,Bpos:5.0,Bstd:0.0,StrandBias:0.0,Multiplicity:1.00
0.456	0.217	0.326	0.001
0.001	0.863	0.024	0.112
0.001	0.996	0.002	0.001
0.645	0.001	0.227	0.127
0.077	0.723	0.122	0.078
0.772	0.142	0.085	0.001
0.364	0.144	0.246	0.246
0.276	0.234	0.261	0.228
0.286	0.304	0.189	0.221
0.220	0.352	0.246	0.182
>CACTTCCBCH	12-CACTTCCBCH	7.854868	-64.276866	0	T:393.0(2.90%),B:3608.3(1.54%),P:1e-27	Tpos:54.0,Tstd:30.1,Bpos:3435.2,Bstd:12382.5,StrandBias:0.2,Multiplicity:1.01
0.122	0.417	0.203	0.258
0.559	0.137	0.303	0.001
0.019	0.470	0.195	0.316
0.162	0.001	0.001	0.836
0.001	0.104	0.040	0.855
0.001	0.981	0.007	0.011
0.004	0.899	0.001	0.096
0.036	0.290	0.342	0.333
0.110	0.419	0.267	0.205
0.293	0.301	0.071	0.335
>AVVGGAAGYV	13-AVVGGAAGYV	8.165042	-51.408990	0	T:378.0(2.79%),B:3703.8(1.58%),P:1e-22	Tpos:54.3,Tstd:27.9,Bpos:2397.1,Bstd:8877.8,StrandBias:0.5,Multiplicity:1.02
0.441	0.001	0.290	0.268
0.235	0.317	0.376	0.072
0.405	0.281	0.313	0.001
0.001	0.001	0.997	0.001
0.001	0.001	0.997	0.001
0.997	0.001	0.001	0.001
0.811	0.001	0.001	0.187
0.270	0.204	0.525	0.001
0.001	0.451	0.001	0.547
0.243	0.255	0.332	0.171
>DACAGGAAGT	14-DACAGGAAGT	8.423073	-41.699363	0	T:1127.0(8.33%),B:14829.3(6.34%),P:1e-18	Tpos:50.6,Tstd:26.0,Bpos:5688.9,Bstd:28213.0,StrandBias:-0.0,Multiplicity:1.04
0.370	0.125	0.253	0.252
0.479	0.001	0.234	0.287
0.146	0.563	0.259	0.032
0.542	0.265	0.192	0.001
0.001	0.001	0.997	0.001
0.001	0.001	0.997	0.001
0.997	0.001	0.001	0.001
0.997	0.001	0.001	0.001
0.218	0.001	0.780	0.001
0.001	0.328	0.001	0.670
>GTGGTTTBTN	15-GTGGTTTBTN	10.444368	-35.598502	0	T:86.0(0.64%),B:508.0(0.22%),P:1e-15	Tpos:53.5,Tstd:30.8,Bpos:5401.1,Bstd:18595.5,StrandBias:0.8,Multiplicity:1.00
0.001	0.001	0.997	0.001
0.001	0.001	0.001	0.997
0.001	0.001	0.997	0.001
0.001	0.001	0.997	0.001
0.001	0.001	0.001	0.997
0.001	0.001	0.001	0.997
0.317	0.001	0.001	0.681
0.178	0.353	0.205	0.265
0.333	0.022	0.133	0.512
0.265	0.242	0.271	0.223
>TCCATTCSAT	16-TCCATTCSAT	11.445729	-4.240791	0	T:5.0(0.04%),B:22.7(0.01%),P:1e-1	Tpos:43.6,Tstd:28.2,Bpos:7920.6,Bstd:12044.8,StrandBias:-1.3,Multiplicity:1.40
0.012	0.037	0.013	0.938
0.036	0.884	0.045	0.035
0.095	0.584	0.175	0.146
0.822	0.008	0.125	0.045
0.052	0.031	0.035	0.882
0.044	0.059	0.028	0.869
0.034	0.898	0.067	0.001
0.032	0.389	0.481	0.098
0.888	0.034	0.054	0.024
0.052	0.144	0.042	0.762
>GGAATGGAAT	17-GGAATGGAAT	11.656944	-2.195568	0	T:27.0(0.20%),B:357.9(0.15%),P:1e0	Tpos:51.5,Tstd:24.7,Bpos:12745.2,Bstd:14699.1,StrandBias:1.4,Multiplicity:3.92
0.001	0.117	0.881	0.001
0.001	0.001	0.997	0.001
0.997	0.001	0.001	0.001
0.997	0.001	0.001	0.001
0.001	0.018	0.001	0.980
0.001	0.017	0.981	0.001
0.001	0.001	0.997	0.001
0.997	0.001	0.001	0.001
0.997	0.001	0.001	0.001
0.001	0.001	0.001	0.997
>AGGAAGTGRN	18-AGGAAGTGRN	10.115711	-1.895190	0	T:74.0(0.55%),B:1121.3(0.48%),P:1e0	Tpos:54.0,Tstd:27.6,Bpos:5602.6,Bstd:14596.4,StrandBias:-0.2,Multiplicity:1.00
0.703	0.126	0.170	0.001
0.001	0.001	0.997	0.001
0.001	0.001	0.997	0.001
0.997	0.001	0.001	0.001
0.997	0.001	0.001	0.001
0.162	0.094	0.743	0.001
0.001	0.177	0.001	0.821
0.219	0.097	0.516	0.168
0.459	0.089	0.324	0.129
0.235	0.199	0.332	0.234
>WNTYWTGTGG	19-WNTYWTGTGG	9.128389	-1.802838	0	T:31.0(0.23%),B:439.7(0.19%),P:1e0	Tpos:50.8,Tstd:22.8,Bpos:8085.3,Bstd:19334.7,StrandBias:-0.7,Multiplicity:1.00
0.359	0.055	0.202	0.385
0.287	0.197	0.209	0.307
0.053	0.199	0.255	0.493
0.159	0.388	0.203	0.250
0.316	0.261	0.001	0.422
0.001	0.001	0.001	0.997
0.001	0.001	0.997	0.001
0.001	0.001	0.001	0.997
0.001	0.001	0.997	0.001
0.001	0.001	0.997	0.001
>MTTGCGGTGR	20-MTTGCGGTGR	11.095584	-1.341610	0	T:14.0(0.10%),B:196.5(0.08%),P:1e0	Tpos:45.8,Tstd:29.8,Bpos:2149.4,Bstd:3236.2,StrandBias:-0.6,Multiplicity:1.00
0.301	0.445	0.250	0.003
0.001	0.007	0.001	0.991
0.001	0.001	0.001	0.997
0.001	0.001	0.997	0.001
0.001	0.637	0.001	0.361
0.001	0.001	0.997	0.001
0.001	0.001	0.997	0.001
0.001	0.001	0.001	0.997
0.353	0.001	0.645	0.001
0.449	0.007	0.352	0.193
>GATGASTCAT	21-GATGASTCAT	8.886989	-0.832468	0	T:47.0(0.35%),B:786.3(0.34%),P:1e0	Tpos:49.9,Tstd:27.0,Bpos:6402.1,Bstd:16880.3,StrandBias:0.5,Multiplicity:1.00
0.272	0.183	0.443	0.101
0.435	0.263	0.195	0.108
0.037	0.067	0.044	0.852
0.056	0.001	0.699	0.244
0.871	0.001	0.001	0.127
0.033	0.425	0.473	0.069
0.120	0.004	0.001	0.875
0.158	0.831	0.010	0.001
0.708	0.019	0.201	0.072
0.062	0.285	0.184	0.469
>NMRSAGGAAR	22-NMRSAGGAAR	8.567197	-0.456577	0	T:42.0(0.31%),B:759.4(0.32%),P:1e0	Tpos:48.3,Tstd:21.9,Bpos:5526.8,Bstd:13101.4,StrandBias:1.6,Multiplicity:1.00
0.303	0.183	0.226	0.288
0.455	0.323	0.221	0.001
0.395	0.037	0.363	0.204
0.229	0.446	0.324	0.001
0.570	0.281	0.148	0.001
0.001	0.001	0.997	0.001
0.001	0.001	0.997	0.001
0.908	0.034	0.030	0.028
0.933	0.001	0.001	0.065
0.413	0.156	0.430	0.001
>CCACAANMVN	23-CCACAANMVN	9.445976	-0.039487	0	T:20.0(0.15%),B:497.9(0.21%),P:1e0	Tpos:60.0,Tstd:0.0,Bpos:7081.7,Bstd:17148.1,StrandBias:10.0,Multiplicity:1.00
0.001	0.997	0.001	0.001
0.001	0.997	0.001	0.001
0.997	0.001	0.001	0.001
0.001	0.997	0.001	0.001
0.997	0.001	0.001	0.001
0.763	0.001	0.235	0.001
0.285	0.232	0.315	0.168
0.415	0.468	0.115	0.001
0.349	0.216	0.302	0.134
0.225	0.208	0.222	0.345
>CGRSAGGAAG	24-CGRSAGGAAG	9.744980	-0.036082	0	T:10.0(0.07%),B:286.2(0.12%),P:1e0	Tpos:26.0,Tstd:19.0,Bpos:1367.4,Bstd:4459.1,StrandBias:-1.0,Multiplicity:1.00
0.242	0.396	0.173	0.190
0.092	0.183	0.506	0.219
0.353	0.001	0.455	0.191
0.184	0.417	0.398	0.001
0.533	0.259	0.207	0.001
0.001	0.001	0.997	0.001
0.001	0.001	0.997	0.001
0.997	0.001	0.001	0.001
0.997	0.001	0.001	0.001
0.185	0.001	0.813	0.001
>NDNNYTGTGG	25-NDNNYTGTGG	8.311540	-0.000000	0	T:9.0(0.07%),B:578.2(0.25%),P:1e0	Tpos:36.7,Tstd:2.1,Bpos:7657.3,Bstd:17191.8,StrandBias:1.0,Multiplicity:1.00
0.207	0.247	0.239	0.306
0.262	0.103	0.273	0.362
0.192	0.245	0.276	0.287
0.248	0.220	0.230	0.302
0.001	0.445	0.001	0.553
0.001	0.001	0.001	0.997
0.001	0.001	0.997	0.001
0.001	0.258	0.001	0.740
0.001	0.001	0.997	0.001
0.001	0.001	0.997	0.001
