>YTGTGGTTWNNN	1-YTGTGGTTWNNN	7.162933	-2039.860807	0	T:3435.0(25.38%),B:16241.5(6.95%),P:1e-885	Tpos:51.8,Tstd:23.0,Bpos:11163.3,Bstd:56174.2,StrandBias:0.1,Multiplicity:1.12
0.132	0.355	0.131	0.382
0.094	0.067	0.066	0.773
0.028	0.034	0.928	0.010
0.081	0.273	0.040	0.606
0.001	0.001	0.997	0.001
0.001	0.005	0.993	0.001
0.021	0.091	0.093	0.795
0.088	0.217	0.089	0.606
0.343	0.047	0.221	0.388
0.228	0.257	0.258	0.257
0.222	0.269	0.280	0.229
0.187	0.237	0.333	0.243
>BYTGTGGTTDNN	2-BYTGTGGTTDNN	6.263187	-1369.834488	0	T:5394.0(39.86%),B:45910.9(19.63%),P:1e-594	Tpos:50.7,Tstd:24.4,Bpos:6780.5,Bstd:36268.5,StrandBias:-0.0,Multiplicity:1.12
0.145	0.257	0.287	0.312
0.150	0.417	0.039	0.393
0.143	0.051	0.085	0.721
0.001	0.066	0.917	0.016
0.083	0.253	0.033	0.631
0.005	0.001	0.977	0.017
0.001	0.001	0.996	0.002
0.034	0.204	0.134	0.628
0.103	0.292	0.105	0.500
0.290	0.100	0.257	0.353
0.199	0.254	0.345	0.202
0.188	0.272	0.296	0.244
>ASAGGAAGTGGN	3-ASAGGAAGTGGN	9.060306	-144.474243	0	T:791.0(5.84%),B:6961.3(2.98%),P:1e-62	Tpos:50.5,Tstd:25.9,Bpos:4463.0,Bstd:13875.2,StrandBias:0.1,Multiplicity:1.02
0.445	0.145	0.190	0.221
0.187	0.402	0.323	0.088
0.519	0.274	0.206	0.001
0.001	0.001	0.983	0.015
0.001	0.001	0.997	0.001
0.958	0.040	0.001	0.001
0.855	0.001	0.001	0.143
0.189	0.042	0.768	0.001
0.001	0.160	0.001	0.838
0.125	0.001	0.625	0.249
0.206	0.177	0.543	0.074
0.275	0.256	0.228	0.241
>ARVAGGAAGTGG	4-ARVAGGAAGTGG	10.413579	-129.420153	0	T:334.0(2.47%),B:2004.5(0.86%),P:1e-56	Tpos:56.2,Tstd:25.0,Bpos:5546.7,Bstd:18135.8,StrandBias:0.2,Multiplicity:1.02
0.480	0.100	0.262	0.158
0.393	0.011	0.424	0.172
0.294	0.286	0.341	0.079
0.591	0.148	0.260	0.001
0.077	0.001	0.921	0.001
0.001	0.001	0.997	0.001
0.910	0.088	0.001	0.001
0.586	0.001	0.001	0.412
0.103	0.059	0.837	0.001
0.001	0.001	0.001	0.997
0.209	0.001	0.587	0.203
0.001	0.111	0.627	0.261
>VYCACTTCCTSY	5-VYCACTTCCTSY	9.356554	-95.500299	0	T:327.0(2.42%),B:2320.9(0.99%),P:1e-41	Tpos:50.6,Tstd:24.6,Bpos:3528.6,Bstd:12026.3,StrandBias:0.1,Multiplicity:1.02
0.265	0.315	0.285	0.135
0.167	0.351	0.198	0.285
0.198	0.431	0.186	0.185
0.660	0.001	0.303	0.036
0.001	0.725	0.006	0.268
0.108	0.001	0.001	0.890
0.001	0.001	0.038	0.960
0.001	0.997	0.001	0.001
0.001	0.997	0.001	0.001
0.001	0.218	0.217	0.564
0.048	0.352	0.403	0.196
0.221	0.359	0.032	0.388
>AAWRRGGAAGTG	6-AAWRRGGAAGTG	10.435534	-60.021796	0	T:85.0(0.63%),B:319.1(0.14%),P:1e-26	Tpos:31.1,Tstd:21.4,Bpos:6990.0,Bstd:14804.2,StrandBias:0.8,Multiplicity:1.00
0.449	0.010	0.256	0.284
0.526	0.080	0.193	0.201
0.394	0.134	0.152	0.320
0.402	0.001	0.406	0.192
0.481	0.046	0.472	0.001
0.107	0.001	0.891	0.001
0.001	0.001	0.997	0.001
0.871	0.001	0.091	0.037
0.874	0.001	0.043	0.082
0.088	0.236	0.675	0.001
0.068	0.074	0.035	0.823
0.142	0.146	0.470	0.242
>NNRDVAGGAAGT	7-NNRDVAGGAAGT	8.722523	-49.692534	0	T:288.0(2.13%),B:2600.0(1.11%),P:1e-21	Tpos:49.5,Tstd:25.8,Bpos:7222.9,Bstd:18441.7,StrandBias:0.3,Multiplicity:1.01
0.277	0.240	0.278	0.206
0.340	0.234	0.197	0.230
0.351	0.197	0.259	0.194
0.410	0.001	0.311	0.278
0.223	0.311	0.359	0.106
0.512	0.224	0.263	0.001
0.001	0.001	0.997	0.001
0.001	0.001	0.997	0.001
0.997	0.001	0.001	0.001
0.997	0.001	0.001	0.001
0.313	0.171	0.515	0.001
0.001	0.387	0.050	0.562
>DAAWGRGGAAGT	8-DAAWGRGGAAGT	9.613565	-48.941624	0	T:234.0(1.73%),B:1959.2(0.84%),P:1e-21	Tpos:51.4,Tstd:27.9,Bpos:5568.8,Bstd:14385.9,StrandBias:0.3,Multiplicity:1.00
0.333	0.110	0.296	0.262
0.448	0.124	0.155	0.273
0.676	0.164	0.093	0.067
0.452	0.014	0.192	0.341
0.131	0.017	0.733	0.119
0.349	0.194	0.450	0.007
0.195	0.001	0.803	0.001
0.001	0.020	0.978	0.001
0.991	0.001	0.007	0.001
0.924	0.014	0.001	0.061
0.043	0.289	0.667	0.001
0.052	0.308	0.072	0.568
>ANDVMGGAAGYN	9-ANDVMGGAAGYN	8.477380	-45.785035	0	T:170.0(1.26%),B:1271.5(0.54%),P:1e-19	Tpos:48.6,Tstd:11.6,Bpos:4424.7,Bstd:9252.5,StrandBias:-0.7,Multiplicity:1.00
0.396	0.205	0.234	0.165
0.290	0.273	0.242	0.195
0.378	0.001	0.307	0.313
0.284	0.273	0.386	0.056
0.423	0.310	0.266	0.001
0.006	0.001	0.992	0.001
0.040	0.006	0.953	0.001
0.879	0.061	0.059	0.001
0.969	0.001	0.006	0.024
0.278	0.225	0.496	0.001
0.003	0.396	0.068	0.533
0.235	0.259	0.308	0.198
>NNVAGGAAGYNN	10-NNVAGGAAGYNN	7.622369	-38.493529	0	T:103.0(0.76%),B:647.5(0.28%),P:1e-16	Tpos:44.7,Tstd:23.0,Bpos:2862.8,Bstd:8441.9,StrandBias:0.6,Multiplicity:1.00
0.332	0.202	0.278	0.188
0.333	0.236	0.234	0.198
0.288	0.295	0.344	0.072
0.479	0.301	0.187	0.033
0.066	0.042	0.848	0.044
0.077	0.033	0.824	0.066
0.814	0.094	0.076	0.016
0.819	0.027	0.076	0.078
0.282	0.197	0.463	0.058
0.049	0.438	0.095	0.418
0.207	0.265	0.294	0.233
0.271	0.235	0.319	0.175
>NNDVRGGAARYD	11-NNDVRGGAARYD	8.077959	-38.487540	0	T:121.0(0.89%),B:834.6(0.36%),P:1e-16	Tpos:46.8,Tstd:24.2,Bpos:5505.4,Bstd:15357.4,StrandBias:0.4,Multiplicity:1.00
0.309	0.179	0.226	0.286
0.277	0.229	0.283	0.211
0.349	0.001	0.312	0.338
0.204	0.307	0.338	0.152
0.409	0.194	0.316	0.080
0.034	0.001	0.964	0.001
0.001	0.009	0.989	0.001
0.997	0.001	0.001	0.001
0.997	0.001	0.001	0.001
0.367	0.200	0.432	0.001
0.100	0.330	0.186	0.384
0.239	0.193	0.350	0.218
>NNNNNVCTTCCT	12-NNNNNVCTTCCT	7.619226	-32.182165	0	T:56.0(0.41%),B:261.2(0.11%),P:1e-13	Tpos:57.8,Tstd:28.1,Bpos:1759.0,Bstd:3919.1,StrandBias:0.0,Multiplicity:1.00
0.277	0.244	0.222	0.258
0.273	0.274	0.218	0.234
0.285	0.296	0.255	0.164
0.252	0.296	0.183	0.269
0.224	0.275	0.267	0.233
0.357	0.304	0.332	0.007
0.019	0.582	0.016	0.383
0.057	0.066	0.059	0.818
0.033	0.075	0.069	0.823
0.049	0.803	0.075	0.073
0.059	0.853	0.019	0.069
0.072	0.105	0.079	0.744
>GAATGGAATGGA	13-GAATGGAATGGA	10.230846	-25.408518	0	T:23.0(0.17%),B:53.7(0.02%),P:1e-11	Tpos:51.0,Tstd:20.0,Bpos:16079.6,Bstd:16926.6,StrandBias:3.3,Multiplicity:1.22
0.077	0.104	0.673	0.146
0.716	0.124	0.062	0.098
0.560	0.198	0.091	0.151
0.121	0.122	0.070	0.687
0.130	0.159	0.541	0.170
0.137	0.146	0.628	0.089
0.794	0.076	0.129	0.001
0.610	0.176	0.137	0.077
0.096	0.137	0.029	0.738
0.104	0.225	0.525	0.146
0.148	0.139	0.605	0.108
0.736	0.040	0.105	0.119
>VTTAACCACAGH	14-VTTAACCACAGH	9.402763	-25.320622	0	T:39.0(0.29%),B:166.2(0.07%),P:1e-10	Tpos:66.0,Tstd:20.0,Bpos:1297.9,Bstd:3789.6,StrandBias:0.0,Multiplicity:1.00
0.336	0.259	0.299	0.106
0.133	0.057	0.223	0.587
0.141	0.186	0.089	0.584
0.879	0.038	0.029	0.054
0.898	0.048	0.031	0.023
0.090	0.761	0.058	0.091
0.031	0.588	0.242	0.139
0.539	0.053	0.294	0.114
0.037	0.756	0.031	0.176
0.516	0.206	0.237	0.041
0.183	0.063	0.724	0.030
0.265	0.254	0.116	0.365
>ATGGAATGGAAT	15-ATGGAATGGAAT	12.679694	-24.640466	0	T:20.0(0.15%),B:39.4(0.02%),P:1e-10	Tpos:49.1,Tstd:24.9,Bpos:16022.6,Bstd:9177.8,StrandBias:1.5,Multiplicity:1.65
0.810	0.087	0.089	0.014
0.028	0.046	0.019	0.907
0.038	0.309	0.561	0.092
0.088	0.035	0.840	0.037
0.918	0.013	0.041	0.028
0.876	0.074	0.035	0.015
0.028	0.091	0.031	0.850
0.074	0.139	0.748	0.039
0.041	0.051	0.839	0.069
0.931	0.028	0.018	0.023
0.839	0.052	0.080	0.029
0.012	0.069	0.031	0.888
>VAAASAGGAAGT	16-VAAASAGGAAGT	9.974232	-21.618126	0	T:141.0(1.04%),B:1352.4(0.58%),P:1e-9	Tpos:60.5,Tstd:12.5,Bpos:4699.4,Bstd:12767.6,StrandBias:10.0,Multiplicity:1.00
0.291	0.240	0.385	0.084
0.433	0.159	0.264	0.145
0.412	0.110	0.248	0.229
0.513	0.001	0.271	0.215
0.215	0.337	0.380	0.068
0.675	0.086	0.238	0.001
0.001	0.001	0.997	0.001
0.001	0.001	0.997	0.001
0.997	0.001	0.001	0.001
0.997	0.001	0.001	0.001
0.208	0.177	0.614	0.001
0.001	0.359	0.026	0.614
>VAARGGGGAAGT	17-VAARGGGGAAGT	10.193901	-19.020379	0	T:38.0(0.28%),B:204.1(0.09%),P:1e-8	Tpos:23.6,Tstd:6.6,Bpos:9535.6,Bstd:24411.4,StrandBias:2.0,Multiplicity:1.00
0.281	0.227	0.341	0.151
0.441	0.102	0.172	0.284
0.428	0.174	0.150	0.248
0.451	0.001	0.320	0.228
0.313	0.001	0.494	0.192
0.365	0.075	0.526	0.034
0.114	0.001	0.884	0.001
0.001	0.022	0.976	0.001
0.840	0.001	0.133	0.026
0.949	0.007	0.022	0.022
0.043	0.236	0.720	0.001
0.048	0.163	0.148	0.641
>NACTTCCTSYBN	18-NACTTCCTSYBN	8.709993	-14.797942	0	T:62.0(0.46%),B:512.9(0.22%),P:1e-6	Tpos:11.0,Tstd:7.1,Bpos:3648.4,Bstd:7805.9,StrandBias:-1.0,Multiplicity:1.00
0.224	0.320	0.269	0.187
0.606	0.001	0.392	0.001
0.002	0.512	0.182	0.304
0.189	0.007	0.001	0.803
0.003	0.023	0.055	0.919
0.001	0.945	0.029	0.025
0.020	0.978	0.001	0.001
0.053	0.254	0.193	0.500
0.134	0.292	0.367	0.207
0.181	0.305	0.141	0.373
0.192	0.250	0.209	0.348
0.219	0.229	0.217	0.335
>GATTCCATTCGA	19-GATTCCATTCGA	13.144233	-12.518518	0	T:10.0(0.07%),B:21.5(0.01%),P:1e-5	Tpos:38.2,Tstd:24.4,Bpos:7261.6,Bstd:12287.8,StrandBias:-1.2,Multiplicity:1.25
0.058	0.058	0.883	0.001
0.997	0.001	0.001	0.001
0.001	0.047	0.047	0.905
0.001	0.001	0.001	0.997
0.047	0.894	0.001	0.058
0.041	0.900	0.001	0.058
0.997	0.001	0.001	0.001
0.001	0.001	0.001	0.997
0.001	0.001	0.046	0.952
0.047	0.652	0.058	0.243
0.041	0.058	0.871	0.030
0.997	0.001	0.001	0.001
>RARRSAGGAAGT	20-RARRSAGGAAGT	10.191520	-12.045738	0	T:77.0(0.57%),B:752.2(0.32%),P:1e-5	Tpos:71.0,Tstd:0.0,Bpos:2547.8,Bstd:5680.1,StrandBias:-10.0,Multiplicity:1.00
0.388	0.212	0.399	0.001
0.419	0.185	0.215	0.180
0.409	0.201	0.262	0.128
0.478	0.001	0.328	0.193
0.253	0.423	0.299	0.025
0.537	0.207	0.240	0.016
0.001	0.001	0.997	0.001
0.001	0.001	0.997	0.001
0.997	0.001	0.001	0.001
0.997	0.001	0.001	0.001
0.246	0.112	0.641	0.001
0.001	0.339	0.001	0.659
>AATGGAATGGAA	21-AATGGAATGGAA	13.399007	-9.824268	0	T:20.0(0.15%),B:116.8(0.05%),P:1e-4	Tpos:54.5,Tstd:29.2,Bpos:9480.2,Bstd:11959.3,StrandBias:0.8,Multiplicity:1.38
0.978	0.001	0.020	0.001
0.842	0.001	0.093	0.064
0.001	0.046	0.001	0.952
0.079	0.001	0.874	0.046
0.022	0.029	0.948	0.001
0.970	0.028	0.001	0.001
0.915	0.001	0.046	0.038
0.001	0.046	0.001	0.952
0.070	0.001	0.818	0.111
0.019	0.001	0.979	0.001
0.997	0.001	0.001	0.001
0.812	0.094	0.047	0.047
>DVAVAGGAAGYR	22-DVAVAGGAAGYR	9.103460	-5.208014	0	T:8.0(0.06%),B:42.6(0.02%),P:1e-2	Tpos:62.0,Tstd:0.0,Bpos:4911.6,Bstd:12763.6,StrandBias:10.0,Multiplicity:1.00
0.343	0.162	0.253	0.241
0.357	0.247	0.228	0.168
0.432	0.111	0.279	0.178
0.291	0.307	0.315	0.087
0.527	0.155	0.313	0.005
0.001	0.001	0.997	0.001
0.001	0.001	0.997	0.001
0.831	0.069	0.099	0.001
0.884	0.012	0.007	0.097
0.272	0.179	0.548	0.001
0.071	0.422	0.129	0.378
0.245	0.215	0.391	0.149
>KVRRSAGGAAGT	23-KVRRSAGGAAGT	10.251381	-1.597011	0	T:59.0(0.44%),B:904.0(0.39%),P:1e0	Tpos:50.9,Tstd:24.4,Bpos:4391.8,Bstd:15519.1,StrandBias:-0.4,Multiplicity:1.00
0.178	0.106	0.308	0.407
0.325	0.358	0.236	0.081
0.385	0.161	0.390	0.064
0.376	0.001	0.507	0.116
0.227	0.456	0.316	0.001
0.778	0.220	0.001	0.001
0.001	0.001	0.997	0.001
0.001	0.001	0.997	0.001
0.997	0.001	0.001	0.001
0.997	0.001	0.001	0.001
0.270	0.200	0.529	0.001
0.001	0.234	0.122	0.643
>NAGTTSHTGTGG	24-NAGTTSHTGTGG	10.657775	-1.076807	0	T:2.0(0.01%),B:20.8(0.01%),P:1e0	Tpos:7.0,Tstd:0.0,Bpos:3468.5,Bstd:6851.8,StrandBias:-10.0,Multiplicity:1.00
0.303	0.234	0.241	0.222
0.502	0.118	0.172	0.208
0.059	0.303	0.457	0.181
0.224	0.101	0.145	0.530
0.143	0.001	0.336	0.520
0.062	0.327	0.425	0.185
0.233	0.316	0.124	0.327
0.001	0.001	0.001	0.997
0.001	0.001	0.997	0.001
0.001	0.001	0.001	0.997
0.001	0.001	0.997	0.001
0.001	0.001	0.997	0.001
>ARTAGGAARCMN	25-ARTAGGAARCMN	9.835430	-0.151965	0	T:14.0(0.10%),B:313.7(0.13%),P:1e0	Tpos:43.3,Tstd:30.0,Bpos:4789.0,Bstd:11256.7,StrandBias:1.4,Multiplicity:1.00
0.519	0.122	0.273	0.086
0.339	0.175	0.325	0.160
0.179	0.246	0.163	0.412
0.844	0.154	0.001	0.001
0.001	0.001	0.997	0.001
0.001	0.001	0.997	0.001
0.997	0.001	0.001	0.001
0.997	0.001	0.001	0.001
0.453	0.001	0.545	0.001
0.001	0.529	0.218	0.252
0.233	0.381	0.193	0.193
0.293	0.215	0.270	0.222
