>MCAAMMCWGGRN	14-NYCCWGKKTTGK	7.506521	-0.495678	0	T:4.0(0.43%),B:1092.0(0.46%),P:1e0
0.248	0.375	0.176	0.201
0.248	0.495	0.140	0.117
0.704	0.260	0.024	0.012
0.470	0.260	0.188	0.083
0.378	0.294	0.142	0.186
0.437	0.374	0.047	0.142
0.024	0.728	0.189	0.059
0.399	0.105	0.059	0.437
0.106	0.001	0.564	0.329
0.083	0.012	0.775	0.130
0.390	0.092	0.436	0.083
0.222	0.189	0.260	0.329
