>HCYCCHVHCCAN	4-NTGGDBDGGRGD	3.743835	-54.649708	0	T:860.0(92.77%),B:194186.4(80.96%),P:1e-23
0.305	0.389	0.001	0.305
0.001	0.592	0.111	0.296
0.120	0.490	0.001	0.389
0.333	0.639	0.019	0.009
0.379	0.619	0.001	0.001
0.416	0.287	0.001	0.296
0.333	0.269	0.259	0.139
0.296	0.333	0.056	0.315
0.222	0.389	0.222	0.167
0.296	0.555	0.001	0.148
0.463	0.305	0.001	0.231
0.250	0.315	0.176	0.259
