>HWTTTTTTTTWT	12-HWTTTTTTTTWT	3.604340	-14.728882	0	T:750.0(80.91%),B:177362.1(73.95%),P:1e-6
0.343	0.223	0.090	0.343
0.397	0.080	0.053	0.470
0.133	0.070	0.097	0.700
0.103	0.063	0.127	0.707
0.220	0.090	0.193	0.497
0.267	0.200	0.060	0.473
0.257	0.073	0.077	0.593
0.170	0.077	0.150	0.603
0.253	0.100	0.107	0.540
0.283	0.080	0.117	0.520
0.417	0.067	0.067	0.450
0.270	0.173	0.073	0.483
