>GGAATGGAATGG	9-GGAATGGAATGG	11.569029	-26.275628	0	T:19.0(2.05%),B:571.7(0.24%),P:1e-11
0.043	0.173	0.725	0.059
0.108	0.064	0.791	0.037
0.925	0.001	0.051	0.023
0.740	0.001	0.189	0.070
0.048	0.001	0.115	0.836
0.061	0.001	0.795	0.143
0.037	0.043	0.883	0.037
0.977	0.001	0.021	0.001
0.826	0.001	0.111	0.062
0.021	0.001	0.047	0.931
0.047	0.111	0.802	0.040
0.155	0.047	0.775	0.023
