>NNVAGGAAGYNN	10-NNVAGGAAGYNN	7.622369	-38.493529	0	T:103.0(0.76%),B:647.5(0.28%),P:1e-16
0.332	0.202	0.278	0.188
0.333	0.236	0.234	0.198
0.288	0.295	0.344	0.072
0.479	0.301	0.187	0.033
0.066	0.042	0.848	0.044
0.077	0.033	0.824	0.066
0.814	0.094	0.076	0.016
0.819	0.027	0.076	0.078
0.282	0.197	0.463	0.058
0.049	0.438	0.095	0.418
0.207	0.265	0.294	0.233
0.271	0.235	0.319	0.175
