>NNNNNVCTTCCT	12-NNNNNVCTTCCT	7.619226	-32.182165	0	T:56.0(0.41%),B:261.2(0.11%),P:1e-13
0.277	0.244	0.222	0.258
0.273	0.274	0.218	0.234
0.285	0.296	0.255	0.164
0.252	0.296	0.183	0.269
0.224	0.275	0.267	0.233
0.357	0.304	0.332	0.007
0.019	0.582	0.016	0.383
0.057	0.066	0.059	0.818
0.033	0.075	0.069	0.823
0.049	0.803	0.075	0.073
0.059	0.853	0.019	0.069
0.072	0.105	0.079	0.744
