>VAARGGGGAAGT	17-VAARGGGGAAGT	10.193901	-19.020379	0	T:38.0(0.28%),B:204.1(0.09%),P:1e-8
0.281	0.227	0.341	0.151
0.441	0.102	0.172	0.284
0.428	0.174	0.150	0.248
0.451	0.001	0.320	0.228
0.313	0.001	0.494	0.192
0.365	0.075	0.526	0.034
0.114	0.001	0.884	0.001
0.001	0.022	0.976	0.001
0.840	0.001	0.133	0.026
0.949	0.007	0.022	0.022
0.043	0.236	0.720	0.001
0.048	0.163	0.148	0.641
