>CCATTCGA	1-CCATTCGA	7.830125	-11.749780	0	T:21.0(7.61%),B:5405.5(2.49%),P:1e-5	Tpos:9.0,Tstd:1.0,Bpos:8396.2,Bstd:34084.9,StrandBias:-10.0,Multiplicity:1.00
0.001	0.997	0.001	0.001
0.066	0.763	0.001	0.170
0.793	0.173	0.033	0.001
0.001	0.286	0.002	0.711
0.219	0.001	0.066	0.714
0.105	0.824	0.001	0.070
0.085	0.243	0.671	0.001
0.739	0.001	0.259	0.001
>GAATGGAA	2-GAATGGAA	8.236954	-11.206068	0	T:21.0(7.61%),B:5608.8(2.58%),P:1e-4	Tpos:24.8,Tstd:14.2,Bpos:11807.2,Bstd:39760.9,StrandBias:10.0,Multiplicity:1.25
0.100	0.100	0.700	0.100
0.700	0.100	0.100	0.100
0.700	0.100	0.100	0.100
0.100	0.100	0.100	0.700
0.100	0.100	0.700	0.100
0.100	0.100	0.700	0.100
0.700	0.100	0.100	0.100
0.700	0.100	0.100	0.100
>AATGGAAT	3-AATGGAAT	8.873346	-9.358890	0	T:23.0(8.33%),B:7371.3(3.40%),P:1e-4	Tpos:25.2,Tstd:12.4,Bpos:20252.7,Bstd:71503.4,StrandBias:1.2,Multiplicity:2.35
0.997	0.001	0.001	0.001
0.924	0.001	0.074	0.001
0.001	0.123	0.001	0.875
0.001	0.025	0.973	0.001
0.001	0.001	0.997	0.001
0.997	0.001	0.001	0.001
0.997	0.001	0.001	0.001
0.001	0.001	0.001	0.997
>TCGAWTSS	4-TCGAWTSS	5.765853	-7.952317	0	T:12.0(4.35%),B:2849.2(1.31%),P:1e-3	Tpos:19.3,Tstd:10.7,Bpos:10757.5,Bstd:41230.5,StrandBias:-0.5,Multiplicity:1.08
0.050	0.219	0.071	0.660
0.048	0.631	0.250	0.071
0.133	0.246	0.563	0.058
0.837	0.029	0.093	0.041
0.352	0.101	0.170	0.377
0.050	0.026	0.175	0.749
0.137	0.428	0.382	0.052
0.131	0.358	0.470	0.041
>TGGAATGG	5-TGGAATGG	8.236954	-7.074245	0	T:14.0(5.07%),B:4068.7(1.87%),P:1e-3	Tpos:21.0,Tstd:14.4,Bpos:11487.4,Bstd:34682.9,StrandBias:-1.0,Multiplicity:1.00
0.100	0.100	0.100	0.700
0.100	0.100	0.700	0.100
0.100	0.100	0.700	0.100
0.700	0.100	0.100	0.100
0.700	0.100	0.100	0.100
0.100	0.100	0.100	0.700
0.100	0.100	0.700	0.100
0.100	0.100	0.700	0.100
>TCATCGAA	6-TCATCGAA	10.098217	-1.719203	0	T:2.0(0.72%),B:602.5(0.28%),P:1e0	Tpos:32.0,Tstd:13.0,Bpos:7978.6,Bstd:32051.9,StrandBias:10.0,Multiplicity:2.00
0.001	0.001	0.001	0.997
0.001	0.997	0.001	0.001
0.890	0.001	0.001	0.108
0.001	0.001	0.120	0.878
0.001	0.919	0.001	0.079
0.130	0.001	0.670	0.199
0.883	0.001	0.001	0.115
0.878	0.120	0.001	0.001
>RTTCCAKT	7-RTTCCAKT	8.668280	-0.056277	0	T:2.0(0.72%),B:3622.4(1.67%),P:1e0	Tpos:6.5,Tstd:3.5,Bpos:15182.8,Bstd:48641.1,StrandBias:0.0,Multiplicity:1.00
0.434	0.082	0.438	0.045
0.001	0.001	0.001	0.997
0.001	0.001	0.371	0.627
0.159	0.818	0.022	0.001
0.139	0.859	0.001	0.001
0.948	0.001	0.001	0.050
0.001	0.114	0.397	0.488
0.001	0.001	0.001	0.997
