>GATTCCATTCGA	1-GATTCCATTCGA	10.962116	-46.715397	0	T:21.0(7.61%),B:789.3(0.36%),P:1e-20	Tpos:22.5,Tstd:11.7,Bpos:14450.0,Bstd:44840.0,StrandBias:-2.2,Multiplicity:1.55
0.080	0.128	0.547	0.245
0.997	0.001	0.001	0.001
0.001	0.106	0.214	0.679
0.001	0.001	0.001	0.997
0.001	0.997	0.001	0.001
0.001	0.997	0.001	0.001
0.879	0.003	0.117	0.001
0.001	0.100	0.117	0.782
0.116	0.001	0.001	0.882
0.001	0.596	0.223	0.180
0.095	0.131	0.773	0.001
0.868	0.001	0.130	0.001
>ATGGAATGGAAT	2-ATGGAATGGAAT	11.751301	-43.843013	0	T:16.0(5.80%),B:356.6(0.16%),P:1e-19	Tpos:27.0,Tstd:12.2,Bpos:17100.3,Bstd:22865.4,StrandBias:1.5,Multiplicity:1.38
0.903	0.050	0.046	0.001
0.060	0.144	0.044	0.752
0.023	0.290	0.609	0.078
0.056	0.018	0.884	0.042
0.921	0.052	0.001	0.026
0.858	0.055	0.086	0.001
0.052	0.160	0.029	0.759
0.098	0.134	0.715	0.053
0.053	0.029	0.917	0.001
0.978	0.001	0.020	0.001
0.846	0.018	0.135	0.001
0.052	0.089	0.001	0.858
>CGAATGGAATCA	3-CGAATGGAATCA	14.786661	-39.317742	0	T:7.0(2.54%),B:7.0(0.00%),P:1e-17	Tpos:19.0,Tstd:11.3,Bpos:3016.1,Bstd:5572.9,StrandBias:1.0,Multiplicity:1.00
0.001	0.819	0.001	0.179
0.001	0.001	0.997	0.001
0.726	0.272	0.001	0.001
0.997	0.001	0.001	0.001
0.001	0.001	0.272	0.726
0.001	0.001	0.997	0.001
0.001	0.001	0.997	0.001
0.997	0.001	0.001	0.001
0.997	0.001	0.001	0.001
0.001	0.001	0.001	0.997
0.001	0.997	0.001	0.001
0.997	0.001	0.001	0.001
>AATGGAATRGAA	4-AATGGAATRGAA	10.888486	-12.816747	0	T:16.0(5.80%),B:3056.4(1.41%),P:1e-5	Tpos:23.9,Tstd:14.6,Bpos:16969.5,Bstd:48935.9,StrandBias:2.3,Multiplicity:1.11
0.921	0.077	0.001	0.001
0.838	0.090	0.001	0.071
0.004	0.122	0.001	0.873
0.128	0.001	0.870	0.001
0.059	0.001	0.858	0.082
0.924	0.074	0.001	0.001
0.997	0.001	0.001	0.001
0.278	0.199	0.070	0.453
0.374	0.001	0.402	0.223
0.001	0.001	0.926	0.072
0.908	0.001	0.090	0.001
0.877	0.121	0.001	0.001
>TAGCCCATGGAC	5-TAGCCCATGGAC	12.355432	-5.062006	0	T:1.0(0.36%),B:4.1(0.00%),P:1e-2	Tpos:24.0,Tstd:0.0,Bpos:11651.7,Bstd:11495.1,StrandBias:10.0,Multiplicity:1.00
0.100	0.100	0.100	0.700
0.700	0.100	0.100	0.100
0.100	0.100	0.700	0.100
0.100	0.700	0.100	0.100
0.100	0.700	0.100	0.100
0.100	0.700	0.100	0.100
0.700	0.100	0.100	0.100
0.100	0.100	0.100	0.700
0.100	0.100	0.700	0.100
0.100	0.100	0.700	0.100
0.700	0.100	0.100	0.100
0.100	0.700	0.100	0.100
