>SGAATGGAAT	1-SGAATGGAAT	10.010115	-38.143720	0	T:17.0(6.16%),B:635.8(0.29%),P:1e-16	Tpos:27.1,Tstd:10.9,Bpos:15946.1,Bstd:24087.4,StrandBias:1.4,Multiplicity:2.12
0.061	0.500	0.370	0.069
0.050	0.122	0.798	0.030
0.890	0.026	0.042	0.042
0.761	0.025	0.173	0.041
0.001	0.121	0.077	0.801
0.167	0.041	0.703	0.089
0.043	0.132	0.799	0.026
0.969	0.001	0.029	0.001
0.827	0.117	0.055	0.001
0.040	0.001	0.001	0.958
>ATCGAATGGA	2-ATCGAATGGA	10.106808	-32.701351	0	T:16.0(5.80%),B:743.1(0.34%),P:1e-14	Tpos:24.4,Tstd:15.9,Bpos:14175.3,Bstd:34745.9,StrandBias:3.0,Multiplicity:1.29
0.725	0.131	0.091	0.053
0.096	0.085	0.017	0.802
0.059	0.512	0.302	0.127
0.095	0.070	0.788	0.047
0.912	0.062	0.025	0.001
0.790	0.024	0.118	0.068
0.097	0.111	0.032	0.760
0.064	0.038	0.796	0.102
0.001	0.036	0.962	0.001
0.958	0.040	0.001	0.001
>AATGGAATGG	3-AATGGAATGG	10.331217	-14.159829	0	T:13.0(4.71%),B:1784.9(0.82%),P:1e-6	Tpos:21.3,Tstd:14.7,Bpos:14621.2,Bstd:34202.3,StrandBias:0.6,Multiplicity:1.25
0.997	0.001	0.001	0.001
0.808	0.062	0.129	0.001
0.057	0.129	0.001	0.813
0.063	0.001	0.935	0.001
0.001	0.001	0.997	0.001
0.997	0.001	0.001	0.001
0.870	0.001	0.128	0.001
0.001	0.128	0.001	0.870
0.168	0.001	0.830	0.001
0.001	0.001	0.997	0.001
>AATGGAATCA	4-AATGGAATCA	10.437692	-13.381640	0	T:19.0(6.88%),B:4048.9(1.87%),P:1e-5	Tpos:23.0,Tstd:13.8,Bpos:30934.5,Bstd:103192.1,StrandBias:2.0,Multiplicity:1.00
0.909	0.089	0.001	0.001
0.900	0.001	0.098	0.001
0.001	0.141	0.100	0.758
0.090	0.001	0.826	0.083
0.001	0.001	0.997	0.001
0.997	0.001	0.001	0.001
0.906	0.001	0.092	0.001
0.067	0.001	0.001	0.931
0.076	0.844	0.001	0.079
0.997	0.001	0.001	0.001
>ATCATCGAAT	5-ATCATCGAAT	11.306264	-10.859352	0	T:4.0(1.45%),B:117.2(0.05%),P:1e-4	Tpos:23.2,Tstd:16.7,Bpos:13717.9,Bstd:62911.6,StrandBias:10.0,Multiplicity:1.33
0.997	0.001	0.001	0.001
0.001	0.001	0.001	0.997
0.001	0.997	0.001	0.001
0.997	0.001	0.001	0.001
0.001	0.001	0.001	0.997
0.001	0.814	0.091	0.094
0.078	0.001	0.826	0.095
0.833	0.001	0.001	0.165
0.833	0.165	0.001	0.001
0.146	0.001	0.001	0.852
>AAGTCATGAC	6-AAGTCATGAC	11.009254	-3.960560	0	T:6.0(2.17%),B:1631.2(0.75%),P:1e-1	Tpos:32.3,Tstd:13.1,Bpos:11996.3,Bstd:40490.9,StrandBias:1.3,Multiplicity:1.00
0.848	0.150	0.001	0.001
0.997	0.001	0.001	0.001
0.129	0.001	0.869	0.001
0.001	0.001	0.001	0.997
0.001	0.997	0.001	0.001
0.997	0.001	0.001	0.001
0.001	0.001	0.001	0.997
0.155	0.001	0.843	0.001
0.855	0.001	0.001	0.143
0.118	0.742	0.139	0.001
>GATTCCATTCGA	1-GATTCCATTCGA	10.962116	-46.715397	0	T:21.0(7.61%),B:789.3(0.36%),P:1e-20	Tpos:22.5,Tstd:11.7,Bpos:14450.0,Bstd:44840.0,StrandBias:-2.2,Multiplicity:1.55
0.080	0.128	0.547	0.245
0.997	0.001	0.001	0.001
0.001	0.106	0.214	0.679
0.001	0.001	0.001	0.997
0.001	0.997	0.001	0.001
0.001	0.997	0.001	0.001
0.879	0.003	0.117	0.001
0.001	0.100	0.117	0.782
0.116	0.001	0.001	0.882
0.001	0.596	0.223	0.180
0.095	0.131	0.773	0.001
0.868	0.001	0.130	0.001
>ATGGAATGGAAT	2-ATGGAATGGAAT	11.751301	-43.843013	0	T:16.0(5.80%),B:356.6(0.16%),P:1e-19	Tpos:27.0,Tstd:12.2,Bpos:17100.3,Bstd:22865.4,StrandBias:1.5,Multiplicity:1.38
0.903	0.050	0.046	0.001
0.060	0.144	0.044	0.752
0.023	0.290	0.609	0.078
0.056	0.018	0.884	0.042
0.921	0.052	0.001	0.026
0.858	0.055	0.086	0.001
0.052	0.160	0.029	0.759
0.098	0.134	0.715	0.053
0.053	0.029	0.917	0.001
0.978	0.001	0.020	0.001
0.846	0.018	0.135	0.001
0.052	0.089	0.001	0.858
>CGAATGGAATCA	3-CGAATGGAATCA	14.786661	-39.317742	0	T:7.0(2.54%),B:7.0(0.00%),P:1e-17	Tpos:19.0,Tstd:11.3,Bpos:3016.1,Bstd:5572.9,StrandBias:1.0,Multiplicity:1.00
0.001	0.819	0.001	0.179
0.001	0.001	0.997	0.001
0.726	0.272	0.001	0.001
0.997	0.001	0.001	0.001
0.001	0.001	0.272	0.726
0.001	0.001	0.997	0.001
0.001	0.001	0.997	0.001
0.997	0.001	0.001	0.001
0.997	0.001	0.001	0.001
0.001	0.001	0.001	0.997
0.001	0.997	0.001	0.001
0.997	0.001	0.001	0.001
>AATGGAATRGAA	4-AATGGAATRGAA	10.888486	-12.816747	0	T:16.0(5.80%),B:3056.4(1.41%),P:1e-5	Tpos:23.9,Tstd:14.6,Bpos:16969.5,Bstd:48935.9,StrandBias:2.3,Multiplicity:1.11
0.921	0.077	0.001	0.001
0.838	0.090	0.001	0.071
0.004	0.122	0.001	0.873
0.128	0.001	0.870	0.001
0.059	0.001	0.858	0.082
0.924	0.074	0.001	0.001
0.997	0.001	0.001	0.001
0.278	0.199	0.070	0.453
0.374	0.001	0.402	0.223
0.001	0.001	0.926	0.072
0.908	0.001	0.090	0.001
0.877	0.121	0.001	0.001
>TAGCCCATGGAC	5-TAGCCCATGGAC	12.355432	-5.062006	0	T:1.0(0.36%),B:4.1(0.00%),P:1e-2	Tpos:24.0,Tstd:0.0,Bpos:11651.7,Bstd:11495.1,StrandBias:10.0,Multiplicity:1.00
0.100	0.100	0.100	0.700
0.700	0.100	0.100	0.100
0.100	0.100	0.700	0.100
0.100	0.700	0.100	0.100
0.100	0.700	0.100	0.100
0.100	0.700	0.100	0.100
0.700	0.100	0.100	0.100
0.100	0.100	0.100	0.700
0.100	0.100	0.700	0.100
0.100	0.100	0.700	0.100
0.700	0.100	0.100	0.100
0.100	0.700	0.100	0.100
>CCATTCGA	1-CCATTCGA	7.830125	-11.749780	0	T:21.0(7.61%),B:5405.5(2.49%),P:1e-5	Tpos:9.0,Tstd:1.0,Bpos:8396.2,Bstd:34084.9,StrandBias:-10.0,Multiplicity:1.00
0.001	0.997	0.001	0.001
0.066	0.763	0.001	0.170
0.793	0.173	0.033	0.001
0.001	0.286	0.002	0.711
0.219	0.001	0.066	0.714
0.105	0.824	0.001	0.070
0.085	0.243	0.671	0.001
0.739	0.001	0.259	0.001
>GAATGGAA	2-GAATGGAA	8.236954	-11.206068	0	T:21.0(7.61%),B:5608.8(2.58%),P:1e-4	Tpos:24.8,Tstd:14.2,Bpos:11807.2,Bstd:39760.9,StrandBias:10.0,Multiplicity:1.25
0.100	0.100	0.700	0.100
0.700	0.100	0.100	0.100
0.700	0.100	0.100	0.100
0.100	0.100	0.100	0.700
0.100	0.100	0.700	0.100
0.100	0.100	0.700	0.100
0.700	0.100	0.100	0.100
0.700	0.100	0.100	0.100
>AATGGAAT	3-AATGGAAT	8.873346	-9.358890	0	T:23.0(8.33%),B:7371.3(3.40%),P:1e-4	Tpos:25.2,Tstd:12.4,Bpos:20252.7,Bstd:71503.4,StrandBias:1.2,Multiplicity:2.35
0.997	0.001	0.001	0.001
0.924	0.001	0.074	0.001
0.001	0.123	0.001	0.875
0.001	0.025	0.973	0.001
0.001	0.001	0.997	0.001
0.997	0.001	0.001	0.001
0.997	0.001	0.001	0.001
0.001	0.001	0.001	0.997
>TCGAWTSS	4-TCGAWTSS	5.765853	-7.952317	0	T:12.0(4.35%),B:2849.2(1.31%),P:1e-3	Tpos:19.3,Tstd:10.7,Bpos:10757.5,Bstd:41230.5,StrandBias:-0.5,Multiplicity:1.08
0.050	0.219	0.071	0.660
0.048	0.631	0.250	0.071
0.133	0.246	0.563	0.058
0.837	0.029	0.093	0.041
0.352	0.101	0.170	0.377
0.050	0.026	0.175	0.749
0.137	0.428	0.382	0.052
0.131	0.358	0.470	0.041
>TGGAATGG	5-TGGAATGG	8.236954	-7.074245	0	T:14.0(5.07%),B:4068.7(1.87%),P:1e-3	Tpos:21.0,Tstd:14.4,Bpos:11487.4,Bstd:34682.9,StrandBias:-1.0,Multiplicity:1.00
0.100	0.100	0.100	0.700
0.100	0.100	0.700	0.100
0.100	0.100	0.700	0.100
0.700	0.100	0.100	0.100
0.700	0.100	0.100	0.100
0.100	0.100	0.100	0.700
0.100	0.100	0.700	0.100
0.100	0.100	0.700	0.100
>TCATCGAA	6-TCATCGAA	10.098217	-1.719203	0	T:2.0(0.72%),B:602.5(0.28%),P:1e0	Tpos:32.0,Tstd:13.0,Bpos:7978.6,Bstd:32051.9,StrandBias:10.0,Multiplicity:2.00
0.001	0.001	0.001	0.997
0.001	0.997	0.001	0.001
0.890	0.001	0.001	0.108
0.001	0.001	0.120	0.878
0.001	0.919	0.001	0.079
0.130	0.001	0.670	0.199
0.883	0.001	0.001	0.115
0.878	0.120	0.001	0.001
>RTTCCAKT	7-RTTCCAKT	8.668280	-0.056277	0	T:2.0(0.72%),B:3622.4(1.67%),P:1e0	Tpos:6.5,Tstd:3.5,Bpos:15182.8,Bstd:48641.1,StrandBias:0.0,Multiplicity:1.00
0.434	0.082	0.438	0.045
0.001	0.001	0.001	0.997
0.001	0.001	0.371	0.627
0.159	0.818	0.022	0.001
0.139	0.859	0.001	0.001
0.948	0.001	0.001	0.050
0.001	0.114	0.397	0.488
0.001	0.001	0.001	0.997
