>SGAATGGAAT	1-SGAATGGAAT	10.010115	-38.143720	0	T:17.0(6.16%),B:635.8(0.29%),P:1e-16	Tpos:27.1,Tstd:10.9,Bpos:15946.1,Bstd:24087.4,StrandBias:1.4,Multiplicity:2.12
0.061	0.500	0.370	0.069
0.050	0.122	0.798	0.030
0.890	0.026	0.042	0.042
0.761	0.025	0.173	0.041
0.001	0.121	0.077	0.801
0.167	0.041	0.703	0.089
0.043	0.132	0.799	0.026
0.969	0.001	0.029	0.001
0.827	0.117	0.055	0.001
0.040	0.001	0.001	0.958
>ATCGAATGGA	2-ATCGAATGGA	10.106808	-32.701351	0	T:16.0(5.80%),B:743.1(0.34%),P:1e-14	Tpos:24.4,Tstd:15.9,Bpos:14175.3,Bstd:34745.9,StrandBias:3.0,Multiplicity:1.29
0.725	0.131	0.091	0.053
0.096	0.085	0.017	0.802
0.059	0.512	0.302	0.127
0.095	0.070	0.788	0.047
0.912	0.062	0.025	0.001
0.790	0.024	0.118	0.068
0.097	0.111	0.032	0.760
0.064	0.038	0.796	0.102
0.001	0.036	0.962	0.001
0.958	0.040	0.001	0.001
>AATGGAATGG	3-AATGGAATGG	10.331217	-14.159829	0	T:13.0(4.71%),B:1784.9(0.82%),P:1e-6	Tpos:21.3,Tstd:14.7,Bpos:14621.2,Bstd:34202.3,StrandBias:0.6,Multiplicity:1.25
0.997	0.001	0.001	0.001
0.808	0.062	0.129	0.001
0.057	0.129	0.001	0.813
0.063	0.001	0.935	0.001
0.001	0.001	0.997	0.001
0.997	0.001	0.001	0.001
0.870	0.001	0.128	0.001
0.001	0.128	0.001	0.870
0.168	0.001	0.830	0.001
0.001	0.001	0.997	0.001
>AATGGAATCA	4-AATGGAATCA	10.437692	-13.381640	0	T:19.0(6.88%),B:4048.9(1.87%),P:1e-5	Tpos:23.0,Tstd:13.8,Bpos:30934.5,Bstd:103192.1,StrandBias:2.0,Multiplicity:1.00
0.909	0.089	0.001	0.001
0.900	0.001	0.098	0.001
0.001	0.141	0.100	0.758
0.090	0.001	0.826	0.083
0.001	0.001	0.997	0.001
0.997	0.001	0.001	0.001
0.906	0.001	0.092	0.001
0.067	0.001	0.001	0.931
0.076	0.844	0.001	0.079
0.997	0.001	0.001	0.001
>ATCATCGAAT	5-ATCATCGAAT	11.306264	-10.859352	0	T:4.0(1.45%),B:117.2(0.05%),P:1e-4	Tpos:23.2,Tstd:16.7,Bpos:13717.9,Bstd:62911.6,StrandBias:10.0,Multiplicity:1.33
0.997	0.001	0.001	0.001
0.001	0.001	0.001	0.997
0.001	0.997	0.001	0.001
0.997	0.001	0.001	0.001
0.001	0.001	0.001	0.997
0.001	0.814	0.091	0.094
0.078	0.001	0.826	0.095
0.833	0.001	0.001	0.165
0.833	0.165	0.001	0.001
0.146	0.001	0.001	0.852
>AAGTCATGAC	6-AAGTCATGAC	11.009254	-3.960560	0	T:6.0(2.17%),B:1631.2(0.75%),P:1e-1	Tpos:32.3,Tstd:13.1,Bpos:11996.3,Bstd:40490.9,StrandBias:1.3,Multiplicity:1.00
0.848	0.150	0.001	0.001
0.997	0.001	0.001	0.001
0.129	0.001	0.869	0.001
0.001	0.001	0.001	0.997
0.001	0.997	0.001	0.001
0.997	0.001	0.001	0.001
0.001	0.001	0.001	0.997
0.155	0.001	0.843	0.001
0.855	0.001	0.001	0.143
0.118	0.742	0.139	0.001
