>DGGGGAATTCCC	1-DGGGGAATTCCC	9.250910	-36.948126	0	T:192.0(1.69%),B:1667.1(0.85%),P:1e-16	Tpos:25.2,Tstd:11.4,Bpos:2978.1,Bstd:7266.0,StrandBias:-0.1,Multiplicity:1.01
0.276	0.144	0.359	0.221
0.230	0.055	0.503	0.212
0.001	0.001	0.982	0.016
0.001	0.001	0.997	0.001
0.306	0.016	0.677	0.001
0.569	0.130	0.234	0.067
0.524	0.085	0.093	0.298
0.225	0.048	0.104	0.623
0.001	0.171	0.070	0.758
0.015	0.731	0.001	0.253
0.001	0.997	0.001	0.001
0.095	0.889	0.001	0.015
>NNNRTGASTCAK	2-NNNRTGASTCAK	8.635733	-31.765698	0	T:346.0(3.04%),B:3802.4(1.94%),P:1e-13	Tpos:25.5,Tstd:11.1,Bpos:3357.1,Bstd:7800.7,StrandBias:0.0,Multiplicity:1.04
0.256	0.188	0.293	0.263
0.303	0.186	0.257	0.254
0.252	0.239	0.259	0.251
0.376	0.147	0.340	0.136
0.017	0.001	0.001	0.981
0.001	0.001	0.997	0.001
0.997	0.001	0.001	0.001
0.145	0.339	0.392	0.124
0.001	0.001	0.001	0.997
0.187	0.811	0.001	0.001
0.997	0.001	0.001	0.001
0.117	0.226	0.376	0.282
>GGAAASCCCCTT	3-GGAAASCCCCTT	10.637765	-19.774501	0	T:66.0(0.58%),B:481.5(0.25%),P:1e-8	Tpos:26.8,Tstd:11.5,Bpos:2241.5,Bstd:6619.3,StrandBias:0.4,Multiplicity:1.00
0.041	0.001	0.913	0.045
0.019	0.001	0.979	0.001
0.753	0.026	0.194	0.027
0.936	0.013	0.050	0.001
0.786	0.001	0.092	0.121
0.103	0.354	0.409	0.135
0.063	0.621	0.106	0.210
0.203	0.795	0.001	0.001
0.015	0.983	0.001	0.001
0.001	0.849	0.065	0.085
0.230	0.147	0.151	0.471
0.127	0.234	0.220	0.419
>HDGTCACGTGAY	4-HDGTCACGTGAY	9.828304	-18.476948	0	T:86.0(0.76%),B:732.0(0.37%),P:1e-8	Tpos:24.4,Tstd:11.3,Bpos:1079.8,Bstd:3262.0,StrandBias:0.1,Multiplicity:1.02
0.249	0.271	0.154	0.326
0.295	0.141	0.236	0.327
0.322	0.119	0.558	0.001
0.121	0.125	0.201	0.553
0.001	0.997	0.001	0.001
0.997	0.001	0.001	0.001
0.001	0.670	0.001	0.328
0.170	0.001	0.828	0.001
0.001	0.001	0.001	0.997
0.001	0.001	0.997	0.001
0.487	0.260	0.231	0.021
0.066	0.450	0.141	0.343
>TAGGGTTTCTCT	5-TAGGGTTTCTCT	13.097802	-14.103788	0	T:20.0(0.18%),B:83.4(0.04%),P:1e-6	Tpos:23.4,Tstd:13.0,Bpos:3727.0,Bstd:6525.3,StrandBias:-0.9,Multiplicity:1.00
0.001	0.001	0.001	0.997
0.997	0.001	0.001	0.001
0.108	0.077	0.670	0.145
0.001	0.001	0.997	0.001
0.076	0.001	0.922	0.001
0.001	0.061	0.001	0.937
0.001	0.001	0.001	0.997
0.001	0.001	0.001	0.997
0.001	0.922	0.001	0.076
0.076	0.001	0.001	0.922
0.001	0.997	0.001	0.001
0.144	0.125	0.001	0.730
>CCATGASTCACN	6-CCATGASTCACN	9.762810	-11.154410	0	T:56.0(0.49%),B:504.9(0.26%),P:1e-4	Tpos:20.4,Tstd:11.8,Bpos:3288.0,Bstd:7540.2,StrandBias:0.0,Multiplicity:1.00
0.067	0.456	0.223	0.254
0.142	0.499	0.219	0.140
0.577	0.111	0.247	0.065
0.001	0.055	0.001	0.943
0.001	0.001	0.950	0.048
0.823	0.055	0.009	0.113
0.075	0.368	0.415	0.142
0.157	0.001	0.044	0.798
0.001	0.997	0.001	0.001
0.997	0.001	0.001	0.001
0.196	0.497	0.044	0.263
0.222	0.261	0.331	0.187
>ARAGAGGAAGTG	7-ARAGAGGAAGTG	10.983148	-10.573112	0	T:31.0(0.27%),B:221.9(0.11%),P:1e-4	Tpos:27.2,Tstd:12.0,Bpos:2258.3,Bstd:4166.0,StrandBias:0.4,Multiplicity:1.07
0.521	0.124	0.260	0.095
0.387	0.227	0.286	0.100
0.561	0.029	0.350	0.060
0.119	0.324	0.534	0.023
0.671	0.086	0.207	0.036
0.049	0.001	0.930	0.020
0.037	0.062	0.900	0.001
0.822	0.139	0.038	0.001
0.948	0.016	0.001	0.035
0.058	0.179	0.753	0.010
0.016	0.140	0.126	0.718
0.186	0.219	0.492	0.104
>RAADGGGGAART	8-RAADGGGGAART	11.208936	-7.107290	0	T:18.0(0.16%),B:124.4(0.06%),P:1e-3	Tpos:25.6,Tstd:10.5,Bpos:5906.4,Bstd:10633.0,StrandBias:-0.3,Multiplicity:1.00
0.384	0.055	0.329	0.233
0.535	0.001	0.353	0.111
0.636	0.087	0.227	0.050
0.362	0.001	0.357	0.280
0.125	0.001	0.784	0.090
0.305	0.001	0.693	0.001
0.001	0.001	0.997	0.001
0.001	0.147	0.851	0.001
0.979	0.001	0.019	0.001
0.944	0.038	0.001	0.017
0.453	0.043	0.503	0.001
0.001	0.098	0.340	0.561
>YGCCCCCTGGTG	9-YGCCCCCTGGTG	12.323670	-5.814718	0	T:25.0(0.22%),B:225.3(0.12%),P:1e-2	Tpos:26.5,Tstd:13.4,Bpos:1000.4,Bstd:3305.0,StrandBias:0.5,Multiplicity:1.00
0.006	0.501	0.001	0.492
0.165	0.001	0.564	0.270
0.001	0.879	0.001	0.119
0.001	0.997	0.001	0.001
0.406	0.592	0.001	0.001
0.001	0.727	0.001	0.271
0.131	0.678	0.001	0.190
0.032	0.001	0.001	0.966
0.157	0.055	0.782	0.006
0.001	0.113	0.785	0.101
0.090	0.067	0.001	0.842
0.001	0.001	0.997	0.001
>GTCACVTGYTCT	10-GTCACVTGYTCT	10.597511	-5.555294	0	T:11.0(0.10%),B:68.6(0.04%),P:1e-2	Tpos:27.1,Tstd:11.8,Bpos:2133.7,Bstd:4390.4,StrandBias:0.4,Multiplicity:1.00
0.216	0.148	0.539	0.097
0.064	0.001	0.253	0.682
0.001	0.899	0.099	0.001
0.889	0.094	0.014	0.003
0.001	0.904	0.007	0.088
0.301	0.270	0.386	0.043
0.001	0.094	0.001	0.904
0.051	0.077	0.860	0.012
0.222	0.396	0.100	0.282
0.110	0.278	0.079	0.533
0.001	0.497	0.286	0.216
0.194	0.202	0.031	0.573
>GGAAGTCACGTG	11-GGAAGTCACGTG	10.905744	-3.822877	0	T:23.0(0.20%),B:243.6(0.12%),P:1e-1	Tpos:25.2,Tstd:12.7,Bpos:1446.7,Bstd:6448.8,StrandBias:0.2,Multiplicity:1.00
0.100	0.079	0.726	0.095
0.091	0.093	0.746	0.070
0.694	0.115	0.110	0.081
0.687	0.078	0.146	0.089
0.074	0.069	0.805	0.052
0.094	0.118	0.121	0.667
0.051	0.828	0.077	0.044
0.797	0.094	0.054	0.055
0.063	0.721	0.088	0.128
0.122	0.077	0.741	0.060
0.082	0.065	0.098	0.755
0.034	0.088	0.833	0.045
>VAGRGGAAGTGA	12-VAGRGGAAGTGA	11.742334	-3.296084	0	T:14.0(0.12%),B:136.4(0.07%),P:1e-1	Tpos:23.4,Tstd:4.5,Bpos:2477.2,Bstd:6413.4,StrandBias:0.6,Multiplicity:1.00
0.374	0.234	0.350	0.042
0.662	0.001	0.328	0.009
0.150	0.201	0.648	0.001
0.385	0.096	0.498	0.021
0.011	0.034	0.954	0.001
0.010	0.165	0.824	0.001
0.889	0.055	0.016	0.040
0.940	0.001	0.046	0.013
0.058	0.162	0.779	0.001
0.010	0.029	0.309	0.652
0.093	0.231	0.627	0.049
0.620	0.158	0.173	0.049
>ATGAKKCAGTYA	13-ATGAKKCAGTYA	7.847603	-2.546260	0	T:23.0(0.20%),B:282.3(0.14%),P:1e-1	Tpos:29.1,Tstd:10.2,Bpos:9167.3,Bstd:12978.0,StrandBias:0.9,Multiplicity:1.00
0.487	0.205	0.289	0.019
0.019	0.176	0.238	0.567
0.130	0.021	0.818	0.031
0.451	0.169	0.227	0.153
0.186	0.161	0.257	0.396
0.037	0.175	0.328	0.460
0.008	0.796	0.180	0.016
0.934	0.025	0.012	0.029
0.173	0.218	0.404	0.206
0.168	0.224	0.223	0.385
0.119	0.362	0.038	0.482
0.411	0.190	0.228	0.170
>DCACGTGAYTBR	14-DCACGTGAYTBR	9.830832	-1.980953	0	T:15.0(0.13%),B:185.7(0.09%),P:1e0	Tpos:30.2,Tstd:12.9,Bpos:1938.3,Bstd:3805.1,StrandBias:1.0,Multiplicity:1.00
0.313	0.138	0.239	0.310
0.057	0.886	0.028	0.029
0.636	0.166	0.141	0.057
0.029	0.678	0.046	0.247
0.307	0.028	0.664	0.001
0.001	0.001	0.001	0.997
0.001	0.001	0.997	0.001
0.840	0.040	0.075	0.045
0.001	0.541	0.057	0.401
0.315	0.020	0.132	0.533
0.133	0.357	0.234	0.276
0.389	0.200	0.247	0.164
>NGTCACATGCAN	15-NGTCACATGCAN	9.580715	-1.698011	0	T:5.0(0.04%),B:50.8(0.03%),P:1e0	Tpos:19.8,Tstd:12.3,Bpos:1843.3,Bstd:5848.8,StrandBias:0.0,Multiplicity:1.20
0.281	0.218	0.237	0.264
0.103	0.166	0.628	0.103
0.142	0.129	0.142	0.587
0.089	0.684	0.132	0.095
0.650	0.132	0.110	0.108
0.071	0.742	0.108	0.079
0.603	0.114	0.171	0.112
0.125	0.157	0.113	0.605
0.105	0.134	0.658	0.103
0.118	0.634	0.128	0.120
0.600	0.127	0.131	0.142
0.193	0.259	0.328	0.219
>ACTACAATTCCC	16-ACTACAATTCCC	11.778694	-0.673163	0	T:20.0(0.18%),B:340.4(0.17%),P:1e0	Tpos:23.4,Tstd:12.1,Bpos:445.2,Bstd:2636.2,StrandBias:0.3,Multiplicity:1.00
0.787	0.069	0.058	0.086
0.050	0.869	0.052	0.029
0.109	0.155	0.068	0.668
0.635	0.105	0.163	0.097
0.052	0.837	0.074	0.037
0.769	0.119	0.047	0.065
0.640	0.107	0.099	0.154
0.101	0.167	0.100	0.632
0.042	0.092	0.108	0.758
0.102	0.757	0.074	0.067
0.100	0.820	0.031	0.049
0.086	0.828	0.033	0.053
>MCTTCCTCYYYY	17-MCTTCCTCYYYY	9.699730	-0.232155	0	T:14.0(0.12%),B:292.8(0.15%),P:1e0	Tpos:17.1,Tstd:9.7,Bpos:1531.1,Bstd:4027.4,StrandBias:-1.8,Multiplicity:1.00
0.411	0.333	0.165	0.091
0.001	0.715	0.199	0.085
0.124	0.001	0.001	0.874
0.001	0.001	0.088	0.910
0.001	0.748	0.250	0.001
0.001	0.997	0.001	0.001
0.001	0.314	0.131	0.554
0.001	0.517	0.293	0.189
0.111	0.460	0.001	0.428
0.118	0.330	0.170	0.381
0.175	0.378	0.119	0.328
0.155	0.358	0.194	0.294
>NNCWYRTGHBWN	18-NNCWYRTGHBWN	6.477308	-0.102375	0	T:16.0(0.14%),B:370.9(0.19%),P:1e0	Tpos:20.6,Tstd:12.7,Bpos:1500.8,Bstd:3635.3,StrandBias:-1.4,Multiplicity:1.00
0.248	0.220	0.267	0.265
0.189	0.316	0.280	0.215
0.001	0.622	0.217	0.160
0.384	0.138	0.233	0.245
0.007	0.492	0.124	0.378
0.339	0.165	0.415	0.081
0.001	0.001	0.034	0.964
0.001	0.001	0.941	0.057
0.303	0.253	0.125	0.319
0.120	0.349	0.297	0.234
0.302	0.176	0.145	0.377
0.268	0.211	0.322	0.199
>YRYDYGCRTGDG	19-YRYDYGCRTGDG	9.329807	-0.027088	0	T:9.0(0.08%),B:272.9(0.14%),P:1e0	Tpos:23.0,Tstd:0.0,Bpos:716.2,Bstd:754.0,StrandBias:-10.0,Multiplicity:1.00
0.001	0.521	0.001	0.477
0.480	0.001	0.518	0.001
0.001	0.512	0.001	0.486
0.284	0.001	0.419	0.296
0.001	0.458	0.001	0.540
0.342	0.001	0.656	0.001
0.062	0.624	0.001	0.313
0.447	0.001	0.551	0.001
0.001	0.300	0.001	0.698
0.117	0.001	0.881	0.001
0.225	0.143	0.265	0.367
0.164	0.192	0.461	0.183
>CACACACATACA	20-CACACACATACA	10.567170	-0.000062	0	T:19.0(0.17%),B:706.7(0.36%),P:1e0	Tpos:28.0,Tstd:10.0,Bpos:2487.3,Bstd:7881.7,StrandBias:-10.0,Multiplicity:1.00
0.112	0.694	0.097	0.097
0.664	0.125	0.093	0.118
0.094	0.717	0.117	0.072
0.639	0.109	0.117	0.135
0.080	0.708	0.120	0.092
0.673	0.104	0.102	0.121
0.082	0.670	0.137	0.111
0.625	0.161	0.104	0.110
0.119	0.221	0.137	0.523
0.517	0.141	0.235	0.107
0.101	0.720	0.104	0.075
0.621	0.151	0.094	0.134
>CACATACWCACA	21-CACATACWCACA	13.503339	-0.000036	0	T:10.0(0.09%),B:485.9(0.25%),P:1e0	Tpos:40.0,Tstd:0.0,Bpos:1920.5,Bstd:3089.0,StrandBias:-10.0,Multiplicity:1.00
0.001	0.995	0.001	0.003
0.828	0.002	0.090	0.080
0.001	0.892	0.001	0.106
0.863	0.008	0.039	0.090
0.001	0.192	0.059	0.748
0.676	0.001	0.322	0.001
0.001	0.875	0.108	0.016
0.428	0.001	0.212	0.358
0.001	0.997	0.001	0.001
0.824	0.001	0.001	0.174
0.001	0.994	0.001	0.004
0.898	0.001	0.034	0.067
>SACACACTCACN	22-SACACACTCACN	9.221625	-0.000022	0	T:16.0(0.14%),B:660.3(0.34%),P:1e0	Tpos:15.0,Tstd:0.0,Bpos:235.8,Bstd:520.8,StrandBias:-10.0,Multiplicity:1.00
0.205	0.360	0.255	0.181
0.648	0.068	0.126	0.158
0.087	0.671	0.118	0.124
0.592	0.096	0.111	0.201
0.083	0.586	0.117	0.214
0.627	0.108	0.163	0.102
0.133	0.571	0.166	0.130
0.099	0.076	0.184	0.641
0.094	0.688	0.125	0.093
0.709	0.087	0.110	0.094
0.106	0.625	0.131	0.138
0.281	0.224	0.239	0.255
>CACTCTGTCACH	23-CACTCTGTCACH	6.513659	-0.000000	0	T:363.0(3.19%),B:18442.2(9.42%),P:1e0	Tpos:25.4,Tstd:11.8,Bpos:4402.3,Bstd:13475.9,StrandBias:0.1,Multiplicity:1.04
0.193	0.407	0.237	0.163
0.577	0.137	0.135	0.151
0.093	0.680	0.137	0.090
0.269	0.121	0.103	0.507
0.079	0.643	0.170	0.108
0.296	0.110	0.101	0.493
0.072	0.154	0.693	0.081
0.373	0.001	0.001	0.625
0.079	0.689	0.151	0.081
0.664	0.137	0.078	0.121
0.077	0.717	0.105	0.101
0.367	0.225	0.173	0.235
>NCACACACACAN	24-NCACACACACAN	7.050950	-0.000000	0	T:296.0(2.60%),B:10712.5(5.47%),P:1e0	Tpos:25.0,Tstd:11.7,Bpos:3173.3,Bstd:8358.2,StrandBias:0.1,Multiplicity:1.10
0.266	0.253	0.244	0.238
0.083	0.662	0.156	0.099
0.577	0.149	0.122	0.152
0.076	0.709	0.126	0.089
0.570	0.136	0.152	0.142
0.100	0.703	0.116	0.081
0.600	0.135	0.164	0.101
0.084	0.692	0.115	0.109
0.594	0.134	0.158	0.114
0.067	0.717	0.127	0.089
0.574	0.144	0.159	0.123
0.197	0.338	0.259	0.206
>CACTCACACACA	25-CACTCACACACA	9.757164	0.000000	0	T:118.0(1.04%),B:3541.4(1.81%),P:1e0	Tpos:29.5,Tstd:2.5,Bpos:2773.3,Bstd:8768.9,StrandBias:10.0,Multiplicity:1.00
0.041	0.683	0.135	0.141
0.657	0.076	0.131	0.136
0.038	0.636	0.131	0.195
0.239	0.088	0.223	0.449
0.083	0.649	0.157	0.111
0.739	0.066	0.129	0.066
0.036	0.800	0.064	0.100
0.641	0.102	0.166	0.091
0.084	0.593	0.112	0.211
0.795	0.062	0.098	0.045
0.038	0.765	0.092	0.105
0.595	0.039	0.206	0.160
