>TGACTCAT	1-TGACTCAT	9.022693	-37.104088	0	T:242.0(2.13%),B:2283.4(1.17%),P:1e-16	Tpos:25.5,Tstd:12.7,Bpos:4215.7,Bstd:8355.0,StrandBias:-0.1,Multiplicity:1.04
0.001	0.001	0.001	0.997
0.001	0.001	0.984	0.014
0.997	0.001	0.001	0.001
0.048	0.687	0.235	0.030
0.024	0.001	0.005	0.970
0.031	0.967	0.001	0.001
0.996	0.001	0.002	0.001
0.045	0.178	0.188	0.589
>GTGACTCA	2-GTGACTCA	10.241092	-16.321448	0	T:189.0(1.66%),B:2137.9(1.09%),P:1e-7	Tpos:27.3,Tstd:13.1,Bpos:2716.4,Bstd:6085.1,StrandBias:0.1,Multiplicity:1.02
0.012	0.168	0.653	0.167
0.001	0.001	0.001	0.997
0.001	0.260	0.738	0.001
0.997	0.001	0.001	0.001
0.001	0.901	0.097	0.001
0.001	0.001	0.001	0.997
0.001	0.997	0.001	0.001
0.997	0.001	0.001	0.001
>GWCACRTG	3-GWCACRTG	6.483965	-9.197534	0	T:271.0(2.38%),B:3667.9(1.87%),P:1e-3	Tpos:23.5,Tstd:12.1,Bpos:3333.3,Bstd:8062.9,StrandBias:-0.2,Multiplicity:1.04
0.108	0.276	0.519	0.097
0.342	0.237	0.001	0.420
0.022	0.665	0.289	0.024
0.688	0.059	0.088	0.165
0.009	0.633	0.020	0.338
0.428	0.026	0.472	0.075
0.083	0.305	0.001	0.611
0.243	0.115	0.605	0.037
>RTCACGTG	4-RTCACGTG	8.501188	-6.762509	0	T:159.0(1.40%),B:2110.0(1.08%),P:1e-2	Tpos:25.2,Tstd:12.2,Bpos:754.2,Bstd:3144.0,StrandBias:-0.1,Multiplicity:1.04
0.330	0.179	0.409	0.081
0.125	0.193	0.135	0.547
0.018	0.918	0.062	0.002
0.962	0.021	0.009	0.008
0.001	0.748	0.010	0.241
0.275	0.001	0.649	0.075
0.030	0.079	0.026	0.865
0.020	0.066	0.905	0.009
>CTSASTCA	5-CTSASTCA	9.234930	-0.824400	0	T:146.0(1.28%),B:2475.1(1.26%),P:1e0	Tpos:25.5,Tstd:14.2,Bpos:3113.5,Bstd:7599.4,StrandBias:0.4,Multiplicity:1.00
0.137	0.642	0.002	0.219
0.001	0.001	0.001	0.997
0.001	0.414	0.440	0.145
0.997	0.001	0.001	0.001
0.001	0.562	0.436	0.001
0.001	0.001	0.001	0.997
0.001	0.997	0.001	0.001
0.997	0.001	0.001	0.001
>CACATGAC	6-CACATGAC	8.727033	-0.394766	0	T:75.0(0.66%),B:1355.1(0.69%),P:1e0	Tpos:29.0,Tstd:10.9,Bpos:17155.1,Bstd:42543.4,StrandBias:0.2,Multiplicity:1.03
0.034	0.891	0.037	0.038
0.788	0.064	0.051	0.097
0.039	0.821	0.079	0.061
0.617	0.041	0.315	0.027
0.069	0.101	0.019	0.811
0.092	0.097	0.770	0.041
0.642	0.140	0.128	0.090
0.094	0.660	0.097	0.149
>CACGTGYB	7-CACGTGYB	8.211155	-0.033984	0	T:42.0(0.37%),B:946.2(0.48%),P:1e0	Tpos:25.1,Tstd:11.1,Bpos:2509.9,Bstd:7234.9,StrandBias:-0.7,Multiplicity:1.03
0.001	0.997	0.001	0.001
0.960	0.001	0.037	0.002
0.001	0.690	0.001	0.308
0.389	0.001	0.609	0.001
0.001	0.001	0.001	0.997
0.001	0.001	0.997	0.001
0.061	0.405	0.112	0.422
0.053	0.287	0.326	0.333
>CACATGAC	8-CACATGAC	7.973117	-0.032564	0	T:88.0(0.77%),B:1835.8(0.94%),P:1e0	Tpos:17.8,Tstd:8.1,Bpos:6468.8,Bstd:9708.6,StrandBias:0.0,Multiplicity:1.00
0.001	0.997	0.001	0.001
0.783	0.118	0.006	0.093
0.027	0.575	0.001	0.397
0.592	0.056	0.293	0.059
0.001	0.001	0.001	0.997
0.022	0.117	0.840	0.021
0.664	0.196	0.049	0.091
0.123	0.434	0.198	0.246
>GGGGRAWT	9-GGGGRAWT	7.346221	-0.004711	0	T:47.0(0.41%),B:1157.6(0.59%),P:1e0	Tpos:23.7,Tstd:12.9,Bpos:3639.7,Bstd:8072.5,StrandBias:-0.1,Multiplicity:1.00
0.238	0.029	0.577	0.156
0.059	0.002	0.938	0.001
0.001	0.001	0.997	0.001
0.193	0.101	0.675	0.031
0.486	0.050	0.374	0.091
0.602	0.001	0.101	0.296
0.342	0.073	0.190	0.395
0.048	0.127	0.263	0.562
>GTGTSACN	10-GTGTSACN	6.380003	-0.000064	0	T:20.0(0.18%),B:730.3(0.37%),P:1e0	Tpos:33.0,Tstd:13.2,Bpos:1313.4,Bstd:3971.9,StrandBias:0.3,Multiplicity:1.00
0.187	0.210	0.586	0.017
0.270	0.001	0.001	0.728
0.128	0.258	0.613	0.001
0.367	0.001	0.001	0.631
0.001	0.508	0.490	0.001
0.906	0.001	0.001	0.092
0.176	0.431	0.242	0.150
0.247	0.239	0.275	0.240
>VTCAYRTG	11-VTCAYRTG	6.935922	-0.000027	0	T:199.0(1.75%),B:4513.9(2.30%),P:1e0	Tpos:25.0,Tstd:12.8,Bpos:3521.8,Bstd:8192.5,StrandBias:-0.1,Multiplicity:1.03
0.302	0.355	0.235	0.108
0.141	0.075	0.170	0.614
0.001	0.898	0.001	0.100
0.716	0.001	0.112	0.171
0.001	0.517	0.073	0.409
0.482	0.001	0.413	0.104
0.146	0.157	0.001	0.696
0.134	0.001	0.759	0.106
>TCACAYRH	12-TCACAYRH	6.675461	-0.000001	0	T:15.0(0.13%),B:716.9(0.37%),P:1e0	Tpos:40.0,Tstd:2.2,Bpos:1923.0,Bstd:5862.7,StrandBias:1.0,Multiplicity:1.00
0.214	0.123	0.131	0.532
0.022	0.770	0.207	0.001
0.574	0.170	0.105	0.151
0.001	0.992	0.006	0.001
0.696	0.001	0.302	0.001
0.131	0.461	0.001	0.407
0.303	0.070	0.438	0.190
0.223	0.276	0.131	0.369
>GTSACGTG	13-GTSACGTG	8.689714	-0.000000	0	T:35.0(0.31%),B:1278.6(0.65%),P:1e0	Tpos:24.9,Tstd:11.2,Bpos:1858.0,Bstd:6435.8,StrandBias:0.2,Multiplicity:1.03
0.004	0.203	0.792	0.001
0.095	0.001	0.001	0.903
0.001	0.496	0.502	0.001
0.997	0.001	0.001	0.001
0.001	0.847	0.001	0.151
0.394	0.001	0.604	0.001
0.001	0.337	0.001	0.661
0.249	0.001	0.749	0.001
>GGGGAAAT	14-GGGGAAAT	8.652443	-0.000000	0	T:50.0(0.44%),B:1906.9(0.97%),P:1e0	Tpos:23.1,Tstd:14.1,Bpos:3752.7,Bstd:7698.4,StrandBias:-1.1,Multiplicity:1.00
0.156	0.028	0.753	0.063
0.182	0.042	0.701	0.075
0.004	0.022	0.933	0.041
0.080	0.040	0.844	0.036
0.797	0.038	0.131	0.034
0.841	0.051	0.049	0.059
0.475	0.088	0.268	0.169
0.066	0.109	0.165	0.660
>TKCAYGTG	15-TKCAYGTG	5.261391	-0.000000	0	T:973.0(8.55%),B:28734.5(14.67%),P:1e0	Tpos:25.3,Tstd:12.6,Bpos:3802.8,Bstd:9412.0,StrandBias:0.1,Multiplicity:1.04
0.183	0.284	0.001	0.532
0.053	0.039	0.493	0.414
0.001	0.997	0.001	0.001
0.997	0.001	0.001	0.001
0.001	0.493	0.001	0.505
0.152	0.001	0.846	0.001
0.001	0.001	0.001	0.997
0.001	0.001	0.997	0.001
>ACACACAY	16-ACACACAY	7.120152	-0.000000	0	T:242.0(2.13%),B:8704.0(4.44%),P:1e0	Tpos:12.4,Tstd:16.8,Bpos:2166.9,Bstd:4840.2,StrandBias:2.0,Multiplicity:1.00
0.523	0.133	0.093	0.251
0.104	0.671	0.115	0.110
0.605	0.108	0.106	0.181
0.054	0.834	0.054	0.058
0.731	0.102	0.098	0.069
0.068	0.708	0.073	0.151
0.555	0.113	0.203	0.129
0.109	0.371	0.146	0.374
>GGGAADTK	17-GGGAADTK	5.939310	-0.000000	0	T:446.0(3.92%),B:17920.0(9.15%),P:1e0	Tpos:25.6,Tstd:12.8,Bpos:3825.2,Bstd:9644.3,StrandBias:0.1,Multiplicity:1.01
0.133	0.004	0.674	0.189
0.001	0.016	0.886	0.097
0.135	0.293	0.556	0.016
0.752	0.010	0.181	0.057
0.633	0.168	0.119	0.080
0.287	0.060	0.335	0.318
0.023	0.159	0.074	0.744
0.095	0.194	0.417	0.294
>TGTGTGAG	18-TGTGTGAG	4.943579	-0.000000	0	T:1825.0(16.05%),B:71968.1(36.74%),P:1e0	Tpos:25.2,Tstd:13.0,Bpos:3857.0,Bstd:12566.3,StrandBias:-0.0,Multiplicity:1.14
0.083	0.097	0.060	0.760
0.054	0.030	0.898	0.018
0.184	0.077	0.055	0.684
0.053	0.056	0.870	0.021
0.072	0.043	0.084	0.801
0.044	0.096	0.821	0.039
0.546	0.074	0.038	0.342
0.159	0.102	0.624	0.115
>RTGWGTVA	19-RTGWGTVA	5.337605	-0.000000	0	T:700.0(6.15%),B:21711.6(11.08%),P:1e0	Tpos:26.8,Tstd:12.9,Bpos:3306.0,Bstd:8923.5,StrandBias:0.1,Multiplicity:1.10
0.351	0.162	0.409	0.078
0.108	0.173	0.131	0.588
0.180	0.033	0.786	0.001
0.448	0.166	0.069	0.318
0.009	0.380	0.563	0.048
0.281	0.054	0.068	0.597
0.259	0.282	0.402	0.057
0.579	0.049	0.092	0.280
>GTGTGTGW	20-GTGTGTGW	5.443492	-0.000000	0	T:1291.0(11.35%),B:53385.9(27.26%),P:1e0	Tpos:26.1,Tstd:13.5,Bpos:7608.8,Bstd:23933.7,StrandBias:-0.0,Multiplicity:1.03
0.291	0.120	0.516	0.073
0.189	0.074	0.100	0.637
0.068	0.028	0.903	0.001
0.094	0.043	0.049	0.814
0.029	0.029	0.888	0.054
0.037	0.014	0.083	0.866
0.057	0.123	0.749	0.071
0.446	0.023	0.051	0.480
>AGGGGGAA	21-AGGGGGAA	6.628604	0.000000	0	T:617.0(5.42%),B:24459.7(12.49%),P:1e0	Tpos:24.9,Tstd:12.7,Bpos:2704.7,Bstd:6914.5,StrandBias:0.0,Multiplicity:1.03
0.696	0.083	0.125	0.096
0.231	0.029	0.664	0.076
0.098	0.029	0.821	0.052
0.128	0.058	0.730	0.084
0.055	0.029	0.877	0.039
0.229	0.053	0.670	0.048
0.755	0.092	0.090	0.063
0.788	0.057	0.092	0.063
>ACACAYVC	22-ACACAYVC	6.536997	0.000000	0	T:48.0(0.42%),B:2345.5(1.20%),P:1e0	Tpos:28.8,Tstd:13.2,Bpos:4028.6,Bstd:8416.3,StrandBias:-1.6,Multiplicity:1.00
0.577	0.084	0.001	0.338
0.018	0.964	0.017	0.001
0.701	0.087	0.152	0.060
0.001	0.863	0.014	0.122
0.503	0.006	0.232	0.259
0.163	0.258	0.171	0.408
0.305	0.257	0.358	0.080
0.203	0.426	0.174	0.198
>ACTCACAC	23-ACTCACAC	7.515451	0.000000	0	T:147.0(1.29%),B:7894.4(4.03%),P:1e0	Tpos:27.5,Tstd:17.3,Bpos:1912.4,Bstd:5140.9,StrandBias:2.3,Multiplicity:1.00
0.602	0.188	0.209	0.001
0.087	0.590	0.201	0.122
0.114	0.005	0.095	0.786
0.057	0.798	0.128	0.017
0.952	0.021	0.002	0.025
0.019	0.802	0.045	0.134
0.705	0.001	0.010	0.284
0.031	0.673	0.197	0.099
>SWCACATG	24-SWCACATG	6.049758	0.000000	0	T:60.0(0.53%),B:2856.0(1.46%),P:1e0	Tpos:46.0,Tstd:0.0,Bpos:2739.2,Bstd:7469.5,StrandBias:-10.0,Multiplicity:1.00
0.161	0.404	0.336	0.098
0.373	0.220	0.104	0.303
0.057	0.836	0.087	0.020
0.685	0.090	0.079	0.146
0.048	0.627	0.078	0.247
0.562	0.061	0.280	0.097
0.196	0.273	0.095	0.436
0.198	0.117	0.488	0.197
>GGAAATGC	25-GGAAATGC	6.715124	0.000000	0	T:653.0(5.74%),B:23206.4(11.85%),P:1e0	Tpos:24.8,Tstd:13.3,Bpos:4200.8,Bstd:13253.6,StrandBias:-0.0,Multiplicity:1.02
0.001	0.028	0.970	0.001
0.089	0.282	0.628	0.001
0.891	0.001	0.107	0.001
0.938	0.001	0.001	0.060
0.577	0.004	0.414	0.005
0.001	0.129	0.146	0.724
0.001	0.287	0.592	0.120
0.236	0.561	0.112	0.091
