>VTGASTCAYB	1-VTGASTCAYB	8.543492	-39.502104	0	T:376.0(3.31%),B:3978.9(2.03%),P:1e-17	Tpos:25.7,Tstd:11.8,Bpos:3085.7,Bstd:7386.2,StrandBias:0.0,Multiplicity:1.04
0.326	0.309	0.277	0.088
0.001	0.001	0.001	0.997
0.001	0.008	0.910	0.081
0.911	0.014	0.001	0.074
0.046	0.451	0.449	0.054
0.037	0.001	0.034	0.928
0.183	0.815	0.001	0.001
0.997	0.001	0.001	0.001
0.091	0.436	0.139	0.335
0.169	0.225	0.234	0.372
>GGGAAATCCC	2-GGGAAATCCC	9.248068	-39.122185	0	T:181.0(1.59%),B:1497.5(0.76%),P:1e-16	Tpos:24.8,Tstd:12.5,Bpos:2320.4,Bstd:5504.5,StrandBias:0.0,Multiplicity:1.01
0.042	0.039	0.855	0.064
0.014	0.024	0.946	0.016
0.250	0.030	0.702	0.018
0.735	0.040	0.207	0.018
0.951	0.026	0.015	0.008
0.621	0.061	0.183	0.135
0.080	0.141	0.141	0.638
0.035	0.703	0.057	0.205
0.047	0.914	0.029	0.010
0.029	0.934	0.019	0.018
>NNVTGASTCA	3-NNVTGASTCA	7.443320	-30.853068	0	T:400.0(3.52%),B:4583.6(2.34%),P:1e-13	Tpos:26.7,Tstd:14.6,Bpos:4458.1,Bstd:10859.7,StrandBias:0.2,Multiplicity:1.01
0.223	0.271	0.276	0.229
0.239	0.255	0.237	0.269
0.315	0.215	0.343	0.126
0.001	0.001	0.001	0.997
0.001	0.120	0.634	0.245
0.896	0.001	0.001	0.102
0.090	0.305	0.450	0.155
0.139	0.001	0.173	0.687
0.220	0.666	0.113	0.001
0.947	0.001	0.001	0.051
>GGRAWTYCCY	4-GGRAWTYCCY	6.745920	-23.998123	0	T:93.0(0.82%),B:723.0(0.37%),P:1e-10	Tpos:19.4,Tstd:10.6,Bpos:3339.8,Bstd:8266.7,StrandBias:-0.3,Multiplicity:1.00
0.006	0.192	0.687	0.115
0.253	0.224	0.426	0.096
0.389	0.208	0.251	0.151
0.508	0.159	0.140	0.193
0.319	0.163	0.091	0.427
0.223	0.205	0.125	0.448
0.095	0.402	0.185	0.318
0.077	0.877	0.042	0.004
0.116	0.798	0.076	0.010
0.246	0.441	0.001	0.312
>GGAATTCCCC	5-GGAATTCCCC	8.888451	-14.070179	0	T:48.0(0.42%),B:361.5(0.18%),P:1e-6	Tpos:23.1,Tstd:13.4,Bpos:2321.5,Bstd:6721.7,StrandBias:0.0,Multiplicity:1.00
0.044	0.084	0.862	0.010
0.124	0.123	0.632	0.121
0.512	0.121	0.186	0.181
0.636	0.084	0.007	0.273
0.304	0.047	0.102	0.547
0.074	0.242	0.100	0.584
0.040	0.631	0.149	0.180
0.040	0.875	0.084	0.001
0.005	0.866	0.123	0.006
0.261	0.459	0.058	0.221
>VVTCACGTGD	6-VVTCACGTGD	8.242196	-9.894962	0	T:71.0(0.62%),B:724.4(0.37%),P:1e-4	Tpos:24.6,Tstd:11.8,Bpos:1764.9,Bstd:3882.0,StrandBias:0.5,Multiplicity:1.00
0.298	0.259	0.298	0.145
0.284	0.241	0.346	0.130
0.149	0.178	0.174	0.499
0.064	0.934	0.001	0.001
0.876	0.092	0.001	0.031
0.001	0.649	0.039	0.311
0.322	0.003	0.669	0.006
0.158	0.001	0.001	0.840
0.035	0.058	0.906	0.001
0.365	0.176	0.224	0.235
>TGTCACGTGA	7-TGTCACGTGA	9.802014	-9.371322	0	T:90.0(0.79%),B:995.4(0.51%),P:1e-4	Tpos:25.2,Tstd:11.4,Bpos:11898.9,Bstd:37652.8,StrandBias:-0.2,Multiplicity:1.02
0.245	0.074	0.228	0.453
0.146	0.065	0.764	0.025
0.133	0.215	0.179	0.473
0.001	0.997	0.001	0.001
0.997	0.001	0.001	0.001
0.001	0.740	0.001	0.258
0.286	0.001	0.712	0.001
0.001	0.001	0.001	0.997
0.001	0.001	0.997	0.001
0.580	0.244	0.160	0.016
>RAGGGGAAGT	8-RAGGGGAAGT	7.982629	-7.951909	0	T:29.0(0.25%),B:236.3(0.12%),P:1e-3	Tpos:24.3,Tstd:11.4,Bpos:2396.7,Bstd:5791.9,StrandBias:0.2,Multiplicity:1.00
0.399	0.171	0.307	0.123
0.550	0.090	0.299	0.061
0.220	0.085	0.601	0.094
0.150	0.081	0.607	0.162
0.033	0.081	0.885	0.001
0.260	0.159	0.533	0.048
0.647	0.114	0.220	0.019
0.588	0.026	0.209	0.177
0.193	0.149	0.479	0.179
0.132	0.209	0.253	0.406
>GTCACATGVY	9-GTCACATGVY	9.638724	-6.956666	0	T:167.0(1.47%),B:2219.9(1.13%),P:1e-3	Tpos:23.3,Tstd:11.9,Bpos:2167.3,Bstd:6674.9,StrandBias:0.1,Multiplicity:1.04
0.150	0.178	0.671	0.001
0.001	0.078	0.138	0.783
0.001	0.997	0.001	0.001
0.997	0.001	0.001	0.001
0.001	0.997	0.001	0.001
0.624	0.001	0.374	0.001
0.001	0.001	0.001	0.997
0.001	0.001	0.997	0.001
0.272	0.407	0.318	0.004
0.219	0.278	0.133	0.370
>CAYGTGNNNN	10-CAYGTGNNNN	6.236818	-5.094689	0	T:82.0(0.72%),B:1042.8(0.53%),P:1e-2	Tpos:23.3,Tstd:11.7,Bpos:3108.9,Bstd:6915.7,StrandBias:1.1,Multiplicity:1.00
0.001	0.790	0.151	0.058
0.615	0.067	0.156	0.162
0.035	0.530	0.012	0.423
0.381	0.074	0.537	0.008
0.130	0.130	0.128	0.612
0.068	0.061	0.870	0.001
0.337	0.219	0.233	0.211
0.215	0.301	0.215	0.268
0.286	0.206	0.197	0.310
0.265	0.207	0.242	0.286
>WGKCACGTGD	11-WGKCACGTGD	8.990013	-2.250843	0	T:10.0(0.09%),B:106.1(0.05%),P:1e0	Tpos:40.0,Tstd:2.0,Bpos:389.5,Bstd:381.9,StrandBias:0.0,Multiplicity:1.00
0.291	0.122	0.205	0.383
0.227	0.287	0.471	0.015
0.138	0.198	0.277	0.387
0.001	0.997	0.001	0.001
0.997	0.001	0.001	0.001
0.001	0.673	0.001	0.325
0.360	0.001	0.638	0.001
0.148	0.001	0.001	0.850
0.001	0.001	0.997	0.001
0.273	0.142	0.303	0.282
>CACRTGRBNN	12-CACRTGRBNN	6.825453	-1.999612	0	T:54.0(0.47%),B:788.5(0.40%),P:1e0	Tpos:26.1,Tstd:12.8,Bpos:3049.5,Bstd:8240.2,StrandBias:-0.1,Multiplicity:1.00
0.109	0.845	0.045	0.001
0.587	0.155	0.089	0.169
0.099	0.564	0.046	0.291
0.398	0.063	0.538	0.001
0.178	0.001	0.004	0.817
0.001	0.154	0.844	0.001
0.369	0.202	0.258	0.171
0.012	0.364	0.277	0.348
0.300	0.222	0.208	0.269
0.276	0.239	0.209	0.277
>VGSAHGTGAY	13-VGSAHGTGAY	8.438099	-1.621719	0	T:41.0(0.36%),B:608.7(0.31%),P:1e0	Tpos:27.8,Tstd:11.8,Bpos:1810.2,Bstd:6314.0,StrandBias:1.6,Multiplicity:1.00
0.303	0.294	0.335	0.068
0.257	0.147	0.419	0.176
0.001	0.533	0.465	0.001
0.997	0.001	0.001	0.001
0.297	0.309	0.110	0.284
0.272	0.001	0.726	0.001
0.001	0.001	0.001	0.997
0.001	0.105	0.893	0.001
0.637	0.112	0.250	0.001
0.045	0.529	0.017	0.409
>CACTTCCBCT	14-CACTTCCBCT	7.757810	-1.608682	0	T:50.0(0.44%),B:754.1(0.39%),P:1e0	Tpos:24.3,Tstd:11.7,Bpos:2328.3,Bstd:6813.9,StrandBias:0.1,Multiplicity:1.00
0.056	0.585	0.156	0.203
0.528	0.262	0.127	0.083
0.098	0.523	0.146	0.233
0.223	0.194	0.062	0.521
0.122	0.123	0.094	0.661
0.075	0.543	0.247	0.135
0.011	0.833	0.058	0.098
0.129	0.349	0.223	0.300
0.074	0.491	0.233	0.202
0.161	0.201	0.036	0.602
>NCAYRTGNBN	15-NCAYRTGNBN	6.463966	-0.169151	0	T:14.0(0.12%),B:307.1(0.16%),P:1e0	Tpos:28.3,Tstd:11.5,Bpos:1356.0,Bstd:4160.7,StrandBias:0.6,Multiplicity:1.00
0.295	0.235	0.210	0.260
0.001	0.997	0.001	0.001
0.620	0.097	0.104	0.179
0.067	0.476	0.051	0.405
0.457	0.036	0.467	0.040
0.184	0.031	0.073	0.712
0.080	0.151	0.757	0.012
0.274	0.265	0.271	0.191
0.124	0.369	0.235	0.273
0.259	0.277	0.182	0.282
>GGAAGTGACA	16-GGAAGTGACA	11.575761	-0.123609	0	T:10.0(0.09%),B:240.4(0.12%),P:1e0	Tpos:27.4,Tstd:10.3,Bpos:3534.1,Bstd:7397.9,StrandBias:-0.3,Multiplicity:1.00
0.031	0.018	0.946	0.005
0.032	0.130	0.823	0.015
0.757	0.073	0.072	0.098
0.767	0.027	0.074	0.132
0.141	0.002	0.856	0.001
0.006	0.050	0.058	0.886
0.026	0.074	0.855	0.045
0.713	0.119	0.076	0.092
0.071	0.751	0.081	0.097
0.647	0.065	0.122	0.166
>YACTTCCCYT	17-YACTTCCCYT	9.718323	-0.055875	0	T:13.0(0.11%),B:334.7(0.17%),P:1e0	Tpos:29.2,Tstd:11.1,Bpos:1419.8,Bstd:3120.9,StrandBias:0.0,Multiplicity:1.00
0.135	0.412	0.181	0.272
0.523	0.284	0.192	0.001
0.001	0.549	0.207	0.243
0.001	0.001	0.001	0.997
0.063	0.085	0.001	0.851
0.001	0.916	0.069	0.014
0.001	0.997	0.001	0.001
0.136	0.583	0.149	0.132
0.001	0.444	0.129	0.427
0.060	0.124	0.148	0.668
>VYTTCCCCYN	18-VYTTCCCCYN	8.065915	-0.046278	0	T:5.0(0.04%),B:162.4(0.08%),P:1e0	Tpos:32.7,Tstd:9.4,Bpos:3679.7,Bstd:7213.0,StrandBias:-1.0,Multiplicity:1.00
0.423	0.297	0.279	0.001
0.112	0.344	0.133	0.412
0.001	0.001	0.001	0.997
0.138	0.001	0.195	0.666
0.080	0.711	0.208	0.001
0.001	0.961	0.037	0.001
0.149	0.456	0.157	0.237
0.001	0.492	0.204	0.303
0.067	0.392	0.001	0.540
0.194	0.317	0.247	0.242
>SWCATGNSWN	19-SWCATGNSWN	7.062463	-0.029529	0	T:15.0(0.13%),B:402.7(0.21%),P:1e0	Tpos:15.9,Tstd:9.6,Bpos:8265.5,Bstd:13848.9,StrandBias:-0.3,Multiplicity:1.00
0.160	0.418	0.279	0.143
0.310	0.131	0.179	0.379
0.001	0.997	0.001	0.001
0.643	0.001	0.355	0.001
0.001	0.290	0.001	0.708
0.001	0.142	0.856	0.001
0.324	0.179	0.196	0.301
0.001	0.457	0.541	0.001
0.383	0.128	0.174	0.315
0.219	0.290	0.198	0.292
>CMYTTCCCYT	20-CMYTTCCCYT	8.321645	-0.015428	0	T:6.0(0.05%),B:217.5(0.11%),P:1e0	Tpos:21.8,Tstd:9.9,Bpos:3461.2,Bstd:8189.0,StrandBias:1.0,Multiplicity:1.00
0.129	0.556	0.227	0.088
0.447	0.375	0.177	0.001
0.086	0.407	0.181	0.326
0.155	0.098	0.001	0.746
0.001	0.001	0.077	0.921
0.015	0.698	0.286	0.001
0.001	0.997	0.001	0.001
0.229	0.429	0.108	0.234
0.047	0.363	0.213	0.378
0.170	0.217	0.113	0.500
>BCMYTTSCYT	21-BCMYTTSCYT	7.416141	-0.004995	0	T:4.0(0.04%),B:192.5(0.10%),P:1e0	Tpos:28.2,Tstd:11.4,Bpos:6424.6,Bstd:13303.0,StrandBias:10.0,Multiplicity:1.00
0.127	0.269	0.361	0.243
0.131	0.462	0.199	0.208
0.446	0.326	0.227	0.001
0.001	0.436	0.118	0.445
0.001	0.001	0.240	0.758
0.001	0.279	0.014	0.706
0.050	0.539	0.410	0.001
0.165	0.833	0.001	0.001
0.094	0.310	0.148	0.448
0.215	0.170	0.170	0.445
>RVDGRGKAAR	22-RVDGRGKAAR	6.577599	-0.000790	0	T:15.0(0.13%),B:528.9(0.27%),P:1e0	Tpos:25.7,Tstd:11.1,Bpos:2634.0,Bstd:5638.5,StrandBias:-1.3,Multiplicity:1.00
0.387	0.081	0.307	0.225
0.351	0.236	0.341	0.073
0.342	0.023	0.367	0.269
0.052	0.320	0.582	0.046
0.314	0.244	0.412	0.029
0.039	0.260	0.665	0.036
0.056	0.071	0.446	0.427
0.684	0.104	0.099	0.113
0.748	0.080	0.080	0.092
0.321	0.229	0.389	0.061
>VCTTCCCCYY	23-VCTTCCCCYY	8.481534	-0.000506	0	T:4.0(0.04%),B:244.0(0.12%),P:1e0	Tpos:21.0,Tstd:12.0,Bpos:2035.2,Bstd:4206.9,StrandBias:0.0,Multiplicity:1.00
0.383	0.336	0.273	0.009
0.020	0.480	0.239	0.261
0.029	0.054	0.038	0.879
0.098	0.070	0.019	0.813
0.056	0.640	0.154	0.150
0.045	0.939	0.015	0.001
0.108	0.504	0.158	0.230
0.027	0.607	0.244	0.122
0.158	0.351	0.060	0.431
0.073	0.442	0.128	0.356
>RAGGGGAAGK	24-RAGGGGAAGK	8.537176	-0.000161	0	T:14.0(0.12%),B:551.9(0.28%),P:1e0	Tpos:30.4,Tstd:9.0,Bpos:1999.7,Bstd:4576.3,StrandBias:0.4,Multiplicity:1.00
0.397	0.131	0.323	0.149
0.602	0.001	0.336	0.061
0.206	0.151	0.486	0.158
0.277	0.054	0.572	0.097
0.001	0.033	0.965	0.001
0.245	0.160	0.594	0.001
0.797	0.001	0.168	0.034
0.720	0.048	0.231	0.001
0.259	0.215	0.525	0.001
0.001	0.241	0.424	0.334
>TGTGTGTGTG	25-TGTGTGTGTG	6.869126	0.000000	0	T:620.0(5.45%),B:24535.9(12.53%),P:1e0	Tpos:25.3,Tstd:12.4,Bpos:2794.9,Bstd:7959.2,StrandBias:-0.0,Multiplicity:1.11
0.080	0.138	0.083	0.699
0.060	0.080	0.846	0.014
0.053	0.086	0.040	0.821
0.066	0.050	0.845	0.039
0.083	0.081	0.090	0.746
0.041	0.064	0.856	0.039
0.062	0.072	0.105	0.761
0.062	0.058	0.847	0.033
0.126	0.088	0.082	0.704
0.042	0.048	0.874	0.036
