>VTGASTCAYB	1-VTGASTCAYB	8.543492	-39.502104	0	T:376.0(3.31%),B:3978.9(2.03%),P:1e-17	Tpos:25.7,Tstd:11.8,Bpos:3085.7,Bstd:7386.2,StrandBias:0.0,Multiplicity:1.04
0.326	0.309	0.277	0.088
0.001	0.001	0.001	0.997
0.001	0.008	0.910	0.081
0.911	0.014	0.001	0.074
0.046	0.451	0.449	0.054
0.037	0.001	0.034	0.928
0.183	0.815	0.001	0.001
0.997	0.001	0.001	0.001
0.091	0.436	0.139	0.335
0.169	0.225	0.234	0.372
>GGGAAATCCC	2-GGGAAATCCC	9.248068	-39.122185	0	T:181.0(1.59%),B:1497.5(0.76%),P:1e-16	Tpos:24.8,Tstd:12.5,Bpos:2320.4,Bstd:5504.5,StrandBias:0.0,Multiplicity:1.01
0.042	0.039	0.855	0.064
0.014	0.024	0.946	0.016
0.250	0.030	0.702	0.018
0.735	0.040	0.207	0.018
0.951	0.026	0.015	0.008
0.621	0.061	0.183	0.135
0.080	0.141	0.141	0.638
0.035	0.703	0.057	0.205
0.047	0.914	0.029	0.010
0.029	0.934	0.019	0.018
>NNVTGASTCA	3-NNVTGASTCA	7.443320	-30.853068	0	T:400.0(3.52%),B:4583.6(2.34%),P:1e-13	Tpos:26.7,Tstd:14.6,Bpos:4458.1,Bstd:10859.7,StrandBias:0.2,Multiplicity:1.01
0.223	0.271	0.276	0.229
0.239	0.255	0.237	0.269
0.315	0.215	0.343	0.126
0.001	0.001	0.001	0.997
0.001	0.120	0.634	0.245
0.896	0.001	0.001	0.102
0.090	0.305	0.450	0.155
0.139	0.001	0.173	0.687
0.220	0.666	0.113	0.001
0.947	0.001	0.001	0.051
>GGRAWTYCCY	4-GGRAWTYCCY	6.745920	-23.998123	0	T:93.0(0.82%),B:723.0(0.37%),P:1e-10	Tpos:19.4,Tstd:10.6,Bpos:3339.8,Bstd:8266.7,StrandBias:-0.3,Multiplicity:1.00
0.006	0.192	0.687	0.115
0.253	0.224	0.426	0.096
0.389	0.208	0.251	0.151
0.508	0.159	0.140	0.193
0.319	0.163	0.091	0.427
0.223	0.205	0.125	0.448
0.095	0.402	0.185	0.318
0.077	0.877	0.042	0.004
0.116	0.798	0.076	0.010
0.246	0.441	0.001	0.312
>GGAATTCCCC	5-GGAATTCCCC	8.888451	-14.070179	0	T:48.0(0.42%),B:361.5(0.18%),P:1e-6	Tpos:23.1,Tstd:13.4,Bpos:2321.5,Bstd:6721.7,StrandBias:0.0,Multiplicity:1.00
0.044	0.084	0.862	0.010
0.124	0.123	0.632	0.121
0.512	0.121	0.186	0.181
0.636	0.084	0.007	0.273
0.304	0.047	0.102	0.547
0.074	0.242	0.100	0.584
0.040	0.631	0.149	0.180
0.040	0.875	0.084	0.001
0.005	0.866	0.123	0.006
0.261	0.459	0.058	0.221
>VVTCACGTGD	6-VVTCACGTGD	8.242196	-9.894962	0	T:71.0(0.62%),B:724.4(0.37%),P:1e-4	Tpos:24.6,Tstd:11.8,Bpos:1764.9,Bstd:3882.0,StrandBias:0.5,Multiplicity:1.00
0.298	0.259	0.298	0.145
0.284	0.241	0.346	0.130
0.149	0.178	0.174	0.499
0.064	0.934	0.001	0.001
0.876	0.092	0.001	0.031
0.001	0.649	0.039	0.311
0.322	0.003	0.669	0.006
0.158	0.001	0.001	0.840
0.035	0.058	0.906	0.001
0.365	0.176	0.224	0.235
>TGTCACGTGA	7-TGTCACGTGA	9.802014	-9.371322	0	T:90.0(0.79%),B:995.4(0.51%),P:1e-4	Tpos:25.2,Tstd:11.4,Bpos:11898.9,Bstd:37652.8,StrandBias:-0.2,Multiplicity:1.02
0.245	0.074	0.228	0.453
0.146	0.065	0.764	0.025
0.133	0.215	0.179	0.473
0.001	0.997	0.001	0.001
0.997	0.001	0.001	0.001
0.001	0.740	0.001	0.258
0.286	0.001	0.712	0.001
0.001	0.001	0.001	0.997
0.001	0.001	0.997	0.001
0.580	0.244	0.160	0.016
>RAGGGGAAGT	8-RAGGGGAAGT	7.982629	-7.951909	0	T:29.0(0.25%),B:236.3(0.12%),P:1e-3	Tpos:24.3,Tstd:11.4,Bpos:2396.7,Bstd:5791.9,StrandBias:0.2,Multiplicity:1.00
0.399	0.171	0.307	0.123
0.550	0.090	0.299	0.061
0.220	0.085	0.601	0.094
0.150	0.081	0.607	0.162
0.033	0.081	0.885	0.001
0.260	0.159	0.533	0.048
0.647	0.114	0.220	0.019
0.588	0.026	0.209	0.177
0.193	0.149	0.479	0.179
0.132	0.209	0.253	0.406
>GTCACATGVY	9-GTCACATGVY	9.638724	-6.956666	0	T:167.0(1.47%),B:2219.9(1.13%),P:1e-3	Tpos:23.3,Tstd:11.9,Bpos:2167.3,Bstd:6674.9,StrandBias:0.1,Multiplicity:1.04
0.150	0.178	0.671	0.001
0.001	0.078	0.138	0.783
0.001	0.997	0.001	0.001
0.997	0.001	0.001	0.001
0.001	0.997	0.001	0.001
0.624	0.001	0.374	0.001
0.001	0.001	0.001	0.997
0.001	0.001	0.997	0.001
0.272	0.407	0.318	0.004
0.219	0.278	0.133	0.370
>CAYGTGNNNN	10-CAYGTGNNNN	6.236818	-5.094689	0	T:82.0(0.72%),B:1042.8(0.53%),P:1e-2	Tpos:23.3,Tstd:11.7,Bpos:3108.9,Bstd:6915.7,StrandBias:1.1,Multiplicity:1.00
0.001	0.790	0.151	0.058
0.615	0.067	0.156	0.162
0.035	0.530	0.012	0.423
0.381	0.074	0.537	0.008
0.130	0.130	0.128	0.612
0.068	0.061	0.870	0.001
0.337	0.219	0.233	0.211
0.215	0.301	0.215	0.268
0.286	0.206	0.197	0.310
0.265	0.207	0.242	0.286
>WGKCACGTGD	11-WGKCACGTGD	8.990013	-2.250843	0	T:10.0(0.09%),B:106.1(0.05%),P:1e0	Tpos:40.0,Tstd:2.0,Bpos:389.5,Bstd:381.9,StrandBias:0.0,Multiplicity:1.00
0.291	0.122	0.205	0.383
0.227	0.287	0.471	0.015
0.138	0.198	0.277	0.387
0.001	0.997	0.001	0.001
0.997	0.001	0.001	0.001
0.001	0.673	0.001	0.325
0.360	0.001	0.638	0.001
0.148	0.001	0.001	0.850
0.001	0.001	0.997	0.001
0.273	0.142	0.303	0.282
>CACRTGRBNN	12-CACRTGRBNN	6.825453	-1.999612	0	T:54.0(0.47%),B:788.5(0.40%),P:1e0	Tpos:26.1,Tstd:12.8,Bpos:3049.5,Bstd:8240.2,StrandBias:-0.1,Multiplicity:1.00
0.109	0.845	0.045	0.001
0.587	0.155	0.089	0.169
0.099	0.564	0.046	0.291
0.398	0.063	0.538	0.001
0.178	0.001	0.004	0.817
0.001	0.154	0.844	0.001
0.369	0.202	0.258	0.171
0.012	0.364	0.277	0.348
0.300	0.222	0.208	0.269
0.276	0.239	0.209	0.277
>VGSAHGTGAY	13-VGSAHGTGAY	8.438099	-1.621719	0	T:41.0(0.36%),B:608.7(0.31%),P:1e0	Tpos:27.8,Tstd:11.8,Bpos:1810.2,Bstd:6314.0,StrandBias:1.6,Multiplicity:1.00
0.303	0.294	0.335	0.068
0.257	0.147	0.419	0.176
0.001	0.533	0.465	0.001
0.997	0.001	0.001	0.001
0.297	0.309	0.110	0.284
0.272	0.001	0.726	0.001
0.001	0.001	0.001	0.997
0.001	0.105	0.893	0.001
0.637	0.112	0.250	0.001
0.045	0.529	0.017	0.409
>CACTTCCBCT	14-CACTTCCBCT	7.757810	-1.608682	0	T:50.0(0.44%),B:754.1(0.39%),P:1e0	Tpos:24.3,Tstd:11.7,Bpos:2328.3,Bstd:6813.9,StrandBias:0.1,Multiplicity:1.00
0.056	0.585	0.156	0.203
0.528	0.262	0.127	0.083
0.098	0.523	0.146	0.233
0.223	0.194	0.062	0.521
0.122	0.123	0.094	0.661
0.075	0.543	0.247	0.135
0.011	0.833	0.058	0.098
0.129	0.349	0.223	0.300
0.074	0.491	0.233	0.202
0.161	0.201	0.036	0.602
>NCAYRTGNBN	15-NCAYRTGNBN	6.463966	-0.169151	0	T:14.0(0.12%),B:307.1(0.16%),P:1e0	Tpos:28.3,Tstd:11.5,Bpos:1356.0,Bstd:4160.7,StrandBias:0.6,Multiplicity:1.00
0.295	0.235	0.210	0.260
0.001	0.997	0.001	0.001
0.620	0.097	0.104	0.179
0.067	0.476	0.051	0.405
0.457	0.036	0.467	0.040
0.184	0.031	0.073	0.712
0.080	0.151	0.757	0.012
0.274	0.265	0.271	0.191
0.124	0.369	0.235	0.273
0.259	0.277	0.182	0.282
>GGAAGTGACA	16-GGAAGTGACA	11.575761	-0.123609	0	T:10.0(0.09%),B:240.4(0.12%),P:1e0	Tpos:27.4,Tstd:10.3,Bpos:3534.1,Bstd:7397.9,StrandBias:-0.3,Multiplicity:1.00
0.031	0.018	0.946	0.005
0.032	0.130	0.823	0.015
0.757	0.073	0.072	0.098
0.767	0.027	0.074	0.132
0.141	0.002	0.856	0.001
0.006	0.050	0.058	0.886
0.026	0.074	0.855	0.045
0.713	0.119	0.076	0.092
0.071	0.751	0.081	0.097
0.647	0.065	0.122	0.166
>YACTTCCCYT	17-YACTTCCCYT	9.718323	-0.055875	0	T:13.0(0.11%),B:334.7(0.17%),P:1e0	Tpos:29.2,Tstd:11.1,Bpos:1419.8,Bstd:3120.9,StrandBias:0.0,Multiplicity:1.00
0.135	0.412	0.181	0.272
0.523	0.284	0.192	0.001
0.001	0.549	0.207	0.243
0.001	0.001	0.001	0.997
0.063	0.085	0.001	0.851
0.001	0.916	0.069	0.014
0.001	0.997	0.001	0.001
0.136	0.583	0.149	0.132
0.001	0.444	0.129	0.427
0.060	0.124	0.148	0.668
>VYTTCCCCYN	18-VYTTCCCCYN	8.065915	-0.046278	0	T:5.0(0.04%),B:162.4(0.08%),P:1e0	Tpos:32.7,Tstd:9.4,Bpos:3679.7,Bstd:7213.0,StrandBias:-1.0,Multiplicity:1.00
0.423	0.297	0.279	0.001
0.112	0.344	0.133	0.412
0.001	0.001	0.001	0.997
0.138	0.001	0.195	0.666
0.080	0.711	0.208	0.001
0.001	0.961	0.037	0.001
0.149	0.456	0.157	0.237
0.001	0.492	0.204	0.303
0.067	0.392	0.001	0.540
0.194	0.317	0.247	0.242
>SWCATGNSWN	19-SWCATGNSWN	7.062463	-0.029529	0	T:15.0(0.13%),B:402.7(0.21%),P:1e0	Tpos:15.9,Tstd:9.6,Bpos:8265.5,Bstd:13848.9,StrandBias:-0.3,Multiplicity:1.00
0.160	0.418	0.279	0.143
0.310	0.131	0.179	0.379
0.001	0.997	0.001	0.001
0.643	0.001	0.355	0.001
0.001	0.290	0.001	0.708
0.001	0.142	0.856	0.001
0.324	0.179	0.196	0.301
0.001	0.457	0.541	0.001
0.383	0.128	0.174	0.315
0.219	0.290	0.198	0.292
>CMYTTCCCYT	20-CMYTTCCCYT	8.321645	-0.015428	0	T:6.0(0.05%),B:217.5(0.11%),P:1e0	Tpos:21.8,Tstd:9.9,Bpos:3461.2,Bstd:8189.0,StrandBias:1.0,Multiplicity:1.00
0.129	0.556	0.227	0.088
0.447	0.375	0.177	0.001
0.086	0.407	0.181	0.326
0.155	0.098	0.001	0.746
0.001	0.001	0.077	0.921
0.015	0.698	0.286	0.001
0.001	0.997	0.001	0.001
0.229	0.429	0.108	0.234
0.047	0.363	0.213	0.378
0.170	0.217	0.113	0.500
>BCMYTTSCYT	21-BCMYTTSCYT	7.416141	-0.004995	0	T:4.0(0.04%),B:192.5(0.10%),P:1e0	Tpos:28.2,Tstd:11.4,Bpos:6424.6,Bstd:13303.0,StrandBias:10.0,Multiplicity:1.00
0.127	0.269	0.361	0.243
0.131	0.462	0.199	0.208
0.446	0.326	0.227	0.001
0.001	0.436	0.118	0.445
0.001	0.001	0.240	0.758
0.001	0.279	0.014	0.706
0.050	0.539	0.410	0.001
0.165	0.833	0.001	0.001
0.094	0.310	0.148	0.448
0.215	0.170	0.170	0.445
>RVDGRGKAAR	22-RVDGRGKAAR	6.577599	-0.000790	0	T:15.0(0.13%),B:528.9(0.27%),P:1e0	Tpos:25.7,Tstd:11.1,Bpos:2634.0,Bstd:5638.5,StrandBias:-1.3,Multiplicity:1.00
0.387	0.081	0.307	0.225
0.351	0.236	0.341	0.073
0.342	0.023	0.367	0.269
0.052	0.320	0.582	0.046
0.314	0.244	0.412	0.029
0.039	0.260	0.665	0.036
0.056	0.071	0.446	0.427
0.684	0.104	0.099	0.113
0.748	0.080	0.080	0.092
0.321	0.229	0.389	0.061
>VCTTCCCCYY	23-VCTTCCCCYY	8.481534	-0.000506	0	T:4.0(0.04%),B:244.0(0.12%),P:1e0	Tpos:21.0,Tstd:12.0,Bpos:2035.2,Bstd:4206.9,StrandBias:0.0,Multiplicity:1.00
0.383	0.336	0.273	0.009
0.020	0.480	0.239	0.261
0.029	0.054	0.038	0.879
0.098	0.070	0.019	0.813
0.056	0.640	0.154	0.150
0.045	0.939	0.015	0.001
0.108	0.504	0.158	0.230
0.027	0.607	0.244	0.122
0.158	0.351	0.060	0.431
0.073	0.442	0.128	0.356
>RAGGGGAAGK	24-RAGGGGAAGK	8.537176	-0.000161	0	T:14.0(0.12%),B:551.9(0.28%),P:1e0	Tpos:30.4,Tstd:9.0,Bpos:1999.7,Bstd:4576.3,StrandBias:0.4,Multiplicity:1.00
0.397	0.131	0.323	0.149
0.602	0.001	0.336	0.061
0.206	0.151	0.486	0.158
0.277	0.054	0.572	0.097
0.001	0.033	0.965	0.001
0.245	0.160	0.594	0.001
0.797	0.001	0.168	0.034
0.720	0.048	0.231	0.001
0.259	0.215	0.525	0.001
0.001	0.241	0.424	0.334
>TGTGTGTGTG	25-TGTGTGTGTG	6.869126	0.000000	0	T:620.0(5.45%),B:24535.9(12.53%),P:1e0	Tpos:25.3,Tstd:12.4,Bpos:2794.9,Bstd:7959.2,StrandBias:-0.0,Multiplicity:1.11
0.080	0.138	0.083	0.699
0.060	0.080	0.846	0.014
0.053	0.086	0.040	0.821
0.066	0.050	0.845	0.039
0.083	0.081	0.090	0.746
0.041	0.064	0.856	0.039
0.062	0.072	0.105	0.761
0.062	0.058	0.847	0.033
0.126	0.088	0.082	0.704
0.042	0.048	0.874	0.036
>DGGGGAATTCCC	1-DGGGGAATTCCC	9.250910	-36.948126	0	T:192.0(1.69%),B:1667.1(0.85%),P:1e-16	Tpos:25.2,Tstd:11.4,Bpos:2978.1,Bstd:7266.0,StrandBias:-0.1,Multiplicity:1.01
0.276	0.144	0.359	0.221
0.230	0.055	0.503	0.212
0.001	0.001	0.982	0.016
0.001	0.001	0.997	0.001
0.306	0.016	0.677	0.001
0.569	0.130	0.234	0.067
0.524	0.085	0.093	0.298
0.225	0.048	0.104	0.623
0.001	0.171	0.070	0.758
0.015	0.731	0.001	0.253
0.001	0.997	0.001	0.001
0.095	0.889	0.001	0.015
>NNNRTGASTCAK	2-NNNRTGASTCAK	8.635733	-31.765698	0	T:346.0(3.04%),B:3802.4(1.94%),P:1e-13	Tpos:25.5,Tstd:11.1,Bpos:3357.1,Bstd:7800.7,StrandBias:0.0,Multiplicity:1.04
0.256	0.188	0.293	0.263
0.303	0.186	0.257	0.254
0.252	0.239	0.259	0.251
0.376	0.147	0.340	0.136
0.017	0.001	0.001	0.981
0.001	0.001	0.997	0.001
0.997	0.001	0.001	0.001
0.145	0.339	0.392	0.124
0.001	0.001	0.001	0.997
0.187	0.811	0.001	0.001
0.997	0.001	0.001	0.001
0.117	0.226	0.376	0.282
>GGAAASCCCCTT	3-GGAAASCCCCTT	10.637765	-19.774501	0	T:66.0(0.58%),B:481.5(0.25%),P:1e-8	Tpos:26.8,Tstd:11.5,Bpos:2241.5,Bstd:6619.3,StrandBias:0.4,Multiplicity:1.00
0.041	0.001	0.913	0.045
0.019	0.001	0.979	0.001
0.753	0.026	0.194	0.027
0.936	0.013	0.050	0.001
0.786	0.001	0.092	0.121
0.103	0.354	0.409	0.135
0.063	0.621	0.106	0.210
0.203	0.795	0.001	0.001
0.015	0.983	0.001	0.001
0.001	0.849	0.065	0.085
0.230	0.147	0.151	0.471
0.127	0.234	0.220	0.419
>HDGTCACGTGAY	4-HDGTCACGTGAY	9.828304	-18.476948	0	T:86.0(0.76%),B:732.0(0.37%),P:1e-8	Tpos:24.4,Tstd:11.3,Bpos:1079.8,Bstd:3262.0,StrandBias:0.1,Multiplicity:1.02
0.249	0.271	0.154	0.326
0.295	0.141	0.236	0.327
0.322	0.119	0.558	0.001
0.121	0.125	0.201	0.553
0.001	0.997	0.001	0.001
0.997	0.001	0.001	0.001
0.001	0.670	0.001	0.328
0.170	0.001	0.828	0.001
0.001	0.001	0.001	0.997
0.001	0.001	0.997	0.001
0.487	0.260	0.231	0.021
0.066	0.450	0.141	0.343
>TAGGGTTTCTCT	5-TAGGGTTTCTCT	13.097802	-14.103788	0	T:20.0(0.18%),B:83.4(0.04%),P:1e-6	Tpos:23.4,Tstd:13.0,Bpos:3727.0,Bstd:6525.3,StrandBias:-0.9,Multiplicity:1.00
0.001	0.001	0.001	0.997
0.997	0.001	0.001	0.001
0.108	0.077	0.670	0.145
0.001	0.001	0.997	0.001
0.076	0.001	0.922	0.001
0.001	0.061	0.001	0.937
0.001	0.001	0.001	0.997
0.001	0.001	0.001	0.997
0.001	0.922	0.001	0.076
0.076	0.001	0.001	0.922
0.001	0.997	0.001	0.001
0.144	0.125	0.001	0.730
>CCATGASTCACN	6-CCATGASTCACN	9.762810	-11.154410	0	T:56.0(0.49%),B:504.9(0.26%),P:1e-4	Tpos:20.4,Tstd:11.8,Bpos:3288.0,Bstd:7540.2,StrandBias:0.0,Multiplicity:1.00
0.067	0.456	0.223	0.254
0.142	0.499	0.219	0.140
0.577	0.111	0.247	0.065
0.001	0.055	0.001	0.943
0.001	0.001	0.950	0.048
0.823	0.055	0.009	0.113
0.075	0.368	0.415	0.142
0.157	0.001	0.044	0.798
0.001	0.997	0.001	0.001
0.997	0.001	0.001	0.001
0.196	0.497	0.044	0.263
0.222	0.261	0.331	0.187
>ARAGAGGAAGTG	7-ARAGAGGAAGTG	10.983148	-10.573112	0	T:31.0(0.27%),B:221.9(0.11%),P:1e-4	Tpos:27.2,Tstd:12.0,Bpos:2258.3,Bstd:4166.0,StrandBias:0.4,Multiplicity:1.07
0.521	0.124	0.260	0.095
0.387	0.227	0.286	0.100
0.561	0.029	0.350	0.060
0.119	0.324	0.534	0.023
0.671	0.086	0.207	0.036
0.049	0.001	0.930	0.020
0.037	0.062	0.900	0.001
0.822	0.139	0.038	0.001
0.948	0.016	0.001	0.035
0.058	0.179	0.753	0.010
0.016	0.140	0.126	0.718
0.186	0.219	0.492	0.104
>RAADGGGGAART	8-RAADGGGGAART	11.208936	-7.107290	0	T:18.0(0.16%),B:124.4(0.06%),P:1e-3	Tpos:25.6,Tstd:10.5,Bpos:5906.4,Bstd:10633.0,StrandBias:-0.3,Multiplicity:1.00
0.384	0.055	0.329	0.233
0.535	0.001	0.353	0.111
0.636	0.087	0.227	0.050
0.362	0.001	0.357	0.280
0.125	0.001	0.784	0.090
0.305	0.001	0.693	0.001
0.001	0.001	0.997	0.001
0.001	0.147	0.851	0.001
0.979	0.001	0.019	0.001
0.944	0.038	0.001	0.017
0.453	0.043	0.503	0.001
0.001	0.098	0.340	0.561
>YGCCCCCTGGTG	9-YGCCCCCTGGTG	12.323670	-5.814718	0	T:25.0(0.22%),B:225.3(0.12%),P:1e-2	Tpos:26.5,Tstd:13.4,Bpos:1000.4,Bstd:3305.0,StrandBias:0.5,Multiplicity:1.00
0.006	0.501	0.001	0.492
0.165	0.001	0.564	0.270
0.001	0.879	0.001	0.119
0.001	0.997	0.001	0.001
0.406	0.592	0.001	0.001
0.001	0.727	0.001	0.271
0.131	0.678	0.001	0.190
0.032	0.001	0.001	0.966
0.157	0.055	0.782	0.006
0.001	0.113	0.785	0.101
0.090	0.067	0.001	0.842
0.001	0.001	0.997	0.001
>GTCACVTGYTCT	10-GTCACVTGYTCT	10.597511	-5.555294	0	T:11.0(0.10%),B:68.6(0.04%),P:1e-2	Tpos:27.1,Tstd:11.8,Bpos:2133.7,Bstd:4390.4,StrandBias:0.4,Multiplicity:1.00
0.216	0.148	0.539	0.097
0.064	0.001	0.253	0.682
0.001	0.899	0.099	0.001
0.889	0.094	0.014	0.003
0.001	0.904	0.007	0.088
0.301	0.270	0.386	0.043
0.001	0.094	0.001	0.904
0.051	0.077	0.860	0.012
0.222	0.396	0.100	0.282
0.110	0.278	0.079	0.533
0.001	0.497	0.286	0.216
0.194	0.202	0.031	0.573
>GGAAGTCACGTG	11-GGAAGTCACGTG	10.905744	-3.822877	0	T:23.0(0.20%),B:243.6(0.12%),P:1e-1	Tpos:25.2,Tstd:12.7,Bpos:1446.7,Bstd:6448.8,StrandBias:0.2,Multiplicity:1.00
0.100	0.079	0.726	0.095
0.091	0.093	0.746	0.070
0.694	0.115	0.110	0.081
0.687	0.078	0.146	0.089
0.074	0.069	0.805	0.052
0.094	0.118	0.121	0.667
0.051	0.828	0.077	0.044
0.797	0.094	0.054	0.055
0.063	0.721	0.088	0.128
0.122	0.077	0.741	0.060
0.082	0.065	0.098	0.755
0.034	0.088	0.833	0.045
>VAGRGGAAGTGA	12-VAGRGGAAGTGA	11.742334	-3.296084	0	T:14.0(0.12%),B:136.4(0.07%),P:1e-1	Tpos:23.4,Tstd:4.5,Bpos:2477.2,Bstd:6413.4,StrandBias:0.6,Multiplicity:1.00
0.374	0.234	0.350	0.042
0.662	0.001	0.328	0.009
0.150	0.201	0.648	0.001
0.385	0.096	0.498	0.021
0.011	0.034	0.954	0.001
0.010	0.165	0.824	0.001
0.889	0.055	0.016	0.040
0.940	0.001	0.046	0.013
0.058	0.162	0.779	0.001
0.010	0.029	0.309	0.652
0.093	0.231	0.627	0.049
0.620	0.158	0.173	0.049
>ATGAKKCAGTYA	13-ATGAKKCAGTYA	7.847603	-2.546260	0	T:23.0(0.20%),B:282.3(0.14%),P:1e-1	Tpos:29.1,Tstd:10.2,Bpos:9167.3,Bstd:12978.0,StrandBias:0.9,Multiplicity:1.00
0.487	0.205	0.289	0.019
0.019	0.176	0.238	0.567
0.130	0.021	0.818	0.031
0.451	0.169	0.227	0.153
0.186	0.161	0.257	0.396
0.037	0.175	0.328	0.460
0.008	0.796	0.180	0.016
0.934	0.025	0.012	0.029
0.173	0.218	0.404	0.206
0.168	0.224	0.223	0.385
0.119	0.362	0.038	0.482
0.411	0.190	0.228	0.170
>DCACGTGAYTBR	14-DCACGTGAYTBR	9.830832	-1.980953	0	T:15.0(0.13%),B:185.7(0.09%),P:1e0	Tpos:30.2,Tstd:12.9,Bpos:1938.3,Bstd:3805.1,StrandBias:1.0,Multiplicity:1.00
0.313	0.138	0.239	0.310
0.057	0.886	0.028	0.029
0.636	0.166	0.141	0.057
0.029	0.678	0.046	0.247
0.307	0.028	0.664	0.001
0.001	0.001	0.001	0.997
0.001	0.001	0.997	0.001
0.840	0.040	0.075	0.045
0.001	0.541	0.057	0.401
0.315	0.020	0.132	0.533
0.133	0.357	0.234	0.276
0.389	0.200	0.247	0.164
>NGTCACATGCAN	15-NGTCACATGCAN	9.580715	-1.698011	0	T:5.0(0.04%),B:50.8(0.03%),P:1e0	Tpos:19.8,Tstd:12.3,Bpos:1843.3,Bstd:5848.8,StrandBias:0.0,Multiplicity:1.20
0.281	0.218	0.237	0.264
0.103	0.166	0.628	0.103
0.142	0.129	0.142	0.587
0.089	0.684	0.132	0.095
0.650	0.132	0.110	0.108
0.071	0.742	0.108	0.079
0.603	0.114	0.171	0.112
0.125	0.157	0.113	0.605
0.105	0.134	0.658	0.103
0.118	0.634	0.128	0.120
0.600	0.127	0.131	0.142
0.193	0.259	0.328	0.219
>ACTACAATTCCC	16-ACTACAATTCCC	11.778694	-0.673163	0	T:20.0(0.18%),B:340.4(0.17%),P:1e0	Tpos:23.4,Tstd:12.1,Bpos:445.2,Bstd:2636.2,StrandBias:0.3,Multiplicity:1.00
0.787	0.069	0.058	0.086
0.050	0.869	0.052	0.029
0.109	0.155	0.068	0.668
0.635	0.105	0.163	0.097
0.052	0.837	0.074	0.037
0.769	0.119	0.047	0.065
0.640	0.107	0.099	0.154
0.101	0.167	0.100	0.632
0.042	0.092	0.108	0.758
0.102	0.757	0.074	0.067
0.100	0.820	0.031	0.049
0.086	0.828	0.033	0.053
>MCTTCCTCYYYY	17-MCTTCCTCYYYY	9.699730	-0.232155	0	T:14.0(0.12%),B:292.8(0.15%),P:1e0	Tpos:17.1,Tstd:9.7,Bpos:1531.1,Bstd:4027.4,StrandBias:-1.8,Multiplicity:1.00
0.411	0.333	0.165	0.091
0.001	0.715	0.199	0.085
0.124	0.001	0.001	0.874
0.001	0.001	0.088	0.910
0.001	0.748	0.250	0.001
0.001	0.997	0.001	0.001
0.001	0.314	0.131	0.554
0.001	0.517	0.293	0.189
0.111	0.460	0.001	0.428
0.118	0.330	0.170	0.381
0.175	0.378	0.119	0.328
0.155	0.358	0.194	0.294
>NNCWYRTGHBWN	18-NNCWYRTGHBWN	6.477308	-0.102375	0	T:16.0(0.14%),B:370.9(0.19%),P:1e0	Tpos:20.6,Tstd:12.7,Bpos:1500.8,Bstd:3635.3,StrandBias:-1.4,Multiplicity:1.00
0.248	0.220	0.267	0.265
0.189	0.316	0.280	0.215
0.001	0.622	0.217	0.160
0.384	0.138	0.233	0.245
0.007	0.492	0.124	0.378
0.339	0.165	0.415	0.081
0.001	0.001	0.034	0.964
0.001	0.001	0.941	0.057
0.303	0.253	0.125	0.319
0.120	0.349	0.297	0.234
0.302	0.176	0.145	0.377
0.268	0.211	0.322	0.199
>YRYDYGCRTGDG	19-YRYDYGCRTGDG	9.329807	-0.027088	0	T:9.0(0.08%),B:272.9(0.14%),P:1e0	Tpos:23.0,Tstd:0.0,Bpos:716.2,Bstd:754.0,StrandBias:-10.0,Multiplicity:1.00
0.001	0.521	0.001	0.477
0.480	0.001	0.518	0.001
0.001	0.512	0.001	0.486
0.284	0.001	0.419	0.296
0.001	0.458	0.001	0.540
0.342	0.001	0.656	0.001
0.062	0.624	0.001	0.313
0.447	0.001	0.551	0.001
0.001	0.300	0.001	0.698
0.117	0.001	0.881	0.001
0.225	0.143	0.265	0.367
0.164	0.192	0.461	0.183
>CACACACATACA	20-CACACACATACA	10.567170	-0.000062	0	T:19.0(0.17%),B:706.7(0.36%),P:1e0	Tpos:28.0,Tstd:10.0,Bpos:2487.3,Bstd:7881.7,StrandBias:-10.0,Multiplicity:1.00
0.112	0.694	0.097	0.097
0.664	0.125	0.093	0.118
0.094	0.717	0.117	0.072
0.639	0.109	0.117	0.135
0.080	0.708	0.120	0.092
0.673	0.104	0.102	0.121
0.082	0.670	0.137	0.111
0.625	0.161	0.104	0.110
0.119	0.221	0.137	0.523
0.517	0.141	0.235	0.107
0.101	0.720	0.104	0.075
0.621	0.151	0.094	0.134
>CACATACWCACA	21-CACATACWCACA	13.503339	-0.000036	0	T:10.0(0.09%),B:485.9(0.25%),P:1e0	Tpos:40.0,Tstd:0.0,Bpos:1920.5,Bstd:3089.0,StrandBias:-10.0,Multiplicity:1.00
0.001	0.995	0.001	0.003
0.828	0.002	0.090	0.080
0.001	0.892	0.001	0.106
0.863	0.008	0.039	0.090
0.001	0.192	0.059	0.748
0.676	0.001	0.322	0.001
0.001	0.875	0.108	0.016
0.428	0.001	0.212	0.358
0.001	0.997	0.001	0.001
0.824	0.001	0.001	0.174
0.001	0.994	0.001	0.004
0.898	0.001	0.034	0.067
>SACACACTCACN	22-SACACACTCACN	9.221625	-0.000022	0	T:16.0(0.14%),B:660.3(0.34%),P:1e0	Tpos:15.0,Tstd:0.0,Bpos:235.8,Bstd:520.8,StrandBias:-10.0,Multiplicity:1.00
0.205	0.360	0.255	0.181
0.648	0.068	0.126	0.158
0.087	0.671	0.118	0.124
0.592	0.096	0.111	0.201
0.083	0.586	0.117	0.214
0.627	0.108	0.163	0.102
0.133	0.571	0.166	0.130
0.099	0.076	0.184	0.641
0.094	0.688	0.125	0.093
0.709	0.087	0.110	0.094
0.106	0.625	0.131	0.138
0.281	0.224	0.239	0.255
>CACTCTGTCACH	23-CACTCTGTCACH	6.513659	-0.000000	0	T:363.0(3.19%),B:18442.2(9.42%),P:1e0	Tpos:25.4,Tstd:11.8,Bpos:4402.3,Bstd:13475.9,StrandBias:0.1,Multiplicity:1.04
0.193	0.407	0.237	0.163
0.577	0.137	0.135	0.151
0.093	0.680	0.137	0.090
0.269	0.121	0.103	0.507
0.079	0.643	0.170	0.108
0.296	0.110	0.101	0.493
0.072	0.154	0.693	0.081
0.373	0.001	0.001	0.625
0.079	0.689	0.151	0.081
0.664	0.137	0.078	0.121
0.077	0.717	0.105	0.101
0.367	0.225	0.173	0.235
>NCACACACACAN	24-NCACACACACAN	7.050950	-0.000000	0	T:296.0(2.60%),B:10712.5(5.47%),P:1e0	Tpos:25.0,Tstd:11.7,Bpos:3173.3,Bstd:8358.2,StrandBias:0.1,Multiplicity:1.10
0.266	0.253	0.244	0.238
0.083	0.662	0.156	0.099
0.577	0.149	0.122	0.152
0.076	0.709	0.126	0.089
0.570	0.136	0.152	0.142
0.100	0.703	0.116	0.081
0.600	0.135	0.164	0.101
0.084	0.692	0.115	0.109
0.594	0.134	0.158	0.114
0.067	0.717	0.127	0.089
0.574	0.144	0.159	0.123
0.197	0.338	0.259	0.206
>CACTCACACACA	25-CACTCACACACA	9.757164	0.000000	0	T:118.0(1.04%),B:3541.4(1.81%),P:1e0	Tpos:29.5,Tstd:2.5,Bpos:2773.3,Bstd:8768.9,StrandBias:10.0,Multiplicity:1.00
0.041	0.683	0.135	0.141
0.657	0.076	0.131	0.136
0.038	0.636	0.131	0.195
0.239	0.088	0.223	0.449
0.083	0.649	0.157	0.111
0.739	0.066	0.129	0.066
0.036	0.800	0.064	0.100
0.641	0.102	0.166	0.091
0.084	0.593	0.112	0.211
0.795	0.062	0.098	0.045
0.038	0.765	0.092	0.105
0.595	0.039	0.206	0.160
>TGACTCAT	1-TGACTCAT	9.022693	-37.104088	0	T:242.0(2.13%),B:2283.4(1.17%),P:1e-16	Tpos:25.5,Tstd:12.7,Bpos:4215.7,Bstd:8355.0,StrandBias:-0.1,Multiplicity:1.04
0.001	0.001	0.001	0.997
0.001	0.001	0.984	0.014
0.997	0.001	0.001	0.001
0.048	0.687	0.235	0.030
0.024	0.001	0.005	0.970
0.031	0.967	0.001	0.001
0.996	0.001	0.002	0.001
0.045	0.178	0.188	0.589
>GTGACTCA	2-GTGACTCA	10.241092	-16.321448	0	T:189.0(1.66%),B:2137.9(1.09%),P:1e-7	Tpos:27.3,Tstd:13.1,Bpos:2716.4,Bstd:6085.1,StrandBias:0.1,Multiplicity:1.02
0.012	0.168	0.653	0.167
0.001	0.001	0.001	0.997
0.001	0.260	0.738	0.001
0.997	0.001	0.001	0.001
0.001	0.901	0.097	0.001
0.001	0.001	0.001	0.997
0.001	0.997	0.001	0.001
0.997	0.001	0.001	0.001
>GWCACRTG	3-GWCACRTG	6.483965	-9.197534	0	T:271.0(2.38%),B:3667.9(1.87%),P:1e-3	Tpos:23.5,Tstd:12.1,Bpos:3333.3,Bstd:8062.9,StrandBias:-0.2,Multiplicity:1.04
0.108	0.276	0.519	0.097
0.342	0.237	0.001	0.420
0.022	0.665	0.289	0.024
0.688	0.059	0.088	0.165
0.009	0.633	0.020	0.338
0.428	0.026	0.472	0.075
0.083	0.305	0.001	0.611
0.243	0.115	0.605	0.037
>RTCACGTG	4-RTCACGTG	8.501188	-6.762509	0	T:159.0(1.40%),B:2110.0(1.08%),P:1e-2	Tpos:25.2,Tstd:12.2,Bpos:754.2,Bstd:3144.0,StrandBias:-0.1,Multiplicity:1.04
0.330	0.179	0.409	0.081
0.125	0.193	0.135	0.547
0.018	0.918	0.062	0.002
0.962	0.021	0.009	0.008
0.001	0.748	0.010	0.241
0.275	0.001	0.649	0.075
0.030	0.079	0.026	0.865
0.020	0.066	0.905	0.009
>CTSASTCA	5-CTSASTCA	9.234930	-0.824400	0	T:146.0(1.28%),B:2475.1(1.26%),P:1e0	Tpos:25.5,Tstd:14.2,Bpos:3113.5,Bstd:7599.4,StrandBias:0.4,Multiplicity:1.00
0.137	0.642	0.002	0.219
0.001	0.001	0.001	0.997
0.001	0.414	0.440	0.145
0.997	0.001	0.001	0.001
0.001	0.562	0.436	0.001
0.001	0.001	0.001	0.997
0.001	0.997	0.001	0.001
0.997	0.001	0.001	0.001
>CACATGAC	6-CACATGAC	8.727033	-0.394766	0	T:75.0(0.66%),B:1355.1(0.69%),P:1e0	Tpos:29.0,Tstd:10.9,Bpos:17155.1,Bstd:42543.4,StrandBias:0.2,Multiplicity:1.03
0.034	0.891	0.037	0.038
0.788	0.064	0.051	0.097
0.039	0.821	0.079	0.061
0.617	0.041	0.315	0.027
0.069	0.101	0.019	0.811
0.092	0.097	0.770	0.041
0.642	0.140	0.128	0.090
0.094	0.660	0.097	0.149
>CACGTGYB	7-CACGTGYB	8.211155	-0.033984	0	T:42.0(0.37%),B:946.2(0.48%),P:1e0	Tpos:25.1,Tstd:11.1,Bpos:2509.9,Bstd:7234.9,StrandBias:-0.7,Multiplicity:1.03
0.001	0.997	0.001	0.001
0.960	0.001	0.037	0.002
0.001	0.690	0.001	0.308
0.389	0.001	0.609	0.001
0.001	0.001	0.001	0.997
0.001	0.001	0.997	0.001
0.061	0.405	0.112	0.422
0.053	0.287	0.326	0.333
>CACATGAC	8-CACATGAC	7.973117	-0.032564	0	T:88.0(0.77%),B:1835.8(0.94%),P:1e0	Tpos:17.8,Tstd:8.1,Bpos:6468.8,Bstd:9708.6,StrandBias:0.0,Multiplicity:1.00
0.001	0.997	0.001	0.001
0.783	0.118	0.006	0.093
0.027	0.575	0.001	0.397
0.592	0.056	0.293	0.059
0.001	0.001	0.001	0.997
0.022	0.117	0.840	0.021
0.664	0.196	0.049	0.091
0.123	0.434	0.198	0.246
>GGGGRAWT	9-GGGGRAWT	7.346221	-0.004711	0	T:47.0(0.41%),B:1157.6(0.59%),P:1e0	Tpos:23.7,Tstd:12.9,Bpos:3639.7,Bstd:8072.5,StrandBias:-0.1,Multiplicity:1.00
0.238	0.029	0.577	0.156
0.059	0.002	0.938	0.001
0.001	0.001	0.997	0.001
0.193	0.101	0.675	0.031
0.486	0.050	0.374	0.091
0.602	0.001	0.101	0.296
0.342	0.073	0.190	0.395
0.048	0.127	0.263	0.562
>GTGTSACN	10-GTGTSACN	6.380003	-0.000064	0	T:20.0(0.18%),B:730.3(0.37%),P:1e0	Tpos:33.0,Tstd:13.2,Bpos:1313.4,Bstd:3971.9,StrandBias:0.3,Multiplicity:1.00
0.187	0.210	0.586	0.017
0.270	0.001	0.001	0.728
0.128	0.258	0.613	0.001
0.367	0.001	0.001	0.631
0.001	0.508	0.490	0.001
0.906	0.001	0.001	0.092
0.176	0.431	0.242	0.150
0.247	0.239	0.275	0.240
>VTCAYRTG	11-VTCAYRTG	6.935922	-0.000027	0	T:199.0(1.75%),B:4513.9(2.30%),P:1e0	Tpos:25.0,Tstd:12.8,Bpos:3521.8,Bstd:8192.5,StrandBias:-0.1,Multiplicity:1.03
0.302	0.355	0.235	0.108
0.141	0.075	0.170	0.614
0.001	0.898	0.001	0.100
0.716	0.001	0.112	0.171
0.001	0.517	0.073	0.409
0.482	0.001	0.413	0.104
0.146	0.157	0.001	0.696
0.134	0.001	0.759	0.106
>TCACAYRH	12-TCACAYRH	6.675461	-0.000001	0	T:15.0(0.13%),B:716.9(0.37%),P:1e0	Tpos:40.0,Tstd:2.2,Bpos:1923.0,Bstd:5862.7,StrandBias:1.0,Multiplicity:1.00
0.214	0.123	0.131	0.532
0.022	0.770	0.207	0.001
0.574	0.170	0.105	0.151
0.001	0.992	0.006	0.001
0.696	0.001	0.302	0.001
0.131	0.461	0.001	0.407
0.303	0.070	0.438	0.190
0.223	0.276	0.131	0.369
>GTSACGTG	13-GTSACGTG	8.689714	-0.000000	0	T:35.0(0.31%),B:1278.6(0.65%),P:1e0	Tpos:24.9,Tstd:11.2,Bpos:1858.0,Bstd:6435.8,StrandBias:0.2,Multiplicity:1.03
0.004	0.203	0.792	0.001
0.095	0.001	0.001	0.903
0.001	0.496	0.502	0.001
0.997	0.001	0.001	0.001
0.001	0.847	0.001	0.151
0.394	0.001	0.604	0.001
0.001	0.337	0.001	0.661
0.249	0.001	0.749	0.001
>GGGGAAAT	14-GGGGAAAT	8.652443	-0.000000	0	T:50.0(0.44%),B:1906.9(0.97%),P:1e0	Tpos:23.1,Tstd:14.1,Bpos:3752.7,Bstd:7698.4,StrandBias:-1.1,Multiplicity:1.00
0.156	0.028	0.753	0.063
0.182	0.042	0.701	0.075
0.004	0.022	0.933	0.041
0.080	0.040	0.844	0.036
0.797	0.038	0.131	0.034
0.841	0.051	0.049	0.059
0.475	0.088	0.268	0.169
0.066	0.109	0.165	0.660
>TKCAYGTG	15-TKCAYGTG	5.261391	-0.000000	0	T:973.0(8.55%),B:28734.5(14.67%),P:1e0	Tpos:25.3,Tstd:12.6,Bpos:3802.8,Bstd:9412.0,StrandBias:0.1,Multiplicity:1.04
0.183	0.284	0.001	0.532
0.053	0.039	0.493	0.414
0.001	0.997	0.001	0.001
0.997	0.001	0.001	0.001
0.001	0.493	0.001	0.505
0.152	0.001	0.846	0.001
0.001	0.001	0.001	0.997
0.001	0.001	0.997	0.001
>ACACACAY	16-ACACACAY	7.120152	-0.000000	0	T:242.0(2.13%),B:8704.0(4.44%),P:1e0	Tpos:12.4,Tstd:16.8,Bpos:2166.9,Bstd:4840.2,StrandBias:2.0,Multiplicity:1.00
0.523	0.133	0.093	0.251
0.104	0.671	0.115	0.110
0.605	0.108	0.106	0.181
0.054	0.834	0.054	0.058
0.731	0.102	0.098	0.069
0.068	0.708	0.073	0.151
0.555	0.113	0.203	0.129
0.109	0.371	0.146	0.374
>GGGAADTK	17-GGGAADTK	5.939310	-0.000000	0	T:446.0(3.92%),B:17920.0(9.15%),P:1e0	Tpos:25.6,Tstd:12.8,Bpos:3825.2,Bstd:9644.3,StrandBias:0.1,Multiplicity:1.01
0.133	0.004	0.674	0.189
0.001	0.016	0.886	0.097
0.135	0.293	0.556	0.016
0.752	0.010	0.181	0.057
0.633	0.168	0.119	0.080
0.287	0.060	0.335	0.318
0.023	0.159	0.074	0.744
0.095	0.194	0.417	0.294
>TGTGTGAG	18-TGTGTGAG	4.943579	-0.000000	0	T:1825.0(16.05%),B:71968.1(36.74%),P:1e0	Tpos:25.2,Tstd:13.0,Bpos:3857.0,Bstd:12566.3,StrandBias:-0.0,Multiplicity:1.14
0.083	0.097	0.060	0.760
0.054	0.030	0.898	0.018
0.184	0.077	0.055	0.684
0.053	0.056	0.870	0.021
0.072	0.043	0.084	0.801
0.044	0.096	0.821	0.039
0.546	0.074	0.038	0.342
0.159	0.102	0.624	0.115
>RTGWGTVA	19-RTGWGTVA	5.337605	-0.000000	0	T:700.0(6.15%),B:21711.6(11.08%),P:1e0	Tpos:26.8,Tstd:12.9,Bpos:3306.0,Bstd:8923.5,StrandBias:0.1,Multiplicity:1.10
0.351	0.162	0.409	0.078
0.108	0.173	0.131	0.588
0.180	0.033	0.786	0.001
0.448	0.166	0.069	0.318
0.009	0.380	0.563	0.048
0.281	0.054	0.068	0.597
0.259	0.282	0.402	0.057
0.579	0.049	0.092	0.280
>GTGTGTGW	20-GTGTGTGW	5.443492	-0.000000	0	T:1291.0(11.35%),B:53385.9(27.26%),P:1e0	Tpos:26.1,Tstd:13.5,Bpos:7608.8,Bstd:23933.7,StrandBias:-0.0,Multiplicity:1.03
0.291	0.120	0.516	0.073
0.189	0.074	0.100	0.637
0.068	0.028	0.903	0.001
0.094	0.043	0.049	0.814
0.029	0.029	0.888	0.054
0.037	0.014	0.083	0.866
0.057	0.123	0.749	0.071
0.446	0.023	0.051	0.480
>AGGGGGAA	21-AGGGGGAA	6.628604	0.000000	0	T:617.0(5.42%),B:24459.7(12.49%),P:1e0	Tpos:24.9,Tstd:12.7,Bpos:2704.7,Bstd:6914.5,StrandBias:0.0,Multiplicity:1.03
0.696	0.083	0.125	0.096
0.231	0.029	0.664	0.076
0.098	0.029	0.821	0.052
0.128	0.058	0.730	0.084
0.055	0.029	0.877	0.039
0.229	0.053	0.670	0.048
0.755	0.092	0.090	0.063
0.788	0.057	0.092	0.063
>ACACAYVC	22-ACACAYVC	6.536997	0.000000	0	T:48.0(0.42%),B:2345.5(1.20%),P:1e0	Tpos:28.8,Tstd:13.2,Bpos:4028.6,Bstd:8416.3,StrandBias:-1.6,Multiplicity:1.00
0.577	0.084	0.001	0.338
0.018	0.964	0.017	0.001
0.701	0.087	0.152	0.060
0.001	0.863	0.014	0.122
0.503	0.006	0.232	0.259
0.163	0.258	0.171	0.408
0.305	0.257	0.358	0.080
0.203	0.426	0.174	0.198
>ACTCACAC	23-ACTCACAC	7.515451	0.000000	0	T:147.0(1.29%),B:7894.4(4.03%),P:1e0	Tpos:27.5,Tstd:17.3,Bpos:1912.4,Bstd:5140.9,StrandBias:2.3,Multiplicity:1.00
0.602	0.188	0.209	0.001
0.087	0.590	0.201	0.122
0.114	0.005	0.095	0.786
0.057	0.798	0.128	0.017
0.952	0.021	0.002	0.025
0.019	0.802	0.045	0.134
0.705	0.001	0.010	0.284
0.031	0.673	0.197	0.099
>SWCACATG	24-SWCACATG	6.049758	0.000000	0	T:60.0(0.53%),B:2856.0(1.46%),P:1e0	Tpos:46.0,Tstd:0.0,Bpos:2739.2,Bstd:7469.5,StrandBias:-10.0,Multiplicity:1.00
0.161	0.404	0.336	0.098
0.373	0.220	0.104	0.303
0.057	0.836	0.087	0.020
0.685	0.090	0.079	0.146
0.048	0.627	0.078	0.247
0.562	0.061	0.280	0.097
0.196	0.273	0.095	0.436
0.198	0.117	0.488	0.197
>GGAAATGC	25-GGAAATGC	6.715124	0.000000	0	T:653.0(5.74%),B:23206.4(11.85%),P:1e0	Tpos:24.8,Tstd:13.3,Bpos:4200.8,Bstd:13253.6,StrandBias:-0.0,Multiplicity:1.02
0.001	0.028	0.970	0.001
0.089	0.282	0.628	0.001
0.891	0.001	0.107	0.001
0.938	0.001	0.001	0.060
0.577	0.004	0.414	0.005
0.001	0.129	0.146	0.724
0.001	0.287	0.592	0.120
0.236	0.561	0.112	0.091
