>NABASASABA	1-NABASASABA	4.007130	-47.509207	0	T:777.0(83.82%),B:168870.7(70.41%),P:1e-20	Tpos:92.2,Tstd:50.6,Bpos:13996.9,Bstd:50104.0,StrandBias:-0.1,Multiplicity:1.51
0.208	0.309	0.282	0.202
0.584	0.116	0.012	0.288
0.095	0.264	0.325	0.316
0.704	0.001	0.001	0.294
0.078	0.311	0.398	0.213
0.826	0.001	0.001	0.172
0.098	0.360	0.380	0.163
0.559	0.106	0.036	0.299
0.162	0.315	0.195	0.328
0.673	0.001	0.006	0.320
>CAACCCGAGT	2-CAACCCGAGT	8.073780	-40.881479	0	T:15.0(1.62%),B:105.2(0.04%),P:1e-17	Tpos:109.0,Tstd:50.5,Bpos:6015.8,Bstd:25596.1,StrandBias:-1.0,Multiplicity:1.20
0.001	0.997	0.001	0.001
0.997	0.001	0.001	0.001
0.997	0.001	0.001	0.001
0.001	0.997	0.001	0.001
0.001	0.997	0.001	0.001
0.001	0.941	0.057	0.001
0.001	0.001	0.997	0.001
0.997	0.001	0.001	0.001
0.055	0.001	0.943	0.001
0.001	0.001	0.001	0.997
>TCTCTCTSTM	3-TCTCTCTSTM	4.092870	-40.380776	0	T:698.0(75.30%),B:148357.6(61.85%),P:1e-17	Tpos:88.0,Tstd:50.7,Bpos:14519.5,Bstd:53015.3,StrandBias:0.1,Multiplicity:1.40
0.226	0.164	0.125	0.485
0.127	0.611	0.183	0.079
0.148	0.111	0.001	0.740
0.253	0.509	0.205	0.033
0.146	0.016	0.001	0.837
0.229	0.464	0.279	0.028
0.221	0.001	0.001	0.777
0.216	0.418	0.306	0.060
0.245	0.047	0.001	0.707
0.342	0.363	0.175	0.120
>WWDGCAAWTT	4-WWDGCAAWTT	3.859960	-30.565196	0	T:789.0(85.11%),B:179971.6(75.03%),P:1e-13	Tpos:93.0,Tstd:51.4,Bpos:14245.9,Bstd:53849.6,StrandBias:-0.1,Multiplicity:1.50
0.474	0.149	0.037	0.339
0.462	0.012	0.098	0.428
0.280	0.001	0.430	0.289
0.016	0.307	0.581	0.096
0.142	0.663	0.151	0.044
0.648	0.206	0.001	0.145
0.540	0.130	0.147	0.183
0.425	0.083	0.195	0.297
0.377	0.039	0.030	0.554
0.174	0.025	0.124	0.677
>GGAATGGAAT	5-GGAATGGAAT	11.064496	-30.084530	0	T:22.0(2.37%),B:664.3(0.28%),P:1e-13	Tpos:98.9,Tstd:52.7,Bpos:15635.8,Bstd:25297.1,StrandBias:-0.5,Multiplicity:9.91
0.001	0.072	0.926	0.001
0.001	0.050	0.948	0.001
0.997	0.001	0.001	0.001
0.997	0.001	0.001	0.001
0.001	0.039	0.001	0.959
0.001	0.010	0.988	0.001
0.001	0.042	0.956	0.001
0.997	0.001	0.001	0.001
0.997	0.001	0.001	0.001
0.001	0.001	0.001	0.997
>TKTGTAAAAC	6-TKTGTAAAAC	-4.608627	-26.932961	0	T:874.0(94.28%),B:209509.7(87.35%),P:1e-11	Tpos:89.2,Tstd:51.9,Bpos:14025.3,Bstd:54228.4,StrandBias:-0.0,Multiplicity:1.42
0.374	0.001	0.001	0.624
0.125	0.001	0.375	0.500
0.001	0.001	0.001	0.997
0.250	0.001	0.500	0.250
0.001	0.001	0.001	0.997
0.997	0.001	0.001	0.001
0.874	0.001	0.124	0.001
0.997	0.001	0.001	0.001
0.624	0.001	0.374	0.001
0.250	0.500	0.250	0.001
>WTTCATTCCT	7-WTTCATTCCT	3.738556	-25.881049	0	T:809.0(87.27%),B:188464.2(78.57%),P:1e-11	Tpos:90.5,Tstd:51.8,Bpos:15076.6,Bstd:57732.0,StrandBias:0.3,Multiplicity:1.43
0.371	0.119	0.088	0.422
0.176	0.090	0.060	0.674
0.176	0.119	0.122	0.583
0.184	0.467	0.185	0.164
0.602	0.119	0.022	0.257
0.167	0.100	0.151	0.582
0.159	0.116	0.124	0.601
0.164	0.412	0.202	0.221
0.237	0.468	0.055	0.240
0.318	0.159	0.007	0.516
>HWVAWCHTNW	8-HWVAWCHTNW	4.010544	-23.116725	0	T:757.0(81.66%),B:174179.3(72.62%),P:1e-10	Tpos:91.2,Tstd:50.5,Bpos:12178.7,Bstd:46829.5,StrandBias:0.0,Multiplicity:1.43
0.289	0.335	0.181	0.195
0.492	0.001	0.006	0.501
0.256	0.397	0.337	0.010
0.723	0.001	0.001	0.275
0.362	0.181	0.170	0.287
0.125	0.515	0.345	0.015
0.301	0.349	0.001	0.349
0.372	0.001	0.079	0.548
0.214	0.218	0.349	0.218
0.418	0.001	0.203	0.378
>ATSGAATGGA	9-ATSGAATGGA	9.337196	-21.130467	0	T:26.0(2.80%),B:1505.6(0.63%),P:1e-9	Tpos:86.7,Tstd:56.4,Bpos:13025.3,Bstd:32285.8,StrandBias:1.4,Multiplicity:1.53
0.573	0.151	0.224	0.052
0.032	0.088	0.020	0.860
0.027	0.511	0.423	0.039
0.056	0.032	0.890	0.022
0.922	0.049	0.001	0.028
0.889	0.001	0.078	0.032
0.016	0.121	0.020	0.843
0.057	0.071	0.766	0.106
0.033	0.033	0.885	0.049
0.868	0.045	0.049	0.038
>AAAAWDDAAW	10-AAAAWDDAAW	3.977748	-17.619669	0	T:768.0(82.85%),B:180665.8(75.32%),P:1e-7	Tpos:88.6,Tstd:52.2,Bpos:14497.9,Bstd:54433.4,StrandBias:-0.1,Multiplicity:1.58
0.488	0.069	0.177	0.266
0.772	0.001	0.226	0.001
0.709	0.001	0.255	0.035
0.521	0.032	0.225	0.222
0.434	0.001	0.260	0.305
0.402	0.001	0.292	0.305
0.365	0.148	0.235	0.252
0.401	0.166	0.183	0.250
0.470	0.107	0.156	0.267
0.427	0.001	0.191	0.381
>ABADAABABA	11-ABADAABABA	4.668660	-15.584690	0	T:640.0(69.04%),B:146110.0(60.92%),P:1e-6	Tpos:88.2,Tstd:50.9,Bpos:15239.4,Bstd:54299.5,StrandBias:-0.2,Multiplicity:1.71
0.782	0.050	0.062	0.106
0.027	0.301	0.288	0.384
0.601	0.014	0.042	0.343
0.327	0.033	0.303	0.337
0.821	0.036	0.048	0.095
0.607	0.015	0.041	0.337
0.053	0.303	0.316	0.328
0.829	0.032	0.061	0.078
0.034	0.329	0.289	0.348
0.827	0.055	0.036	0.082
>AATGGAATGR	12-AATGGAATGR	10.841929	-13.515825	0	T:25.0(2.70%),B:2096.8(0.87%),P:1e-5	Tpos:100.9,Tstd:52.0,Bpos:11297.3,Bstd:42713.3,StrandBias:1.4,Multiplicity:1.38
0.955	0.001	0.001	0.043
0.812	0.045	0.142	0.001
0.102	0.125	0.001	0.772
0.001	0.001	0.997	0.001
0.001	0.001	0.997	0.001
0.997	0.001	0.001	0.001
0.788	0.001	0.210	0.001
0.001	0.001	0.001	0.997
0.186	0.241	0.543	0.030
0.434	0.001	0.456	0.109
>CAGCTTCCTC	13-CAGCTTCCTC	2.512553	-9.335718	0	T:919.0(99.14%),B:233492.6(97.35%),P:1e-4	Tpos:91.8,Tstd:52.2,Bpos:9818.1,Bstd:40034.9,StrandBias:-0.1,Multiplicity:2.00
0.100	0.700	0.100	0.100
0.700	0.100	0.100	0.100
0.100	0.100	0.700	0.100
0.100	0.700	0.100	0.100
0.100	0.100	0.100	0.700
0.100	0.100	0.100	0.700
0.100	0.700	0.100	0.100
0.100	0.700	0.100	0.100
0.100	0.100	0.100	0.700
0.100	0.700	0.100	0.100
>AGACAGAKAG	14-AGACAGAKAG	2.234640	-8.763382	0	T:519.0(55.99%),B:119947.3(50.01%),P:1e-3	Tpos:90.5,Tstd:52.2,Bpos:15077.9,Bstd:56684.5,StrandBias:-0.4,Multiplicity:1.47
0.863	0.125	0.001	0.011
0.001	0.042	0.571	0.386
0.875	0.001	0.001	0.123
0.001	0.601	0.192	0.206
0.985	0.001	0.001	0.013
0.013	0.272	0.611	0.104
0.670	0.249	0.001	0.080
0.001	0.089	0.504	0.406
0.938	0.001	0.060	0.001
0.001	0.001	0.997	0.001
>WTTTWWTTWT	15-WTTTWWTTWT	4.372841	-7.753031	0	T:617.0(66.56%),B:146806.0(61.21%),P:1e-3	Tpos:86.4,Tstd:53.4,Bpos:13702.6,Bstd:47530.5,StrandBias:-0.1,Multiplicity:1.62
0.403	0.047	0.104	0.446
0.338	0.051	0.047	0.564
0.090	0.073	0.081	0.756
0.371	0.031	0.041	0.557
0.477	0.043	0.028	0.452
0.462	0.037	0.039	0.462
0.273	0.037	0.039	0.651
0.216	0.047	0.047	0.690
0.387	0.043	0.041	0.529
0.324	0.061	0.051	0.564
>TTATCAGGAG	16-TTATCAGGAG	2.512553	-7.393683	0	T:921.0(99.35%),B:235026.3(97.99%),P:1e-3	Tpos:92.1,Tstd:51.4,Bpos:12280.0,Bstd:49913.5,StrandBias:-0.0,Multiplicity:2.19
0.100	0.100	0.100	0.700
0.100	0.100	0.100	0.700
0.700	0.100	0.100	0.100
0.100	0.100	0.100	0.700
0.100	0.700	0.100	0.100
0.700	0.100	0.100	0.100
0.100	0.100	0.700	0.100
0.100	0.100	0.700	0.100
0.700	0.100	0.100	0.100
0.100	0.100	0.700	0.100
>CAGCCCTGGG	17-CAGCCCTGGG	0.566642	-4.070778	0	T:927.0(100.00%),B:238800.3(99.56%),P:1e-1	Tpos:92.6,Tstd:53.2,Bpos:9713.2,Bstd:38885.4,StrandBias:0.1,Multiplicity:2.16
0.100	0.700	0.100	0.100
0.700	0.100	0.100	0.100
0.100	0.100	0.700	0.100
0.100	0.700	0.100	0.100
0.100	0.700	0.100	0.100
0.100	0.700	0.100	0.100
0.100	0.100	0.100	0.700
0.100	0.100	0.700	0.100
0.100	0.100	0.700	0.100
0.100	0.100	0.700	0.100
>TAGAAAAAAA	18-TAGAAAAAAA	0.000000	-2.320131	0	T:926.0(99.89%),B:238841.3(99.58%),P:1e-1
0.100	0.100	0.100	0.700
0.700	0.100	0.100	0.100
0.100	0.100	0.700	0.100
0.700	0.100	0.100	0.100
0.700	0.100	0.100	0.100
0.700	0.100	0.100	0.100
0.700	0.100	0.100	0.100
0.700	0.100	0.100	0.100
0.700	0.100	0.100	0.100
0.700	0.100	0.100	0.100
>TTCCTCCAAA	19-TTCCTCCAAA	10.353604	-1.053786	0	T:31.0(3.34%),B:7395.2(3.08%),P:1e0	Tpos:95.2,Tstd:58.0,Bpos:12006.7,Bstd:40235.4,StrandBias:0.2,Multiplicity:1.00
0.077	0.077	0.001	0.845
0.001	0.077	0.077	0.845
0.077	0.845	0.001	0.077
0.001	0.997	0.001	0.001
0.077	0.077	0.001	0.845
0.001	0.997	0.001	0.001
0.077	0.845	0.001	0.077
0.997	0.001	0.001	0.001
0.922	0.001	0.001	0.076
0.922	0.001	0.001	0.076
>AGADGARGAA	20-AGADGARGAA	8.001661	-0.195168	0	T:14.0(1.51%),B:4486.5(1.87%),P:1e0	Tpos:105.6,Tstd:69.3,Bpos:7236.5,Bstd:23078.8,StrandBias:-2.0,Multiplicity:1.00
0.641	0.029	0.092	0.238
0.092	0.188	0.599	0.121
0.519	0.059	0.230	0.192
0.318	0.001	0.380	0.301
0.038	0.096	0.828	0.038
0.678	0.004	0.276	0.042
0.427	0.013	0.543	0.017
0.167	0.280	0.490	0.063
0.724	0.092	0.100	0.084
0.439	0.213	0.276	0.071
>NTTCCATTTN	21-NTTCCATTTN	6.416017	-0.154365	0	T:31.0(3.34%),B:9528.7(3.97%),P:1e0	Tpos:161.6,Tstd:25.5,Bpos:9906.8,Bstd:50120.8,StrandBias:0.6,Multiplicity:1.00
0.306	0.210	0.171	0.313
0.150	0.131	0.123	0.596
0.161	0.155	0.150	0.534
0.163	0.490	0.176	0.171
0.187	0.565	0.093	0.155
0.556	0.169	0.085	0.190
0.173	0.142	0.151	0.534
0.139	0.132	0.135	0.594
0.163	0.091	0.117	0.629
0.260	0.216	0.195	0.329
>WTTTGTTGAW	22-WTTTGTTGAW	6.785177	-0.001963	0	T:48.0(5.18%),B:18003.2(7.51%),P:1e0	Tpos:118.7,Tstd:42.3,Bpos:12844.0,Bstd:46816.4,StrandBias:-0.3,Multiplicity:1.05
0.355	0.187	0.103	0.354
0.195	0.052	0.017	0.736
0.137	0.103	0.111	0.649
0.137	0.021	0.092	0.750
0.074	0.225	0.443	0.257
0.198	0.156	0.074	0.572
0.130	0.013	0.130	0.727
0.129	0.241	0.466	0.164
0.689	0.101	0.061	0.149
0.324	0.145	0.167	0.365
>TGGAATCATC	23-TGGAATCATC	6.404373	-0.000002	0	T:153.0(16.50%),B:54242.9(22.61%),P:1e0	Tpos:78.0,Tstd:0.0,Bpos:12115.1,Bstd:41735.0,StrandBias:10.0,Multiplicity:1.00
0.100	0.100	0.100	0.700
0.100	0.100	0.700	0.100
0.100	0.100	0.700	0.100
0.700	0.100	0.100	0.100
0.700	0.100	0.100	0.100
0.100	0.100	0.100	0.700
0.100	0.700	0.100	0.100
0.700	0.100	0.100	0.100
0.100	0.100	0.100	0.700
0.100	0.700	0.100	0.100
>TTCTCTCTCT	24-TTCTCTCTCT	-1.379268	0.000000	0	T:927.0(100.00%),B:239853.7(100.00%),P:1e0	Tpos:91.0,Tstd:53.8,Bpos:14065.5,Bstd:53849.1,StrandBias:0.0,Multiplicity:1.50
0.100	0.100	0.100	0.700
0.100	0.100	0.100	0.700
0.100	0.700	0.100	0.100
0.100	0.100	0.100	0.700
0.100	0.700	0.100	0.100
0.100	0.100	0.100	0.700
0.100	0.700	0.100	0.100
0.100	0.100	0.100	0.700
0.100	0.700	0.100	0.100
0.100	0.100	0.100	0.700
>TCTGTCTCTC	25-TCTGTCTCTC	-7.216998	0.000000	0	T:927.0(100.00%),B:239853.7(100.00%),P:1e0	Tpos:88.6,Tstd:55.0,Bpos:14539.6,Bstd:56147.1,StrandBias:-0.0,Multiplicity:1.11
0.100	0.100	0.100	0.700
0.100	0.700	0.100	0.100
0.100	0.100	0.100	0.700
0.100	0.100	0.700	0.100
0.100	0.100	0.100	0.700
0.100	0.700	0.100	0.100
0.100	0.100	0.100	0.700
0.100	0.700	0.100	0.100
0.100	0.100	0.100	0.700
0.100	0.700	0.100	0.100
