>NABASASABA	1-NABASASABA	4.007130	-47.509207	0	T:777.0(83.82%),B:168870.7(70.41%),P:1e-20	Tpos:92.2,Tstd:50.6,Bpos:13996.9,Bstd:50104.0,StrandBias:-0.1,Multiplicity:1.51
0.208	0.309	0.282	0.202
0.584	0.116	0.012	0.288
0.095	0.264	0.325	0.316
0.704	0.001	0.001	0.294
0.078	0.311	0.398	0.213
0.826	0.001	0.001	0.172
0.098	0.360	0.380	0.163
0.559	0.106	0.036	0.299
0.162	0.315	0.195	0.328
0.673	0.001	0.006	0.320
>CAACCCGAGT	2-CAACCCGAGT	8.073780	-40.881479	0	T:15.0(1.62%),B:105.2(0.04%),P:1e-17	Tpos:109.0,Tstd:50.5,Bpos:6015.8,Bstd:25596.1,StrandBias:-1.0,Multiplicity:1.20
0.001	0.997	0.001	0.001
0.997	0.001	0.001	0.001
0.997	0.001	0.001	0.001
0.001	0.997	0.001	0.001
0.001	0.997	0.001	0.001
0.001	0.941	0.057	0.001
0.001	0.001	0.997	0.001
0.997	0.001	0.001	0.001
0.055	0.001	0.943	0.001
0.001	0.001	0.001	0.997
>TCTCTCTSTM	3-TCTCTCTSTM	4.092870	-40.380776	0	T:698.0(75.30%),B:148357.6(61.85%),P:1e-17	Tpos:88.0,Tstd:50.7,Bpos:14519.5,Bstd:53015.3,StrandBias:0.1,Multiplicity:1.40
0.226	0.164	0.125	0.485
0.127	0.611	0.183	0.079
0.148	0.111	0.001	0.740
0.253	0.509	0.205	0.033
0.146	0.016	0.001	0.837
0.229	0.464	0.279	0.028
0.221	0.001	0.001	0.777
0.216	0.418	0.306	0.060
0.245	0.047	0.001	0.707
0.342	0.363	0.175	0.120
>WWDGCAAWTT	4-WWDGCAAWTT	3.859960	-30.565196	0	T:789.0(85.11%),B:179971.6(75.03%),P:1e-13	Tpos:93.0,Tstd:51.4,Bpos:14245.9,Bstd:53849.6,StrandBias:-0.1,Multiplicity:1.50
0.474	0.149	0.037	0.339
0.462	0.012	0.098	0.428
0.280	0.001	0.430	0.289
0.016	0.307	0.581	0.096
0.142	0.663	0.151	0.044
0.648	0.206	0.001	0.145
0.540	0.130	0.147	0.183
0.425	0.083	0.195	0.297
0.377	0.039	0.030	0.554
0.174	0.025	0.124	0.677
>GGAATGGAAT	5-GGAATGGAAT	11.064496	-30.084530	0	T:22.0(2.37%),B:664.3(0.28%),P:1e-13	Tpos:98.9,Tstd:52.7,Bpos:15635.8,Bstd:25297.1,StrandBias:-0.5,Multiplicity:9.91
0.001	0.072	0.926	0.001
0.001	0.050	0.948	0.001
0.997	0.001	0.001	0.001
0.997	0.001	0.001	0.001
0.001	0.039	0.001	0.959
0.001	0.010	0.988	0.001
0.001	0.042	0.956	0.001
0.997	0.001	0.001	0.001
0.997	0.001	0.001	0.001
0.001	0.001	0.001	0.997
>TKTGTAAAAC	6-TKTGTAAAAC	-4.608627	-26.932961	0	T:874.0(94.28%),B:209509.7(87.35%),P:1e-11	Tpos:89.2,Tstd:51.9,Bpos:14025.3,Bstd:54228.4,StrandBias:-0.0,Multiplicity:1.42
0.374	0.001	0.001	0.624
0.125	0.001	0.375	0.500
0.001	0.001	0.001	0.997
0.250	0.001	0.500	0.250
0.001	0.001	0.001	0.997
0.997	0.001	0.001	0.001
0.874	0.001	0.124	0.001
0.997	0.001	0.001	0.001
0.624	0.001	0.374	0.001
0.250	0.500	0.250	0.001
>WTTCATTCCT	7-WTTCATTCCT	3.738556	-25.881049	0	T:809.0(87.27%),B:188464.2(78.57%),P:1e-11	Tpos:90.5,Tstd:51.8,Bpos:15076.6,Bstd:57732.0,StrandBias:0.3,Multiplicity:1.43
0.371	0.119	0.088	0.422
0.176	0.090	0.060	0.674
0.176	0.119	0.122	0.583
0.184	0.467	0.185	0.164
0.602	0.119	0.022	0.257
0.167	0.100	0.151	0.582
0.159	0.116	0.124	0.601
0.164	0.412	0.202	0.221
0.237	0.468	0.055	0.240
0.318	0.159	0.007	0.516
>HWVAWCHTNW	8-HWVAWCHTNW	4.010544	-23.116725	0	T:757.0(81.66%),B:174179.3(72.62%),P:1e-10	Tpos:91.2,Tstd:50.5,Bpos:12178.7,Bstd:46829.5,StrandBias:0.0,Multiplicity:1.43
0.289	0.335	0.181	0.195
0.492	0.001	0.006	0.501
0.256	0.397	0.337	0.010
0.723	0.001	0.001	0.275
0.362	0.181	0.170	0.287
0.125	0.515	0.345	0.015
0.301	0.349	0.001	0.349
0.372	0.001	0.079	0.548
0.214	0.218	0.349	0.218
0.418	0.001	0.203	0.378
>ATSGAATGGA	9-ATSGAATGGA	9.337196	-21.130467	0	T:26.0(2.80%),B:1505.6(0.63%),P:1e-9	Tpos:86.7,Tstd:56.4,Bpos:13025.3,Bstd:32285.8,StrandBias:1.4,Multiplicity:1.53
0.573	0.151	0.224	0.052
0.032	0.088	0.020	0.860
0.027	0.511	0.423	0.039
0.056	0.032	0.890	0.022
0.922	0.049	0.001	0.028
0.889	0.001	0.078	0.032
0.016	0.121	0.020	0.843
0.057	0.071	0.766	0.106
0.033	0.033	0.885	0.049
0.868	0.045	0.049	0.038
>AAAAWDDAAW	10-AAAAWDDAAW	3.977748	-17.619669	0	T:768.0(82.85%),B:180665.8(75.32%),P:1e-7	Tpos:88.6,Tstd:52.2,Bpos:14497.9,Bstd:54433.4,StrandBias:-0.1,Multiplicity:1.58
0.488	0.069	0.177	0.266
0.772	0.001	0.226	0.001
0.709	0.001	0.255	0.035
0.521	0.032	0.225	0.222
0.434	0.001	0.260	0.305
0.402	0.001	0.292	0.305
0.365	0.148	0.235	0.252
0.401	0.166	0.183	0.250
0.470	0.107	0.156	0.267
0.427	0.001	0.191	0.381
>ABADAABABA	11-ABADAABABA	4.668660	-15.584690	0	T:640.0(69.04%),B:146110.0(60.92%),P:1e-6	Tpos:88.2,Tstd:50.9,Bpos:15239.4,Bstd:54299.5,StrandBias:-0.2,Multiplicity:1.71
0.782	0.050	0.062	0.106
0.027	0.301	0.288	0.384
0.601	0.014	0.042	0.343
0.327	0.033	0.303	0.337
0.821	0.036	0.048	0.095
0.607	0.015	0.041	0.337
0.053	0.303	0.316	0.328
0.829	0.032	0.061	0.078
0.034	0.329	0.289	0.348
0.827	0.055	0.036	0.082
>AATGGAATGR	12-AATGGAATGR	10.841929	-13.515825	0	T:25.0(2.70%),B:2096.8(0.87%),P:1e-5	Tpos:100.9,Tstd:52.0,Bpos:11297.3,Bstd:42713.3,StrandBias:1.4,Multiplicity:1.38
0.955	0.001	0.001	0.043
0.812	0.045	0.142	0.001
0.102	0.125	0.001	0.772
0.001	0.001	0.997	0.001
0.001	0.001	0.997	0.001
0.997	0.001	0.001	0.001
0.788	0.001	0.210	0.001
0.001	0.001	0.001	0.997
0.186	0.241	0.543	0.030
0.434	0.001	0.456	0.109
>CAGCTTCCTC	13-CAGCTTCCTC	2.512553	-9.335718	0	T:919.0(99.14%),B:233492.6(97.35%),P:1e-4	Tpos:91.8,Tstd:52.2,Bpos:9818.1,Bstd:40034.9,StrandBias:-0.1,Multiplicity:2.00
0.100	0.700	0.100	0.100
0.700	0.100	0.100	0.100
0.100	0.100	0.700	0.100
0.100	0.700	0.100	0.100
0.100	0.100	0.100	0.700
0.100	0.100	0.100	0.700
0.100	0.700	0.100	0.100
0.100	0.700	0.100	0.100
0.100	0.100	0.100	0.700
0.100	0.700	0.100	0.100
>AGACAGAKAG	14-AGACAGAKAG	2.234640	-8.763382	0	T:519.0(55.99%),B:119947.3(50.01%),P:1e-3	Tpos:90.5,Tstd:52.2,Bpos:15077.9,Bstd:56684.5,StrandBias:-0.4,Multiplicity:1.47
0.863	0.125	0.001	0.011
0.001	0.042	0.571	0.386
0.875	0.001	0.001	0.123
0.001	0.601	0.192	0.206
0.985	0.001	0.001	0.013
0.013	0.272	0.611	0.104
0.670	0.249	0.001	0.080
0.001	0.089	0.504	0.406
0.938	0.001	0.060	0.001
0.001	0.001	0.997	0.001
>WTTTWWTTWT	15-WTTTWWTTWT	4.372841	-7.753031	0	T:617.0(66.56%),B:146806.0(61.21%),P:1e-3	Tpos:86.4,Tstd:53.4,Bpos:13702.6,Bstd:47530.5,StrandBias:-0.1,Multiplicity:1.62
0.403	0.047	0.104	0.446
0.338	0.051	0.047	0.564
0.090	0.073	0.081	0.756
0.371	0.031	0.041	0.557
0.477	0.043	0.028	0.452
0.462	0.037	0.039	0.462
0.273	0.037	0.039	0.651
0.216	0.047	0.047	0.690
0.387	0.043	0.041	0.529
0.324	0.061	0.051	0.564
>TTATCAGGAG	16-TTATCAGGAG	2.512553	-7.393683	0	T:921.0(99.35%),B:235026.3(97.99%),P:1e-3	Tpos:92.1,Tstd:51.4,Bpos:12280.0,Bstd:49913.5,StrandBias:-0.0,Multiplicity:2.19
0.100	0.100	0.100	0.700
0.100	0.100	0.100	0.700
0.700	0.100	0.100	0.100
0.100	0.100	0.100	0.700
0.100	0.700	0.100	0.100
0.700	0.100	0.100	0.100
0.100	0.100	0.700	0.100
0.100	0.100	0.700	0.100
0.700	0.100	0.100	0.100
0.100	0.100	0.700	0.100
>CAGCCCTGGG	17-CAGCCCTGGG	0.566642	-4.070778	0	T:927.0(100.00%),B:238800.3(99.56%),P:1e-1	Tpos:92.6,Tstd:53.2,Bpos:9713.2,Bstd:38885.4,StrandBias:0.1,Multiplicity:2.16
0.100	0.700	0.100	0.100
0.700	0.100	0.100	0.100
0.100	0.100	0.700	0.100
0.100	0.700	0.100	0.100
0.100	0.700	0.100	0.100
0.100	0.700	0.100	0.100
0.100	0.100	0.100	0.700
0.100	0.100	0.700	0.100
0.100	0.100	0.700	0.100
0.100	0.100	0.700	0.100
>TAGAAAAAAA	18-TAGAAAAAAA	0.000000	-2.320131	0	T:926.0(99.89%),B:238841.3(99.58%),P:1e-1
0.100	0.100	0.100	0.700
0.700	0.100	0.100	0.100
0.100	0.100	0.700	0.100
0.700	0.100	0.100	0.100
0.700	0.100	0.100	0.100
0.700	0.100	0.100	0.100
0.700	0.100	0.100	0.100
0.700	0.100	0.100	0.100
0.700	0.100	0.100	0.100
0.700	0.100	0.100	0.100
>TTCCTCCAAA	19-TTCCTCCAAA	10.353604	-1.053786	0	T:31.0(3.34%),B:7395.2(3.08%),P:1e0	Tpos:95.2,Tstd:58.0,Bpos:12006.7,Bstd:40235.4,StrandBias:0.2,Multiplicity:1.00
0.077	0.077	0.001	0.845
0.001	0.077	0.077	0.845
0.077	0.845	0.001	0.077
0.001	0.997	0.001	0.001
0.077	0.077	0.001	0.845
0.001	0.997	0.001	0.001
0.077	0.845	0.001	0.077
0.997	0.001	0.001	0.001
0.922	0.001	0.001	0.076
0.922	0.001	0.001	0.076
>AGADGARGAA	20-AGADGARGAA	8.001661	-0.195168	0	T:14.0(1.51%),B:4486.5(1.87%),P:1e0	Tpos:105.6,Tstd:69.3,Bpos:7236.5,Bstd:23078.8,StrandBias:-2.0,Multiplicity:1.00
0.641	0.029	0.092	0.238
0.092	0.188	0.599	0.121
0.519	0.059	0.230	0.192
0.318	0.001	0.380	0.301
0.038	0.096	0.828	0.038
0.678	0.004	0.276	0.042
0.427	0.013	0.543	0.017
0.167	0.280	0.490	0.063
0.724	0.092	0.100	0.084
0.439	0.213	0.276	0.071
>NTTCCATTTN	21-NTTCCATTTN	6.416017	-0.154365	0	T:31.0(3.34%),B:9528.7(3.97%),P:1e0	Tpos:161.6,Tstd:25.5,Bpos:9906.8,Bstd:50120.8,StrandBias:0.6,Multiplicity:1.00
0.306	0.210	0.171	0.313
0.150	0.131	0.123	0.596
0.161	0.155	0.150	0.534
0.163	0.490	0.176	0.171
0.187	0.565	0.093	0.155
0.556	0.169	0.085	0.190
0.173	0.142	0.151	0.534
0.139	0.132	0.135	0.594
0.163	0.091	0.117	0.629
0.260	0.216	0.195	0.329
>WTTTGTTGAW	22-WTTTGTTGAW	6.785177	-0.001963	0	T:48.0(5.18%),B:18003.2(7.51%),P:1e0	Tpos:118.7,Tstd:42.3,Bpos:12844.0,Bstd:46816.4,StrandBias:-0.3,Multiplicity:1.05
0.355	0.187	0.103	0.354
0.195	0.052	0.017	0.736
0.137	0.103	0.111	0.649
0.137	0.021	0.092	0.750
0.074	0.225	0.443	0.257
0.198	0.156	0.074	0.572
0.130	0.013	0.130	0.727
0.129	0.241	0.466	0.164
0.689	0.101	0.061	0.149
0.324	0.145	0.167	0.365
>TGGAATCATC	23-TGGAATCATC	6.404373	-0.000002	0	T:153.0(16.50%),B:54242.9(22.61%),P:1e0	Tpos:78.0,Tstd:0.0,Bpos:12115.1,Bstd:41735.0,StrandBias:10.0,Multiplicity:1.00
0.100	0.100	0.100	0.700
0.100	0.100	0.700	0.100
0.100	0.100	0.700	0.100
0.700	0.100	0.100	0.100
0.700	0.100	0.100	0.100
0.100	0.100	0.100	0.700
0.100	0.700	0.100	0.100
0.700	0.100	0.100	0.100
0.100	0.100	0.100	0.700
0.100	0.700	0.100	0.100
>TTCTCTCTCT	24-TTCTCTCTCT	-1.379268	0.000000	0	T:927.0(100.00%),B:239853.7(100.00%),P:1e0	Tpos:91.0,Tstd:53.8,Bpos:14065.5,Bstd:53849.1,StrandBias:0.0,Multiplicity:1.50
0.100	0.100	0.100	0.700
0.100	0.100	0.100	0.700
0.100	0.700	0.100	0.100
0.100	0.100	0.100	0.700
0.100	0.700	0.100	0.100
0.100	0.100	0.100	0.700
0.100	0.700	0.100	0.100
0.100	0.100	0.100	0.700
0.100	0.700	0.100	0.100
0.100	0.100	0.100	0.700
>TCTGTCTCTC	25-TCTGTCTCTC	-7.216998	0.000000	0	T:927.0(100.00%),B:239853.7(100.00%),P:1e0	Tpos:88.6,Tstd:55.0,Bpos:14539.6,Bstd:56147.1,StrandBias:-0.0,Multiplicity:1.11
0.100	0.100	0.100	0.700
0.100	0.700	0.100	0.100
0.100	0.100	0.100	0.700
0.100	0.100	0.700	0.100
0.100	0.100	0.100	0.700
0.100	0.700	0.100	0.100
0.100	0.100	0.100	0.700
0.100	0.700	0.100	0.100
0.100	0.100	0.100	0.700
0.100	0.700	0.100	0.100
>ATGGAATGGAAT	1-ATGGAATGGAAT	15.090108	-63.102178	0	T:20.0(2.16%),B:84.8(0.04%),P:1e-27	Tpos:107.1,Tstd:58.9,Bpos:12398.9,Bstd:23242.1,StrandBias:0.2,Multiplicity:1.13
0.997	0.001	0.001	0.001
0.001	0.001	0.001	0.997
0.001	0.235	0.763	0.001
0.001	0.001	0.997	0.001
0.997	0.001	0.001	0.001
0.997	0.001	0.001	0.001
0.001	0.001	0.001	0.997
0.001	0.063	0.935	0.001
0.001	0.001	0.997	0.001
0.997	0.001	0.001	0.001
0.997	0.001	0.001	0.001
0.001	0.001	0.001	0.997
>NTBHHCWGVMHH	2-NTBHHCWGVMHH	4.405035	-62.830542	0	T:869.0(93.74%),B:194944.8(81.28%),P:1e-27	Tpos:90.4,Tstd:50.8,Bpos:12702.9,Bstd:51244.1,StrandBias:0.1,Multiplicity:1.43
0.193	0.302	0.236	0.269
0.400	0.001	0.001	0.598
0.001	0.349	0.387	0.264
0.264	0.401	0.001	0.334
0.330	0.401	0.001	0.269
0.283	0.580	0.001	0.136
0.490	0.001	0.001	0.508
0.001	0.001	0.997	0.001
0.302	0.231	0.311	0.156
0.283	0.387	0.165	0.165
0.368	0.273	0.001	0.358
0.278	0.222	0.137	0.363
>AATGGAATCATC	3-AATGGAATCATC	13.892185	-59.151836	0	T:20.0(2.16%),B:105.9(0.04%),P:1e-25	Tpos:111.4,Tstd:46.9,Bpos:16884.3,Bstd:65227.7,StrandBias:1.3,Multiplicity:1.31
0.889	0.001	0.001	0.109
0.963	0.001	0.035	0.001
0.001	0.051	0.001	0.947
0.034	0.001	0.932	0.033
0.022	0.001	0.950	0.027
0.997	0.001	0.001	0.001
0.965	0.001	0.033	0.001
0.001	0.001	0.001	0.997
0.071	0.799	0.001	0.129
0.973	0.001	0.001	0.025
0.215	0.001	0.001	0.783
0.001	0.951	0.001	0.047
>TCTCTCTCTCTC	4-TCTCTCTCTCTC	2.625881	-57.644603	0	T:900.0(97.09%),B:209510.9(87.35%),P:1e-25	Tpos:88.3,Tstd:50.6,Bpos:12841.0,Bstd:48547.2,StrandBias:0.1,Multiplicity:2.64
0.100	0.100	0.100	0.700
0.100	0.700	0.100	0.100
0.100	0.100	0.100	0.700
0.100	0.700	0.100	0.100
0.100	0.100	0.100	0.700
0.100	0.700	0.100	0.100
0.100	0.100	0.100	0.700
0.100	0.700	0.100	0.100
0.100	0.100	0.100	0.700
0.100	0.700	0.100	0.100
0.100	0.100	0.100	0.700
0.100	0.700	0.100	0.100
>CACTCGGGTTGA	5-CACTCGGGTTGA	13.730656	-49.082426	0	T:12.0(1.29%),B:18.0(0.01%),P:1e-21	Tpos:103.8,Tstd:46.0,Bpos:4419.5,Bstd:13245.1,StrandBias:0.5,Multiplicity:1.71
0.083	0.915	0.001	0.001
0.903	0.095	0.001	0.001
0.001	0.903	0.001	0.095
0.001	0.001	0.001	0.997
0.083	0.915	0.001	0.001
0.001	0.001	0.997	0.001
0.095	0.001	0.903	0.001
0.001	0.001	0.997	0.001
0.001	0.001	0.001	0.997
0.001	0.001	0.001	0.997
0.001	0.001	0.997	0.001
0.997	0.001	0.001	0.001
>TGGDDTKGWGDD	6-TGGDDTKGWGDD	4.011828	-48.969706	0	T:834.0(89.97%),B:186914.3(77.93%),P:1e-21	Tpos:91.5,Tstd:50.9,Bpos:13646.5,Bstd:53715.5,StrandBias:-0.0,Multiplicity:1.52
0.294	0.001	0.200	0.505
0.055	0.001	0.570	0.374
0.163	0.044	0.526	0.267
0.324	0.069	0.375	0.232
0.306	0.044	0.382	0.269
0.200	0.094	0.124	0.582
0.069	0.001	0.450	0.480
0.037	0.324	0.595	0.044
0.395	0.001	0.149	0.455
0.214	0.028	0.485	0.274
0.310	0.021	0.349	0.320
0.211	0.076	0.359	0.354
>GAWTGSAATCSA	7-GAWTGSAATCSA	11.127803	-46.554679	0	T:18.0(1.94%),B:144.9(0.06%),P:1e-20	Tpos:96.4,Tstd:52.3,Bpos:17327.8,Bstd:18444.3,StrandBias:-0.6,Multiplicity:3.78
0.008	0.397	0.594	0.001
0.940	0.040	0.019	0.001
0.417	0.069	0.086	0.428
0.001	0.100	0.001	0.898
0.071	0.343	0.510	0.076
0.020	0.406	0.548	0.026
0.972	0.001	0.001	0.026
0.474	0.109	0.117	0.300
0.001	0.113	0.001	0.885
0.030	0.534	0.380	0.056
0.082	0.416	0.501	0.001
0.894	0.001	0.001	0.104
>TWTKSMHTBWAA	8-TWTKSMHTBWAA	0.480878	-30.933130	0	T:805.0(86.84%),B:184788.0(77.04%),P:1e-13	Tpos:94.4,Tstd:51.5,Bpos:14744.2,Bstd:55406.0,StrandBias:0.2,Multiplicity:1.59
0.001	0.001	0.001	0.997
0.513	0.001	0.001	0.485
0.386	0.001	0.001	0.612
0.259	0.001	0.419	0.321
0.194	0.420	0.386	0.001
0.418	0.324	0.256	0.001
0.291	0.418	0.001	0.291
0.324	0.001	0.160	0.515
0.001	0.292	0.386	0.321
0.517	0.001	0.001	0.481
0.581	0.001	0.001	0.417
0.997	0.001	0.001	0.001
>GAATCATCGAAT	9-GAATCATCGAAT	13.496845	-29.597239	0	T:9.0(0.97%),B:36.5(0.02%),P:1e-12	Tpos:102.9,Tstd:50.5,Bpos:10530.7,Bstd:25610.9,StrandBias:1.6,Multiplicity:1.50
0.001	0.001	0.997	0.001
0.997	0.001	0.001	0.001
0.915	0.001	0.083	0.001
0.001	0.001	0.110	0.888
0.001	0.997	0.001	0.001
0.997	0.001	0.001	0.001
0.096	0.001	0.001	0.902
0.001	0.746	0.001	0.252
0.066	0.079	0.854	0.001
0.888	0.001	0.001	0.110
0.997	0.001	0.001	0.001
0.001	0.001	0.001	0.997
>HBARVHHNCWGN	10-HBARVHHNCWGN	3.865089	-28.739282	0	T:887.0(95.69%),B:213577.4(89.04%),P:1e-12	Tpos:92.5,Tstd:51.6,Bpos:12826.7,Bstd:50756.1,StrandBias:-0.0,Multiplicity:1.48
0.327	0.306	0.041	0.327
0.181	0.361	0.215	0.243
0.610	0.001	0.001	0.388
0.500	0.007	0.492	0.001
0.264	0.306	0.326	0.104
0.285	0.416	0.001	0.299
0.416	0.271	0.001	0.312
0.326	0.195	0.243	0.236
0.001	0.618	0.333	0.048
0.478	0.001	0.001	0.520
0.278	0.001	0.465	0.257
0.188	0.250	0.264	0.298
>AATGGAATGGAA	11-AATGGAATGGAA	10.599178	-20.954367	0	T:22.0(2.37%),B:1084.6(0.45%),P:1e-9	Tpos:98.2,Tstd:55.1,Bpos:13949.7,Bstd:35923.3,StrandBias:0.5,Multiplicity:1.80
0.783	0.132	0.036	0.049
0.664	0.161	0.174	0.001
0.050	0.042	0.001	0.907
0.064	0.256	0.534	0.146
0.102	0.139	0.758	0.001
0.956	0.042	0.001	0.001
0.655	0.193	0.140	0.012
0.039	0.079	0.058	0.824
0.068	0.249	0.583	0.100
0.206	0.150	0.561	0.083
0.847	0.092	0.017	0.044
0.731	0.158	0.090	0.021
>YTTTYTTYWTTT	12-YTTTYTTYWTTT	4.679681	-13.740502	0	T:692.0(74.65%),B:161758.5(67.44%),P:1e-5	Tpos:94.1,Tstd:52.3,Bpos:13925.0,Bstd:48429.5,StrandBias:0.1,Multiplicity:1.61
0.203	0.370	0.099	0.329
0.081	0.147	0.013	0.759
0.094	0.119	0.096	0.691
0.109	0.109	0.089	0.693
0.134	0.382	0.109	0.375
0.091	0.187	0.008	0.714
0.089	0.071	0.063	0.777
0.142	0.400	0.084	0.375
0.453	0.096	0.023	0.428
0.106	0.159	0.056	0.679
0.147	0.030	0.041	0.782
0.124	0.086	0.073	0.717
>AAAATTTTTWAT	13-AAAATTTTTWAT	-1.723430	-12.193374	0	T:683.0(73.68%),B:160499.9(66.92%),P:1e-5	Tpos:91.2,Tstd:50.8,Bpos:15166.6,Bstd:51833.3,StrandBias:-0.0,Multiplicity:1.69
0.629	0.074	0.001	0.296
0.888	0.001	0.001	0.110
0.814	0.001	0.037	0.148
0.629	0.001	0.001	0.369
0.184	0.001	0.001	0.814
0.406	0.001	0.001	0.592
0.221	0.001	0.001	0.777
0.073	0.001	0.001	0.925
0.147	0.001	0.001	0.851
0.407	0.001	0.037	0.555
0.851	0.001	0.037	0.111
0.332	0.001	0.001	0.666
>CTCTCTCTGTCT	14-CTCTCTCTGTCT	-1.791846	-8.972096	0	T:516.0(55.66%),B:118955.2(49.59%),P:1e-3	Tpos:85.9,Tstd:52.0,Bpos:12421.8,Bstd:46668.3,StrandBias:0.4,Multiplicity:1.53
0.001	0.893	0.064	0.042
0.001	0.001	0.001	0.997
0.001	0.758	0.118	0.123
0.001	0.055	0.001	0.943
0.001	0.769	0.177	0.053
0.082	0.001	0.001	0.916
0.001	0.891	0.107	0.001
0.001	0.001	0.001	0.997
0.001	0.308	0.690	0.001
0.001	0.192	0.176	0.631
0.001	0.997	0.001	0.001
0.001	0.001	0.083	0.915
>ATTCATCAAATG	15-ATTCATCAAATG	14.640156	-5.759565	0	T:6.0(0.65%),B:359.2(0.15%),P:1e-2	Tpos:123.0,Tstd:45.3,Bpos:12635.2,Bstd:46404.6,StrandBias:2.0,Multiplicity:1.00
0.997	0.001	0.001	0.001
0.249	0.001	0.001	0.749
0.001	0.001	0.001	0.997
0.001	0.997	0.001	0.001
0.997	0.001	0.001	0.001
0.249	0.001	0.001	0.749
0.001	0.997	0.001	0.001
0.997	0.001	0.001	0.001
0.997	0.001	0.001	0.001
0.997	0.001	0.001	0.001
0.001	0.001	0.001	0.997
0.249	0.001	0.749	0.001
>YCMADGSWSCWK	16-YCMADGSWSCWK	7.394753	-1.928031	0	T:3.0(0.32%),B:338.3(0.14%),P:1e0	Tpos:117.0,Tstd:6.0,Bpos:5901.9,Bstd:15314.4,StrandBias:0.0,Multiplicity:1.00
0.180	0.235	0.210	0.375
0.235	0.435	0.110	0.220
0.315	0.405	0.025	0.255
0.490	0.115	0.125	0.270
0.350	0.001	0.310	0.340
0.095	0.035	0.820	0.050
0.140	0.420	0.285	0.155
0.455	0.040	0.030	0.475
0.160	0.255	0.370	0.215
0.030	0.870	0.060	0.040
0.495	0.030	0.010	0.465
0.150	0.140	0.365	0.345
>CTGAAGCCTGAD	17-CTGAAGCCTGAD	9.251236	-1.633754	0	T:4.0(0.43%),B:588.0(0.25%),P:1e0	Tpos:45.4,Tstd:41.4,Bpos:6057.7,Bstd:20323.6,StrandBias:2.0,Multiplicity:1.25
0.151	0.556	0.151	0.142
0.414	0.004	0.004	0.578
0.063	0.113	0.803	0.021
0.477	0.234	0.180	0.109
0.674	0.021	0.125	0.180
0.213	0.146	0.494	0.146
0.243	0.465	0.109	0.184
0.192	0.740	0.001	0.067
0.225	0.001	0.001	0.773
0.042	0.067	0.816	0.075
0.490	0.092	0.285	0.134
0.243	0.176	0.360	0.222
>MWSARCWGSCTK	18-MWSARCWGSCTK	7.200600	-1.028842	0	T:7.0(0.76%),B:1493.1(0.62%),P:1e0	Tpos:125.0,Tstd:50.6,Bpos:11093.3,Bstd:47480.8,StrandBias:10.0,Multiplicity:1.00
0.278	0.409	0.116	0.196
0.429	0.102	0.001	0.468
0.151	0.435	0.412	0.003
0.435	0.264	0.023	0.278
0.375	0.185	0.250	0.190
0.239	0.446	0.202	0.114
0.476	0.001	0.001	0.522
0.020	0.001	0.661	0.318
0.062	0.429	0.301	0.207
0.150	0.625	0.001	0.224
0.358	0.059	0.001	0.582
0.136	0.131	0.440	0.293
>NYCMHRNDSCTB	19-NYCMHRNDSCTB	6.855650	-0.378357	0	T:5.0(0.54%),B:1495.5(0.62%),P:1e0	Tpos:156.2,Tstd:9.9,Bpos:8319.2,Bstd:34515.2,StrandBias:0.0,Multiplicity:1.00
0.204	0.264	0.255	0.277
0.001	0.492	0.001	0.506
0.277	0.518	0.001	0.204
0.472	0.526	0.001	0.001
0.420	0.283	0.001	0.296
0.369	0.001	0.446	0.184
0.244	0.176	0.297	0.283
0.347	0.001	0.283	0.369
0.001	0.362	0.439	0.198
0.001	0.617	0.001	0.381
0.001	0.001	0.001	0.997
0.165	0.211	0.302	0.323
>NNDNNCAKSHWN	20-NNDNNCAKSHWN	5.891732	-0.011114	0	T:3.0(0.32%),B:2137.1(0.89%),P:1e0	Tpos:132.0,Tstd:0.0,Bpos:9202.9,Bstd:33533.3,StrandBias:10.0,Multiplicity:1.00
0.285	0.305	0.179	0.232
0.258	0.199	0.232	0.311
0.377	0.001	0.291	0.331
0.232	0.218	0.331	0.219
0.305	0.179	0.278	0.238
0.001	0.997	0.001	0.001
0.582	0.001	0.001	0.416
0.001	0.001	0.522	0.476
0.001	0.477	0.476	0.046
0.324	0.351	0.001	0.324
0.456	0.001	0.001	0.542
0.232	0.212	0.298	0.258
>VTCHCTGBCYCT	21-VTCHCTGBCYCT	6.671129	-0.003136	0	T:33.0(3.56%),B:13034.6(5.43%),P:1e0	Tpos:169.0,Tstd:0.0,Bpos:10916.4,Bstd:35890.4,StrandBias:10.0,Multiplicity:1.00
0.317	0.335	0.232	0.116
0.134	0.257	0.127	0.482
0.134	0.574	0.255	0.037
0.261	0.348	0.031	0.360
0.134	0.518	0.165	0.183
0.317	0.001	0.061	0.621
0.001	0.001	0.997	0.001
0.183	0.281	0.194	0.342
0.183	0.408	0.159	0.250
0.110	0.397	0.134	0.359
0.006	0.549	0.164	0.281
0.165	0.310	0.043	0.482
>MAWCAACAGCAA	22-MAWCAACAGCAA	9.934598	-0.001112	0	T:30.0(3.24%),B:12691.1(5.29%),P:1e0	Tpos:103.9,Tstd:53.2,Bpos:12501.1,Bstd:39821.8,StrandBias:1.1,Multiplicity:1.00
0.499	0.499	0.001	0.001
0.997	0.001	0.001	0.001
0.500	0.001	0.133	0.367
0.244	0.754	0.001	0.001
0.754	0.001	0.001	0.244
0.997	0.001	0.001	0.001
0.001	0.997	0.001	0.001
0.877	0.001	0.001	0.121
0.377	0.001	0.621	0.001
0.255	0.500	0.001	0.244
0.997	0.001	0.001	0.001
0.611	0.266	0.001	0.122
>NNNNNNNNNNNN	23-NNNNNNNNNNNN	nan	0.000000	0	T:0.0(0.00%),B:0.0(0.00%),P:1e0	Tpos:0.0,Tstd:0.0,Bpos:0.0,Bstd:0.0,StrandBias:0.0,Multiplicity:1.00
nan	nan	nan	nan
nan	nan	nan	nan
nan	nan	nan	nan
nan	nan	nan	nan
nan	nan	nan	nan
nan	nan	nan	nan
nan	nan	nan	nan
nan	nan	nan	nan
nan	nan	nan	nan
nan	nan	nan	nan
nan	nan	nan	nan
nan	nan	nan	nan
>NNNNNNNNNNNN	24-NNNNNNNNNNNN	nan	0.000000	0	T:0.0(0.00%),B:0.0(0.00%),P:1e0	Tpos:0.0,Tstd:0.0,Bpos:0.0,Bstd:0.0,StrandBias:0.0,Multiplicity:1.00
nan	nan	nan	nan
nan	nan	nan	nan
nan	nan	nan	nan
nan	nan	nan	nan
nan	nan	nan	nan
nan	nan	nan	nan
nan	nan	nan	nan
nan	nan	nan	nan
nan	nan	nan	nan
nan	nan	nan	nan
nan	nan	nan	nan
nan	nan	nan	nan
>NNNNNNNNNNNN	25-NNNNNNNNNNNN	nan	0.000000	0	T:0.0(0.00%),B:0.0(0.00%),P:1e0	Tpos:0.0,Tstd:0.0,Bpos:0.0,Bstd:0.0,StrandBias:0.0,Multiplicity:1.00
nan	nan	nan	nan
nan	nan	nan	nan
nan	nan	nan	nan
nan	nan	nan	nan
nan	nan	nan	nan
nan	nan	nan	nan
nan	nan	nan	nan
nan	nan	nan	nan
nan	nan	nan	nan
nan	nan	nan	nan
nan	nan	nan	nan
nan	nan	nan	nan
>AVBTGSCA	1-AVBTGSCA	-0.481875	-43.947972	0	T:879.0(94.82%),B:205043.4(85.49%),P:1e-19	Tpos:90.4,Tstd:52.9,Bpos:10278.1,Bstd:40214.2,StrandBias:0.0,Multiplicity:1.60
0.997	0.001	0.001	0.001
0.220	0.338	0.272	0.170
0.169	0.305	0.323	0.203
0.001	0.001	0.001	0.997
0.321	0.001	0.492	0.186
0.221	0.406	0.272	0.102
0.001	0.997	0.001	0.001
0.997	0.001	0.001	0.001
>WTCCCTGW	2-WTCCCTGW	-0.310502	-39.573748	0	T:918.0(99.03%),B:223651.7(93.25%),P:1e-17	Tpos:89.9,Tstd:51.6,Bpos:11266.1,Bstd:44641.8,StrandBias:-0.0,Multiplicity:1.50
0.444	0.001	0.001	0.554
0.317	0.001	0.001	0.681
0.127	0.533	0.234	0.106
0.339	0.659	0.001	0.001
0.001	0.997	0.001	0.001
0.339	0.001	0.001	0.659
0.001	0.276	0.722	0.001
0.425	0.001	0.001	0.573
>TTSTWWGW	3-TTSTWWGW	-1.793528	-32.388856	0	T:889.0(95.90%),B:212999.2(88.80%),P:1e-14	Tpos:95.3,Tstd:52.5,Bpos:14552.0,Bstd:56811.1,StrandBias:0.0,Multiplicity:1.47
0.001	0.001	0.001	0.997
0.001	0.001	0.001	0.997
0.001	0.509	0.489	0.001
0.025	0.001	0.001	0.973
0.487	0.001	0.001	0.511
0.497	0.001	0.001	0.501
0.001	0.001	0.997	0.001
0.459	0.045	0.022	0.474
>CAGSATWA	4-CAGSATWA	-4.203533	-32.331814	0	T:888.0(95.79%),B:212631.6(88.65%),P:1e-14	Tpos:92.2,Tstd:51.4,Bpos:11033.0,Bstd:42875.8,StrandBias:-0.1,Multiplicity:1.59
0.001	0.997	0.001	0.001
0.932	0.001	0.001	0.066
0.001	0.001	0.997	0.001
0.001	0.525	0.473	0.001
0.932	0.001	0.001	0.066
0.001	0.001	0.001	0.997
0.503	0.001	0.001	0.495
0.997	0.001	0.001	0.001
>WSWSWWSW	5-WSWSWWSW	3.812668	-32.137845	0	T:801.0(86.41%),B:182973.6(76.29%),P:1e-13	Tpos:92.9,Tstd:51.7,Bpos:12523.3,Bstd:48847.9,StrandBias:-0.1,Multiplicity:1.61
0.390	0.098	0.157	0.355
0.007	0.531	0.461	0.001
0.432	0.001	0.051	0.516
0.009	0.455	0.494	0.042
0.435	0.108	0.054	0.403
0.276	0.135	0.163	0.425
0.001	0.549	0.449	0.001
0.437	0.154	0.001	0.408
>WWNWSWWW	6-WWNWSWWW	2.982967	-24.582366	0	T:839.0(90.51%),B:198659.5(82.83%),P:1e-10	Tpos:93.4,Tstd:51.8,Bpos:14006.3,Bstd:51814.6,StrandBias:-0.0,Multiplicity:1.60
0.372	0.147	0.106	0.375
0.355	0.147	0.094	0.404
0.244	0.281	0.209	0.266
0.396	0.144	0.039	0.421
0.116	0.485	0.398	0.001
0.424	0.150	0.002	0.424
0.369	0.135	0.150	0.347
0.420	0.097	0.097	0.386
>WWSCWWAW	7-WWSCWWAW	0.546791	-24.467987	0	T:817.0(88.13%),B:191677.2(79.91%),P:1e-10	Tpos:88.7,Tstd:51.5,Bpos:14644.6,Bstd:56444.3,StrandBias:0.2,Multiplicity:1.46
0.531	0.001	0.001	0.467
0.432	0.001	0.001	0.566
0.001	0.533	0.465	0.001
0.001	0.997	0.001	0.001
0.535	0.001	0.001	0.463
0.535	0.001	0.001	0.463
0.997	0.001	0.001	0.001
0.465	0.001	0.001	0.533
>WNYHHCHN	8-WNYHHCHN	2.794358	-21.027973	0	T:882.0(95.15%),B:214834.0(89.57%),P:1e-9	Tpos:89.6,Tstd:52.7,Bpos:12332.2,Bstd:47861.4,StrandBias:0.3,Multiplicity:1.47
0.347	0.228	0.001	0.423
0.284	0.250	0.191	0.275
0.001	0.318	0.260	0.421
0.308	0.294	0.001	0.397
0.308	0.286	0.001	0.405
0.001	0.601	0.397	0.001
0.361	0.273	0.001	0.365
0.309	0.229	0.229	0.233
>TTTTTTTT	9-TTTTTTTT	3.161983	-20.276081	0	T:770.0(83.06%),B:179644.8(74.90%),P:1e-8	Tpos:86.9,Tstd:52.3,Bpos:14387.6,Bstd:51028.2,StrandBias:0.1,Multiplicity:1.49
0.162	0.219	0.152	0.466
0.164	0.211	0.135	0.490
0.245	0.188	0.112	0.455
0.258	0.198	0.073	0.471
0.345	0.142	0.014	0.499
0.310	0.156	0.029	0.505
0.278	0.119	0.024	0.579
0.224	0.206	0.110	0.460
>WWAARAAW	10-WWAARAAW	3.397624	-19.549941	0	T:804.0(86.73%),B:190259.5(79.32%),P:1e-8	Tpos:89.3,Tstd:51.8,Bpos:14808.5,Bstd:52640.6,StrandBias:0.1,Multiplicity:1.66
0.389	0.051	0.116	0.443
0.389	0.125	0.170	0.316
0.436	0.196	0.145	0.223
0.509	0.001	0.198	0.292
0.434	0.219	0.322	0.026
0.432	0.161	0.137	0.271
0.616	0.001	0.001	0.382
0.527	0.001	0.035	0.437
>AWWNHWNW	11-AWWNHWNW	3.143731	-17.184346	0	T:807.0(87.06%),B:192537.4(80.27%),P:1e-7	Tpos:93.5,Tstd:52.7,Bpos:15527.4,Bstd:57072.0,StrandBias:-0.1,Multiplicity:1.55
0.550	0.341	0.108	0.001
0.565	0.001	0.001	0.433
0.357	0.129	0.195	0.319
0.291	0.209	0.178	0.322
0.349	0.263	0.032	0.356
0.481	0.001	0.001	0.517
0.217	0.250	0.260	0.273
0.409	0.249	0.001	0.340
>WTWWTSWW	12-WTWWTSWW	2.666631	-14.574561	0	T:860.0(92.77%),B:210520.2(87.77%),P:1e-6	Tpos:90.6,Tstd:51.4,Bpos:14405.0,Bstd:53869.5,StrandBias:-0.1,Multiplicity:1.57
0.306	0.158	0.139	0.398
0.225	0.207	0.190	0.378
0.391	0.124	0.101	0.383
0.332	0.188	0.116	0.363
0.353	0.001	0.141	0.505
0.001	0.488	0.510	0.001
0.313	0.202	0.084	0.401
0.303	0.165	0.172	0.360
>HATTTCCT	13-HATTTCCT	4.944288	-12.715578	0	T:618.0(66.67%),B:142418.7(59.38%),P:1e-5	Tpos:88.8,Tstd:51.7,Bpos:13693.4,Bstd:50020.3,StrandBias:-0.1,Multiplicity:1.47
0.306	0.256	0.081	0.357
0.850	0.094	0.006	0.050
0.193	0.001	0.001	0.805
0.018	0.006	0.001	0.975
0.087	0.144	0.137	0.632
0.031	0.918	0.001	0.050
0.200	0.494	0.012	0.294
0.025	0.006	0.001	0.968
>TTCATTTC	14-TTCATTTC	4.217060	-10.335872	0	T:627.0(67.64%),B:146910.7(61.25%),P:1e-4	Tpos:93.1,Tstd:52.3,Bpos:12534.7,Bstd:44689.1,StrandBias:0.1,Multiplicity:1.53
0.072	0.064	0.001	0.863
0.032	0.040	0.056	0.872
0.056	0.823	0.008	0.113
0.874	0.001	0.004	0.121
0.007	0.001	0.001	0.991
0.012	0.001	0.001	0.986
0.008	0.040	0.008	0.944
0.056	0.719	0.064	0.161
>AATAAAAA	15-AATAAAAA	4.667161	-8.967318	0	T:644.0(69.47%),B:152783.9(63.70%),P:1e-3	Tpos:89.2,Tstd:52.2,Bpos:14848.1,Bstd:52522.5,StrandBias:-0.1,Multiplicity:1.54
0.813	0.040	0.012	0.135
0.606	0.015	0.067	0.312
0.299	0.086	0.063	0.552
0.844	0.001	0.067	0.088
0.911	0.001	0.018	0.070
0.593	0.001	0.353	0.053
0.804	0.001	0.079	0.116
0.887	0.001	0.048	0.064
>AATGGAAT	16-AATGGAAT	-2.743184	-7.198161	0	T:525.0(56.63%),B:123203.2(51.37%),P:1e-3	Tpos:92.6,Tstd:52.9,Bpos:17630.3,Bstd:64730.9,StrandBias:-0.3,Multiplicity:2.47
0.997	0.001	0.001	0.001
0.997	0.001	0.001	0.001
0.001	0.050	0.001	0.948
0.001	0.001	0.997	0.001
0.001	0.001	0.997	0.001
0.997	0.001	0.001	0.001
0.997	0.001	0.001	0.001
0.001	0.001	0.001	0.997
>TGTGTGTG	17-TGTGTGTG	2.399224	-5.622380	0	T:916.0(98.81%),B:233842.3(97.49%),P:1e-2	Tpos:95.7,Tstd:51.7,Bpos:11687.4,Bstd:47250.6,StrandBias:-0.0,Multiplicity:1.76
0.100	0.100	0.100	0.700
0.100	0.100	0.700	0.100
0.100	0.100	0.100	0.700
0.100	0.100	0.700	0.100
0.100	0.100	0.100	0.700
0.100	0.100	0.700	0.100
0.100	0.100	0.100	0.700
0.100	0.100	0.700	0.100
>GAGGCCCT	18-GAGGCCCT	-0.737957	-4.547129	0	T:926.0(99.89%),B:238155.7(99.29%),P:1e-1	Tpos:87.7,Tstd:51.5,Bpos:9294.9,Bstd:37912.1,StrandBias:0.1,Multiplicity:1.50
0.044	0.111	0.734	0.111
0.689	0.001	0.199	0.111
0.111	0.022	0.756	0.111
0.066	0.155	0.778	0.001
0.111	0.690	0.066	0.133
0.022	0.867	0.022	0.089
0.001	0.867	0.088	0.044
0.155	0.178	0.001	0.666
>RAGTWGBW	19-RAGTWGBW	2.345629	-4.149851	0	T:920.0(99.24%),B:235926.0(98.36%),P:1e-1	Tpos:90.2,Tstd:51.6,Bpos:10710.6,Bstd:43014.9,StrandBias:-0.2,Multiplicity:1.48
0.410	0.203	0.295	0.091
0.676	0.035	0.239	0.050
0.139	0.121	0.681	0.059
0.171	0.206	0.192	0.430
0.410	0.050	0.097	0.442
0.080	0.080	0.728	0.112
0.015	0.298	0.325	0.363
0.419	0.094	0.086	0.401
>NKNVWDDS	20-NKNVWDDS	2.501769	-2.121096	0	T:926.0(99.89%),B:238906.6(99.61%),P:1e0	Tpos:90.6,Tstd:53.7,Bpos:10739.3,Bstd:41758.9,StrandBias:-0.1,Multiplicity:1.55
0.302	0.201	0.286	0.212
0.001	0.001	0.491	0.507
0.212	0.280	0.270	0.238
0.349	0.354	0.296	0.001
0.465	0.001	0.001	0.533
0.317	0.001	0.270	0.412
0.306	0.001	0.344	0.349
0.248	0.439	0.312	0.001
>NNNNGGGG	21-NNNNGGGG	-0.028136	-0.019287	0	T:927.0(100.00%),B:239848.2(100.00%),P:1e0	Tpos:88.9,Tstd:52.8,Bpos:11411.7,Bstd:47734.5,StrandBias:-0.1,Multiplicity:1.48
0.180	0.238	0.311	0.270
0.295	0.262	0.172	0.270
0.197	0.303	0.303	0.197
0.221	0.197	0.336	0.246
0.385	0.025	0.574	0.016
0.361	0.033	0.590	0.016
0.377	0.041	0.549	0.033
0.254	0.262	0.459	0.025
>CCAAGATG	22-CCAAGATG	7.727543	-0.000076	0	T:47.0(5.07%),B:19725.8(8.22%),P:1e0	Tpos:110.7,Tstd:51.1,Bpos:11472.9,Bstd:38425.4,StrandBias:-2.3,Multiplicity:1.00
0.001	0.699	0.299	0.001
0.001	0.997	0.001	0.001
0.699	0.001	0.001	0.299
0.997	0.001	0.001	0.001
0.001	0.001	0.699	0.299
0.700	0.100	0.100	0.100
0.001	0.001	0.001	0.997
0.001	0.199	0.799	0.001
>CTWGGYTG	23-CTWGGYTG	9.682028	-0.000036	0	T:23.0(2.48%),B:12042.6(5.02%),P:1e0	Tpos:111.0,Tstd:76.1,Bpos:12356.7,Bstd:39135.3,StrandBias:1.0,Multiplicity:1.00
0.001	0.997	0.001	0.001
0.001	0.001	0.001	0.997
0.499	0.001	0.001	0.499
0.001	0.001	0.997	0.001
0.001	0.001	0.997	0.001
0.001	0.499	0.001	0.499
0.001	0.001	0.001	0.997
0.001	0.001	0.997	0.001
>STAMTCTS	24-STAMTCTS	8.989884	-0.000004	0	T:34.0(3.67%),B:16924.7(7.06%),P:1e0	Tpos:137.0,Tstd:4.0,Bpos:11407.1,Bstd:40696.8,StrandBias:-10.0,Multiplicity:1.00
0.001	0.499	0.499	0.001
0.001	0.001	0.001	0.997
0.997	0.001	0.001	0.001
0.499	0.499	0.001	0.001
0.001	0.001	0.001	0.997
0.001	0.997	0.001	0.001
0.001	0.001	0.001	0.997
0.001	0.499	0.499	0.001
>AWATSTAS	25-AWATSTAS	8.989884	-0.000000	0	T:46.0(4.96%),B:23696.5(9.88%),P:1e0	Tpos:163.5,Tstd:9.5,Bpos:15743.8,Bstd:60415.0,StrandBias:-10.0,Multiplicity:1.00
0.997	0.001	0.001	0.001
0.499	0.001	0.001	0.499
0.997	0.001	0.001	0.001
0.001	0.001	0.001	0.997
0.001	0.499	0.499	0.001
0.001	0.001	0.001	0.997
0.997	0.001	0.001	0.001
0.001	0.499	0.499	0.001
