>ATGGAATGGAAT	1-ATGGAATGGAAT	15.090108	-63.102178	0	T:20.0(2.16%),B:84.8(0.04%),P:1e-27	Tpos:107.1,Tstd:58.9,Bpos:12398.9,Bstd:23242.1,StrandBias:0.2,Multiplicity:1.13
0.997	0.001	0.001	0.001
0.001	0.001	0.001	0.997
0.001	0.235	0.763	0.001
0.001	0.001	0.997	0.001
0.997	0.001	0.001	0.001
0.997	0.001	0.001	0.001
0.001	0.001	0.001	0.997
0.001	0.063	0.935	0.001
0.001	0.001	0.997	0.001
0.997	0.001	0.001	0.001
0.997	0.001	0.001	0.001
0.001	0.001	0.001	0.997
>NTBHHCWGVMHH	2-NTBHHCWGVMHH	4.405035	-62.830542	0	T:869.0(93.74%),B:194944.8(81.28%),P:1e-27	Tpos:90.4,Tstd:50.8,Bpos:12702.9,Bstd:51244.1,StrandBias:0.1,Multiplicity:1.43
0.193	0.302	0.236	0.269
0.400	0.001	0.001	0.598
0.001	0.349	0.387	0.264
0.264	0.401	0.001	0.334
0.330	0.401	0.001	0.269
0.283	0.580	0.001	0.136
0.490	0.001	0.001	0.508
0.001	0.001	0.997	0.001
0.302	0.231	0.311	0.156
0.283	0.387	0.165	0.165
0.368	0.273	0.001	0.358
0.278	0.222	0.137	0.363
>AATGGAATCATC	3-AATGGAATCATC	13.892185	-59.151836	0	T:20.0(2.16%),B:105.9(0.04%),P:1e-25	Tpos:111.4,Tstd:46.9,Bpos:16884.3,Bstd:65227.7,StrandBias:1.3,Multiplicity:1.31
0.889	0.001	0.001	0.109
0.963	0.001	0.035	0.001
0.001	0.051	0.001	0.947
0.034	0.001	0.932	0.033
0.022	0.001	0.950	0.027
0.997	0.001	0.001	0.001
0.965	0.001	0.033	0.001
0.001	0.001	0.001	0.997
0.071	0.799	0.001	0.129
0.973	0.001	0.001	0.025
0.215	0.001	0.001	0.783
0.001	0.951	0.001	0.047
>TCTCTCTCTCTC	4-TCTCTCTCTCTC	2.625881	-57.644603	0	T:900.0(97.09%),B:209510.9(87.35%),P:1e-25	Tpos:88.3,Tstd:50.6,Bpos:12841.0,Bstd:48547.2,StrandBias:0.1,Multiplicity:2.64
0.100	0.100	0.100	0.700
0.100	0.700	0.100	0.100
0.100	0.100	0.100	0.700
0.100	0.700	0.100	0.100
0.100	0.100	0.100	0.700
0.100	0.700	0.100	0.100
0.100	0.100	0.100	0.700
0.100	0.700	0.100	0.100
0.100	0.100	0.100	0.700
0.100	0.700	0.100	0.100
0.100	0.100	0.100	0.700
0.100	0.700	0.100	0.100
>CACTCGGGTTGA	5-CACTCGGGTTGA	13.730656	-49.082426	0	T:12.0(1.29%),B:18.0(0.01%),P:1e-21	Tpos:103.8,Tstd:46.0,Bpos:4419.5,Bstd:13245.1,StrandBias:0.5,Multiplicity:1.71
0.083	0.915	0.001	0.001
0.903	0.095	0.001	0.001
0.001	0.903	0.001	0.095
0.001	0.001	0.001	0.997
0.083	0.915	0.001	0.001
0.001	0.001	0.997	0.001
0.095	0.001	0.903	0.001
0.001	0.001	0.997	0.001
0.001	0.001	0.001	0.997
0.001	0.001	0.001	0.997
0.001	0.001	0.997	0.001
0.997	0.001	0.001	0.001
>TGGDDTKGWGDD	6-TGGDDTKGWGDD	4.011828	-48.969706	0	T:834.0(89.97%),B:186914.3(77.93%),P:1e-21	Tpos:91.5,Tstd:50.9,Bpos:13646.5,Bstd:53715.5,StrandBias:-0.0,Multiplicity:1.52
0.294	0.001	0.200	0.505
0.055	0.001	0.570	0.374
0.163	0.044	0.526	0.267
0.324	0.069	0.375	0.232
0.306	0.044	0.382	0.269
0.200	0.094	0.124	0.582
0.069	0.001	0.450	0.480
0.037	0.324	0.595	0.044
0.395	0.001	0.149	0.455
0.214	0.028	0.485	0.274
0.310	0.021	0.349	0.320
0.211	0.076	0.359	0.354
>GAWTGSAATCSA	7-GAWTGSAATCSA	11.127803	-46.554679	0	T:18.0(1.94%),B:144.9(0.06%),P:1e-20	Tpos:96.4,Tstd:52.3,Bpos:17327.8,Bstd:18444.3,StrandBias:-0.6,Multiplicity:3.78
0.008	0.397	0.594	0.001
0.940	0.040	0.019	0.001
0.417	0.069	0.086	0.428
0.001	0.100	0.001	0.898
0.071	0.343	0.510	0.076
0.020	0.406	0.548	0.026
0.972	0.001	0.001	0.026
0.474	0.109	0.117	0.300
0.001	0.113	0.001	0.885
0.030	0.534	0.380	0.056
0.082	0.416	0.501	0.001
0.894	0.001	0.001	0.104
>TWTKSMHTBWAA	8-TWTKSMHTBWAA	0.480878	-30.933130	0	T:805.0(86.84%),B:184788.0(77.04%),P:1e-13	Tpos:94.4,Tstd:51.5,Bpos:14744.2,Bstd:55406.0,StrandBias:0.2,Multiplicity:1.59
0.001	0.001	0.001	0.997
0.513	0.001	0.001	0.485
0.386	0.001	0.001	0.612
0.259	0.001	0.419	0.321
0.194	0.420	0.386	0.001
0.418	0.324	0.256	0.001
0.291	0.418	0.001	0.291
0.324	0.001	0.160	0.515
0.001	0.292	0.386	0.321
0.517	0.001	0.001	0.481
0.581	0.001	0.001	0.417
0.997	0.001	0.001	0.001
>GAATCATCGAAT	9-GAATCATCGAAT	13.496845	-29.597239	0	T:9.0(0.97%),B:36.5(0.02%),P:1e-12	Tpos:102.9,Tstd:50.5,Bpos:10530.7,Bstd:25610.9,StrandBias:1.6,Multiplicity:1.50
0.001	0.001	0.997	0.001
0.997	0.001	0.001	0.001
0.915	0.001	0.083	0.001
0.001	0.001	0.110	0.888
0.001	0.997	0.001	0.001
0.997	0.001	0.001	0.001
0.096	0.001	0.001	0.902
0.001	0.746	0.001	0.252
0.066	0.079	0.854	0.001
0.888	0.001	0.001	0.110
0.997	0.001	0.001	0.001
0.001	0.001	0.001	0.997
>HBARVHHNCWGN	10-HBARVHHNCWGN	3.865089	-28.739282	0	T:887.0(95.69%),B:213577.4(89.04%),P:1e-12	Tpos:92.5,Tstd:51.6,Bpos:12826.7,Bstd:50756.1,StrandBias:-0.0,Multiplicity:1.48
0.327	0.306	0.041	0.327
0.181	0.361	0.215	0.243
0.610	0.001	0.001	0.388
0.500	0.007	0.492	0.001
0.264	0.306	0.326	0.104
0.285	0.416	0.001	0.299
0.416	0.271	0.001	0.312
0.326	0.195	0.243	0.236
0.001	0.618	0.333	0.048
0.478	0.001	0.001	0.520
0.278	0.001	0.465	0.257
0.188	0.250	0.264	0.298
>AATGGAATGGAA	11-AATGGAATGGAA	10.599178	-20.954367	0	T:22.0(2.37%),B:1084.6(0.45%),P:1e-9	Tpos:98.2,Tstd:55.1,Bpos:13949.7,Bstd:35923.3,StrandBias:0.5,Multiplicity:1.80
0.783	0.132	0.036	0.049
0.664	0.161	0.174	0.001
0.050	0.042	0.001	0.907
0.064	0.256	0.534	0.146
0.102	0.139	0.758	0.001
0.956	0.042	0.001	0.001
0.655	0.193	0.140	0.012
0.039	0.079	0.058	0.824
0.068	0.249	0.583	0.100
0.206	0.150	0.561	0.083
0.847	0.092	0.017	0.044
0.731	0.158	0.090	0.021
>YTTTYTTYWTTT	12-YTTTYTTYWTTT	4.679681	-13.740502	0	T:692.0(74.65%),B:161758.5(67.44%),P:1e-5	Tpos:94.1,Tstd:52.3,Bpos:13925.0,Bstd:48429.5,StrandBias:0.1,Multiplicity:1.61
0.203	0.370	0.099	0.329
0.081	0.147	0.013	0.759
0.094	0.119	0.096	0.691
0.109	0.109	0.089	0.693
0.134	0.382	0.109	0.375
0.091	0.187	0.008	0.714
0.089	0.071	0.063	0.777
0.142	0.400	0.084	0.375
0.453	0.096	0.023	0.428
0.106	0.159	0.056	0.679
0.147	0.030	0.041	0.782
0.124	0.086	0.073	0.717
>AAAATTTTTWAT	13-AAAATTTTTWAT	-1.723430	-12.193374	0	T:683.0(73.68%),B:160499.9(66.92%),P:1e-5	Tpos:91.2,Tstd:50.8,Bpos:15166.6,Bstd:51833.3,StrandBias:-0.0,Multiplicity:1.69
0.629	0.074	0.001	0.296
0.888	0.001	0.001	0.110
0.814	0.001	0.037	0.148
0.629	0.001	0.001	0.369
0.184	0.001	0.001	0.814
0.406	0.001	0.001	0.592
0.221	0.001	0.001	0.777
0.073	0.001	0.001	0.925
0.147	0.001	0.001	0.851
0.407	0.001	0.037	0.555
0.851	0.001	0.037	0.111
0.332	0.001	0.001	0.666
>CTCTCTCTGTCT	14-CTCTCTCTGTCT	-1.791846	-8.972096	0	T:516.0(55.66%),B:118955.2(49.59%),P:1e-3	Tpos:85.9,Tstd:52.0,Bpos:12421.8,Bstd:46668.3,StrandBias:0.4,Multiplicity:1.53
0.001	0.893	0.064	0.042
0.001	0.001	0.001	0.997
0.001	0.758	0.118	0.123
0.001	0.055	0.001	0.943
0.001	0.769	0.177	0.053
0.082	0.001	0.001	0.916
0.001	0.891	0.107	0.001
0.001	0.001	0.001	0.997
0.001	0.308	0.690	0.001
0.001	0.192	0.176	0.631
0.001	0.997	0.001	0.001
0.001	0.001	0.083	0.915
>ATTCATCAAATG	15-ATTCATCAAATG	14.640156	-5.759565	0	T:6.0(0.65%),B:359.2(0.15%),P:1e-2	Tpos:123.0,Tstd:45.3,Bpos:12635.2,Bstd:46404.6,StrandBias:2.0,Multiplicity:1.00
0.997	0.001	0.001	0.001
0.249	0.001	0.001	0.749
0.001	0.001	0.001	0.997
0.001	0.997	0.001	0.001
0.997	0.001	0.001	0.001
0.249	0.001	0.001	0.749
0.001	0.997	0.001	0.001
0.997	0.001	0.001	0.001
0.997	0.001	0.001	0.001
0.997	0.001	0.001	0.001
0.001	0.001	0.001	0.997
0.249	0.001	0.749	0.001
>YCMADGSWSCWK	16-YCMADGSWSCWK	7.394753	-1.928031	0	T:3.0(0.32%),B:338.3(0.14%),P:1e0	Tpos:117.0,Tstd:6.0,Bpos:5901.9,Bstd:15314.4,StrandBias:0.0,Multiplicity:1.00
0.180	0.235	0.210	0.375
0.235	0.435	0.110	0.220
0.315	0.405	0.025	0.255
0.490	0.115	0.125	0.270
0.350	0.001	0.310	0.340
0.095	0.035	0.820	0.050
0.140	0.420	0.285	0.155
0.455	0.040	0.030	0.475
0.160	0.255	0.370	0.215
0.030	0.870	0.060	0.040
0.495	0.030	0.010	0.465
0.150	0.140	0.365	0.345
>CTGAAGCCTGAD	17-CTGAAGCCTGAD	9.251236	-1.633754	0	T:4.0(0.43%),B:588.0(0.25%),P:1e0	Tpos:45.4,Tstd:41.4,Bpos:6057.7,Bstd:20323.6,StrandBias:2.0,Multiplicity:1.25
0.151	0.556	0.151	0.142
0.414	0.004	0.004	0.578
0.063	0.113	0.803	0.021
0.477	0.234	0.180	0.109
0.674	0.021	0.125	0.180
0.213	0.146	0.494	0.146
0.243	0.465	0.109	0.184
0.192	0.740	0.001	0.067
0.225	0.001	0.001	0.773
0.042	0.067	0.816	0.075
0.490	0.092	0.285	0.134
0.243	0.176	0.360	0.222
>MWSARCWGSCTK	18-MWSARCWGSCTK	7.200600	-1.028842	0	T:7.0(0.76%),B:1493.1(0.62%),P:1e0	Tpos:125.0,Tstd:50.6,Bpos:11093.3,Bstd:47480.8,StrandBias:10.0,Multiplicity:1.00
0.278	0.409	0.116	0.196
0.429	0.102	0.001	0.468
0.151	0.435	0.412	0.003
0.435	0.264	0.023	0.278
0.375	0.185	0.250	0.190
0.239	0.446	0.202	0.114
0.476	0.001	0.001	0.522
0.020	0.001	0.661	0.318
0.062	0.429	0.301	0.207
0.150	0.625	0.001	0.224
0.358	0.059	0.001	0.582
0.136	0.131	0.440	0.293
>NYCMHRNDSCTB	19-NYCMHRNDSCTB	6.855650	-0.378357	0	T:5.0(0.54%),B:1495.5(0.62%),P:1e0	Tpos:156.2,Tstd:9.9,Bpos:8319.2,Bstd:34515.2,StrandBias:0.0,Multiplicity:1.00
0.204	0.264	0.255	0.277
0.001	0.492	0.001	0.506
0.277	0.518	0.001	0.204
0.472	0.526	0.001	0.001
0.420	0.283	0.001	0.296
0.369	0.001	0.446	0.184
0.244	0.176	0.297	0.283
0.347	0.001	0.283	0.369
0.001	0.362	0.439	0.198
0.001	0.617	0.001	0.381
0.001	0.001	0.001	0.997
0.165	0.211	0.302	0.323
>NNDNNCAKSHWN	20-NNDNNCAKSHWN	5.891732	-0.011114	0	T:3.0(0.32%),B:2137.1(0.89%),P:1e0	Tpos:132.0,Tstd:0.0,Bpos:9202.9,Bstd:33533.3,StrandBias:10.0,Multiplicity:1.00
0.285	0.305	0.179	0.232
0.258	0.199	0.232	0.311
0.377	0.001	0.291	0.331
0.232	0.218	0.331	0.219
0.305	0.179	0.278	0.238
0.001	0.997	0.001	0.001
0.582	0.001	0.001	0.416
0.001	0.001	0.522	0.476
0.001	0.477	0.476	0.046
0.324	0.351	0.001	0.324
0.456	0.001	0.001	0.542
0.232	0.212	0.298	0.258
>VTCHCTGBCYCT	21-VTCHCTGBCYCT	6.671129	-0.003136	0	T:33.0(3.56%),B:13034.6(5.43%),P:1e0	Tpos:169.0,Tstd:0.0,Bpos:10916.4,Bstd:35890.4,StrandBias:10.0,Multiplicity:1.00
0.317	0.335	0.232	0.116
0.134	0.257	0.127	0.482
0.134	0.574	0.255	0.037
0.261	0.348	0.031	0.360
0.134	0.518	0.165	0.183
0.317	0.001	0.061	0.621
0.001	0.001	0.997	0.001
0.183	0.281	0.194	0.342
0.183	0.408	0.159	0.250
0.110	0.397	0.134	0.359
0.006	0.549	0.164	0.281
0.165	0.310	0.043	0.482
>MAWCAACAGCAA	22-MAWCAACAGCAA	9.934598	-0.001112	0	T:30.0(3.24%),B:12691.1(5.29%),P:1e0	Tpos:103.9,Tstd:53.2,Bpos:12501.1,Bstd:39821.8,StrandBias:1.1,Multiplicity:1.00
0.499	0.499	0.001	0.001
0.997	0.001	0.001	0.001
0.500	0.001	0.133	0.367
0.244	0.754	0.001	0.001
0.754	0.001	0.001	0.244
0.997	0.001	0.001	0.001
0.001	0.997	0.001	0.001
0.877	0.001	0.001	0.121
0.377	0.001	0.621	0.001
0.255	0.500	0.001	0.244
0.997	0.001	0.001	0.001
0.611	0.266	0.001	0.122
>NNNNNNNNNNNN	23-NNNNNNNNNNNN	nan	0.000000	0	T:0.0(0.00%),B:0.0(0.00%),P:1e0	Tpos:0.0,Tstd:0.0,Bpos:0.0,Bstd:0.0,StrandBias:0.0,Multiplicity:1.00
nan	nan	nan	nan
nan	nan	nan	nan
nan	nan	nan	nan
nan	nan	nan	nan
nan	nan	nan	nan
nan	nan	nan	nan
nan	nan	nan	nan
nan	nan	nan	nan
nan	nan	nan	nan
nan	nan	nan	nan
nan	nan	nan	nan
nan	nan	nan	nan
>NNNNNNNNNNNN	24-NNNNNNNNNNNN	nan	0.000000	0	T:0.0(0.00%),B:0.0(0.00%),P:1e0	Tpos:0.0,Tstd:0.0,Bpos:0.0,Bstd:0.0,StrandBias:0.0,Multiplicity:1.00
nan	nan	nan	nan
nan	nan	nan	nan
nan	nan	nan	nan
nan	nan	nan	nan
nan	nan	nan	nan
nan	nan	nan	nan
nan	nan	nan	nan
nan	nan	nan	nan
nan	nan	nan	nan
nan	nan	nan	nan
nan	nan	nan	nan
nan	nan	nan	nan
>NNNNNNNNNNNN	25-NNNNNNNNNNNN	nan	0.000000	0	T:0.0(0.00%),B:0.0(0.00%),P:1e0	Tpos:0.0,Tstd:0.0,Bpos:0.0,Bstd:0.0,StrandBias:0.0,Multiplicity:1.00
nan	nan	nan	nan
nan	nan	nan	nan
nan	nan	nan	nan
nan	nan	nan	nan
nan	nan	nan	nan
nan	nan	nan	nan
nan	nan	nan	nan
nan	nan	nan	nan
nan	nan	nan	nan
nan	nan	nan	nan
nan	nan	nan	nan
nan	nan	nan	nan
