>AVBTGSCA	1-AVBTGSCA	-0.481875	-43.947972	0	T:879.0(94.82%),B:205043.4(85.49%),P:1e-19	Tpos:90.4,Tstd:52.9,Bpos:10278.1,Bstd:40214.2,StrandBias:0.0,Multiplicity:1.60
0.997	0.001	0.001	0.001
0.220	0.338	0.272	0.170
0.169	0.305	0.323	0.203
0.001	0.001	0.001	0.997
0.321	0.001	0.492	0.186
0.221	0.406	0.272	0.102
0.001	0.997	0.001	0.001
0.997	0.001	0.001	0.001
>WTCCCTGW	2-WTCCCTGW	-0.310502	-39.573748	0	T:918.0(99.03%),B:223651.7(93.25%),P:1e-17	Tpos:89.9,Tstd:51.6,Bpos:11266.1,Bstd:44641.8,StrandBias:-0.0,Multiplicity:1.50
0.444	0.001	0.001	0.554
0.317	0.001	0.001	0.681
0.127	0.533	0.234	0.106
0.339	0.659	0.001	0.001
0.001	0.997	0.001	0.001
0.339	0.001	0.001	0.659
0.001	0.276	0.722	0.001
0.425	0.001	0.001	0.573
>TTSTWWGW	3-TTSTWWGW	-1.793528	-32.388856	0	T:889.0(95.90%),B:212999.2(88.80%),P:1e-14	Tpos:95.3,Tstd:52.5,Bpos:14552.0,Bstd:56811.1,StrandBias:0.0,Multiplicity:1.47
0.001	0.001	0.001	0.997
0.001	0.001	0.001	0.997
0.001	0.509	0.489	0.001
0.025	0.001	0.001	0.973
0.487	0.001	0.001	0.511
0.497	0.001	0.001	0.501
0.001	0.001	0.997	0.001
0.459	0.045	0.022	0.474
>CAGSATWA	4-CAGSATWA	-4.203533	-32.331814	0	T:888.0(95.79%),B:212631.6(88.65%),P:1e-14	Tpos:92.2,Tstd:51.4,Bpos:11033.0,Bstd:42875.8,StrandBias:-0.1,Multiplicity:1.59
0.001	0.997	0.001	0.001
0.932	0.001	0.001	0.066
0.001	0.001	0.997	0.001
0.001	0.525	0.473	0.001
0.932	0.001	0.001	0.066
0.001	0.001	0.001	0.997
0.503	0.001	0.001	0.495
0.997	0.001	0.001	0.001
>WSWSWWSW	5-WSWSWWSW	3.812668	-32.137845	0	T:801.0(86.41%),B:182973.6(76.29%),P:1e-13	Tpos:92.9,Tstd:51.7,Bpos:12523.3,Bstd:48847.9,StrandBias:-0.1,Multiplicity:1.61
0.390	0.098	0.157	0.355
0.007	0.531	0.461	0.001
0.432	0.001	0.051	0.516
0.009	0.455	0.494	0.042
0.435	0.108	0.054	0.403
0.276	0.135	0.163	0.425
0.001	0.549	0.449	0.001
0.437	0.154	0.001	0.408
>WWNWSWWW	6-WWNWSWWW	2.982967	-24.582366	0	T:839.0(90.51%),B:198659.5(82.83%),P:1e-10	Tpos:93.4,Tstd:51.8,Bpos:14006.3,Bstd:51814.6,StrandBias:-0.0,Multiplicity:1.60
0.372	0.147	0.106	0.375
0.355	0.147	0.094	0.404
0.244	0.281	0.209	0.266
0.396	0.144	0.039	0.421
0.116	0.485	0.398	0.001
0.424	0.150	0.002	0.424
0.369	0.135	0.150	0.347
0.420	0.097	0.097	0.386
>WWSCWWAW	7-WWSCWWAW	0.546791	-24.467987	0	T:817.0(88.13%),B:191677.2(79.91%),P:1e-10	Tpos:88.7,Tstd:51.5,Bpos:14644.6,Bstd:56444.3,StrandBias:0.2,Multiplicity:1.46
0.531	0.001	0.001	0.467
0.432	0.001	0.001	0.566
0.001	0.533	0.465	0.001
0.001	0.997	0.001	0.001
0.535	0.001	0.001	0.463
0.535	0.001	0.001	0.463
0.997	0.001	0.001	0.001
0.465	0.001	0.001	0.533
>WNYHHCHN	8-WNYHHCHN	2.794358	-21.027973	0	T:882.0(95.15%),B:214834.0(89.57%),P:1e-9	Tpos:89.6,Tstd:52.7,Bpos:12332.2,Bstd:47861.4,StrandBias:0.3,Multiplicity:1.47
0.347	0.228	0.001	0.423
0.284	0.250	0.191	0.275
0.001	0.318	0.260	0.421
0.308	0.294	0.001	0.397
0.308	0.286	0.001	0.405
0.001	0.601	0.397	0.001
0.361	0.273	0.001	0.365
0.309	0.229	0.229	0.233
>TTTTTTTT	9-TTTTTTTT	3.161983	-20.276081	0	T:770.0(83.06%),B:179644.8(74.90%),P:1e-8	Tpos:86.9,Tstd:52.3,Bpos:14387.6,Bstd:51028.2,StrandBias:0.1,Multiplicity:1.49
0.162	0.219	0.152	0.466
0.164	0.211	0.135	0.490
0.245	0.188	0.112	0.455
0.258	0.198	0.073	0.471
0.345	0.142	0.014	0.499
0.310	0.156	0.029	0.505
0.278	0.119	0.024	0.579
0.224	0.206	0.110	0.460
>WWAARAAW	10-WWAARAAW	3.397624	-19.549941	0	T:804.0(86.73%),B:190259.5(79.32%),P:1e-8	Tpos:89.3,Tstd:51.8,Bpos:14808.5,Bstd:52640.6,StrandBias:0.1,Multiplicity:1.66
0.389	0.051	0.116	0.443
0.389	0.125	0.170	0.316
0.436	0.196	0.145	0.223
0.509	0.001	0.198	0.292
0.434	0.219	0.322	0.026
0.432	0.161	0.137	0.271
0.616	0.001	0.001	0.382
0.527	0.001	0.035	0.437
>AWWNHWNW	11-AWWNHWNW	3.143731	-17.184346	0	T:807.0(87.06%),B:192537.4(80.27%),P:1e-7	Tpos:93.5,Tstd:52.7,Bpos:15527.4,Bstd:57072.0,StrandBias:-0.1,Multiplicity:1.55
0.550	0.341	0.108	0.001
0.565	0.001	0.001	0.433
0.357	0.129	0.195	0.319
0.291	0.209	0.178	0.322
0.349	0.263	0.032	0.356
0.481	0.001	0.001	0.517
0.217	0.250	0.260	0.273
0.409	0.249	0.001	0.340
>WTWWTSWW	12-WTWWTSWW	2.666631	-14.574561	0	T:860.0(92.77%),B:210520.2(87.77%),P:1e-6	Tpos:90.6,Tstd:51.4,Bpos:14405.0,Bstd:53869.5,StrandBias:-0.1,Multiplicity:1.57
0.306	0.158	0.139	0.398
0.225	0.207	0.190	0.378
0.391	0.124	0.101	0.383
0.332	0.188	0.116	0.363
0.353	0.001	0.141	0.505
0.001	0.488	0.510	0.001
0.313	0.202	0.084	0.401
0.303	0.165	0.172	0.360
>HATTTCCT	13-HATTTCCT	4.944288	-12.715578	0	T:618.0(66.67%),B:142418.7(59.38%),P:1e-5	Tpos:88.8,Tstd:51.7,Bpos:13693.4,Bstd:50020.3,StrandBias:-0.1,Multiplicity:1.47
0.306	0.256	0.081	0.357
0.850	0.094	0.006	0.050
0.193	0.001	0.001	0.805
0.018	0.006	0.001	0.975
0.087	0.144	0.137	0.632
0.031	0.918	0.001	0.050
0.200	0.494	0.012	0.294
0.025	0.006	0.001	0.968
>TTCATTTC	14-TTCATTTC	4.217060	-10.335872	0	T:627.0(67.64%),B:146910.7(61.25%),P:1e-4	Tpos:93.1,Tstd:52.3,Bpos:12534.7,Bstd:44689.1,StrandBias:0.1,Multiplicity:1.53
0.072	0.064	0.001	0.863
0.032	0.040	0.056	0.872
0.056	0.823	0.008	0.113
0.874	0.001	0.004	0.121
0.007	0.001	0.001	0.991
0.012	0.001	0.001	0.986
0.008	0.040	0.008	0.944
0.056	0.719	0.064	0.161
>AATAAAAA	15-AATAAAAA	4.667161	-8.967318	0	T:644.0(69.47%),B:152783.9(63.70%),P:1e-3	Tpos:89.2,Tstd:52.2,Bpos:14848.1,Bstd:52522.5,StrandBias:-0.1,Multiplicity:1.54
0.813	0.040	0.012	0.135
0.606	0.015	0.067	0.312
0.299	0.086	0.063	0.552
0.844	0.001	0.067	0.088
0.911	0.001	0.018	0.070
0.593	0.001	0.353	0.053
0.804	0.001	0.079	0.116
0.887	0.001	0.048	0.064
>AATGGAAT	16-AATGGAAT	-2.743184	-7.198161	0	T:525.0(56.63%),B:123203.2(51.37%),P:1e-3	Tpos:92.6,Tstd:52.9,Bpos:17630.3,Bstd:64730.9,StrandBias:-0.3,Multiplicity:2.47
0.997	0.001	0.001	0.001
0.997	0.001	0.001	0.001
0.001	0.050	0.001	0.948
0.001	0.001	0.997	0.001
0.001	0.001	0.997	0.001
0.997	0.001	0.001	0.001
0.997	0.001	0.001	0.001
0.001	0.001	0.001	0.997
>TGTGTGTG	17-TGTGTGTG	2.399224	-5.622380	0	T:916.0(98.81%),B:233842.3(97.49%),P:1e-2	Tpos:95.7,Tstd:51.7,Bpos:11687.4,Bstd:47250.6,StrandBias:-0.0,Multiplicity:1.76
0.100	0.100	0.100	0.700
0.100	0.100	0.700	0.100
0.100	0.100	0.100	0.700
0.100	0.100	0.700	0.100
0.100	0.100	0.100	0.700
0.100	0.100	0.700	0.100
0.100	0.100	0.100	0.700
0.100	0.100	0.700	0.100
>GAGGCCCT	18-GAGGCCCT	-0.737957	-4.547129	0	T:926.0(99.89%),B:238155.7(99.29%),P:1e-1	Tpos:87.7,Tstd:51.5,Bpos:9294.9,Bstd:37912.1,StrandBias:0.1,Multiplicity:1.50
0.044	0.111	0.734	0.111
0.689	0.001	0.199	0.111
0.111	0.022	0.756	0.111
0.066	0.155	0.778	0.001
0.111	0.690	0.066	0.133
0.022	0.867	0.022	0.089
0.001	0.867	0.088	0.044
0.155	0.178	0.001	0.666
>RAGTWGBW	19-RAGTWGBW	2.345629	-4.149851	0	T:920.0(99.24%),B:235926.0(98.36%),P:1e-1	Tpos:90.2,Tstd:51.6,Bpos:10710.6,Bstd:43014.9,StrandBias:-0.2,Multiplicity:1.48
0.410	0.203	0.295	0.091
0.676	0.035	0.239	0.050
0.139	0.121	0.681	0.059
0.171	0.206	0.192	0.430
0.410	0.050	0.097	0.442
0.080	0.080	0.728	0.112
0.015	0.298	0.325	0.363
0.419	0.094	0.086	0.401
>NKNVWDDS	20-NKNVWDDS	2.501769	-2.121096	0	T:926.0(99.89%),B:238906.6(99.61%),P:1e0	Tpos:90.6,Tstd:53.7,Bpos:10739.3,Bstd:41758.9,StrandBias:-0.1,Multiplicity:1.55
0.302	0.201	0.286	0.212
0.001	0.001	0.491	0.507
0.212	0.280	0.270	0.238
0.349	0.354	0.296	0.001
0.465	0.001	0.001	0.533
0.317	0.001	0.270	0.412
0.306	0.001	0.344	0.349
0.248	0.439	0.312	0.001
>NNNNGGGG	21-NNNNGGGG	-0.028136	-0.019287	0	T:927.0(100.00%),B:239848.2(100.00%),P:1e0	Tpos:88.9,Tstd:52.8,Bpos:11411.7,Bstd:47734.5,StrandBias:-0.1,Multiplicity:1.48
0.180	0.238	0.311	0.270
0.295	0.262	0.172	0.270
0.197	0.303	0.303	0.197
0.221	0.197	0.336	0.246
0.385	0.025	0.574	0.016
0.361	0.033	0.590	0.016
0.377	0.041	0.549	0.033
0.254	0.262	0.459	0.025
>CCAAGATG	22-CCAAGATG	7.727543	-0.000076	0	T:47.0(5.07%),B:19725.8(8.22%),P:1e0	Tpos:110.7,Tstd:51.1,Bpos:11472.9,Bstd:38425.4,StrandBias:-2.3,Multiplicity:1.00
0.001	0.699	0.299	0.001
0.001	0.997	0.001	0.001
0.699	0.001	0.001	0.299
0.997	0.001	0.001	0.001
0.001	0.001	0.699	0.299
0.700	0.100	0.100	0.100
0.001	0.001	0.001	0.997
0.001	0.199	0.799	0.001
>CTWGGYTG	23-CTWGGYTG	9.682028	-0.000036	0	T:23.0(2.48%),B:12042.6(5.02%),P:1e0	Tpos:111.0,Tstd:76.1,Bpos:12356.7,Bstd:39135.3,StrandBias:1.0,Multiplicity:1.00
0.001	0.997	0.001	0.001
0.001	0.001	0.001	0.997
0.499	0.001	0.001	0.499
0.001	0.001	0.997	0.001
0.001	0.001	0.997	0.001
0.001	0.499	0.001	0.499
0.001	0.001	0.001	0.997
0.001	0.001	0.997	0.001
>STAMTCTS	24-STAMTCTS	8.989884	-0.000004	0	T:34.0(3.67%),B:16924.7(7.06%),P:1e0	Tpos:137.0,Tstd:4.0,Bpos:11407.1,Bstd:40696.8,StrandBias:-10.0,Multiplicity:1.00
0.001	0.499	0.499	0.001
0.001	0.001	0.001	0.997
0.997	0.001	0.001	0.001
0.499	0.499	0.001	0.001
0.001	0.001	0.001	0.997
0.001	0.997	0.001	0.001
0.001	0.001	0.001	0.997
0.001	0.499	0.499	0.001
>AWATSTAS	25-AWATSTAS	8.989884	-0.000000	0	T:46.0(4.96%),B:23696.5(9.88%),P:1e0	Tpos:163.5,Tstd:9.5,Bpos:15743.8,Bstd:60415.0,StrandBias:-10.0,Multiplicity:1.00
0.997	0.001	0.001	0.001
0.499	0.001	0.001	0.499
0.997	0.001	0.001	0.001
0.001	0.001	0.001	0.997
0.001	0.499	0.499	0.001
0.001	0.001	0.001	0.997
0.997	0.001	0.001	0.001
0.001	0.499	0.499	0.001
