>WAAAAAAAAAAW	12-WAAAAAAAAAAW	3.560643	-20.671662	0	T:755.0(81.45%),B:173003.4(72.96%),P:1e-8
0.425	0.219	0.071	0.286
0.610	0.093	0.031	0.266
0.603	0.159	0.107	0.131
0.622	0.155	0.050	0.173
0.660	0.124	0.045	0.171
0.603	0.129	0.079	0.189
0.523	0.093	0.063	0.321
0.596	0.129	0.111	0.164
0.608	0.120	0.071	0.201
0.565	0.162	0.052	0.221
0.753	0.062	0.039	0.146
0.415	0.119	0.094	0.372
