>CTCTCTCTGTCT	14-CTCTCTCTGTCT	4.525176	-14.295980	0	T:537.0(57.93%),B:118345.0(49.91%),P:1e-6
0.092	0.745	0.070	0.093
0.107	0.097	0.050	0.746
0.050	0.740	0.118	0.092
0.084	0.079	0.036	0.801
0.114	0.694	0.100	0.092
0.074	0.075	0.049	0.802
0.073	0.739	0.117	0.071
0.051	0.038	0.024	0.887
0.100	0.147	0.647	0.106
0.094	0.091	0.088	0.727
0.073	0.702	0.125	0.100
0.102	0.077	0.050	0.771
