>AAWTTWTSAAAD	16-HTTTSAWAAWTT	1.618911	-9.295497	0	T:920.0(99.24%),B:231253.5(97.53%),P:1e-4
0.649	0.149	0.149	0.053
0.605	0.044	0.140	0.211
0.377	0.193	0.175	0.255
0.333	0.044	0.105	0.518
0.228	0.175	0.044	0.553
0.307	0.210	0.114	0.369
0.018	0.053	0.298	0.631
0.158	0.404	0.351	0.088
0.789	0.184	0.026	0.001
0.430	0.202	0.246	0.123
0.746	0.105	0.123	0.026
0.316	0.167	0.193	0.324
