>TSGAATGGAATS	11-TSGAATGGAATS	9.557190	-22.004000	0	T:28.0(3.02%),B:1649.8(0.70%),P:1e-9
0.019	0.162	0.001	0.818
0.100	0.375	0.403	0.122
0.152	0.136	0.512	0.200
0.901	0.011	0.038	0.050
0.648	0.127	0.121	0.104
0.001	0.052	0.045	0.902
0.143	0.249	0.561	0.047
0.036	0.163	0.718	0.083
0.957	0.001	0.028	0.014
0.695	0.122	0.182	0.001
0.045	0.001	0.001	0.953
0.120	0.401	0.363	0.116
