>WATKMAATGGAN	9-WATKMAATGGAN	3.659087	-38.700021	0	T:860.0(92.77%),B:197588.3(83.33%),P:1e-16
0.307	0.155	0.149	0.390
0.566	0.101	0.021	0.312
0.107	0.080	0.283	0.530
0.110	0.214	0.274	0.402
0.381	0.271	0.155	0.193
0.559	0.372	0.039	0.030
0.550	0.384	0.048	0.018
0.208	0.015	0.143	0.634
0.035	0.001	0.664	0.300
0.158	0.235	0.455	0.152
0.753	0.054	0.080	0.113
0.286	0.217	0.235	0.262
