>HTTTSAWAAWTT	16-HTTTSAWAAWTT,BestGuess:CHR(?)/Hela-CellCycle-Expression/Homer(0.646)	1.618911	-9.295497	0	T:920.0(99.24%),B:231253.5(97.53%),P:1e-4
0.324	0.193	0.167	0.316
0.026	0.123	0.105	0.746
0.123	0.246	0.202	0.430
0.001	0.026	0.184	0.789
0.088	0.351	0.404	0.158
0.631	0.298	0.053	0.018
0.369	0.114	0.210	0.307
0.553	0.044	0.175	0.228
0.518	0.105	0.044	0.333
0.255	0.175	0.193	0.377
0.211	0.140	0.044	0.605
0.053	0.149	0.149	0.649
