>SAGSAGCHYCAS	21-SAGSAGCHYCAS,BestGuess:PRDM9(Zf)/Testis-DMC1-ChIP-Seq(GSE35498)/Homer(0.676)	7.058991	-0.000002	0	T:38.0(4.10%),B:18552.2(7.82%),P:1e0
0.196	0.353	0.315	0.137
0.724	0.020	0.118	0.138
0.177	0.039	0.686	0.098
0.059	0.412	0.431	0.098
0.528	0.001	0.215	0.256
0.098	0.098	0.745	0.059
0.275	0.450	0.118	0.158
0.353	0.333	0.060	0.255
0.196	0.392	0.118	0.294
0.039	0.921	0.020	0.020
0.666	0.098	0.039	0.197
0.039	0.392	0.333	0.236
