>VNNCCAGGCTGN	8-VNNCCAGGCTGN,BestGuess:Smad3(MAD)/NPC-Smad3-ChIP-Seq(GSE36673)/Homer(0.637)	3.435958	-44.522128	0	T:881.0(95.04%),B:203279.1(85.73%),P:1e-19
0.343	0.210	0.266	0.181
0.299	0.181	0.207	0.314
0.299	0.214	0.280	0.207
0.001	0.557	0.343	0.099
0.265	0.528	0.001	0.206
0.604	0.001	0.001	0.394
0.203	0.001	0.545	0.251
0.001	0.295	0.494	0.210
0.207	0.461	0.085	0.247
0.294	0.001	0.001	0.704
0.007	0.063	0.631	0.299
0.188	0.284	0.277	0.251
