>ATGAGTCA	1-ATGAGTCA	6.195278	-1174.181005	0	T:2186.0(19.22%),B:10411.5(5.54%),P:1e-509	Tpos:144.8,Tstd:115.1,Bpos:3843.2,Bstd:9875.3,StrandBias:0.0,Multiplicity:1.30
0.576	0.219	0.165	0.040
0.001	0.001	0.001	0.997
0.001	0.001	0.977	0.021
0.978	0.003	0.001	0.018
0.034	0.236	0.686	0.044
0.001	0.001	0.001	0.997
0.020	0.978	0.001	0.001
0.997	0.001	0.001	0.001
>DRBRGAAW	2-DRBRGAAW	3.371475	-897.205024	0	T:9973.0(87.68%),B:132681.8(70.64%),P:1e-389	Tpos:145.1,Tstd:120.4,Bpos:5503.5,Bstd:22111.7,StrandBias:0.0,Multiplicity:2.01
0.347	0.001	0.392	0.260
0.408	0.235	0.331	0.026
0.188	0.228	0.341	0.243
0.348	0.001	0.414	0.237
0.335	0.001	0.663	0.001
0.666	0.001	0.001	0.332
0.592	0.001	0.001	0.406
0.534	0.001	0.001	0.464
>WAGGYWSS	3-WAGGYWSS	3.518948	-812.595184	0	T:9911.0(87.14%),B:133158.2(70.89%),P:1e-352	Tpos:140.7,Tstd:115.4,Bpos:2917.2,Bstd:10361.5,StrandBias:-0.0,Multiplicity:1.80
0.504	0.001	0.001	0.494
0.579	0.001	0.001	0.419
0.289	0.001	0.542	0.168
0.157	0.228	0.506	0.109
0.149	0.401	0.177	0.272
0.545	0.001	0.001	0.453
0.237	0.302	0.434	0.028
0.088	0.444	0.311	0.158
>GDCWAACA	4-GDCWAACA	0.658996	-736.493933	0	T:10929.0(96.09%),B:159220.9(84.76%),P:1e-319	Tpos:143.3,Tstd:120.2,Bpos:2457.9,Bstd:9120.5,StrandBias:0.0,Multiplicity:1.71
0.418	0.001	0.580	0.001
0.365	0.001	0.345	0.289
0.001	0.789	0.209	0.001
0.475	0.001	0.001	0.523
0.997	0.001	0.001	0.001
0.888	0.001	0.110	0.001
0.110	0.523	0.341	0.026
0.602	0.054	0.162	0.182
>RTCACGTG	5-RTCACGTG	4.119906	-657.506005	0	T:6153.0(54.10%),B:69271.9(36.88%),P:1e-285	Tpos:143.9,Tstd:121.4,Bpos:3744.3,Bstd:12852.4,StrandBias:0.0,Multiplicity:1.67
0.329	0.200	0.400	0.071
0.129	0.211	0.114	0.546
0.006	0.929	0.059	0.006
0.918	0.030	0.015	0.037
0.006	0.738	0.001	0.255
0.308	0.015	0.630	0.047
0.053	0.028	0.026	0.893
0.029	0.022	0.948	0.001
>GSSACTGS	6-GSSACTGS	3.528784	-619.368047	0	T:11140.0(97.94%),B:167772.8(89.32%),P:1e-268	Tpos:142.1,Tstd:115.7,Bpos:2045.8,Bstd:7311.9,StrandBias:-0.0,Multiplicity:1.70
0.246	0.001	0.495	0.258
0.001	0.305	0.432	0.262
0.095	0.366	0.355	0.183
0.655	0.001	0.001	0.343
0.001	0.580	0.418	0.001
0.402	0.001	0.001	0.596
0.278	0.001	0.489	0.233
0.215	0.367	0.240	0.179
>CWCWGAGA	7-CWCWGAGA	-0.197350	-562.507451	0	T:10485.0(92.18%),B:151704.7(80.76%),P:1e-244	Tpos:142.1,Tstd:118.8,Bpos:3573.5,Bstd:16532.6,StrandBias:-0.0,Multiplicity:1.67
0.001	0.657	0.341	0.001
0.446	0.001	0.001	0.552
0.001	0.870	0.128	0.001
0.563	0.001	0.001	0.435
0.001	0.402	0.596	0.001
0.806	0.001	0.001	0.192
0.001	0.192	0.806	0.001
0.663	0.001	0.001	0.335
>WKGCTGST	8-WKGCTGST	1.663017	-550.443802	0	T:10633.0(93.49%),B:155491.4(82.78%),P:1e-239	Tpos:143.9,Tstd:118.2,Bpos:1999.8,Bstd:7955.6,StrandBias:0.0,Multiplicity:1.90
0.445	0.001	0.001	0.553
0.106	0.001	0.436	0.457
0.001	0.245	0.753	0.001
0.001	0.945	0.053	0.001
0.280	0.001	0.001	0.718
0.001	0.001	0.997	0.001
0.001	0.503	0.495	0.001
0.246	0.026	0.249	0.479
>HAWWTYAT	9-HAWWTYAT	2.627790	-538.603458	0	T:8724.0(76.70%),B:116336.4(61.93%),P:1e-233	Tpos:141.0,Tstd:118.8,Bpos:7742.9,Bstd:22703.2,StrandBias:0.0,Multiplicity:2.23
0.354	0.302	0.063	0.281
0.451	0.180	0.073	0.296
0.517	0.001	0.001	0.481
0.435	0.001	0.001	0.563
0.207	0.112	0.122	0.559
0.147	0.391	0.029	0.433
0.783	0.067	0.149	0.001
0.089	0.355	0.001	0.555
>TSWBCCCC	10-TSWBCCCC	3.851536	-521.685839	0	T:10662.0(93.74%),B:156856.7(83.51%),P:1e-226	Tpos:144.1,Tstd:119.2,Bpos:2014.8,Bstd:6904.1,StrandBias:0.0,Multiplicity:1.71
0.317	0.001	0.001	0.681
0.074	0.416	0.509	0.001
0.497	0.001	0.001	0.501
0.094	0.361	0.299	0.247
0.158	0.545	0.222	0.075
0.188	0.497	0.001	0.313
0.252	0.565	0.001	0.182
0.173	0.698	0.001	0.128
>AAWGDNNW	11-AAWGDNNW	2.827393	-501.024647	0	T:10148.0(89.22%),B:145681.3(77.56%),P:1e-217	Tpos:142.2,Tstd:120.8,Bpos:5781.4,Bstd:23548.2,StrandBias:0.0,Multiplicity:1.74
0.504	0.092	0.089	0.315
0.412	0.170	0.170	0.248
0.492	0.001	0.141	0.366
0.001	0.001	0.997	0.001
0.319	0.109	0.304	0.268
0.223	0.228	0.272	0.277
0.326	0.215	0.239	0.221
0.348	0.167	0.166	0.320
>WTTKTTWW	12-WTTKTTWW	2.479311	-449.575653	0	T:9150.0(80.45%),B:126939.0(67.58%),P:1e-195	Tpos:143.4,Tstd:121.7,Bpos:7605.4,Bstd:25814.5,StrandBias:-0.0,Multiplicity:1.88
0.376	0.047	0.064	0.513
0.099	0.144	0.167	0.590
0.138	0.090	0.132	0.640
0.124	0.109	0.399	0.368
0.109	0.153	0.146	0.592
0.035	0.109	0.338	0.518
0.356	0.090	0.118	0.436
0.426	0.114	0.136	0.324
>TRTGWATD	13-TRTGWATD	3.315655	-388.382181	0	T:8736.0(76.81%),B:121048.0(64.44%),P:1e-168	Tpos:140.3,Tstd:118.6,Bpos:7802.0,Bstd:25244.5,StrandBias:0.1,Multiplicity:1.95
0.155	0.023	0.038	0.784
0.491	0.001	0.501	0.007
0.088	0.001	0.001	0.910
0.249	0.118	0.585	0.048
0.359	0.180	0.119	0.341
0.453	0.169	0.245	0.133
0.345	0.039	0.024	0.592
0.265	0.174	0.226	0.335
>ACWCAYAT	14-ACWCAYAT	0.829713	-376.767240	0	T:7724.0(67.91%),B:103304.7(55.00%),P:1e-163	Tpos:147.3,Tstd:131.2,Bpos:6822.1,Bstd:21974.0,StrandBias:-0.0,Multiplicity:2.11
0.582	0.010	0.001	0.407
0.001	0.557	0.035	0.407
0.433	0.206	0.001	0.360
0.001	0.997	0.001	0.001
0.997	0.001	0.001	0.001
0.001	0.459	0.001	0.539
0.986	0.001	0.012	0.001
0.001	0.048	0.001	0.950
>AATAGAAM	15-AATAGAAM	-4.703537	-370.279040	0	T:11186.0(98.35%),B:174122.1(92.70%),P:1e-160	Tpos:141.9,Tstd:118.2,Bpos:4196.5,Bstd:18916.5,StrandBias:0.0,Multiplicity:1.63
0.997	0.001	0.001	0.001
0.859	0.001	0.004	0.136
0.136	0.001	0.049	0.814
0.997	0.001	0.001	0.001
0.001	0.048	0.950	0.001
0.713	0.013	0.138	0.136
0.827	0.001	0.001	0.171
0.426	0.426	0.147	0.001
>AASAGBWA	16-AASAGBWA	2.049760	-296.105365	0	T:9800.0(86.16%),B:144443.1(76.90%),P:1e-128	Tpos:142.1,Tstd:117.5,Bpos:4298.6,Bstd:18490.2,StrandBias:0.0,Multiplicity:1.63
0.666	0.001	0.001	0.332
0.708	0.001	0.001	0.290
0.001	0.556	0.442	0.001
0.641	0.001	0.001	0.357
0.059	0.001	0.939	0.001
0.103	0.268	0.347	0.281
0.572	0.001	0.001	0.426
0.615	0.142	0.210	0.033
>TTCCCCAG	17-TTCCCCAG	2.399224	-31.960842	0	T:11372.0(99.98%),B:187185.6(99.65%),P:1e-13	Tpos:146.5,Tstd:117.8,Bpos:1328.6,Bstd:6462.5,StrandBias:-0.0,Multiplicity:3.40
0.100	0.100	0.100	0.700
0.100	0.100	0.100	0.700
0.100	0.700	0.100	0.100
0.100	0.700	0.100	0.100
0.100	0.700	0.100	0.100
0.100	0.700	0.100	0.100
0.700	0.100	0.100	0.100
0.100	0.100	0.700	0.100
>NVACCTGA	18-NVACCTGA	-2.253887	-15.354274	0	T:11374.0(100.00%),B:187579.1(99.86%),P:1e-6	Tpos:142.3,Tstd:117.6,Bpos:2764.0,Bstd:13184.8,StrandBias:0.0,Multiplicity:1.68
0.281	0.213	0.184	0.323
0.253	0.367	0.226	0.155
0.996	0.002	0.001	0.001
0.182	0.578	0.071	0.169
0.168	0.578	0.043	0.211
0.001	0.001	0.001	0.997
0.001	0.001	0.997	0.001
0.449	0.269	0.197	0.085
>AAAACCCC	19-AAAACCCC	0.000000	-0.470321	0	T:11374.0(100.00%),B:187832.8(100.00%),P:1e0
0.700	0.100	0.100	0.100
0.700	0.100	0.100	0.100
0.700	0.100	0.100	0.100
0.700	0.100	0.100	0.100
0.100	0.700	0.100	0.100
0.100	0.700	0.100	0.100
0.100	0.700	0.100	0.100
0.100	0.700	0.100	0.100
>TGCACACA	20-TGCACACA	0.000000	-0.058789	0	T:11374.0(100.00%),B:187839.7(100.00%),P:1e0
0.100	0.100	0.100	0.700
0.100	0.100	0.700	0.100
0.100	0.700	0.100	0.100
0.700	0.100	0.100	0.100
0.100	0.700	0.100	0.100
0.700	0.100	0.100	0.100
0.100	0.700	0.100	0.100
0.700	0.100	0.100	0.100
>GGAAGGGG	21-GGAAGGGG	0.453314	0.000000	0	T:11374.0(100.00%),B:187840.4(100.00%),P:1e0	Tpos:145.8,Tstd:116.3,Bpos:1512.2,Bstd:10135.7,StrandBias:-0.0,Multiplicity:2.94
0.100	0.100	0.700	0.100
0.100	0.100	0.700	0.100
0.700	0.100	0.100	0.100
0.700	0.100	0.100	0.100
0.100	0.100	0.700	0.100
0.100	0.100	0.700	0.100
0.100	0.100	0.700	0.100
0.100	0.100	0.700	0.100
>GCGCCGCG	22-GCGCCGCG	-34.120471	0.000000	0	T:11374.0(100.00%),B:187840.5(100.00%),P:1e0	Tpos:142.0,Tstd:120.7,Bpos:4337.4,Bstd:19169.6,StrandBias:0.0,Multiplicity:1.50
0.001	0.001	0.997	0.001
0.001	0.997	0.001	0.001
0.001	0.001	0.997	0.001
0.001	0.570	0.405	0.024
0.001	0.974	0.001	0.024
0.001	0.032	0.966	0.001
0.032	0.966	0.001	0.001
0.001	0.371	0.627	0.001
>GAAGTGGG	23-GAAGTGGG	0.000000	0.000000	0	T:11374.0(100.00%),B:187840.5(100.00%),P:1e0
0.100	0.100	0.700	0.100
0.700	0.100	0.100	0.100
0.700	0.100	0.100	0.100
0.100	0.100	0.700	0.100
0.100	0.100	0.100	0.700
0.100	0.100	0.700	0.100
0.100	0.100	0.700	0.100
0.100	0.100	0.700	0.100
>CACAGCAG	24-CACAGCAG	0.000000	0.000000	0	T:11374.0(100.00%),B:187840.5(100.00%),P:1e0
0.100	0.700	0.100	0.100
0.700	0.100	0.100	0.100
0.100	0.700	0.100	0.100
0.700	0.100	0.100	0.100
0.100	0.100	0.700	0.100
0.100	0.700	0.100	0.100
0.700	0.100	0.100	0.100
0.100	0.100	0.700	0.100
>ACACAGCC	25-ACACAGCC	0.000000	0.000000	0	T:11374.0(100.00%),B:187840.3(100.00%),P:1e0
0.700	0.100	0.100	0.100
0.100	0.700	0.100	0.100
0.700	0.100	0.100	0.100
0.100	0.700	0.100	0.100
0.700	0.100	0.100	0.100
0.100	0.100	0.700	0.100
0.100	0.700	0.100	0.100
0.100	0.700	0.100	0.100
