>AYTTCCCCWY	1-AYTTCCCCWY	4.577652	-1174.684548	0	T:8778.0(77.18%),B:102851.7(54.75%),P:1e-510	Tpos:144.9,Tstd:118.1,Bpos:4515.0,Bstd:19827.4,StrandBias:0.0,Multiplicity:1.98
0.487	0.232	0.259	0.022
0.075	0.395	0.139	0.391
0.094	0.035	0.001	0.870
0.101	0.125	0.079	0.695
0.085	0.711	0.071	0.133
0.038	0.920	0.001	0.041
0.177	0.424	0.176	0.223
0.028	0.656	0.171	0.145
0.332	0.244	0.029	0.395
0.121	0.403	0.132	0.344
>GGRARGGGRA	2-GGRARGGGRA	4.383974	-901.095495	0	T:9372.0(82.40%),B:120017.5(63.89%),P:1e-391	Tpos:143.1,Tstd:119.7,Bpos:3337.0,Bstd:13863.0,StrandBias:-0.0,Multiplicity:1.77
0.235	0.010	0.603	0.152
0.260	0.096	0.567	0.077
0.469	0.035	0.429	0.067
0.632	0.001	0.303	0.064
0.391	0.014	0.526	0.069
0.233	0.001	0.522	0.244
0.024	0.003	0.849	0.124
0.178	0.061	0.638	0.123
0.465	0.052	0.382	0.101
0.657	0.050	0.191	0.102
>RRGGGRAGGG	3-RRGGGRAGGG	3.615497	-823.052773	0	T:10461.0(91.97%),B:145401.9(77.41%),P:1e-357	Tpos:145.7,Tstd:121.8,Bpos:4826.4,Bstd:19646.8,StrandBias:0.1,Multiplicity:1.59
0.325	0.109	0.366	0.200
0.346	0.001	0.416	0.237
0.243	0.001	0.608	0.148
0.282	0.001	0.675	0.042
0.374	0.001	0.579	0.046
0.504	0.001	0.461	0.034
0.532	0.001	0.364	0.103
0.314	0.001	0.517	0.168
0.218	0.001	0.606	0.175
0.282	0.062	0.533	0.123
>DGGYCCYTCY	4-DGGYCCYTCY	1.254732	-821.708784	0	T:10499.0(92.31%),B:146347.2(77.91%),P:1e-356	Tpos:149.6,Tstd:127.1,Bpos:5503.8,Bstd:22632.8,StrandBias:-0.0,Multiplicity:1.60
0.359	0.001	0.268	0.372
0.001	0.001	0.751	0.247
0.176	0.254	0.557	0.013
0.168	0.465	0.001	0.366
0.001	0.756	0.001	0.242
0.001	0.868	0.001	0.130
0.001	0.495	0.001	0.503
0.001	0.335	0.001	0.663
0.001	0.661	0.001	0.337
0.001	0.534	0.001	0.464
>GGGAAAYCCC	5-GGGAAAYCCC	7.785469	-785.968666	0	T:1397.0(12.28%),B:6220.2(3.31%),P:1e-341	Tpos:156.7,Tstd:113.1,Bpos:2227.5,Bstd:6847.8,StrandBias:0.0,Multiplicity:1.08
0.071	0.042	0.796	0.091
0.084	0.036	0.842	0.038
0.239	0.052	0.678	0.031
0.649	0.032	0.271	0.048
0.905	0.043	0.044	0.008
0.583	0.125	0.168	0.124
0.133	0.292	0.146	0.429
0.088	0.555	0.104	0.253
0.144	0.747	0.039	0.070
0.068	0.816	0.043	0.073
>HRTCACGTGA	6-HRTCACGTGA	1.100906	-699.187174	0	T:7577.0(66.62%),B:91616.5(48.77%),P:1e-303	Tpos:143.0,Tstd:121.9,Bpos:3667.9,Bstd:11699.0,StrandBias:-0.0,Multiplicity:1.74
0.230	0.265	0.177	0.328
0.430	0.198	0.371	0.001
0.103	0.266	0.173	0.458
0.001	0.997	0.001	0.001
0.942	0.001	0.001	0.056
0.001	0.726	0.001	0.272
0.370	0.001	0.628	0.001
0.129	0.001	0.001	0.869
0.001	0.001	0.997	0.001
0.517	0.157	0.130	0.196
>TYYYCWGRNN	7-TYYYCWGRNN	3.032147	-656.166818	0	T:10046.0(88.32%),B:139644.5(74.34%),P:1e-284	Tpos:143.3,Tstd:120.1,Bpos:5770.4,Bstd:22256.4,StrandBias:0.0,Multiplicity:1.62
0.001	0.388	0.001	0.610
0.001	0.482	0.001	0.516
0.001	0.520	0.001	0.478
0.001	0.569	0.001	0.429
0.001	0.937	0.001	0.061
0.467	0.001	0.001	0.531
0.348	0.001	0.650	0.001
0.306	0.001	0.448	0.245
0.279	0.192	0.236	0.293
0.224	0.236	0.288	0.251
>AARGCARAGR	8-AARGCARAGR	4.315708	-636.043687	0	T:9919.0(87.21%),B:137401.6(73.15%),P:1e-276	Tpos:139.8,Tstd:116.1,Bpos:4678.0,Bstd:17661.7,StrandBias:-0.0,Multiplicity:1.68
0.663	0.001	0.335	0.001
0.554	0.001	0.336	0.109
0.434	0.030	0.524	0.012
0.228	0.252	0.451	0.070
0.001	0.997	0.001	0.001
0.624	0.097	0.001	0.278
0.315	0.200	0.406	0.079
0.524	0.001	0.195	0.280
0.184	0.001	0.521	0.294
0.444	0.001	0.349	0.207
>NNNVTGACTC	9-NNNVTGACTC	6.830618	-571.947381	0	T:2237.0(19.67%),B:16870.1(8.98%),P:1e-248	Tpos:146.4,Tstd:114.1,Bpos:2885.7,Bstd:8019.7,StrandBias:-0.0,Multiplicity:1.25
0.319	0.281	0.182	0.218
0.191	0.236	0.291	0.282
0.288	0.237	0.189	0.286
0.373	0.227	0.339	0.062
0.011	0.001	0.001	0.987
0.001	0.026	0.900	0.073
0.900	0.014	0.015	0.071
0.022	0.584	0.331	0.063
0.115	0.015	0.013	0.857
0.197	0.671	0.089	0.043
>TATGCAAATC	10-TATGCAAATC	2.512553	-569.211992	0	T:10916.0(95.97%),B:162261.6(86.38%),P:1e-247	Tpos:141.5,Tstd:118.0,Bpos:5360.4,Bstd:20911.7,StrandBias:-0.0,Multiplicity:2.07
0.100	0.100	0.100	0.700
0.700	0.100	0.100	0.100
0.100	0.100	0.100	0.700
0.100	0.100	0.700	0.100
0.100	0.700	0.100	0.100
0.700	0.100	0.100	0.100
0.700	0.100	0.100	0.100
0.700	0.100	0.100	0.100
0.100	0.100	0.100	0.700
0.100	0.700	0.100	0.100
>AARTDACWCA	11-AARTDACWCA	0.596587	-431.483337	0	T:10148.0(89.22%),B:147528.4(78.54%),P:1e-187	Tpos:139.0,Tstd:119.5,Bpos:7296.6,Bstd:20821.3,StrandBias:0.0,Multiplicity:1.95
0.737	0.143	0.119	0.001
0.927	0.001	0.018	0.054
0.567	0.001	0.431	0.001
0.143	0.001	0.036	0.820
0.342	0.018	0.300	0.341
0.660	0.036	0.072	0.232
0.107	0.857	0.001	0.035
0.514	0.018	0.001	0.467
0.108	0.802	0.036	0.054
0.647	0.054	0.001	0.298
>GTGTGTGWGW	12-GTGTGTGWGW	3.864559	-392.147068	0	T:7264.0(63.86%),B:94883.9(50.51%),P:1e-170	Tpos:144.4,Tstd:119.5,Bpos:3794.2,Bstd:17211.2,StrandBias:0.0,Multiplicity:1.83
0.197	0.247	0.534	0.022
0.131	0.313	0.035	0.521
0.001	0.029	0.951	0.019
0.040	0.104	0.015	0.841
0.029	0.001	0.969	0.001
0.030	0.027	0.115	0.828
0.001	0.001	0.985	0.013
0.475	0.033	0.084	0.407
0.016	0.265	0.686	0.033
0.468	0.031	0.137	0.364
>CWGNAAWGGT	13-CWGNAAWGGT	-5.745315	-275.081727	0	T:11302.0(99.37%),B:179841.7(95.74%),P:1e-119	Tpos:140.0,Tstd:115.5,Bpos:3792.5,Bstd:14351.3,StrandBias:-0.0,Multiplicity:1.64
0.001	0.597	0.233	0.169
0.498	0.001	0.001	0.500
0.366	0.001	0.632	0.001
0.232	0.233	0.266	0.269
0.529	0.305	0.001	0.165
0.629	0.001	0.001	0.369
0.466	0.001	0.001	0.532
0.001	0.001	0.997	0.001
0.001	0.234	0.465	0.299
0.001	0.001	0.001	0.997
>TGTGCTGTGT	14-TGTGCTGTGT	2.512553	-269.320707	0	T:11359.0(99.87%),B:182338.6(97.07%),P:1e-116	Tpos:142.7,Tstd:118.0,Bpos:3266.1,Bstd:16323.0,StrandBias:0.0,Multiplicity:2.73
0.100	0.100	0.100	0.700
0.100	0.100	0.700	0.100
0.100	0.100	0.100	0.700
0.100	0.100	0.700	0.100
0.100	0.700	0.100	0.100
0.100	0.100	0.100	0.700
0.100	0.100	0.700	0.100
0.100	0.100	0.100	0.700
0.100	0.100	0.700	0.100
0.100	0.100	0.100	0.700
>TTATAAAACC	15-TTATAAAACC	0.000000	-222.013292	0	T:11340.0(99.70%),B:182304.0(97.05%),P:1e-96
0.100	0.100	0.100	0.700
0.100	0.100	0.100	0.700
0.700	0.100	0.100	0.100
0.100	0.100	0.100	0.700
0.700	0.100	0.100	0.100
0.700	0.100	0.100	0.100
0.700	0.100	0.100	0.100
0.700	0.100	0.100	0.100
0.100	0.700	0.100	0.100
0.100	0.700	0.100	0.100
>TATAAAACCA	16-TATAAAACCA	0.000000	-162.818205	0	T:11362.0(99.89%),B:184357.6(98.15%),P:1e-70
0.100	0.100	0.100	0.700
0.700	0.100	0.100	0.100
0.100	0.100	0.100	0.700
0.700	0.100	0.100	0.100
0.700	0.100	0.100	0.100
0.700	0.100	0.100	0.100
0.700	0.100	0.100	0.100
0.100	0.700	0.100	0.100
0.100	0.700	0.100	0.100
0.700	0.100	0.100	0.100
>GCCTGGTGAC	17-GCCTGGTGAC	2.512553	-151.492931	0	T:11369.0(99.96%),B:184930.0(98.45%),P:1e-65	Tpos:144.5,Tstd:115.3,Bpos:1184.9,Bstd:5744.6,StrandBias:-0.0,Multiplicity:2.35
0.100	0.100	0.700	0.100
0.100	0.700	0.100	0.100
0.100	0.700	0.100	0.100
0.100	0.100	0.100	0.700
0.100	0.100	0.700	0.100
0.100	0.100	0.700	0.100
0.100	0.100	0.100	0.700
0.100	0.100	0.700	0.100
0.700	0.100	0.100	0.100
0.100	0.700	0.100	0.100
>AAATGCAAAT	18-AAATGCAAAT	0.000000	-113.684324	0	T:11357.0(99.85%),B:185021.1(98.50%),P:1e-49
0.700	0.100	0.100	0.100
0.700	0.100	0.100	0.100
0.700	0.100	0.100	0.100
0.100	0.100	0.100	0.700
0.100	0.100	0.700	0.100
0.100	0.700	0.100	0.100
0.700	0.100	0.100	0.100
0.700	0.100	0.100	0.100
0.700	0.100	0.100	0.100
0.100	0.100	0.100	0.700
>TAGTAGTAGT	19-TAGTAGTAGT	0.000000	-65.321418	0	T:11371.0(99.97%),B:186543.1(99.31%),P:1e-28
0.100	0.100	0.100	0.700
0.700	0.100	0.100	0.100
0.100	0.100	0.700	0.100
0.100	0.100	0.100	0.700
0.700	0.100	0.100	0.100
0.100	0.100	0.700	0.100
0.100	0.100	0.100	0.700
0.700	0.100	0.100	0.100
0.100	0.100	0.700	0.100
0.100	0.100	0.100	0.700
>AAACCATATC	20-AAACCATATC	0.000000	-33.541738	0	T:11373.0(99.99%),B:187209.9(99.66%),P:1e-14
0.700	0.100	0.100	0.100
0.700	0.100	0.100	0.100
0.700	0.100	0.100	0.100
0.100	0.700	0.100	0.100
0.100	0.700	0.100	0.100
0.700	0.100	0.100	0.100
0.100	0.100	0.100	0.700
0.700	0.100	0.100	0.100
0.100	0.100	0.100	0.700
0.100	0.700	0.100	0.100
>GAGAGAAACC	21-GAGAGAAACC	0.000000	-0.999456	0	T:11374.0(100.00%),B:187823.6(99.99%),P:1e0
0.100	0.100	0.700	0.100
0.700	0.100	0.100	0.100
0.100	0.100	0.700	0.100
0.700	0.100	0.100	0.100
0.100	0.100	0.700	0.100
0.700	0.100	0.100	0.100
0.700	0.100	0.100	0.100
0.700	0.100	0.100	0.100
0.100	0.700	0.100	0.100
0.100	0.700	0.100	0.100
>AGGTGGCAGC	22-AGGTGGCAGC	0.000000	-0.823075	0	T:11374.0(100.00%),B:187826.2(99.99%),P:1e0
0.700	0.100	0.100	0.100
0.100	0.100	0.700	0.100
0.100	0.100	0.700	0.100
0.100	0.100	0.100	0.700
0.100	0.100	0.700	0.100
0.100	0.100	0.700	0.100
0.100	0.700	0.100	0.100
0.700	0.100	0.100	0.100
0.100	0.100	0.700	0.100
0.100	0.700	0.100	0.100
>CTGCACCTGC	23-CTGCACCTGC	0.566642	-0.411530	0	T:11374.0(100.00%),B:187833.4(100.00%),P:1e0	Tpos:144.3,Tstd:118.3,Bpos:1674.9,Bstd:9775.1,StrandBias:-0.0,Multiplicity:2.30
0.100	0.700	0.100	0.100
0.100	0.100	0.100	0.700
0.100	0.100	0.700	0.100
0.100	0.700	0.100	0.100
0.700	0.100	0.100	0.100
0.100	0.700	0.100	0.100
0.100	0.700	0.100	0.100
0.100	0.100	0.100	0.700
0.100	0.100	0.700	0.100
0.100	0.700	0.100	0.100
>TCCTCCCAGC	24-TCCTCCCAGC	0.000000	-0.352739	0	T:11374.0(100.00%),B:187835.0(100.00%),P:1e0
0.100	0.100	0.100	0.700
0.100	0.700	0.100	0.100
0.100	0.700	0.100	0.100
0.100	0.100	0.100	0.700
0.100	0.700	0.100	0.100
0.100	0.700	0.100	0.100
0.100	0.700	0.100	0.100
0.700	0.100	0.100	0.100
0.100	0.100	0.700	0.100
0.100	0.700	0.100	0.100
>CGTCACGTGA	25-CGTCACGTGA	-7.216998	0.000000	0	T:11374.0(100.00%),B:187840.5(100.00%),P:1e0	Tpos:144.2,Tstd:121.8,Bpos:5203.6,Bstd:21650.4,StrandBias:0.0,Multiplicity:1.55
0.100	0.700	0.100	0.100
0.100	0.100	0.700	0.100
0.100	0.100	0.100	0.700
0.100	0.700	0.100	0.100
0.700	0.100	0.100	0.100
0.100	0.700	0.100	0.100
0.100	0.100	0.700	0.100
0.100	0.100	0.100	0.700
0.100	0.100	0.700	0.100
0.700	0.100	0.100	0.100
