>VTGAVTCABNSN	1-VTGAVTCABNSN	6.196858	-1176.037954	0	T:2159.0(18.98%),B:10156.6(5.41%),P:1e-510	Tpos:144.1,Tstd:111.4,Bpos:3828.4,Bstd:9500.6,StrandBias:0.0,Multiplicity:1.21
0.364	0.296	0.248	0.092
0.051	0.046	0.029	0.874
0.063	0.082	0.681	0.174
0.761	0.082	0.037	0.120
0.202	0.321	0.332	0.145
0.053	0.062	0.088	0.797
0.172	0.726	0.051	0.051
0.790	0.055	0.042	0.113
0.140	0.308	0.240	0.312
0.265	0.225	0.282	0.227
0.199	0.367	0.222	0.212
0.271	0.244	0.232	0.253
>CACTTCCYCTTT	2-CACTTCCYCTTT	4.389494	-1035.393027	0	T:8401.0(73.86%),B:98646.5(52.52%),P:1e-449	Tpos:144.0,Tstd:116.3,Bpos:3782.7,Bstd:16382.3,StrandBias:0.0,Multiplicity:1.96
0.191	0.436	0.116	0.257
0.678	0.086	0.200	0.036
0.002	0.747	0.135	0.116
0.091	0.003	0.001	0.905
0.001	0.067	0.016	0.916
0.001	0.978	0.020	0.001
0.001	0.940	0.001	0.058
0.004	0.421	0.197	0.379
0.027	0.511	0.224	0.238
0.249	0.232	0.080	0.439
0.119	0.152	0.153	0.576
0.179	0.232	0.180	0.409
>RGGGAAATCCCC	3-RGGGAAATCCCC	8.321013	-874.274667	0	T:1397.0(12.28%),B:5661.7(3.01%),P:1e-379	Tpos:155.7,Tstd:114.1,Bpos:2337.2,Bstd:6511.4,StrandBias:0.1,Multiplicity:1.09
0.255	0.146	0.395	0.204
0.073	0.050	0.702	0.175
0.001	0.001	0.988	0.010
0.112	0.001	0.874	0.013
0.737	0.007	0.255	0.001
0.986	0.012	0.001	0.001
0.732	0.052	0.119	0.097
0.148	0.129	0.114	0.609
0.005	0.638	0.039	0.318
0.001	0.939	0.059	0.001
0.022	0.955	0.017	0.006
0.189	0.642	0.053	0.116
>AGRGGGRGGRGR	4-AGRGGGRGGRGR	3.276078	-808.712095	0	T:9953.0(87.51%),B:134152.0(71.42%),P:1e-351	Tpos:144.1,Tstd:117.8,Bpos:3238.0,Bstd:10994.9,StrandBias:0.0,Multiplicity:1.66
0.501	0.001	0.306	0.192
0.176	0.023	0.800	0.001
0.362	0.020	0.453	0.165
0.337	0.001	0.661	0.001
0.348	0.001	0.527	0.124
0.295	0.001	0.614	0.090
0.425	0.001	0.573	0.001
0.355	0.001	0.610	0.034
0.183	0.051	0.731	0.035
0.412	0.001	0.448	0.139
0.234	0.001	0.711	0.054
0.435	0.001	0.526	0.038
>ARRDRGTDDCAN	5-ARRDRGTDDCAN	3.495883	-763.341720	0	T:10532.0(92.60%),B:148366.8(78.99%),P:1e-331	Tpos:142.0,Tstd:118.1,Bpos:6748.8,Bstd:24583.3,StrandBias:0.0,Multiplicity:1.65
0.643	0.116	0.124	0.117
0.439	0.055	0.455	0.051
0.400	0.078	0.477	0.045
0.336	0.032	0.326	0.306
0.466	0.039	0.453	0.042
0.117	0.121	0.650	0.112
0.122	0.132	0.105	0.641
0.299	0.040	0.346	0.314
0.332	0.061	0.312	0.295
0.088	0.654	0.092	0.166
0.686	0.114	0.059	0.141
0.238	0.236	0.296	0.231
>TACACACACACA	6-TACACACACACA	2.924926	-559.026498	0	T:10395.0(91.39%),B:149713.2(79.70%),P:1e-242	Tpos:141.6,Tstd:118.8,Bpos:5309.6,Bstd:19482.0,StrandBias:0.0,Multiplicity:1.64
0.159	0.149	0.199	0.492
0.630	0.130	0.134	0.106
0.128	0.664	0.133	0.075
0.603	0.162	0.118	0.117
0.140	0.590	0.157	0.113
0.573	0.165	0.133	0.129
0.154	0.554	0.165	0.127
0.541	0.170	0.139	0.150
0.126	0.594	0.145	0.135
0.602	0.157	0.128	0.113
0.125	0.669	0.087	0.119
0.490	0.196	0.139	0.175
>NCCMYVTGMCTG	7-NCCMYVTGMCTG	3.677497	-539.265924	0	T:8811.0(77.47%),B:117943.4(62.79%),P:1e-234	Tpos:141.5,Tstd:119.3,Bpos:5408.1,Bstd:19866.3,StrandBias:-0.0,Multiplicity:1.79
0.310	0.267	0.212	0.211
0.236	0.408	0.111	0.245
0.232	0.766	0.001	0.001
0.507	0.370	0.001	0.122
0.190	0.347	0.001	0.462
0.274	0.249	0.326	0.151
0.064	0.001	0.020	0.915
0.001	0.001	0.997	0.001
0.436	0.334	0.229	0.001
0.280	0.695	0.001	0.024
0.334	0.001	0.001	0.664
0.114	0.067	0.494	0.325
>NYYMYCWGVTGD	8-NYYMYCWGVTGD	3.859091	-473.034414	0	T:10267.0(90.27%),B:148993.5(79.32%),P:1e-205	Tpos:145.5,Tstd:126.0,Bpos:3513.8,Bstd:14392.2,StrandBias:-0.0,Multiplicity:1.59
0.237	0.284	0.254	0.225
0.105	0.364	0.104	0.428
0.001	0.506	0.114	0.379
0.410	0.475	0.001	0.114
0.113	0.431	0.001	0.455
0.129	0.524	0.170	0.177
0.499	0.001	0.001	0.499
0.001	0.144	0.709	0.146
0.290	0.336	0.373	0.001
0.174	0.001	0.081	0.744
0.092	0.222	0.581	0.105
0.318	0.071	0.299	0.312
>TGTGTATGTGTG	9-TGTGTATGTGTG	2.625881	-446.510816	0	T:10935.0(96.14%),B:165432.0(88.07%),P:1e-193	Tpos:120.2,Tstd:78.6,Bpos:1696.2,Bstd:6053.5,StrandBias:-1.0,Multiplicity:1.00
0.100	0.100	0.100	0.700
0.100	0.100	0.700	0.100
0.100	0.100	0.100	0.700
0.100	0.100	0.700	0.100
0.100	0.100	0.100	0.700
0.700	0.100	0.100	0.100
0.100	0.100	0.100	0.700
0.100	0.100	0.700	0.100
0.100	0.100	0.100	0.700
0.100	0.100	0.700	0.100
0.100	0.100	0.100	0.700
0.100	0.100	0.700	0.100
>GGGAAAGCCCCT	10-GGGAAAGCCCCT	2.625881	-418.909707	0	T:11308.0(99.42%),B:177403.0(94.44%),P:1e-181	Tpos:146.7,Tstd:119.0,Bpos:2241.1,Bstd:12719.8,StrandBias:0.0,Multiplicity:2.50
0.100	0.100	0.700	0.100
0.100	0.100	0.700	0.100
0.100	0.100	0.700	0.100
0.700	0.100	0.100	0.100
0.700	0.100	0.100	0.100
0.700	0.100	0.100	0.100
0.100	0.100	0.700	0.100
0.100	0.700	0.100	0.100
0.100	0.700	0.100	0.100
0.100	0.700	0.100	0.100
0.100	0.700	0.100	0.100
0.100	0.100	0.100	0.700
>HACACACACACN	11-HACACACACACN	3.169640	-414.313626	0	T:9119.0(80.17%),B:127411.1(67.83%),P:1e-179	Tpos:145.2,Tstd:122.0,Bpos:7057.6,Bstd:27512.4,StrandBias:-0.1,Multiplicity:1.63
0.274	0.341	0.110	0.275
0.659	0.123	0.102	0.116
0.105	0.658	0.131	0.106
0.690	0.114	0.081	0.115
0.095	0.717	0.091	0.097
0.738	0.100	0.103	0.059
0.121	0.669	0.121	0.089
0.733	0.106	0.101	0.060
0.071	0.749	0.113	0.067
0.671	0.109	0.096	0.124
0.123	0.642	0.138	0.097
0.197	0.253	0.278	0.272
>GTGTGTGTGTGT	12-GTGTGTGTGTGT	3.114974	-369.316642	0	T:7159.0(62.94%),B:93861.4(49.97%),P:1e-160	Tpos:143.1,Tstd:120.2,Bpos:3154.2,Bstd:12246.1,StrandBias:0.0,Multiplicity:1.84
0.067	0.212	0.651	0.070
0.212	0.114	0.051	0.623
0.030	0.015	0.950	0.005
0.176	0.034	0.022	0.768
0.015	0.072	0.912	0.001
0.214	0.050	0.054	0.682
0.032	0.034	0.921	0.013
0.223	0.139	0.116	0.522
0.012	0.044	0.921	0.023
0.279	0.039	0.020	0.662
0.001	0.034	0.910	0.055
0.314	0.085	0.024	0.577
>SSCAGSBSVCVS	13-SSCAGSBSVCVS	0.516769	-58.155553	0	T:11365.0(99.92%),B:186395.8(99.23%),P:1e-25	Tpos:144.1,Tstd:117.1,Bpos:1539.8,Bstd:6186.0,StrandBias:0.0,Multiplicity:1.72
0.156	0.300	0.357	0.187
0.121	0.363	0.375	0.142
0.001	0.997	0.001	0.001
0.465	0.254	0.003	0.278
0.001	0.233	0.765	0.001
0.077	0.425	0.397	0.101
0.141	0.301	0.324	0.234
0.036	0.447	0.516	0.001
0.286	0.357	0.229	0.129
0.067	0.615	0.261	0.057
0.215	0.327	0.330	0.128
0.168	0.286	0.395	0.152
>CTCTCTCTCTCC	14-CTCTCTCTCTCC	0.679971	-16.178461	0	T:11374.0(100.00%),B:187565.2(99.85%),P:1e-7	Tpos:142.8,Tstd:117.2,Bpos:2896.7,Bstd:13184.4,StrandBias:0.0,Multiplicity:2.73
0.100	0.700	0.100	0.100
0.100	0.100	0.100	0.700
0.100	0.700	0.100	0.100
0.100	0.100	0.100	0.700
0.100	0.700	0.100	0.100
0.100	0.100	0.100	0.700
0.100	0.700	0.100	0.100
0.100	0.100	0.100	0.700
0.100	0.700	0.100	0.100
0.100	0.100	0.100	0.700
0.100	0.700	0.100	0.100
0.100	0.700	0.100	0.100
>CTAAAAACAAAA	15-CTAAAAACAAAA	-39.674272	-2.293000	0	T:11374.0(100.00%),B:187801.6(99.98%),P:1e0	Tpos:140.8,Tstd:121.5,Bpos:7938.7,Bstd:22737.3,StrandBias:-0.0,Multiplicity:1.67
0.108	0.594	0.001	0.297
0.404	0.001	0.001	0.594
0.594	0.001	0.001	0.404
0.997	0.001	0.001	0.001
0.997	0.001	0.001	0.001
0.997	0.001	0.001	0.001
0.594	0.001	0.001	0.404
0.404	0.594	0.001	0.001
0.997	0.001	0.001	0.001
0.997	0.001	0.001	0.001
0.997	0.001	0.001	0.001
0.594	0.001	0.001	0.404
>VSGSCGSCSCRC	16-VSGSCGSCSCRC	7.528640	-0.000000	0	T:577.0(5.07%),B:14491.9(7.72%),P:1e0	Tpos:167.2,Tstd:149.5,Bpos:274.6,Bstd:396.3,StrandBias:0.0,Multiplicity:1.00
0.226	0.318	0.366	0.089
0.138	0.316	0.409	0.137
0.001	0.187	0.632	0.180
0.001	0.452	0.458	0.089
0.051	0.542	0.273	0.134
0.134	0.180	0.454	0.232
0.001	0.453	0.545	0.001
0.096	0.587	0.316	0.001
0.002	0.503	0.450	0.045
0.134	0.683	0.001	0.182
0.315	0.225	0.458	0.002
0.089	0.585	0.325	0.001
>SSGGCCVCSCGS	17-SSGGCCVCSCGS	7.752414	-0.000000	0	T:86.0(0.76%),B:2780.1(1.48%),P:1e0	Tpos:108.0,Tstd:0.0,Bpos:268.8,Bstd:500.5,StrandBias:-10.0,Multiplicity:1.00
0.161	0.314	0.338	0.187
0.217	0.228	0.368	0.187
0.001	0.202	0.669	0.128
0.001	0.193	0.678	0.128
0.001	0.548	0.219	0.232
0.098	0.492	0.314	0.097
0.273	0.411	0.314	0.001
0.096	0.586	0.317	0.001
0.001	0.433	0.565	0.001
0.160	0.524	0.001	0.315
0.161	0.243	0.467	0.129
0.001	0.475	0.442	0.082
>NNNNNNNNNNNN	18-NNNNNNNNNNNN	-nan	0.000000	0	T:0.0(0.00%),B:0.0(0.00%),P:1e0	Tpos:0.0,Tstd:0.0,Bpos:0.0,Bstd:0.0,StrandBias:0.0,Multiplicity:1.00
-nan	-nan	-nan	-nan
-nan	-nan	-nan	-nan
-nan	-nan	-nan	-nan
-nan	-nan	-nan	-nan
-nan	-nan	-nan	-nan
-nan	-nan	-nan	-nan
-nan	-nan	-nan	-nan
-nan	-nan	-nan	-nan
-nan	-nan	-nan	-nan
-nan	-nan	-nan	-nan
-nan	-nan	-nan	-nan
-nan	-nan	-nan	-nan
>NNNNNNNNNNNN	19-NNNNNNNNNNNN	-nan	0.000000	0	T:0.0(0.00%),B:0.0(0.00%),P:1e0	Tpos:0.0,Tstd:0.0,Bpos:0.0,Bstd:0.0,StrandBias:0.0,Multiplicity:1.00
-nan	-nan	-nan	-nan
-nan	-nan	-nan	-nan
-nan	-nan	-nan	-nan
-nan	-nan	-nan	-nan
-nan	-nan	-nan	-nan
-nan	-nan	-nan	-nan
-nan	-nan	-nan	-nan
-nan	-nan	-nan	-nan
-nan	-nan	-nan	-nan
-nan	-nan	-nan	-nan
-nan	-nan	-nan	-nan
-nan	-nan	-nan	-nan
>NNNNNNNNNNNN	20-NNNNNNNNNNNN	-nan	0.000000	0	T:0.0(0.00%),B:0.0(0.00%),P:1e0	Tpos:0.0,Tstd:0.0,Bpos:0.0,Bstd:0.0,StrandBias:0.0,Multiplicity:1.00
-nan	-nan	-nan	-nan
-nan	-nan	-nan	-nan
-nan	-nan	-nan	-nan
-nan	-nan	-nan	-nan
-nan	-nan	-nan	-nan
-nan	-nan	-nan	-nan
-nan	-nan	-nan	-nan
-nan	-nan	-nan	-nan
-nan	-nan	-nan	-nan
-nan	-nan	-nan	-nan
-nan	-nan	-nan	-nan
-nan	-nan	-nan	-nan
>NNNNNNNNNNNN	21-NNNNNNNNNNNN	-nan	0.000000	0	T:0.0(0.00%),B:0.0(0.00%),P:1e0	Tpos:0.0,Tstd:0.0,Bpos:0.0,Bstd:0.0,StrandBias:0.0,Multiplicity:1.00
-nan	-nan	-nan	-nan
-nan	-nan	-nan	-nan
-nan	-nan	-nan	-nan
-nan	-nan	-nan	-nan
-nan	-nan	-nan	-nan
-nan	-nan	-nan	-nan
-nan	-nan	-nan	-nan
-nan	-nan	-nan	-nan
-nan	-nan	-nan	-nan
-nan	-nan	-nan	-nan
-nan	-nan	-nan	-nan
-nan	-nan	-nan	-nan
>NNNNNNNNNNNN	22-NNNNNNNNNNNN	-nan	0.000000	0	T:0.0(0.00%),B:0.0(0.00%),P:1e0	Tpos:0.0,Tstd:0.0,Bpos:0.0,Bstd:0.0,StrandBias:0.0,Multiplicity:1.00
-nan	-nan	-nan	-nan
-nan	-nan	-nan	-nan
-nan	-nan	-nan	-nan
-nan	-nan	-nan	-nan
-nan	-nan	-nan	-nan
-nan	-nan	-nan	-nan
-nan	-nan	-nan	-nan
-nan	-nan	-nan	-nan
-nan	-nan	-nan	-nan
-nan	-nan	-nan	-nan
-nan	-nan	-nan	-nan
-nan	-nan	-nan	-nan
>NNNNNNNNNNNN	23-NNNNNNNNNNNN	-nan	0.000000	0	T:0.0(0.00%),B:0.0(0.00%),P:1e0	Tpos:0.0,Tstd:0.0,Bpos:0.0,Bstd:0.0,StrandBias:0.0,Multiplicity:1.00
-nan	-nan	-nan	-nan
-nan	-nan	-nan	-nan
-nan	-nan	-nan	-nan
-nan	-nan	-nan	-nan
-nan	-nan	-nan	-nan
-nan	-nan	-nan	-nan
-nan	-nan	-nan	-nan
-nan	-nan	-nan	-nan
-nan	-nan	-nan	-nan
-nan	-nan	-nan	-nan
-nan	-nan	-nan	-nan
-nan	-nan	-nan	-nan
>NNNNNNNNNNNN	24-NNNNNNNNNNNN	-nan	0.000000	0	T:0.0(0.00%),B:0.0(0.00%),P:1e0	Tpos:0.0,Tstd:0.0,Bpos:0.0,Bstd:0.0,StrandBias:0.0,Multiplicity:1.00
-nan	-nan	-nan	-nan
-nan	-nan	-nan	-nan
-nan	-nan	-nan	-nan
-nan	-nan	-nan	-nan
-nan	-nan	-nan	-nan
-nan	-nan	-nan	-nan
-nan	-nan	-nan	-nan
-nan	-nan	-nan	-nan
-nan	-nan	-nan	-nan
-nan	-nan	-nan	-nan
-nan	-nan	-nan	-nan
-nan	-nan	-nan	-nan
>NNNNNNNNNNNN	25-NNNNNNNNNNNN	-nan	0.000000	0	T:0.0(0.00%),B:0.0(0.00%),P:1e0	Tpos:0.0,Tstd:0.0,Bpos:0.0,Bstd:0.0,StrandBias:0.0,Multiplicity:1.00
-nan	-nan	-nan	-nan
-nan	-nan	-nan	-nan
-nan	-nan	-nan	-nan
-nan	-nan	-nan	-nan
-nan	-nan	-nan	-nan
-nan	-nan	-nan	-nan
-nan	-nan	-nan	-nan
-nan	-nan	-nan	-nan
-nan	-nan	-nan	-nan
-nan	-nan	-nan	-nan
-nan	-nan	-nan	-nan
-nan	-nan	-nan	-nan
