>AYTTCCCCWY	1-AYTTCCCCWY	4.577652	-1174.684548	0	T:8778.0(77.18%),B:102851.7(54.75%),P:1e-510	Tpos:144.9,Tstd:118.1,Bpos:4515.0,Bstd:19827.4,StrandBias:0.0,Multiplicity:1.98
0.487	0.232	0.259	0.022
0.075	0.395	0.139	0.391
0.094	0.035	0.001	0.870
0.101	0.125	0.079	0.695
0.085	0.711	0.071	0.133
0.038	0.920	0.001	0.041
0.177	0.424	0.176	0.223
0.028	0.656	0.171	0.145
0.332	0.244	0.029	0.395
0.121	0.403	0.132	0.344
>GGRARGGGRA	2-GGRARGGGRA	4.383974	-901.095495	0	T:9372.0(82.40%),B:120017.5(63.89%),P:1e-391	Tpos:143.1,Tstd:119.7,Bpos:3337.0,Bstd:13863.0,StrandBias:-0.0,Multiplicity:1.77
0.235	0.010	0.603	0.152
0.260	0.096	0.567	0.077
0.469	0.035	0.429	0.067
0.632	0.001	0.303	0.064
0.391	0.014	0.526	0.069
0.233	0.001	0.522	0.244
0.024	0.003	0.849	0.124
0.178	0.061	0.638	0.123
0.465	0.052	0.382	0.101
0.657	0.050	0.191	0.102
>RRGGGRAGGG	3-RRGGGRAGGG	3.615497	-823.052773	0	T:10461.0(91.97%),B:145401.9(77.41%),P:1e-357	Tpos:145.7,Tstd:121.8,Bpos:4826.4,Bstd:19646.8,StrandBias:0.1,Multiplicity:1.59
0.325	0.109	0.366	0.200
0.346	0.001	0.416	0.237
0.243	0.001	0.608	0.148
0.282	0.001	0.675	0.042
0.374	0.001	0.579	0.046
0.504	0.001	0.461	0.034
0.532	0.001	0.364	0.103
0.314	0.001	0.517	0.168
0.218	0.001	0.606	0.175
0.282	0.062	0.533	0.123
>DGGYCCYTCY	4-DGGYCCYTCY	1.254732	-821.708784	0	T:10499.0(92.31%),B:146347.2(77.91%),P:1e-356	Tpos:149.6,Tstd:127.1,Bpos:5503.8,Bstd:22632.8,StrandBias:-0.0,Multiplicity:1.60
0.359	0.001	0.268	0.372
0.001	0.001	0.751	0.247
0.176	0.254	0.557	0.013
0.168	0.465	0.001	0.366
0.001	0.756	0.001	0.242
0.001	0.868	0.001	0.130
0.001	0.495	0.001	0.503
0.001	0.335	0.001	0.663
0.001	0.661	0.001	0.337
0.001	0.534	0.001	0.464
>GGGAAAYCCC	5-GGGAAAYCCC	7.785469	-785.968666	0	T:1397.0(12.28%),B:6220.2(3.31%),P:1e-341	Tpos:156.7,Tstd:113.1,Bpos:2227.5,Bstd:6847.8,StrandBias:0.0,Multiplicity:1.08
0.071	0.042	0.796	0.091
0.084	0.036	0.842	0.038
0.239	0.052	0.678	0.031
0.649	0.032	0.271	0.048
0.905	0.043	0.044	0.008
0.583	0.125	0.168	0.124
0.133	0.292	0.146	0.429
0.088	0.555	0.104	0.253
0.144	0.747	0.039	0.070
0.068	0.816	0.043	0.073
>HRTCACGTGA	6-HRTCACGTGA	1.100906	-699.187174	0	T:7577.0(66.62%),B:91616.5(48.77%),P:1e-303	Tpos:143.0,Tstd:121.9,Bpos:3667.9,Bstd:11699.0,StrandBias:-0.0,Multiplicity:1.74
0.230	0.265	0.177	0.328
0.430	0.198	0.371	0.001
0.103	0.266	0.173	0.458
0.001	0.997	0.001	0.001
0.942	0.001	0.001	0.056
0.001	0.726	0.001	0.272
0.370	0.001	0.628	0.001
0.129	0.001	0.001	0.869
0.001	0.001	0.997	0.001
0.517	0.157	0.130	0.196
>TYYYCWGRNN	7-TYYYCWGRNN	3.032147	-656.166818	0	T:10046.0(88.32%),B:139644.5(74.34%),P:1e-284	Tpos:143.3,Tstd:120.1,Bpos:5770.4,Bstd:22256.4,StrandBias:0.0,Multiplicity:1.62
0.001	0.388	0.001	0.610
0.001	0.482	0.001	0.516
0.001	0.520	0.001	0.478
0.001	0.569	0.001	0.429
0.001	0.937	0.001	0.061
0.467	0.001	0.001	0.531
0.348	0.001	0.650	0.001
0.306	0.001	0.448	0.245
0.279	0.192	0.236	0.293
0.224	0.236	0.288	0.251
>AARGCARAGR	8-AARGCARAGR	4.315708	-636.043687	0	T:9919.0(87.21%),B:137401.6(73.15%),P:1e-276	Tpos:139.8,Tstd:116.1,Bpos:4678.0,Bstd:17661.7,StrandBias:-0.0,Multiplicity:1.68
0.663	0.001	0.335	0.001
0.554	0.001	0.336	0.109
0.434	0.030	0.524	0.012
0.228	0.252	0.451	0.070
0.001	0.997	0.001	0.001
0.624	0.097	0.001	0.278
0.315	0.200	0.406	0.079
0.524	0.001	0.195	0.280
0.184	0.001	0.521	0.294
0.444	0.001	0.349	0.207
>NNNVTGACTC	9-NNNVTGACTC	6.830618	-571.947381	0	T:2237.0(19.67%),B:16870.1(8.98%),P:1e-248	Tpos:146.4,Tstd:114.1,Bpos:2885.7,Bstd:8019.7,StrandBias:-0.0,Multiplicity:1.25
0.319	0.281	0.182	0.218
0.191	0.236	0.291	0.282
0.288	0.237	0.189	0.286
0.373	0.227	0.339	0.062
0.011	0.001	0.001	0.987
0.001	0.026	0.900	0.073
0.900	0.014	0.015	0.071
0.022	0.584	0.331	0.063
0.115	0.015	0.013	0.857
0.197	0.671	0.089	0.043
>TATGCAAATC	10-TATGCAAATC	2.512553	-569.211992	0	T:10916.0(95.97%),B:162261.6(86.38%),P:1e-247	Tpos:141.5,Tstd:118.0,Bpos:5360.4,Bstd:20911.7,StrandBias:-0.0,Multiplicity:2.07
0.100	0.100	0.100	0.700
0.700	0.100	0.100	0.100
0.100	0.100	0.100	0.700
0.100	0.100	0.700	0.100
0.100	0.700	0.100	0.100
0.700	0.100	0.100	0.100
0.700	0.100	0.100	0.100
0.700	0.100	0.100	0.100
0.100	0.100	0.100	0.700
0.100	0.700	0.100	0.100
>AARTDACWCA	11-AARTDACWCA	0.596587	-431.483337	0	T:10148.0(89.22%),B:147528.4(78.54%),P:1e-187	Tpos:139.0,Tstd:119.5,Bpos:7296.6,Bstd:20821.3,StrandBias:0.0,Multiplicity:1.95
0.737	0.143	0.119	0.001
0.927	0.001	0.018	0.054
0.567	0.001	0.431	0.001
0.143	0.001	0.036	0.820
0.342	0.018	0.300	0.341
0.660	0.036	0.072	0.232
0.107	0.857	0.001	0.035
0.514	0.018	0.001	0.467
0.108	0.802	0.036	0.054
0.647	0.054	0.001	0.298
>GTGTGTGWGW	12-GTGTGTGWGW	3.864559	-392.147068	0	T:7264.0(63.86%),B:94883.9(50.51%),P:1e-170	Tpos:144.4,Tstd:119.5,Bpos:3794.2,Bstd:17211.2,StrandBias:0.0,Multiplicity:1.83
0.197	0.247	0.534	0.022
0.131	0.313	0.035	0.521
0.001	0.029	0.951	0.019
0.040	0.104	0.015	0.841
0.029	0.001	0.969	0.001
0.030	0.027	0.115	0.828
0.001	0.001	0.985	0.013
0.475	0.033	0.084	0.407
0.016	0.265	0.686	0.033
0.468	0.031	0.137	0.364
>CWGNAAWGGT	13-CWGNAAWGGT	-5.745315	-275.081727	0	T:11302.0(99.37%),B:179841.7(95.74%),P:1e-119	Tpos:140.0,Tstd:115.5,Bpos:3792.5,Bstd:14351.3,StrandBias:-0.0,Multiplicity:1.64
0.001	0.597	0.233	0.169
0.498	0.001	0.001	0.500
0.366	0.001	0.632	0.001
0.232	0.233	0.266	0.269
0.529	0.305	0.001	0.165
0.629	0.001	0.001	0.369
0.466	0.001	0.001	0.532
0.001	0.001	0.997	0.001
0.001	0.234	0.465	0.299
0.001	0.001	0.001	0.997
>TGTGCTGTGT	14-TGTGCTGTGT	2.512553	-269.320707	0	T:11359.0(99.87%),B:182338.6(97.07%),P:1e-116	Tpos:142.7,Tstd:118.0,Bpos:3266.1,Bstd:16323.0,StrandBias:0.0,Multiplicity:2.73
0.100	0.100	0.100	0.700
0.100	0.100	0.700	0.100
0.100	0.100	0.100	0.700
0.100	0.100	0.700	0.100
0.100	0.700	0.100	0.100
0.100	0.100	0.100	0.700
0.100	0.100	0.700	0.100
0.100	0.100	0.100	0.700
0.100	0.100	0.700	0.100
0.100	0.100	0.100	0.700
>TTATAAAACC	15-TTATAAAACC	0.000000	-222.013292	0	T:11340.0(99.70%),B:182304.0(97.05%),P:1e-96
0.100	0.100	0.100	0.700
0.100	0.100	0.100	0.700
0.700	0.100	0.100	0.100
0.100	0.100	0.100	0.700
0.700	0.100	0.100	0.100
0.700	0.100	0.100	0.100
0.700	0.100	0.100	0.100
0.700	0.100	0.100	0.100
0.100	0.700	0.100	0.100
0.100	0.700	0.100	0.100
>TATAAAACCA	16-TATAAAACCA	0.000000	-162.818205	0	T:11362.0(99.89%),B:184357.6(98.15%),P:1e-70
0.100	0.100	0.100	0.700
0.700	0.100	0.100	0.100
0.100	0.100	0.100	0.700
0.700	0.100	0.100	0.100
0.700	0.100	0.100	0.100
0.700	0.100	0.100	0.100
0.700	0.100	0.100	0.100
0.100	0.700	0.100	0.100
0.100	0.700	0.100	0.100
0.700	0.100	0.100	0.100
>GCCTGGTGAC	17-GCCTGGTGAC	2.512553	-151.492931	0	T:11369.0(99.96%),B:184930.0(98.45%),P:1e-65	Tpos:144.5,Tstd:115.3,Bpos:1184.9,Bstd:5744.6,StrandBias:-0.0,Multiplicity:2.35
0.100	0.100	0.700	0.100
0.100	0.700	0.100	0.100
0.100	0.700	0.100	0.100
0.100	0.100	0.100	0.700
0.100	0.100	0.700	0.100
0.100	0.100	0.700	0.100
0.100	0.100	0.100	0.700
0.100	0.100	0.700	0.100
0.700	0.100	0.100	0.100
0.100	0.700	0.100	0.100
>AAATGCAAAT	18-AAATGCAAAT	0.000000	-113.684324	0	T:11357.0(99.85%),B:185021.1(98.50%),P:1e-49
0.700	0.100	0.100	0.100
0.700	0.100	0.100	0.100
0.700	0.100	0.100	0.100
0.100	0.100	0.100	0.700
0.100	0.100	0.700	0.100
0.100	0.700	0.100	0.100
0.700	0.100	0.100	0.100
0.700	0.100	0.100	0.100
0.700	0.100	0.100	0.100
0.100	0.100	0.100	0.700
>TAGTAGTAGT	19-TAGTAGTAGT	0.000000	-65.321418	0	T:11371.0(99.97%),B:186543.1(99.31%),P:1e-28
0.100	0.100	0.100	0.700
0.700	0.100	0.100	0.100
0.100	0.100	0.700	0.100
0.100	0.100	0.100	0.700
0.700	0.100	0.100	0.100
0.100	0.100	0.700	0.100
0.100	0.100	0.100	0.700
0.700	0.100	0.100	0.100
0.100	0.100	0.700	0.100
0.100	0.100	0.100	0.700
>AAACCATATC	20-AAACCATATC	0.000000	-33.541738	0	T:11373.0(99.99%),B:187209.9(99.66%),P:1e-14
0.700	0.100	0.100	0.100
0.700	0.100	0.100	0.100
0.700	0.100	0.100	0.100
0.100	0.700	0.100	0.100
0.100	0.700	0.100	0.100
0.700	0.100	0.100	0.100
0.100	0.100	0.100	0.700
0.700	0.100	0.100	0.100
0.100	0.100	0.100	0.700
0.100	0.700	0.100	0.100
>GAGAGAAACC	21-GAGAGAAACC	0.000000	-0.999456	0	T:11374.0(100.00%),B:187823.6(99.99%),P:1e0
0.100	0.100	0.700	0.100
0.700	0.100	0.100	0.100
0.100	0.100	0.700	0.100
0.700	0.100	0.100	0.100
0.100	0.100	0.700	0.100
0.700	0.100	0.100	0.100
0.700	0.100	0.100	0.100
0.700	0.100	0.100	0.100
0.100	0.700	0.100	0.100
0.100	0.700	0.100	0.100
>AGGTGGCAGC	22-AGGTGGCAGC	0.000000	-0.823075	0	T:11374.0(100.00%),B:187826.2(99.99%),P:1e0
0.700	0.100	0.100	0.100
0.100	0.100	0.700	0.100
0.100	0.100	0.700	0.100
0.100	0.100	0.100	0.700
0.100	0.100	0.700	0.100
0.100	0.100	0.700	0.100
0.100	0.700	0.100	0.100
0.700	0.100	0.100	0.100
0.100	0.100	0.700	0.100
0.100	0.700	0.100	0.100
>CTGCACCTGC	23-CTGCACCTGC	0.566642	-0.411530	0	T:11374.0(100.00%),B:187833.4(100.00%),P:1e0	Tpos:144.3,Tstd:118.3,Bpos:1674.9,Bstd:9775.1,StrandBias:-0.0,Multiplicity:2.30
0.100	0.700	0.100	0.100
0.100	0.100	0.100	0.700
0.100	0.100	0.700	0.100
0.100	0.700	0.100	0.100
0.700	0.100	0.100	0.100
0.100	0.700	0.100	0.100
0.100	0.700	0.100	0.100
0.100	0.100	0.100	0.700
0.100	0.100	0.700	0.100
0.100	0.700	0.100	0.100
>TCCTCCCAGC	24-TCCTCCCAGC	0.000000	-0.352739	0	T:11374.0(100.00%),B:187835.0(100.00%),P:1e0
0.100	0.100	0.100	0.700
0.100	0.700	0.100	0.100
0.100	0.700	0.100	0.100
0.100	0.100	0.100	0.700
0.100	0.700	0.100	0.100
0.100	0.700	0.100	0.100
0.100	0.700	0.100	0.100
0.700	0.100	0.100	0.100
0.100	0.100	0.700	0.100
0.100	0.700	0.100	0.100
>CGTCACGTGA	25-CGTCACGTGA	-7.216998	0.000000	0	T:11374.0(100.00%),B:187840.5(100.00%),P:1e0	Tpos:144.2,Tstd:121.8,Bpos:5203.6,Bstd:21650.4,StrandBias:0.0,Multiplicity:1.55
0.100	0.700	0.100	0.100
0.100	0.100	0.700	0.100
0.100	0.100	0.100	0.700
0.100	0.700	0.100	0.100
0.700	0.100	0.100	0.100
0.100	0.700	0.100	0.100
0.100	0.100	0.700	0.100
0.100	0.100	0.100	0.700
0.100	0.100	0.700	0.100
0.700	0.100	0.100	0.100
>VTGAVTCABNSN	1-VTGAVTCABNSN	6.196858	-1176.037954	0	T:2159.0(18.98%),B:10156.6(5.41%),P:1e-510	Tpos:144.1,Tstd:111.4,Bpos:3828.4,Bstd:9500.6,StrandBias:0.0,Multiplicity:1.21
0.364	0.296	0.248	0.092
0.051	0.046	0.029	0.874
0.063	0.082	0.681	0.174
0.761	0.082	0.037	0.120
0.202	0.321	0.332	0.145
0.053	0.062	0.088	0.797
0.172	0.726	0.051	0.051
0.790	0.055	0.042	0.113
0.140	0.308	0.240	0.312
0.265	0.225	0.282	0.227
0.199	0.367	0.222	0.212
0.271	0.244	0.232	0.253
>CACTTCCYCTTT	2-CACTTCCYCTTT	4.389494	-1035.393027	0	T:8401.0(73.86%),B:98646.5(52.52%),P:1e-449	Tpos:144.0,Tstd:116.3,Bpos:3782.7,Bstd:16382.3,StrandBias:0.0,Multiplicity:1.96
0.191	0.436	0.116	0.257
0.678	0.086	0.200	0.036
0.002	0.747	0.135	0.116
0.091	0.003	0.001	0.905
0.001	0.067	0.016	0.916
0.001	0.978	0.020	0.001
0.001	0.940	0.001	0.058
0.004	0.421	0.197	0.379
0.027	0.511	0.224	0.238
0.249	0.232	0.080	0.439
0.119	0.152	0.153	0.576
0.179	0.232	0.180	0.409
>RGGGAAATCCCC	3-RGGGAAATCCCC	8.321013	-874.274667	0	T:1397.0(12.28%),B:5661.7(3.01%),P:1e-379	Tpos:155.7,Tstd:114.1,Bpos:2337.2,Bstd:6511.4,StrandBias:0.1,Multiplicity:1.09
0.255	0.146	0.395	0.204
0.073	0.050	0.702	0.175
0.001	0.001	0.988	0.010
0.112	0.001	0.874	0.013
0.737	0.007	0.255	0.001
0.986	0.012	0.001	0.001
0.732	0.052	0.119	0.097
0.148	0.129	0.114	0.609
0.005	0.638	0.039	0.318
0.001	0.939	0.059	0.001
0.022	0.955	0.017	0.006
0.189	0.642	0.053	0.116
>AGRGGGRGGRGR	4-AGRGGGRGGRGR	3.276078	-808.712095	0	T:9953.0(87.51%),B:134152.0(71.42%),P:1e-351	Tpos:144.1,Tstd:117.8,Bpos:3238.0,Bstd:10994.9,StrandBias:0.0,Multiplicity:1.66
0.501	0.001	0.306	0.192
0.176	0.023	0.800	0.001
0.362	0.020	0.453	0.165
0.337	0.001	0.661	0.001
0.348	0.001	0.527	0.124
0.295	0.001	0.614	0.090
0.425	0.001	0.573	0.001
0.355	0.001	0.610	0.034
0.183	0.051	0.731	0.035
0.412	0.001	0.448	0.139
0.234	0.001	0.711	0.054
0.435	0.001	0.526	0.038
>ARRDRGTDDCAN	5-ARRDRGTDDCAN	3.495883	-763.341720	0	T:10532.0(92.60%),B:148366.8(78.99%),P:1e-331	Tpos:142.0,Tstd:118.1,Bpos:6748.8,Bstd:24583.3,StrandBias:0.0,Multiplicity:1.65
0.643	0.116	0.124	0.117
0.439	0.055	0.455	0.051
0.400	0.078	0.477	0.045
0.336	0.032	0.326	0.306
0.466	0.039	0.453	0.042
0.117	0.121	0.650	0.112
0.122	0.132	0.105	0.641
0.299	0.040	0.346	0.314
0.332	0.061	0.312	0.295
0.088	0.654	0.092	0.166
0.686	0.114	0.059	0.141
0.238	0.236	0.296	0.231
>TACACACACACA	6-TACACACACACA	2.924926	-559.026498	0	T:10395.0(91.39%),B:149713.2(79.70%),P:1e-242	Tpos:141.6,Tstd:118.8,Bpos:5309.6,Bstd:19482.0,StrandBias:0.0,Multiplicity:1.64
0.159	0.149	0.199	0.492
0.630	0.130	0.134	0.106
0.128	0.664	0.133	0.075
0.603	0.162	0.118	0.117
0.140	0.590	0.157	0.113
0.573	0.165	0.133	0.129
0.154	0.554	0.165	0.127
0.541	0.170	0.139	0.150
0.126	0.594	0.145	0.135
0.602	0.157	0.128	0.113
0.125	0.669	0.087	0.119
0.490	0.196	0.139	0.175
>NCCMYVTGMCTG	7-NCCMYVTGMCTG	3.677497	-539.265924	0	T:8811.0(77.47%),B:117943.4(62.79%),P:1e-234	Tpos:141.5,Tstd:119.3,Bpos:5408.1,Bstd:19866.3,StrandBias:-0.0,Multiplicity:1.79
0.310	0.267	0.212	0.211
0.236	0.408	0.111	0.245
0.232	0.766	0.001	0.001
0.507	0.370	0.001	0.122
0.190	0.347	0.001	0.462
0.274	0.249	0.326	0.151
0.064	0.001	0.020	0.915
0.001	0.001	0.997	0.001
0.436	0.334	0.229	0.001
0.280	0.695	0.001	0.024
0.334	0.001	0.001	0.664
0.114	0.067	0.494	0.325
>NYYMYCWGVTGD	8-NYYMYCWGVTGD	3.859091	-473.034414	0	T:10267.0(90.27%),B:148993.5(79.32%),P:1e-205	Tpos:145.5,Tstd:126.0,Bpos:3513.8,Bstd:14392.2,StrandBias:-0.0,Multiplicity:1.59
0.237	0.284	0.254	0.225
0.105	0.364	0.104	0.428
0.001	0.506	0.114	0.379
0.410	0.475	0.001	0.114
0.113	0.431	0.001	0.455
0.129	0.524	0.170	0.177
0.499	0.001	0.001	0.499
0.001	0.144	0.709	0.146
0.290	0.336	0.373	0.001
0.174	0.001	0.081	0.744
0.092	0.222	0.581	0.105
0.318	0.071	0.299	0.312
>TGTGTATGTGTG	9-TGTGTATGTGTG	2.625881	-446.510816	0	T:10935.0(96.14%),B:165432.0(88.07%),P:1e-193	Tpos:120.2,Tstd:78.6,Bpos:1696.2,Bstd:6053.5,StrandBias:-1.0,Multiplicity:1.00
0.100	0.100	0.100	0.700
0.100	0.100	0.700	0.100
0.100	0.100	0.100	0.700
0.100	0.100	0.700	0.100
0.100	0.100	0.100	0.700
0.700	0.100	0.100	0.100
0.100	0.100	0.100	0.700
0.100	0.100	0.700	0.100
0.100	0.100	0.100	0.700
0.100	0.100	0.700	0.100
0.100	0.100	0.100	0.700
0.100	0.100	0.700	0.100
>GGGAAAGCCCCT	10-GGGAAAGCCCCT	2.625881	-418.909707	0	T:11308.0(99.42%),B:177403.0(94.44%),P:1e-181	Tpos:146.7,Tstd:119.0,Bpos:2241.1,Bstd:12719.8,StrandBias:0.0,Multiplicity:2.50
0.100	0.100	0.700	0.100
0.100	0.100	0.700	0.100
0.100	0.100	0.700	0.100
0.700	0.100	0.100	0.100
0.700	0.100	0.100	0.100
0.700	0.100	0.100	0.100
0.100	0.100	0.700	0.100
0.100	0.700	0.100	0.100
0.100	0.700	0.100	0.100
0.100	0.700	0.100	0.100
0.100	0.700	0.100	0.100
0.100	0.100	0.100	0.700
>HACACACACACN	11-HACACACACACN	3.169640	-414.313626	0	T:9119.0(80.17%),B:127411.1(67.83%),P:1e-179	Tpos:145.2,Tstd:122.0,Bpos:7057.6,Bstd:27512.4,StrandBias:-0.1,Multiplicity:1.63
0.274	0.341	0.110	0.275
0.659	0.123	0.102	0.116
0.105	0.658	0.131	0.106
0.690	0.114	0.081	0.115
0.095	0.717	0.091	0.097
0.738	0.100	0.103	0.059
0.121	0.669	0.121	0.089
0.733	0.106	0.101	0.060
0.071	0.749	0.113	0.067
0.671	0.109	0.096	0.124
0.123	0.642	0.138	0.097
0.197	0.253	0.278	0.272
>GTGTGTGTGTGT	12-GTGTGTGTGTGT	3.114974	-369.316642	0	T:7159.0(62.94%),B:93861.4(49.97%),P:1e-160	Tpos:143.1,Tstd:120.2,Bpos:3154.2,Bstd:12246.1,StrandBias:0.0,Multiplicity:1.84
0.067	0.212	0.651	0.070
0.212	0.114	0.051	0.623
0.030	0.015	0.950	0.005
0.176	0.034	0.022	0.768
0.015	0.072	0.912	0.001
0.214	0.050	0.054	0.682
0.032	0.034	0.921	0.013
0.223	0.139	0.116	0.522
0.012	0.044	0.921	0.023
0.279	0.039	0.020	0.662
0.001	0.034	0.910	0.055
0.314	0.085	0.024	0.577
>SSCAGSBSVCVS	13-SSCAGSBSVCVS	0.516769	-58.155553	0	T:11365.0(99.92%),B:186395.8(99.23%),P:1e-25	Tpos:144.1,Tstd:117.1,Bpos:1539.8,Bstd:6186.0,StrandBias:0.0,Multiplicity:1.72
0.156	0.300	0.357	0.187
0.121	0.363	0.375	0.142
0.001	0.997	0.001	0.001
0.465	0.254	0.003	0.278
0.001	0.233	0.765	0.001
0.077	0.425	0.397	0.101
0.141	0.301	0.324	0.234
0.036	0.447	0.516	0.001
0.286	0.357	0.229	0.129
0.067	0.615	0.261	0.057
0.215	0.327	0.330	0.128
0.168	0.286	0.395	0.152
>CTCTCTCTCTCC	14-CTCTCTCTCTCC	0.679971	-16.178461	0	T:11374.0(100.00%),B:187565.2(99.85%),P:1e-7	Tpos:142.8,Tstd:117.2,Bpos:2896.7,Bstd:13184.4,StrandBias:0.0,Multiplicity:2.73
0.100	0.700	0.100	0.100
0.100	0.100	0.100	0.700
0.100	0.700	0.100	0.100
0.100	0.100	0.100	0.700
0.100	0.700	0.100	0.100
0.100	0.100	0.100	0.700
0.100	0.700	0.100	0.100
0.100	0.100	0.100	0.700
0.100	0.700	0.100	0.100
0.100	0.100	0.100	0.700
0.100	0.700	0.100	0.100
0.100	0.700	0.100	0.100
>CTAAAAACAAAA	15-CTAAAAACAAAA	-39.674272	-2.293000	0	T:11374.0(100.00%),B:187801.6(99.98%),P:1e0	Tpos:140.8,Tstd:121.5,Bpos:7938.7,Bstd:22737.3,StrandBias:-0.0,Multiplicity:1.67
0.108	0.594	0.001	0.297
0.404	0.001	0.001	0.594
0.594	0.001	0.001	0.404
0.997	0.001	0.001	0.001
0.997	0.001	0.001	0.001
0.997	0.001	0.001	0.001
0.594	0.001	0.001	0.404
0.404	0.594	0.001	0.001
0.997	0.001	0.001	0.001
0.997	0.001	0.001	0.001
0.997	0.001	0.001	0.001
0.594	0.001	0.001	0.404
>VSGSCGSCSCRC	16-VSGSCGSCSCRC	7.528640	-0.000000	0	T:577.0(5.07%),B:14491.9(7.72%),P:1e0	Tpos:167.2,Tstd:149.5,Bpos:274.6,Bstd:396.3,StrandBias:0.0,Multiplicity:1.00
0.226	0.318	0.366	0.089
0.138	0.316	0.409	0.137
0.001	0.187	0.632	0.180
0.001	0.452	0.458	0.089
0.051	0.542	0.273	0.134
0.134	0.180	0.454	0.232
0.001	0.453	0.545	0.001
0.096	0.587	0.316	0.001
0.002	0.503	0.450	0.045
0.134	0.683	0.001	0.182
0.315	0.225	0.458	0.002
0.089	0.585	0.325	0.001
>SSGGCCVCSCGS	17-SSGGCCVCSCGS	7.752414	-0.000000	0	T:86.0(0.76%),B:2780.1(1.48%),P:1e0	Tpos:108.0,Tstd:0.0,Bpos:268.8,Bstd:500.5,StrandBias:-10.0,Multiplicity:1.00
0.161	0.314	0.338	0.187
0.217	0.228	0.368	0.187
0.001	0.202	0.669	0.128
0.001	0.193	0.678	0.128
0.001	0.548	0.219	0.232
0.098	0.492	0.314	0.097
0.273	0.411	0.314	0.001
0.096	0.586	0.317	0.001
0.001	0.433	0.565	0.001
0.160	0.524	0.001	0.315
0.161	0.243	0.467	0.129
0.001	0.475	0.442	0.082
>NNNNNNNNNNNN	18-NNNNNNNNNNNN	-nan	0.000000	0	T:0.0(0.00%),B:0.0(0.00%),P:1e0	Tpos:0.0,Tstd:0.0,Bpos:0.0,Bstd:0.0,StrandBias:0.0,Multiplicity:1.00
-nan	-nan	-nan	-nan
-nan	-nan	-nan	-nan
-nan	-nan	-nan	-nan
-nan	-nan	-nan	-nan
-nan	-nan	-nan	-nan
-nan	-nan	-nan	-nan
-nan	-nan	-nan	-nan
-nan	-nan	-nan	-nan
-nan	-nan	-nan	-nan
-nan	-nan	-nan	-nan
-nan	-nan	-nan	-nan
-nan	-nan	-nan	-nan
>NNNNNNNNNNNN	19-NNNNNNNNNNNN	-nan	0.000000	0	T:0.0(0.00%),B:0.0(0.00%),P:1e0	Tpos:0.0,Tstd:0.0,Bpos:0.0,Bstd:0.0,StrandBias:0.0,Multiplicity:1.00
-nan	-nan	-nan	-nan
-nan	-nan	-nan	-nan
-nan	-nan	-nan	-nan
-nan	-nan	-nan	-nan
-nan	-nan	-nan	-nan
-nan	-nan	-nan	-nan
-nan	-nan	-nan	-nan
-nan	-nan	-nan	-nan
-nan	-nan	-nan	-nan
-nan	-nan	-nan	-nan
-nan	-nan	-nan	-nan
-nan	-nan	-nan	-nan
>NNNNNNNNNNNN	20-NNNNNNNNNNNN	-nan	0.000000	0	T:0.0(0.00%),B:0.0(0.00%),P:1e0	Tpos:0.0,Tstd:0.0,Bpos:0.0,Bstd:0.0,StrandBias:0.0,Multiplicity:1.00
-nan	-nan	-nan	-nan
-nan	-nan	-nan	-nan
-nan	-nan	-nan	-nan
-nan	-nan	-nan	-nan
-nan	-nan	-nan	-nan
-nan	-nan	-nan	-nan
-nan	-nan	-nan	-nan
-nan	-nan	-nan	-nan
-nan	-nan	-nan	-nan
-nan	-nan	-nan	-nan
-nan	-nan	-nan	-nan
-nan	-nan	-nan	-nan
>NNNNNNNNNNNN	21-NNNNNNNNNNNN	-nan	0.000000	0	T:0.0(0.00%),B:0.0(0.00%),P:1e0	Tpos:0.0,Tstd:0.0,Bpos:0.0,Bstd:0.0,StrandBias:0.0,Multiplicity:1.00
-nan	-nan	-nan	-nan
-nan	-nan	-nan	-nan
-nan	-nan	-nan	-nan
-nan	-nan	-nan	-nan
-nan	-nan	-nan	-nan
-nan	-nan	-nan	-nan
-nan	-nan	-nan	-nan
-nan	-nan	-nan	-nan
-nan	-nan	-nan	-nan
-nan	-nan	-nan	-nan
-nan	-nan	-nan	-nan
-nan	-nan	-nan	-nan
>NNNNNNNNNNNN	22-NNNNNNNNNNNN	-nan	0.000000	0	T:0.0(0.00%),B:0.0(0.00%),P:1e0	Tpos:0.0,Tstd:0.0,Bpos:0.0,Bstd:0.0,StrandBias:0.0,Multiplicity:1.00
-nan	-nan	-nan	-nan
-nan	-nan	-nan	-nan
-nan	-nan	-nan	-nan
-nan	-nan	-nan	-nan
-nan	-nan	-nan	-nan
-nan	-nan	-nan	-nan
-nan	-nan	-nan	-nan
-nan	-nan	-nan	-nan
-nan	-nan	-nan	-nan
-nan	-nan	-nan	-nan
-nan	-nan	-nan	-nan
-nan	-nan	-nan	-nan
>NNNNNNNNNNNN	23-NNNNNNNNNNNN	-nan	0.000000	0	T:0.0(0.00%),B:0.0(0.00%),P:1e0	Tpos:0.0,Tstd:0.0,Bpos:0.0,Bstd:0.0,StrandBias:0.0,Multiplicity:1.00
-nan	-nan	-nan	-nan
-nan	-nan	-nan	-nan
-nan	-nan	-nan	-nan
-nan	-nan	-nan	-nan
-nan	-nan	-nan	-nan
-nan	-nan	-nan	-nan
-nan	-nan	-nan	-nan
-nan	-nan	-nan	-nan
-nan	-nan	-nan	-nan
-nan	-nan	-nan	-nan
-nan	-nan	-nan	-nan
-nan	-nan	-nan	-nan
>NNNNNNNNNNNN	24-NNNNNNNNNNNN	-nan	0.000000	0	T:0.0(0.00%),B:0.0(0.00%),P:1e0	Tpos:0.0,Tstd:0.0,Bpos:0.0,Bstd:0.0,StrandBias:0.0,Multiplicity:1.00
-nan	-nan	-nan	-nan
-nan	-nan	-nan	-nan
-nan	-nan	-nan	-nan
-nan	-nan	-nan	-nan
-nan	-nan	-nan	-nan
-nan	-nan	-nan	-nan
-nan	-nan	-nan	-nan
-nan	-nan	-nan	-nan
-nan	-nan	-nan	-nan
-nan	-nan	-nan	-nan
-nan	-nan	-nan	-nan
-nan	-nan	-nan	-nan
>NNNNNNNNNNNN	25-NNNNNNNNNNNN	-nan	0.000000	0	T:0.0(0.00%),B:0.0(0.00%),P:1e0	Tpos:0.0,Tstd:0.0,Bpos:0.0,Bstd:0.0,StrandBias:0.0,Multiplicity:1.00
-nan	-nan	-nan	-nan
-nan	-nan	-nan	-nan
-nan	-nan	-nan	-nan
-nan	-nan	-nan	-nan
-nan	-nan	-nan	-nan
-nan	-nan	-nan	-nan
-nan	-nan	-nan	-nan
-nan	-nan	-nan	-nan
-nan	-nan	-nan	-nan
-nan	-nan	-nan	-nan
-nan	-nan	-nan	-nan
-nan	-nan	-nan	-nan
>ATGAGTCA	1-ATGAGTCA	6.195278	-1174.181005	0	T:2186.0(19.22%),B:10411.5(5.54%),P:1e-509	Tpos:144.8,Tstd:115.1,Bpos:3843.2,Bstd:9875.3,StrandBias:0.0,Multiplicity:1.30
0.576	0.219	0.165	0.040
0.001	0.001	0.001	0.997
0.001	0.001	0.977	0.021
0.978	0.003	0.001	0.018
0.034	0.236	0.686	0.044
0.001	0.001	0.001	0.997
0.020	0.978	0.001	0.001
0.997	0.001	0.001	0.001
>DRBRGAAW	2-DRBRGAAW	3.371475	-897.205024	0	T:9973.0(87.68%),B:132681.8(70.64%),P:1e-389	Tpos:145.1,Tstd:120.4,Bpos:5503.5,Bstd:22111.7,StrandBias:0.0,Multiplicity:2.01
0.347	0.001	0.392	0.260
0.408	0.235	0.331	0.026
0.188	0.228	0.341	0.243
0.348	0.001	0.414	0.237
0.335	0.001	0.663	0.001
0.666	0.001	0.001	0.332
0.592	0.001	0.001	0.406
0.534	0.001	0.001	0.464
>WAGGYWSS	3-WAGGYWSS	3.518948	-812.595184	0	T:9911.0(87.14%),B:133158.2(70.89%),P:1e-352	Tpos:140.7,Tstd:115.4,Bpos:2917.2,Bstd:10361.5,StrandBias:-0.0,Multiplicity:1.80
0.504	0.001	0.001	0.494
0.579	0.001	0.001	0.419
0.289	0.001	0.542	0.168
0.157	0.228	0.506	0.109
0.149	0.401	0.177	0.272
0.545	0.001	0.001	0.453
0.237	0.302	0.434	0.028
0.088	0.444	0.311	0.158
>GDCWAACA	4-GDCWAACA	0.658996	-736.493933	0	T:10929.0(96.09%),B:159220.9(84.76%),P:1e-319	Tpos:143.3,Tstd:120.2,Bpos:2457.9,Bstd:9120.5,StrandBias:0.0,Multiplicity:1.71
0.418	0.001	0.580	0.001
0.365	0.001	0.345	0.289
0.001	0.789	0.209	0.001
0.475	0.001	0.001	0.523
0.997	0.001	0.001	0.001
0.888	0.001	0.110	0.001
0.110	0.523	0.341	0.026
0.602	0.054	0.162	0.182
>RTCACGTG	5-RTCACGTG	4.119906	-657.506005	0	T:6153.0(54.10%),B:69271.9(36.88%),P:1e-285	Tpos:143.9,Tstd:121.4,Bpos:3744.3,Bstd:12852.4,StrandBias:0.0,Multiplicity:1.67
0.329	0.200	0.400	0.071
0.129	0.211	0.114	0.546
0.006	0.929	0.059	0.006
0.918	0.030	0.015	0.037
0.006	0.738	0.001	0.255
0.308	0.015	0.630	0.047
0.053	0.028	0.026	0.893
0.029	0.022	0.948	0.001
>GSSACTGS	6-GSSACTGS	3.528784	-619.368047	0	T:11140.0(97.94%),B:167772.8(89.32%),P:1e-268	Tpos:142.1,Tstd:115.7,Bpos:2045.8,Bstd:7311.9,StrandBias:-0.0,Multiplicity:1.70
0.246	0.001	0.495	0.258
0.001	0.305	0.432	0.262
0.095	0.366	0.355	0.183
0.655	0.001	0.001	0.343
0.001	0.580	0.418	0.001
0.402	0.001	0.001	0.596
0.278	0.001	0.489	0.233
0.215	0.367	0.240	0.179
>CWCWGAGA	7-CWCWGAGA	-0.197350	-562.507451	0	T:10485.0(92.18%),B:151704.7(80.76%),P:1e-244	Tpos:142.1,Tstd:118.8,Bpos:3573.5,Bstd:16532.6,StrandBias:-0.0,Multiplicity:1.67
0.001	0.657	0.341	0.001
0.446	0.001	0.001	0.552
0.001	0.870	0.128	0.001
0.563	0.001	0.001	0.435
0.001	0.402	0.596	0.001
0.806	0.001	0.001	0.192
0.001	0.192	0.806	0.001
0.663	0.001	0.001	0.335
>WKGCTGST	8-WKGCTGST	1.663017	-550.443802	0	T:10633.0(93.49%),B:155491.4(82.78%),P:1e-239	Tpos:143.9,Tstd:118.2,Bpos:1999.8,Bstd:7955.6,StrandBias:0.0,Multiplicity:1.90
0.445	0.001	0.001	0.553
0.106	0.001	0.436	0.457
0.001	0.245	0.753	0.001
0.001	0.945	0.053	0.001
0.280	0.001	0.001	0.718
0.001	0.001	0.997	0.001
0.001	0.503	0.495	0.001
0.246	0.026	0.249	0.479
>HAWWTYAT	9-HAWWTYAT	2.627790	-538.603458	0	T:8724.0(76.70%),B:116336.4(61.93%),P:1e-233	Tpos:141.0,Tstd:118.8,Bpos:7742.9,Bstd:22703.2,StrandBias:0.0,Multiplicity:2.23
0.354	0.302	0.063	0.281
0.451	0.180	0.073	0.296
0.517	0.001	0.001	0.481
0.435	0.001	0.001	0.563
0.207	0.112	0.122	0.559
0.147	0.391	0.029	0.433
0.783	0.067	0.149	0.001
0.089	0.355	0.001	0.555
>TSWBCCCC	10-TSWBCCCC	3.851536	-521.685839	0	T:10662.0(93.74%),B:156856.7(83.51%),P:1e-226	Tpos:144.1,Tstd:119.2,Bpos:2014.8,Bstd:6904.1,StrandBias:0.0,Multiplicity:1.71
0.317	0.001	0.001	0.681
0.074	0.416	0.509	0.001
0.497	0.001	0.001	0.501
0.094	0.361	0.299	0.247
0.158	0.545	0.222	0.075
0.188	0.497	0.001	0.313
0.252	0.565	0.001	0.182
0.173	0.698	0.001	0.128
>AAWGDNNW	11-AAWGDNNW	2.827393	-501.024647	0	T:10148.0(89.22%),B:145681.3(77.56%),P:1e-217	Tpos:142.2,Tstd:120.8,Bpos:5781.4,Bstd:23548.2,StrandBias:0.0,Multiplicity:1.74
0.504	0.092	0.089	0.315
0.412	0.170	0.170	0.248
0.492	0.001	0.141	0.366
0.001	0.001	0.997	0.001
0.319	0.109	0.304	0.268
0.223	0.228	0.272	0.277
0.326	0.215	0.239	0.221
0.348	0.167	0.166	0.320
>WTTKTTWW	12-WTTKTTWW	2.479311	-449.575653	0	T:9150.0(80.45%),B:126939.0(67.58%),P:1e-195	Tpos:143.4,Tstd:121.7,Bpos:7605.4,Bstd:25814.5,StrandBias:-0.0,Multiplicity:1.88
0.376	0.047	0.064	0.513
0.099	0.144	0.167	0.590
0.138	0.090	0.132	0.640
0.124	0.109	0.399	0.368
0.109	0.153	0.146	0.592
0.035	0.109	0.338	0.518
0.356	0.090	0.118	0.436
0.426	0.114	0.136	0.324
>TRTGWATD	13-TRTGWATD	3.315655	-388.382181	0	T:8736.0(76.81%),B:121048.0(64.44%),P:1e-168	Tpos:140.3,Tstd:118.6,Bpos:7802.0,Bstd:25244.5,StrandBias:0.1,Multiplicity:1.95
0.155	0.023	0.038	0.784
0.491	0.001	0.501	0.007
0.088	0.001	0.001	0.910
0.249	0.118	0.585	0.048
0.359	0.180	0.119	0.341
0.453	0.169	0.245	0.133
0.345	0.039	0.024	0.592
0.265	0.174	0.226	0.335
>ACWCAYAT	14-ACWCAYAT	0.829713	-376.767240	0	T:7724.0(67.91%),B:103304.7(55.00%),P:1e-163	Tpos:147.3,Tstd:131.2,Bpos:6822.1,Bstd:21974.0,StrandBias:-0.0,Multiplicity:2.11
0.582	0.010	0.001	0.407
0.001	0.557	0.035	0.407
0.433	0.206	0.001	0.360
0.001	0.997	0.001	0.001
0.997	0.001	0.001	0.001
0.001	0.459	0.001	0.539
0.986	0.001	0.012	0.001
0.001	0.048	0.001	0.950
>AATAGAAM	15-AATAGAAM	-4.703537	-370.279040	0	T:11186.0(98.35%),B:174122.1(92.70%),P:1e-160	Tpos:141.9,Tstd:118.2,Bpos:4196.5,Bstd:18916.5,StrandBias:0.0,Multiplicity:1.63
0.997	0.001	0.001	0.001
0.859	0.001	0.004	0.136
0.136	0.001	0.049	0.814
0.997	0.001	0.001	0.001
0.001	0.048	0.950	0.001
0.713	0.013	0.138	0.136
0.827	0.001	0.001	0.171
0.426	0.426	0.147	0.001
>AASAGBWA	16-AASAGBWA	2.049760	-296.105365	0	T:9800.0(86.16%),B:144443.1(76.90%),P:1e-128	Tpos:142.1,Tstd:117.5,Bpos:4298.6,Bstd:18490.2,StrandBias:0.0,Multiplicity:1.63
0.666	0.001	0.001	0.332
0.708	0.001	0.001	0.290
0.001	0.556	0.442	0.001
0.641	0.001	0.001	0.357
0.059	0.001	0.939	0.001
0.103	0.268	0.347	0.281
0.572	0.001	0.001	0.426
0.615	0.142	0.210	0.033
>TTCCCCAG	17-TTCCCCAG	2.399224	-31.960842	0	T:11372.0(99.98%),B:187185.6(99.65%),P:1e-13	Tpos:146.5,Tstd:117.8,Bpos:1328.6,Bstd:6462.5,StrandBias:-0.0,Multiplicity:3.40
0.100	0.100	0.100	0.700
0.100	0.100	0.100	0.700
0.100	0.700	0.100	0.100
0.100	0.700	0.100	0.100
0.100	0.700	0.100	0.100
0.100	0.700	0.100	0.100
0.700	0.100	0.100	0.100
0.100	0.100	0.700	0.100
>NVACCTGA	18-NVACCTGA	-2.253887	-15.354274	0	T:11374.0(100.00%),B:187579.1(99.86%),P:1e-6	Tpos:142.3,Tstd:117.6,Bpos:2764.0,Bstd:13184.8,StrandBias:0.0,Multiplicity:1.68
0.281	0.213	0.184	0.323
0.253	0.367	0.226	0.155
0.996	0.002	0.001	0.001
0.182	0.578	0.071	0.169
0.168	0.578	0.043	0.211
0.001	0.001	0.001	0.997
0.001	0.001	0.997	0.001
0.449	0.269	0.197	0.085
>AAAACCCC	19-AAAACCCC	0.000000	-0.470321	0	T:11374.0(100.00%),B:187832.8(100.00%),P:1e0
0.700	0.100	0.100	0.100
0.700	0.100	0.100	0.100
0.700	0.100	0.100	0.100
0.700	0.100	0.100	0.100
0.100	0.700	0.100	0.100
0.100	0.700	0.100	0.100
0.100	0.700	0.100	0.100
0.100	0.700	0.100	0.100
>TGCACACA	20-TGCACACA	0.000000	-0.058789	0	T:11374.0(100.00%),B:187839.7(100.00%),P:1e0
0.100	0.100	0.100	0.700
0.100	0.100	0.700	0.100
0.100	0.700	0.100	0.100
0.700	0.100	0.100	0.100
0.100	0.700	0.100	0.100
0.700	0.100	0.100	0.100
0.100	0.700	0.100	0.100
0.700	0.100	0.100	0.100
>GGAAGGGG	21-GGAAGGGG	0.453314	0.000000	0	T:11374.0(100.00%),B:187840.4(100.00%),P:1e0	Tpos:145.8,Tstd:116.3,Bpos:1512.2,Bstd:10135.7,StrandBias:-0.0,Multiplicity:2.94
0.100	0.100	0.700	0.100
0.100	0.100	0.700	0.100
0.700	0.100	0.100	0.100
0.700	0.100	0.100	0.100
0.100	0.100	0.700	0.100
0.100	0.100	0.700	0.100
0.100	0.100	0.700	0.100
0.100	0.100	0.700	0.100
>GCGCCGCG	22-GCGCCGCG	-34.120471	0.000000	0	T:11374.0(100.00%),B:187840.5(100.00%),P:1e0	Tpos:142.0,Tstd:120.7,Bpos:4337.4,Bstd:19169.6,StrandBias:0.0,Multiplicity:1.50
0.001	0.001	0.997	0.001
0.001	0.997	0.001	0.001
0.001	0.001	0.997	0.001
0.001	0.570	0.405	0.024
0.001	0.974	0.001	0.024
0.001	0.032	0.966	0.001
0.032	0.966	0.001	0.001
0.001	0.371	0.627	0.001
>GAAGTGGG	23-GAAGTGGG	0.000000	0.000000	0	T:11374.0(100.00%),B:187840.5(100.00%),P:1e0
0.100	0.100	0.700	0.100
0.700	0.100	0.100	0.100
0.700	0.100	0.100	0.100
0.100	0.100	0.700	0.100
0.100	0.100	0.100	0.700
0.100	0.100	0.700	0.100
0.100	0.100	0.700	0.100
0.100	0.100	0.700	0.100
>CACAGCAG	24-CACAGCAG	0.000000	0.000000	0	T:11374.0(100.00%),B:187840.5(100.00%),P:1e0
0.100	0.700	0.100	0.100
0.700	0.100	0.100	0.100
0.100	0.700	0.100	0.100
0.700	0.100	0.100	0.100
0.100	0.100	0.700	0.100
0.100	0.700	0.100	0.100
0.700	0.100	0.100	0.100
0.100	0.100	0.700	0.100
>ACACAGCC	25-ACACAGCC	0.000000	0.000000	0	T:11374.0(100.00%),B:187840.3(100.00%),P:1e0
0.700	0.100	0.100	0.100
0.100	0.700	0.100	0.100
0.700	0.100	0.100	0.100
0.100	0.700	0.100	0.100
0.700	0.100	0.100	0.100
0.100	0.100	0.700	0.100
0.100	0.700	0.100	0.100
0.100	0.700	0.100	0.100
