>NAGGAGAGTCCT	12-NAGGAGAGTCCT,BestGuess:RELA/MA0107.1/Jaspar(0.642)	8.541813	-1.651535	0	T:5.0(0.54%),B:804.4(0.33%),P:1e0
0.298	0.286	0.173	0.243
0.731	0.041	0.086	0.142
0.137	0.032	0.685	0.146
0.209	0.172	0.526	0.093
0.767	0.033	0.076	0.124
0.194	0.105	0.596	0.105
0.663	0.114	0.107	0.116
0.162	0.110	0.554	0.174
0.161	0.097	0.159	0.583
0.127	0.599	0.100	0.174
0.187	0.577	0.052	0.184
0.270	0.199	0.097	0.434
