>NGGRACASAGAD	11-NGGRACASAGAD,BestGuess:Sox4(HMG)/proB-Sox4-ChIP-Seq(GSE50066)/Homer(0.711)	8.634178	-1.708331	0	T:1.0(0.11%),B:53.0(0.02%),P:1e0
0.288	0.159	0.299	0.253
0.274	0.044	0.544	0.138
0.197	0.063	0.622	0.118
0.350	0.127	0.460	0.063
0.495	0.104	0.243	0.158
0.180	0.503	0.211	0.106
0.634	0.116	0.106	0.144
0.170	0.313	0.444	0.074
0.788	0.032	0.062	0.118
0.180	0.053	0.619	0.148
0.658	0.106	0.173	0.063
0.320	0.169	0.247	0.264
