>HCCTGGGCTCAN	17-HCCTGGGCTCAN,BestGuess:ZNF416(Zf)/HEK293-ZNF416.GFP-ChIP-Seq(GSE58341)/Homer(0.734)	9.673128	-0.180595	0	T:1.0(0.11%),B:476.4(0.19%),P:1e0
0.254	0.236	0.175	0.335
0.105	0.637	0.118	0.140
0.123	0.597	0.092	0.188
0.144	0.044	0.070	0.742
0.101	0.073	0.699	0.127
0.160	0.074	0.657	0.109
0.140	0.131	0.595	0.134
0.131	0.646	0.096	0.127
0.166	0.131	0.070	0.633
0.122	0.598	0.166	0.114
0.622	0.149	0.074	0.155
0.219	0.271	0.270	0.241
