>NNNNNRCTTCCT	23-NNNNNRCTTCCT	8.295235	-0.521694	0	T:1.0(0.01%),B:15.2(0.01%),P:1e0
0.296	0.271	0.219	0.214
0.293	0.255	0.198	0.254
0.317	0.298	0.216	0.169
0.242	0.325	0.219	0.213
0.240	0.238	0.292	0.230
0.353	0.199	0.347	0.101
0.008	0.603	0.031	0.358
0.027	0.012	0.001	0.960
0.001	0.011	0.003	0.985
0.011	0.985	0.002	0.002
0.018	0.960	0.008	0.014
0.034	0.286	0.190	0.489
