>WAAGRGGAAGTG	6-WAAGRGGAAGTG	9.689061	-60.429000	0	T:134.0(0.99%),B:734.8(0.31%),P:1e-26
0.356	0.175	0.104	0.365
0.544	0.180	0.073	0.203
0.456	0.017	0.232	0.295
0.226	0.214	0.470	0.090
0.521	0.032	0.405	0.042
0.033	0.001	0.850	0.116
0.014	0.084	0.901	0.001
0.885	0.048	0.057	0.010
0.861	0.032	0.045	0.062
0.231	0.229	0.527	0.013
0.077	0.188	0.057	0.678
0.157	0.087	0.491	0.265
