>TCCATTCCATTC	11-GAATGGAATGGA	10.230846	-25.408518	0	T:23.0(0.17%),B:53.7(0.02%),P:1e-11
0.119	0.105	0.040	0.736
0.108	0.605	0.139	0.148
0.146	0.525	0.225	0.104
0.738	0.029	0.137	0.096
0.077	0.137	0.176	0.610
0.001	0.129	0.076	0.794
0.089	0.628	0.146	0.137
0.170	0.541	0.159	0.130
0.687	0.070	0.122	0.121
0.151	0.091	0.198	0.560
0.098	0.062	0.124	0.716
0.146	0.673	0.104	0.077
