>VTTAACCACAGH	12-VTTAACCACAGH	9.402763	-25.320622	0	T:39.0(0.29%),B:166.2(0.07%),P:1e-10
0.336	0.259	0.299	0.106
0.133	0.057	0.223	0.587
0.141	0.186	0.089	0.584
0.879	0.038	0.029	0.054
0.898	0.048	0.031	0.023
0.090	0.761	0.058	0.091
0.031	0.588	0.242	0.139
0.539	0.053	0.294	0.114
0.037	0.756	0.031	0.176
0.516	0.206	0.237	0.041
0.183	0.063	0.724	0.030
0.265	0.254	0.116	0.365
