>ATGGAATGGAAT	13-ATGGAATGGAAT	12.679694	-24.640466	0	T:20.0(0.15%),B:39.4(0.02%),P:1e-10
0.810	0.087	0.089	0.014
0.028	0.046	0.019	0.907
0.038	0.309	0.561	0.092
0.088	0.035	0.840	0.037
0.918	0.013	0.041	0.028
0.876	0.074	0.035	0.015
0.028	0.091	0.031	0.850
0.074	0.139	0.748	0.039
0.041	0.051	0.839	0.069
0.931	0.028	0.018	0.023
0.839	0.052	0.080	0.029
0.012	0.069	0.031	0.888
