>ACWTCTGCYTTY	6-ACWTCTGCYTTY	10.767687	-20.050145	0	T:13.0(0.08%),B:9.5(0.01%),P:1e-8
0.532	0.220	0.247	0.001
0.019	0.843	0.104	0.034
0.464	0.001	0.001	0.534
0.001	0.023	0.299	0.677
0.001	0.767	0.176	0.056
0.008	0.269	0.001	0.722
0.001	0.234	0.764	0.001
0.085	0.689	0.019	0.207
0.148	0.316	0.147	0.389
0.176	0.192	0.049	0.583
0.058	0.094	0.290	0.558
0.137	0.473	0.003	0.386
