>RCRCACACACAC	20-RCRCACACACAC	10.640839	-1.171315	0	T:265.0(1.72%),B:2854.9(1.66%),P:1e0
0.481	0.075	0.364	0.080
0.021	0.585	0.030	0.364
0.457	0.002	0.444	0.097
0.078	0.774	0.089	0.059
0.714	0.059	0.119	0.108
0.039	0.890	0.023	0.048
0.644	0.041	0.254	0.061
0.011	0.779	0.021	0.189
0.654	0.004	0.326	0.016
0.008	0.775	0.136	0.081
0.742	0.020	0.197	0.041
0.050	0.693	0.125	0.132
