>TGCATGTCACAT	13-ATGTGACATGCA	10.822315	-3.312887	0	T:2.0(0.01%),B:2.1(0.00%),P:1e-1
0.112	0.077	0.197	0.614
0.075	0.084	0.751	0.090
0.066	0.765	0.104	0.065
0.683	0.123	0.081	0.113
0.090	0.250	0.096	0.564
0.284	0.031	0.470	0.214
0.085	0.179	0.178	0.558
0.073	0.729	0.129	0.069
0.685	0.098	0.066	0.151
0.141	0.707	0.082	0.070
0.655	0.149	0.099	0.097
0.064	0.228	0.108	0.600
