>YGTGTGTGTGTG	17-YGTGTGTGTGTG	12.413929	-1.719392	0	T:216.0(1.40%),B:2248.1(1.31%),P:1e0
0.030	0.398	0.025	0.547
0.278	0.001	0.720	0.001
0.001	0.249	0.001	0.749
0.220	0.001	0.778	0.001
0.001	0.414	0.001	0.584
0.163	0.001	0.835	0.001
0.001	0.268	0.001	0.730
0.075	0.001	0.923	0.001
0.017	0.271	0.001	0.711
0.264	0.001	0.734	0.001
0.001	0.101	0.001	0.897
0.192	0.001	0.806	0.001
