>TGCTGWSTCATG	7-CATGASWCAGCA	9.717141	-14.282369	0	T:32.0(0.21%),B:119.0(0.07%),P:1e-6
0.086	0.080	0.328	0.506
0.059	0.111	0.753	0.077
0.105	0.681	0.105	0.109
0.112	0.091	0.097	0.700
0.080	0.137	0.712	0.071
0.415	0.031	0.015	0.539
0.054	0.371	0.494	0.081
0.125	0.137	0.095	0.643
0.096	0.693	0.128	0.083
0.652	0.134	0.116	0.098
0.110	0.117	0.119	0.654
0.077	0.303	0.559	0.061
