>GTGTGTGTGTGT	19-GTGTGTGTGTGT	11.207339	-1.477456	0	T:225.0(1.46%),B:2374.1(1.38%),P:1e0
0.188	0.020	0.780	0.012
0.032	0.231	0.017	0.720
0.126	0.015	0.830	0.029
0.009	0.318	0.010	0.663
0.287	0.017	0.679	0.017
0.038	0.356	0.016	0.590
0.216	0.143	0.615	0.026
0.010	0.276	0.034	0.680
0.202	0.035	0.752	0.011
0.024	0.294	0.029	0.653
0.277	0.010	0.681	0.032
0.014	0.222	0.164	0.600
