>TGTGTGTGTGTG	15-CACACACACACA	10.127606	-2.344477	0	T:300.0(1.94%),B:3082.0(1.79%),P:1e-1
0.076	0.210	0.093	0.621
0.165	0.055	0.740	0.040
0.050	0.356	0.001	0.593
0.219	0.027	0.744	0.010
0.001	0.297	0.028	0.674
0.330	0.066	0.590	0.014
0.017	0.346	0.013	0.624
0.212	0.042	0.745	0.001
0.043	0.333	0.020	0.604
0.200	0.052	0.703	0.045
0.090	0.248	0.081	0.581
0.238	0.014	0.664	0.084
