>GTGTGYGTGYGY	22-GTGTGYGTGYGY	9.617426	-0.936821	0	T:268.0(1.74%),B:2928.5(1.70%),P:1e0
0.329	0.071	0.564	0.036
0.086	0.195	0.066	0.653
0.266	0.014	0.693	0.027
0.029	0.216	0.051	0.704
0.332	0.047	0.587	0.034
0.035	0.388	0.042	0.535
0.323	0.028	0.615	0.034
0.039	0.394	0.017	0.550
0.310	0.028	0.631	0.031
0.047	0.417	0.045	0.490
0.332	0.031	0.585	0.052
0.041	0.389	0.042	0.528
