>AGTTTCACTTCC	4-AGTTTCACTTCC	10.138917	-38.448971	0	T:55.0(0.36%),B:130.9(0.08%),P:1e-16
0.599	0.127	0.152	0.122
0.095	0.145	0.676	0.084
0.085	0.167	0.107	0.641
0.105	0.152	0.148	0.595
0.118	0.161	0.145	0.576
0.080	0.719	0.113	0.088
0.629	0.156	0.116	0.099
0.063	0.746	0.107	0.084
0.089	0.123	0.099	0.689
0.081	0.116	0.135	0.668
0.074	0.714	0.127	0.085
0.086	0.751	0.073	0.090
