>TGTGTGTGTGTG	21-TGTGTGTGTGTG	12.371916	-1.004638	0	T:225.0(1.46%),B:2442.8(1.42%),P:1e0
0.035	0.299	0.001	0.665
0.116	0.037	0.846	0.001
0.001	0.128	0.001	0.870
0.149	0.006	0.844	0.001
0.001	0.058	0.010	0.931
0.115	0.046	0.838	0.001
0.001	0.313	0.001	0.685
0.119	0.001	0.879	0.001
0.001	0.085	0.001	0.913
0.087	0.001	0.911	0.001
0.074	0.263	0.001	0.662
0.231	0.074	0.641	0.054
