>NNNVTGWSACAY	24-NNNVTGWSACAY	8.169449	-0.119178	0	T:4.0(0.03%),B:73.1(0.04%),P:1e0
0.200	0.264	0.328	0.208
0.200	0.271	0.200	0.329
0.288	0.251	0.189	0.273
0.308	0.303	0.380	0.009
0.073	0.066	0.093	0.768
0.076	0.120	0.737	0.067
0.418	0.029	0.015	0.538
0.003	0.514	0.482	0.001
0.569	0.023	0.023	0.385
0.057	0.818	0.077	0.048
0.771	0.080	0.075	0.074
0.006	0.413	0.189	0.393
