>AAAGGAAA	1-AAAGGAAA	-0.149382	-1369.019687	0	T:19613.0(88.85%),B:142398.6(74.04%),P:1e-594	Tpos:91.6,Tstd:55.7,Bpos:5267.0,Bstd:14855.7,StrandBias:0.0,Multiplicity:1.62
0.577	0.001	0.307	0.115
0.859	0.001	0.090	0.050
0.473	0.001	0.282	0.245
0.001	0.001	0.997	0.001
0.186	0.001	0.812	0.001
0.997	0.001	0.001	0.001
0.997	0.001	0.001	0.001
0.690	0.001	0.252	0.057
>AATTCCCC	2-AATTCCCC	4.229721	-1309.290939	0	T:15685.0(71.05%),B:102569.1(53.33%),P:1e-568	Tpos:93.9,Tstd:51.5,Bpos:3545.7,Bstd:13501.2,StrandBias:-0.0,Multiplicity:1.79
0.763	0.052	0.178	0.007
0.519	0.276	0.045	0.160
0.201	0.041	0.112	0.646
0.036	0.155	0.039	0.770
0.018	0.790	0.016	0.176
0.032	0.966	0.001	0.001
0.006	0.836	0.019	0.139
0.097	0.711	0.006	0.186
>DGACTTCC	3-DGACTTCC	1.022066	-1151.211198	0	T:19022.0(86.17%),B:138515.9(72.02%),P:1e-499	Tpos:93.3,Tstd:53.9,Bpos:2943.8,Bstd:11615.9,StrandBias:0.0,Multiplicity:1.48
0.283	0.001	0.356	0.360
0.041	0.357	0.513	0.089
0.626	0.372	0.001	0.001
0.001	0.910	0.001	0.088
0.001	0.001	0.001	0.997
0.001	0.001	0.001	0.997
0.001	0.868	0.001	0.130
0.001	0.997	0.001	0.001
>ATGAGTCA	4-ATGAGTCA	8.944809	-1039.103600	0	T:2252.0(10.20%),B:5788.8(3.01%),P:1e-451	Tpos:94.8,Tstd:47.1,Bpos:2755.8,Bstd:7733.5,StrandBias:-0.0,Multiplicity:1.13
0.582	0.205	0.183	0.030
0.001	0.001	0.001	0.997
0.001	0.001	0.981	0.017
0.977	0.005	0.001	0.017
0.029	0.259	0.682	0.030
0.001	0.001	0.001	0.997
0.011	0.987	0.001	0.001
0.997	0.001	0.001	0.001
>CCHCMTTT	5-CCHCMTTT	3.122671	-998.528069	0	T:19985.0(90.53%),B:151554.7(78.80%),P:1e-433	Tpos:91.9,Tstd:55.3,Bpos:5149.7,Bstd:17200.7,StrandBias:-0.0,Multiplicity:1.50
0.130	0.549	0.031	0.290
0.100	0.826	0.027	0.047
0.263	0.356	0.012	0.369
0.104	0.501	0.073	0.322
0.415	0.298	0.048	0.239
0.121	0.306	0.056	0.517
0.184	0.051	0.095	0.670
0.124	0.117	0.021	0.738
>GGGAAKTC	6-GGGAAKTC	3.566232	-981.756115	0	T:17067.0(77.31%),B:120651.3(62.73%),P:1e-426	Tpos:92.1,Tstd:54.2,Bpos:4117.8,Bstd:13156.1,StrandBias:-0.0,Multiplicity:1.52
0.309	0.001	0.689	0.001
0.001	0.001	0.918	0.080
0.284	0.130	0.585	0.001
0.804	0.001	0.001	0.194
0.962	0.001	0.001	0.036
0.230	0.001	0.366	0.403
0.001	0.001	0.284	0.714
0.257	0.429	0.233	0.080
>TGTGGGAA	7-TGTGGGAA	4.181472	-887.552050	0	T:17762.0(80.46%),B:129090.6(67.12%),P:1e-385	Tpos:92.5,Tstd:53.9,Bpos:3085.9,Bstd:11588.9,StrandBias:0.0,Multiplicity:1.45
0.107	0.085	0.096	0.712
0.076	0.066	0.773	0.085
0.145	0.002	0.229	0.624
0.014	0.005	0.980	0.001
0.051	0.008	0.735	0.206
0.076	0.044	0.836	0.044
0.631	0.070	0.207	0.092
0.709	0.086	0.136	0.069
>WWCHYYMH	8-WWCHYYMH	2.859707	-693.259932	0	T:21346.0(96.70%),B:172813.2(89.85%),P:1e-301	Tpos:92.0,Tstd:54.4,Bpos:3251.5,Bstd:12769.9,StrandBias:0.0,Multiplicity:1.42
0.387	0.225	0.025	0.364
0.309	0.173	0.064	0.454
0.127	0.581	0.222	0.070
0.382	0.316	0.010	0.291
0.042	0.372	0.141	0.445
0.029	0.453	0.094	0.424
0.461	0.399	0.110	0.031
0.301	0.321	0.035	0.342
>CACAADAA	9-CACAADAA	-5.025857	-591.220302	0	T:20481.0(92.78%),B:163270.0(84.89%),P:1e-256	Tpos:93.1,Tstd:54.7,Bpos:4078.4,Bstd:15718.6,StrandBias:-0.0,Multiplicity:1.50
0.001	0.997	0.001	0.001
0.997	0.001	0.001	0.001
0.001	0.997	0.001	0.001
0.997	0.001	0.001	0.001
0.680	0.312	0.007	0.001
0.401	0.006	0.325	0.268
0.997	0.001	0.001	0.001
0.997	0.001	0.001	0.001
>AWDWCAYA	10-AWDWCAYA	-1.131995	-515.681436	0	T:18500.0(83.81%),B:143103.4(74.40%),P:1e-223	Tpos:92.4,Tstd:55.7,Bpos:6049.4,Bstd:14379.2,StrandBias:0.0,Multiplicity:1.84
0.680	0.001	0.318	0.001
0.574	0.001	0.001	0.424
0.394	0.001	0.339	0.267
0.434	0.001	0.001	0.564
0.245	0.402	0.236	0.117
0.662	0.001	0.001	0.336
0.161	0.394	0.150	0.295
0.585	0.001	0.001	0.413
>CACGTGAC	11-CACGTGAC	3.799784	-490.887385	0	T:14472.0(65.56%),B:105120.9(54.66%),P:1e-213	Tpos:92.9,Tstd:50.4,Bpos:2879.8,Bstd:10667.8,StrandBias:0.0,Multiplicity:1.59
0.006	0.906	0.062	0.026
0.879	0.017	0.063	0.041
0.051	0.566	0.070	0.313
0.217	0.019	0.760	0.004
0.024	0.017	0.019	0.940
0.021	0.089	0.875	0.015
0.488	0.086	0.162	0.263
0.045	0.586	0.215	0.154
>AWAYYYAA	12-AWAYYYAA	-7.042638	-485.275890	0	T:21608.0(97.88%),B:179159.8(93.15%),P:1e-210	Tpos:92.5,Tstd:55.8,Bpos:5108.0,Bstd:17883.9,StrandBias:-0.0,Multiplicity:1.55
0.997	0.001	0.001	0.001
0.508	0.001	0.001	0.490
0.997	0.001	0.001	0.001
0.001	0.505	0.001	0.493
0.103	0.402	0.001	0.493
0.001	0.520	0.001	0.478
0.686	0.001	0.001	0.312
0.997	0.001	0.001	0.001
>STGSHWAN	13-STGSHWAN	1.996444	-457.267043	0	T:21897.0(99.19%),B:184047.1(95.69%),P:1e-198	Tpos:92.8,Tstd:55.1,Bpos:2078.3,Bstd:8437.7,StrandBias:-0.0,Multiplicity:1.48
0.180	0.371	0.448	0.001
0.262	0.001	0.001	0.736
0.001	0.001	0.797	0.201
0.001	0.513	0.485	0.001
0.421	0.284	0.001	0.295
0.523	0.001	0.001	0.475
0.530	0.224	0.055	0.191
0.290	0.218	0.279	0.213
>TAATGAYA	14-TAATGAYA	-6.835350	-434.621570	0	T:21791.0(98.71%),B:182538.4(94.91%),P:1e-188	Tpos:91.9,Tstd:54.3,Bpos:2508.6,Bstd:9279.2,StrandBias:0.0,Multiplicity:1.49
0.104	0.001	0.001	0.894
0.989	0.001	0.009	0.001
0.502	0.010	0.161	0.327
0.001	0.001	0.001	0.997
0.001	0.001	0.997	0.001
0.913	0.001	0.085	0.001
0.014	0.483	0.001	0.502
0.910	0.009	0.001	0.080
>TMAGWGGT	15-TMAGWGGT	-1.529020	-333.923776	0	T:21076.0(95.47%),B:174450.0(90.70%),P:1e-145	Tpos:91.9,Tstd:54.8,Bpos:4188.2,Bstd:15173.5,StrandBias:0.0,Multiplicity:1.58
0.289	0.001	0.001	0.709
0.360	0.307	0.145	0.189
0.656	0.001	0.001	0.342
0.261	0.001	0.468	0.270
0.458	0.001	0.001	0.540
0.001	0.001	0.774	0.224
0.126	0.001	0.567	0.306
0.001	0.001	0.001	0.997
>GTGTGTGT	16-GTGTGTGT	4.691798	-193.248723	0	T:11569.0(52.41%),B:87510.9(45.50%),P:1e-83	Tpos:93.0,Tstd:50.6,Bpos:2669.9,Bstd:10186.3,StrandBias:0.0,Multiplicity:1.66
0.179	0.025	0.795	0.001
0.070	0.169	0.061	0.700
0.098	0.001	0.882	0.019
0.043	0.083	0.152	0.722
0.078	0.024	0.889	0.009
0.113	0.075	0.158	0.654
0.121	0.086	0.775	0.018
0.209	0.061	0.148	0.582
>TTCCCTGG	17-TTCCCTGG	2.399224	-54.856364	0	T:22057.0(99.92%),B:191406.0(99.52%),P:1e-23	Tpos:93.6,Tstd:55.4,Bpos:1185.0,Bstd:5797.1,StrandBias:0.0,Multiplicity:2.29
0.100	0.100	0.100	0.700
0.100	0.100	0.100	0.700
0.100	0.700	0.100	0.100
0.100	0.700	0.100	0.100
0.100	0.700	0.100	0.100
0.100	0.100	0.100	0.700
0.100	0.100	0.700	0.100
0.100	0.100	0.700	0.100
>ACAGCAGG	18-ACAGCAGG	2.399224	-25.875638	0	T:22067.0(99.96%),B:191913.4(99.78%),P:1e-11	Tpos:93.6,Tstd:54.9,Bpos:1079.0,Bstd:5179.7,StrandBias:0.0,Multiplicity:1.81
0.700	0.100	0.100	0.100
0.100	0.700	0.100	0.100
0.700	0.100	0.100	0.100
0.100	0.100	0.700	0.100
0.100	0.700	0.100	0.100
0.700	0.100	0.100	0.100
0.100	0.100	0.700	0.100
0.100	0.100	0.700	0.100
>CCTCCACC	19-CCTCCACC	0.453314	-0.108652	0	T:22075.0(100.00%),B:192332.6(100.00%),P:1e0	Tpos:94.1,Tstd:56.0,Bpos:953.5,Bstd:4896.0,StrandBias:0.0,Multiplicity:2.09
0.100	0.700	0.100	0.100
0.100	0.700	0.100	0.100
0.100	0.100	0.100	0.700
0.100	0.700	0.100	0.100
0.100	0.700	0.100	0.100
0.700	0.100	0.100	0.100
0.100	0.700	0.100	0.100
0.100	0.700	0.100	0.100
>AGGGGGCA	20-AGGGGGCA	0.000000	-0.108652	0	T:22075.0(100.00%),B:192333.0(100.00%),P:1e0
0.700	0.100	0.100	0.100
0.100	0.100	0.700	0.100
0.100	0.100	0.700	0.100
0.100	0.100	0.700	0.100
0.100	0.100	0.700	0.100
0.100	0.100	0.700	0.100
0.100	0.700	0.100	0.100
0.700	0.100	0.100	0.100
>SRSDGCBC	21-SRSDGCBC	-16.943678	0.000000	0	T:22075.0(100.00%),B:192333.4(100.00%),P:1e0	Tpos:92.2,Tstd:56.5,Bpos:3688.8,Bstd:15263.0,StrandBias:-0.0,Multiplicity:1.34
0.202	0.388	0.324	0.086
0.279	0.175	0.379	0.168
0.009	0.550	0.440	0.001
0.291	0.151	0.246	0.312
0.001	0.358	0.634	0.007
0.016	0.538	0.264	0.182
0.113	0.364	0.306	0.217
0.082	0.570	0.191	0.157
>AAGTGAGG	22-AAGTGAGG	0.000000	0.000000	0	T:22075.0(100.00%),B:192333.4(100.00%),P:1e0
0.700	0.100	0.100	0.100
0.700	0.100	0.100	0.100
0.100	0.100	0.700	0.100
0.100	0.100	0.100	0.700
0.100	0.100	0.700	0.100
0.700	0.100	0.100	0.100
0.100	0.100	0.700	0.100
0.100	0.100	0.700	0.100
>CTCAGCTG	23-CTCAGCTG	0.000000	0.000000	0	T:22075.0(100.00%),B:192333.1(100.00%),P:1e0
0.100	0.700	0.100	0.100
0.100	0.100	0.100	0.700
0.100	0.700	0.100	0.100
0.700	0.100	0.100	0.100
0.100	0.100	0.700	0.100
0.100	0.700	0.100	0.100
0.100	0.100	0.100	0.700
0.100	0.100	0.700	0.100
>GTGTGATG	24-GTGTGATG	0.000000	0.000000	0	T:22075.0(100.00%),B:192333.4(100.00%),P:1e0
0.100	0.100	0.700	0.100
0.100	0.100	0.100	0.700
0.100	0.100	0.700	0.100
0.100	0.100	0.100	0.700
0.100	0.100	0.700	0.100
0.700	0.100	0.100	0.100
0.100	0.100	0.100	0.700
0.100	0.100	0.700	0.100
>AGAGGGCA	25-AGAGGGCA	0.000000	0.000000	0	T:22075.0(100.00%),B:192333.4(100.00%),P:1e0
0.700	0.100	0.100	0.100
0.100	0.100	0.700	0.100
0.700	0.100	0.100	0.100
0.100	0.100	0.700	0.100
0.100	0.100	0.700	0.100
0.100	0.100	0.700	0.100
0.100	0.700	0.100	0.100
0.700	0.100	0.100	0.100
