>TCTCTCTCTCTC	1-TCTCTCTCTCTC	2.560511	-1484.314388	0	T:21019.0(95.22%),B:159033.1(82.69%),P:1e-644	Tpos:92.4,Tstd:54.5,Bpos:3756.5,Bstd:13351.1,StrandBias:-0.0,Multiplicity:1.45
0.110	0.120	0.107	0.663
0.078	0.675	0.169	0.078
0.105	0.120	0.112	0.663
0.113	0.620	0.166	0.101
0.125	0.107	0.101	0.667
0.086	0.641	0.150	0.123
0.105	0.109	0.084	0.702
0.103	0.598	0.187	0.112
0.092	0.101	0.127	0.680
0.075	0.655	0.161	0.109
0.115	0.124	0.121	0.640
0.096	0.670	0.117	0.117
>GGGAWTTCCCCN	2-GGGAWTTCCCCN	6.965466	-1285.083590	0	T:2955.0(13.39%),B:8051.4(4.19%),P:1e-558	Tpos:96.0,Tstd:44.9,Bpos:1969.8,Bstd:6401.8,StrandBias:0.0,Multiplicity:1.05
0.089	0.097	0.655	0.159
0.001	0.001	0.997	0.001
0.317	0.037	0.569	0.077
0.501	0.162	0.224	0.113
0.460	0.100	0.098	0.342
0.299	0.087	0.130	0.484
0.102	0.249	0.146	0.503
0.060	0.599	0.046	0.295
0.052	0.946	0.001	0.001
0.189	0.756	0.002	0.053
0.231	0.393	0.166	0.210
0.230	0.247	0.225	0.297
>AAAGRGGAAGTG	3-AAAGRGGAAGTG	4.438831	-1150.329650	0	T:15330.0(69.45%),B:101482.9(52.76%),P:1e-499	Tpos:92.7,Tstd:51.9,Bpos:2873.7,Bstd:11040.0,StrandBias:-0.0,Multiplicity:1.68
0.486	0.109	0.248	0.157
0.486	0.143	0.262	0.109
0.520	0.022	0.279	0.179
0.128	0.224	0.566	0.082
0.474	0.157	0.342	0.026
0.062	0.001	0.911	0.026
0.005	0.045	0.949	0.001
0.899	0.040	0.037	0.024
0.911	0.001	0.034	0.054
0.079	0.198	0.720	0.003
0.025	0.221	0.065	0.689
0.242	0.174	0.438	0.147
>CTCCHGHSCYCT	4-CTCCHGHSCYCT	2.879737	-1137.017344	0	T:20942.0(94.87%),B:161851.2(84.15%),P:1e-493	Tpos:92.1,Tstd:54.3,Bpos:2513.4,Bstd:9951.8,StrandBias:-0.0,Multiplicity:1.47
0.008	0.931	0.001	0.060
0.001	0.265	0.007	0.727
0.034	0.657	0.020	0.289
0.118	0.550	0.151	0.181
0.346	0.287	0.128	0.239
0.022	0.283	0.583	0.112
0.261	0.372	0.114	0.253
0.077	0.425	0.392	0.106
0.256	0.586	0.001	0.157
0.038	0.471	0.075	0.416
0.144	0.735	0.039	0.082
0.022	0.003	0.001	0.974
>VTGASTCABMNB	5-VTGASTCABMNB	7.594774	-1071.124518	0	T:2199.0(9.96%),B:5405.1(2.81%),P:1e-465	Tpos:96.2,Tstd:46.9,Bpos:2560.0,Bstd:7291.9,StrandBias:0.0,Multiplicity:1.09
0.376	0.268	0.312	0.043
0.001	0.001	0.001	0.997
0.005	0.046	0.912	0.037
0.919	0.023	0.017	0.041
0.055	0.479	0.430	0.036
0.037	0.001	0.009	0.953
0.033	0.932	0.032	0.003
0.972	0.001	0.001	0.026
0.053	0.381	0.267	0.300
0.254	0.365	0.172	0.209
0.320	0.193	0.279	0.208
0.125	0.352	0.207	0.316
>RRGRGRRGGGRG	6-RRGRGRRGGGRG	4.261493	-870.336054	0	T:18801.0(85.17%),B:140169.3(72.88%),P:1e-377	Tpos:93.2,Tstd:54.4,Bpos:3063.6,Bstd:9993.1,StrandBias:0.0,Multiplicity:1.45
0.322	0.254	0.423	0.001
0.290	0.190	0.348	0.171
0.300	0.001	0.469	0.230
0.334	0.001	0.441	0.225
0.357	0.046	0.596	0.001
0.378	0.001	0.461	0.160
0.355	0.027	0.400	0.219
0.338	0.001	0.660	0.001
0.372	0.001	0.626	0.001
0.338	0.001	0.512	0.149
0.386	0.001	0.467	0.146
0.414	0.001	0.584	0.001
>ACACGCACACAC	7-ACACGCACACAC	2.625881	-818.825298	0	T:21675.0(98.19%),B:176297.3(91.66%),P:1e-355	Tpos:92.6,Tstd:52.9,Bpos:3326.0,Bstd:13058.8,StrandBias:0.0,Multiplicity:2.81
0.700	0.100	0.100	0.100
0.100	0.700	0.100	0.100
0.700	0.100	0.100	0.100
0.100	0.700	0.100	0.100
0.100	0.100	0.700	0.100
0.100	0.700	0.100	0.100
0.700	0.100	0.100	0.100
0.100	0.700	0.100	0.100
0.700	0.100	0.100	0.100
0.100	0.700	0.100	0.100
0.700	0.100	0.100	0.100
0.100	0.700	0.100	0.100
>VSSDGCHGCNSC	8-VSSDGCHGCNSC	2.665098	-368.326055	0	T:21418.0(97.02%),B:178149.8(92.63%),P:1e-159	Tpos:94.5,Tstd:55.8,Bpos:1023.4,Bstd:5067.0,StrandBias:-0.0,Multiplicity:1.49
0.205	0.323	0.329	0.143
0.181	0.295	0.421	0.102
0.164	0.467	0.369	0.001
0.346	0.149	0.305	0.200
0.001	0.285	0.713	0.001
0.001	0.793	0.205	0.001
0.284	0.251	0.137	0.328
0.001	0.281	0.635	0.083
0.089	0.494	0.330	0.086
0.172	0.297	0.260	0.271
0.001	0.387	0.426	0.186
0.118	0.453	0.247	0.182
>CTGTCCCCAGGG	9-CTGTCCCCAGGG	2.625881	-365.016202	0	T:21971.0(99.53%),B:186406.4(96.92%),P:1e-158	Tpos:93.4,Tstd:54.2,Bpos:1804.1,Bstd:8603.1,StrandBias:0.0,Multiplicity:2.17
0.100	0.700	0.100	0.100
0.100	0.100	0.100	0.700
0.100	0.100	0.700	0.100
0.100	0.100	0.100	0.700
0.100	0.700	0.100	0.100
0.100	0.700	0.100	0.100
0.100	0.700	0.100	0.100
0.100	0.700	0.100	0.100
0.700	0.100	0.100	0.100
0.100	0.100	0.700	0.100
0.100	0.100	0.700	0.100
0.100	0.100	0.700	0.100
>GKGCCRCTGMCN	10-GKGCCRCTGMCN	4.973097	-327.729467	0	T:15247.0(69.07%),B:116124.9(60.38%),P:1e-142	Tpos:94.6,Tstd:53.1,Bpos:1105.0,Bstd:4193.7,StrandBias:-0.2,Multiplicity:1.00
0.225	0.188	0.490	0.097
0.131	0.165	0.284	0.420
0.164	0.295	0.540	0.001
0.091	0.721	0.156	0.032
0.188	0.778	0.001	0.033
0.354	0.197	0.253	0.196
0.001	0.614	0.384	0.001
0.196	0.100	0.099	0.605
0.195	0.222	0.582	0.001
0.391	0.511	0.001	0.097
0.032	0.744	0.223	0.001
0.197	0.231	0.232	0.340
>CCACMAGGKGGC	11-CCACMAGGKGGC	8.186826	-247.844682	0	T:1053.0(4.77%),B:4044.7(2.10%),P:1e-107	Tpos:92.3,Tstd:47.4,Bpos:1502.4,Bstd:5803.5,StrandBias:-0.0,Multiplicity:1.03
0.268	0.608	0.102	0.022
0.168	0.730	0.013	0.089
0.559	0.176	0.144	0.121
0.147	0.541	0.139	0.173
0.307	0.399	0.059	0.235
0.599	0.101	0.017	0.283
0.162	0.010	0.603	0.225
0.331	0.011	0.654	0.004
0.012	0.038	0.435	0.515
0.021	0.008	0.962	0.009
0.157	0.159	0.556	0.128
0.256	0.561	0.020	0.163
>TGTGTGTGTGTG	12-TGTGTGTGTGTG	4.307444	-167.681935	0	T:12435.0(56.33%),B:95984.3(49.91%),P:1e-72	Tpos:93.3,Tstd:49.7,Bpos:2106.2,Bstd:8092.5,StrandBias:0.1,Multiplicity:1.60
0.151	0.134	0.173	0.542
0.140	0.119	0.716	0.025
0.133	0.133	0.137	0.597
0.182	0.031	0.775	0.012
0.123	0.147	0.138	0.592
0.173	0.048	0.776	0.003
0.104	0.131	0.133	0.632
0.151	0.023	0.823	0.003
0.136	0.143	0.150	0.571
0.150	0.076	0.748	0.026
0.140	0.132	0.150	0.578
0.137	0.117	0.651	0.095
>NYHDCAWCTSMH	13-NYHDCAWCTSMH	-5.908354	-160.312816	0	T:22065.0(99.95%),B:190522.9(99.06%),P:1e-69	Tpos:92.3,Tstd:55.6,Bpos:6682.3,Bstd:16676.5,StrandBias:0.0,Multiplicity:1.84
0.311	0.225	0.202	0.261
0.001	0.491	0.001	0.507
0.370	0.240	0.001	0.389
0.302	0.010	0.287	0.402
0.001	0.997	0.001	0.001
0.989	0.009	0.001	0.001
0.444	0.001	0.001	0.554
0.233	0.384	0.150	0.233
0.350	0.001	0.001	0.648
0.009	0.321	0.418	0.252
0.434	0.564	0.001	0.001
0.401	0.261	0.001	0.337
>RGVRARGGGCMN	14-RGVRARGGGCMN	7.931212	-0.151032	0	T:86.0(0.39%),B:841.3(0.44%),P:1e0	Tpos:54.5,Tstd:11.5,Bpos:0.0,Bstd:0.0,StrandBias:10.0,Multiplicity:1.00
0.405	0.029	0.458	0.108
0.232	0.058	0.486	0.224
0.312	0.252	0.377	0.058
0.464	0.029	0.419	0.089
0.462	0.248	0.260	0.030
0.398	0.029	0.455	0.118
0.088	0.167	0.659	0.086
0.174	0.058	0.681	0.087
0.079	0.204	0.513	0.204
0.029	0.856	0.086	0.029
0.433	0.370	0.029	0.167
0.224	0.340	0.233	0.203
>HTGAGGGCCAYN	15-HTGAGGGCCAYN	8.718719	-0.000075	0	T:83.0(0.38%),B:1081.3(0.56%),P:1e0	Tpos:140.7,Tstd:10.0,Bpos:11640.6,Bstd:39966.2,StrandBias:-1.0,Multiplicity:1.00
0.331	0.333	0.126	0.210
0.042	0.166	0.085	0.707
0.127	0.206	0.584	0.083
0.584	0.083	0.209	0.124
0.041	0.166	0.792	0.001
0.125	0.125	0.583	0.167
0.083	0.253	0.579	0.085
0.001	0.831	0.041	0.127
0.082	0.876	0.001	0.041
0.584	0.290	0.042	0.084
0.166	0.336	0.044	0.453
0.206	0.250	0.336	0.208
>YTGSYGCTGCTN	16-YTGSYGCTGCTN	8.270013	-0.000000	0	T:146.0(0.66%),B:1900.9(0.99%),P:1e0	Tpos:54.7,Tstd:51.9,Bpos:203.3,Bstd:194.9,StrandBias:-10.0,Multiplicity:1.00
0.023	0.412	0.205	0.359
0.069	0.001	0.205	0.725
0.001	0.136	0.749	0.114
0.022	0.495	0.482	0.001
0.162	0.319	0.177	0.343
0.161	0.344	0.495	0.001
0.091	0.527	0.337	0.045
0.047	0.115	0.312	0.526
0.068	0.184	0.618	0.130
0.068	0.565	0.205	0.162
0.114	0.115	0.291	0.479
0.183	0.267	0.321	0.229
>WBCMCRBVCCYS	17-WBCMCRBVCCYS	6.635640	-0.000000	0	T:2712.0(12.29%),B:30695.9(15.96%),P:1e0	Tpos:118.4,Tstd:55.2,Bpos:1199.5,Bstd:3177.4,StrandBias:-0.7,Multiplicity:1.00
0.403	0.001	0.184	0.412
0.132	0.339	0.201	0.328
0.076	0.518	0.271	0.135
0.458	0.470	0.071	0.001
0.190	0.672	0.135	0.003
0.270	0.050	0.416	0.264
0.002	0.280	0.388	0.330
0.198	0.320	0.343	0.139
0.001	0.724	0.205	0.070
0.001	0.926	0.002	0.071
0.200	0.414	0.001	0.385
0.001	0.383	0.408	0.208
>CAGGGSVGGCMH	18-CAGGGSVGGCMH	7.038653	-0.000000	0	T:1388.0(6.29%),B:16067.2(8.35%),P:1e0	Tpos:61.3,Tstd:47.6,Bpos:1702.3,Bstd:5190.7,StrandBias:0.0,Multiplicity:1.00
0.001	0.697	0.277	0.025
0.514	0.044	0.155	0.287
0.026	0.052	0.768	0.154
0.259	0.207	0.508	0.026
0.232	0.052	0.483	0.233
0.052	0.387	0.510	0.051
0.337	0.284	0.231	0.147
0.078	0.198	0.672	0.052
0.077	0.129	0.537	0.257
0.051	0.585	0.286	0.078
0.353	0.439	0.182	0.026
0.258	0.360	0.077	0.305
>CWKGMGVSGCAV	19-CWKGMGVSGCAV	6.473974	-0.000000	0	T:2605.0(11.80%),B:30463.5(15.84%),P:1e0	Tpos:90.0,Tstd:61.5,Bpos:1053.3,Bstd:4225.0,StrandBias:-1.6,Multiplicity:1.00
0.233	0.476	0.197	0.094
0.335	0.163	0.069	0.434
0.001	0.130	0.490	0.379
0.161	0.320	0.518	0.001
0.403	0.353	0.002	0.242
0.001	0.207	0.791	0.001
0.206	0.342	0.312	0.139
0.035	0.476	0.455	0.035
0.129	0.207	0.416	0.249
0.001	0.997	0.001	0.001
0.487	0.314	0.002	0.197
0.300	0.220	0.326	0.153
>HDGGGSMSCCAG	20-HDGGGSMSCCAG	7.126271	-0.000000	0	T:2026.0(9.18%),B:23602.6(12.27%),P:1e0	Tpos:101.1,Tstd:58.8,Bpos:1028.6,Bstd:3959.7,StrandBias:1.0,Multiplicity:1.00
0.226	0.367	0.188	0.219
0.355	0.048	0.367	0.230
0.001	0.229	0.540	0.230
0.229	0.090	0.542	0.139
0.185	0.091	0.632	0.092
0.231	0.445	0.323	0.001
0.414	0.355	0.001	0.229
0.047	0.510	0.397	0.046
0.001	0.737	0.045	0.217
0.049	0.810	0.049	0.092
0.600	0.124	0.001	0.275
0.001	0.277	0.676	0.046
>MWDGRGGGSCAY	21-MWDGRGGGSCAY	8.663991	-0.000000	0	T:245.0(1.11%),B:3571.7(1.86%),P:1e0	Tpos:61.0,Tstd:0.0,Bpos:2059.0,Bstd:3857.0,StrandBias:-10.0,Multiplicity:1.00
0.373	0.483	0.136	0.009
0.364	0.136	0.127	0.373
0.382	0.001	0.365	0.253
0.150	0.001	0.848	0.001
0.404	0.001	0.476	0.118
0.260	0.001	0.738	0.001
0.001	0.001	0.997	0.001
0.001	0.119	0.626	0.254
0.009	0.390	0.483	0.119
0.001	0.997	0.001	0.001
0.491	0.262	0.001	0.246
0.137	0.389	0.119	0.356
>NNNNNNNNNNNN	22-NNNNNNNNNNNN	-nan	0.000000	0	T:0.0(0.00%),B:0.0(0.00%),P:1e0	Tpos:0.0,Tstd:0.0,Bpos:0.0,Bstd:0.0,StrandBias:0.0,Multiplicity:1.00
-nan	-nan	-nan	-nan
-nan	-nan	-nan	-nan
-nan	-nan	-nan	-nan
-nan	-nan	-nan	-nan
-nan	-nan	-nan	-nan
-nan	-nan	-nan	-nan
-nan	-nan	-nan	-nan
-nan	-nan	-nan	-nan
-nan	-nan	-nan	-nan
-nan	-nan	-nan	-nan
-nan	-nan	-nan	-nan
-nan	-nan	-nan	-nan
>NNNNNNNNNNNN	23-NNNNNNNNNNNN	-nan	0.000000	0	T:0.0(0.00%),B:0.0(0.00%),P:1e0	Tpos:0.0,Tstd:0.0,Bpos:0.0,Bstd:0.0,StrandBias:0.0,Multiplicity:1.00
-nan	-nan	-nan	-nan
-nan	-nan	-nan	-nan
-nan	-nan	-nan	-nan
-nan	-nan	-nan	-nan
-nan	-nan	-nan	-nan
-nan	-nan	-nan	-nan
-nan	-nan	-nan	-nan
-nan	-nan	-nan	-nan
-nan	-nan	-nan	-nan
-nan	-nan	-nan	-nan
-nan	-nan	-nan	-nan
-nan	-nan	-nan	-nan
>NNNNNNNNNNNN	24-NNNNNNNNNNNN	-nan	0.000000	0	T:0.0(0.00%),B:0.0(0.00%),P:1e0	Tpos:0.0,Tstd:0.0,Bpos:0.0,Bstd:0.0,StrandBias:0.0,Multiplicity:1.00
-nan	-nan	-nan	-nan
-nan	-nan	-nan	-nan
-nan	-nan	-nan	-nan
-nan	-nan	-nan	-nan
-nan	-nan	-nan	-nan
-nan	-nan	-nan	-nan
-nan	-nan	-nan	-nan
-nan	-nan	-nan	-nan
-nan	-nan	-nan	-nan
-nan	-nan	-nan	-nan
-nan	-nan	-nan	-nan
-nan	-nan	-nan	-nan
>GCMDGCCWGSHN	25-GCMDGCCWGSHN	-3.719246	0.000000	0	T:22075.0(100.00%),B:192333.4(100.00%),P:1e0	Tpos:91.9,Tstd:57.3,Bpos:4020.6,Bstd:13875.0,StrandBias:-0.0,Multiplicity:1.42
0.107	0.262	0.501	0.130
0.141	0.547	0.161	0.151
0.447	0.390	0.001	0.163
0.360	0.001	0.328	0.310
0.024	0.211	0.526	0.239
0.105	0.579	0.148	0.168
0.197	0.613	0.001	0.189
0.438	0.001	0.001	0.560
0.113	0.122	0.731	0.034
0.141	0.437	0.412	0.010
0.294	0.287	0.109	0.310
0.178	0.288	0.263	0.271
