>TTCCYYTBBN	1-TTCCYYTBBN	1.449041	-1567.448316	0	T:17767.0(80.48%),B:119694.0(62.23%),P:1e-680	Tpos:92.9,Tstd:53.5,Bpos:3441.0,Bstd:13195.4,StrandBias:0.0,Multiplicity:1.58
0.001	0.001	0.001	0.997
0.001	0.046	0.001	0.952
0.001	0.997	0.001	0.001
0.001	0.997	0.001	0.001
0.040	0.435	0.020	0.505
0.001	0.531	0.001	0.467
0.229	0.289	0.001	0.481
0.159	0.330	0.190	0.321
0.007	0.389	0.241	0.364
0.189	0.229	0.292	0.290
>GGAAATCCCC	2-GGAAATCCCC	7.561376	-1390.228310	0	T:2772.0(12.56%),B:6723.9(3.50%),P:1e-603	Tpos:96.8,Tstd:44.6,Bpos:1746.0,Bstd:5751.8,StrandBias:-0.1,Multiplicity:1.06
0.041	0.041	0.864	0.054
0.161	0.056	0.737	0.046
0.580	0.048	0.317	0.055
0.727	0.128	0.031	0.114
0.491	0.066	0.113	0.330
0.175	0.159	0.110	0.556
0.068	0.610	0.080	0.242
0.077	0.868	0.028	0.027
0.052	0.893	0.032	0.023
0.136	0.674	0.056	0.134
>GATGAGTCAT	3-GATGAGTCAT	6.990836	-1099.830662	0	T:2566.0(11.62%),B:7017.1(3.65%),P:1e-477	Tpos:95.6,Tstd:47.7,Bpos:2738.4,Bstd:7494.4,StrandBias:0.0,Multiplicity:1.12
0.144	0.159	0.527	0.170
0.548	0.224	0.180	0.048
0.005	0.008	0.012	0.975
0.005	0.012	0.938	0.045
0.926	0.015	0.017	0.042
0.043	0.272	0.638	0.047
0.014	0.012	0.014	0.960
0.024	0.943	0.029	0.004
0.981	0.003	0.007	0.009
0.035	0.224	0.177	0.564
>DGDGKSAGRR	4-DGDGKSAGRR	3.775832	-1097.452686	0	T:20625.0(93.43%),B:158134.2(82.22%),P:1e-476	Tpos:92.5,Tstd:54.6,Bpos:2347.5,Bstd:8595.2,StrandBias:0.0,Multiplicity:1.44
0.292	0.062	0.331	0.316
0.072	0.212	0.532	0.184
0.281	0.001	0.340	0.378
0.076	0.001	0.637	0.286
0.221	0.001	0.405	0.373
0.221	0.265	0.387	0.127
0.537	0.001	0.224	0.238
0.342	0.001	0.507	0.150
0.410	0.059	0.530	0.001
0.328	0.090	0.370	0.212
>NNHNHCHCHT	5-NNHNHCHCHT	3.991876	-1095.159198	0	T:20916.0(94.75%),B:161993.4(84.23%),P:1e-475	Tpos:92.2,Tstd:54.5,Bpos:3731.0,Bstd:12766.3,StrandBias:-0.0,Multiplicity:1.45
0.253	0.251	0.260	0.236
0.240	0.257	0.265	0.237
0.230	0.262	0.176	0.332
0.267	0.323	0.229	0.181
0.332	0.301	0.072	0.295
0.001	0.997	0.001	0.001
0.352	0.347	0.001	0.300
0.001	0.577	0.001	0.421
0.260	0.368	0.007	0.365
0.165	0.001	0.001	0.833
>NVNSANRTGD	6-NVNSANRTGD	4.399160	-1018.895984	0	T:18457.0(83.61%),B:134284.3(69.82%),P:1e-442	Tpos:93.1,Tstd:51.6,Bpos:2855.5,Bstd:9375.9,StrandBias:0.0,Multiplicity:1.55
0.289	0.182	0.222	0.308
0.237	0.272	0.363	0.128
0.226	0.172	0.283	0.319
0.100	0.524	0.375	0.001
0.906	0.001	0.092	0.001
0.257	0.202	0.286	0.255
0.426	0.107	0.466	0.001
0.197	0.001	0.315	0.486
0.001	0.001	0.997	0.001
0.324	0.160	0.285	0.230
>GGGRRRRGGG	7-GGGRRRRGGG	4.238814	-963.367646	0	T:18283.0(82.82%),B:133280.5(69.30%),P:1e-418	Tpos:92.9,Tstd:54.7,Bpos:3529.7,Bstd:11394.6,StrandBias:0.0,Multiplicity:1.46
0.377	0.001	0.621	0.001
0.262	0.001	0.522	0.215
0.395	0.001	0.603	0.001
0.449	0.001	0.549	0.001
0.541	0.001	0.453	0.005
0.573	0.001	0.425	0.001
0.413	0.001	0.360	0.226
0.289	0.025	0.472	0.214
0.223	0.021	0.529	0.227
0.379	0.051	0.538	0.032
>KGRRRRCWSA	8-KGRRRRCWSA	3.772179	-948.287399	0	T:20107.0(91.08%),B:153680.5(79.90%),P:1e-411	Tpos:92.9,Tstd:55.2,Bpos:2908.2,Bstd:10916.2,StrandBias:-0.0,Multiplicity:1.41
0.250	0.022	0.425	0.303
0.223	0.033	0.644	0.100
0.398	0.001	0.524	0.077
0.457	0.025	0.403	0.115
0.468	0.049	0.411	0.073
0.447	0.138	0.349	0.066
0.098	0.663	0.123	0.116
0.438	0.181	0.039	0.342
0.238	0.414	0.283	0.066
0.408	0.236	0.170	0.186
>ACTTCCTCTT	9-ACTTCCTCTT	-0.510484	-894.329876	0	T:14732.0(66.74%),B:99912.3(51.95%),P:1e-388	Tpos:92.8,Tstd:52.4,Bpos:3513.7,Bstd:13456.9,StrandBias:-0.0,Multiplicity:1.62
0.949	0.001	0.049	0.001
0.001	0.943	0.046	0.010
0.001	0.001	0.001	0.997
0.001	0.001	0.001	0.997
0.001	0.997	0.001	0.001
0.001	0.997	0.001	0.001
0.001	0.177	0.014	0.808
0.015	0.835	0.120	0.030
0.084	0.088	0.004	0.824
0.019	0.072	0.038	0.871
>DGGCWKNNWD	10-DGGCWKNNWD	3.477041	-709.496232	0	T:20270.0(91.82%),B:158999.5(82.67%),P:1e-308	Tpos:91.8,Tstd:54.6,Bpos:4682.5,Bstd:15466.0,StrandBias:0.0,Multiplicity:1.55
0.368	0.001	0.342	0.289
0.247	0.001	0.463	0.289
0.225	0.042	0.502	0.231
0.001	0.655	0.343	0.001
0.480	0.001	0.001	0.518
0.199	0.152	0.368	0.281
0.264	0.254	0.204	0.278
0.192	0.337	0.217	0.255
0.439	0.001	0.001	0.559
0.322	0.001	0.297	0.381
>TGGTTTTRTT	11-TGGTTTTRTT	-14.478250	-669.037759	0	T:21426.0(97.06%),B:174244.0(90.59%),P:1e-290	Tpos:91.7,Tstd:55.5,Bpos:5253.0,Bstd:15654.9,StrandBias:0.0,Multiplicity:1.81
0.001	0.001	0.001	0.997
0.001	0.001	0.997	0.001
0.001	0.001	0.997	0.001
0.001	0.001	0.001	0.997
0.001	0.001	0.001	0.997
0.001	0.001	0.001	0.997
0.001	0.001	0.001	0.997
0.499	0.001	0.499	0.001
0.001	0.001	0.001	0.997
0.001	0.001	0.001	0.997
>YTCWCAGRVW	12-YTCWCAGRVW	2.762478	-598.872725	0	T:19530.0(88.47%),B:152419.1(79.25%),P:1e-260	Tpos:91.9,Tstd:55.2,Bpos:7043.2,Bstd:21805.6,StrandBias:-0.0,Multiplicity:1.44
0.105	0.332	0.095	0.468
0.012	0.401	0.009	0.578
0.004	0.647	0.004	0.345
0.360	0.204	0.002	0.434
0.016	0.659	0.199	0.126
0.661	0.006	0.001	0.332
0.392	0.004	0.596	0.008
0.407	0.010	0.441	0.142
0.279	0.335	0.374	0.012
0.446	0.019	0.002	0.533
>GCTGCAGCCA	13-GCTGCAGCCA	2.512553	-329.117300	0	T:22043.0(99.86%),B:188313.0(97.91%),P:1e-142	Tpos:93.6,Tstd:55.2,Bpos:1353.0,Bstd:7602.2,StrandBias:-0.0,Multiplicity:1.65
0.100	0.100	0.700	0.100
0.100	0.700	0.100	0.100
0.100	0.100	0.100	0.700
0.100	0.100	0.700	0.100
0.100	0.700	0.100	0.100
0.700	0.100	0.100	0.100
0.100	0.100	0.700	0.100
0.100	0.700	0.100	0.100
0.100	0.700	0.100	0.100
0.700	0.100	0.100	0.100
>CACAGCTGGT	14-CACAGCTGGT	2.512553	-239.294318	0	T:22064.0(99.95%),B:189741.1(98.65%),P:1e-103	Tpos:93.7,Tstd:54.3,Bpos:1477.7,Bstd:7207.2,StrandBias:0.0,Multiplicity:2.07
0.100	0.700	0.100	0.100
0.700	0.100	0.100	0.100
0.100	0.700	0.100	0.100
0.700	0.100	0.100	0.100
0.100	0.100	0.700	0.100
0.100	0.700	0.100	0.100
0.100	0.100	0.100	0.700
0.100	0.100	0.700	0.100
0.100	0.100	0.700	0.100
0.100	0.100	0.100	0.700
>WGYGTGTGTG	15-WGYGTGTGTG	4.037387	-205.014341	0	T:12593.0(57.05%),B:96034.0(49.93%),P:1e-89	Tpos:92.9,Tstd:49.9,Bpos:2712.8,Bstd:9426.0,StrandBias:0.1,Multiplicity:1.67
0.275	0.233	0.076	0.417
0.318	0.109	0.559	0.014
0.106	0.330	0.092	0.472
0.364	0.044	0.589	0.003
0.128	0.175	0.122	0.575
0.190	0.031	0.774	0.005
0.129	0.235	0.195	0.441
0.367	0.005	0.622	0.006
0.219	0.176	0.116	0.490
0.234	0.171	0.501	0.094
>GGGGGAAGGG	16-GGGGGAAGGG	0.000000	-6.302730	0	T:22075.0(100.00%),B:192275.7(99.97%),P:1e-2
0.100	0.100	0.700	0.100
0.100	0.100	0.700	0.100
0.100	0.100	0.700	0.100
0.100	0.100	0.700	0.100
0.100	0.100	0.700	0.100
0.700	0.100	0.100	0.100
0.700	0.100	0.100	0.100
0.100	0.100	0.700	0.100
0.100	0.100	0.700	0.100
0.100	0.100	0.700	0.100
>CCCCAGGGGA	17-CCCCAGGGGA	0.000000	-0.727161	0	T:22067.0(99.96%),B:192256.6(99.96%),P:1e0
0.100	0.700	0.100	0.100
0.100	0.700	0.100	0.100
0.100	0.700	0.100	0.100
0.100	0.700	0.100	0.100
0.700	0.100	0.100	0.100
0.100	0.100	0.700	0.100
0.100	0.100	0.700	0.100
0.100	0.100	0.700	0.100
0.100	0.100	0.700	0.100
0.700	0.100	0.100	0.100
>AGGGCAAGGC	18-AGGGCAAGGC	0.566642	-0.290472	0	T:22073.0(99.99%),B:192318.8(99.99%),P:1e0	Tpos:93.6,Tstd:55.7,Bpos:1556.0,Bstd:7846.0,StrandBias:0.0,Multiplicity:1.94
0.700	0.100	0.100	0.100
0.100	0.100	0.700	0.100
0.100	0.100	0.700	0.100
0.100	0.100	0.700	0.100
0.100	0.700	0.100	0.100
0.700	0.100	0.100	0.100
0.700	0.100	0.100	0.100
0.100	0.100	0.700	0.100
0.100	0.100	0.700	0.100
0.100	0.700	0.100	0.100
>CAGGAGGGCA	19-CAGGAGGGCA	0.566642	-0.217306	0	T:22075.0(100.00%),B:192331.2(100.00%),P:1e0	Tpos:82.2,Tstd:62.4,Bpos:3520.8,Bstd:6793.2,StrandBias:-1.0,Multiplicity:1.00
0.100	0.700	0.100	0.100
0.700	0.100	0.100	0.100
0.100	0.100	0.700	0.100
0.100	0.100	0.700	0.100
0.700	0.100	0.100	0.100
0.100	0.100	0.700	0.100
0.100	0.100	0.700	0.100
0.100	0.100	0.700	0.100
0.100	0.700	0.100	0.100
0.700	0.100	0.100	0.100
>STTTSCATWB	20-STTTSCATWB	6.520960	-0.163057	0	T:821.0(3.72%),B:7420.4(3.86%),P:1e0	Tpos:53.0,Tstd:10.8,Bpos:1582.8,Bstd:1688.7,StrandBias:-1.6,Multiplicity:1.00
0.221	0.403	0.339	0.036
0.110	0.037	0.038	0.815
0.221	0.077	0.219	0.483
0.222	0.037	0.074	0.667
0.111	0.336	0.406	0.148
0.038	0.813	0.148	0.001
0.520	0.256	0.002	0.222
0.222	0.037	0.112	0.629
0.409	0.036	0.111	0.443
0.036	0.367	0.303	0.293
>GTATCAAAAT	21-GTATCAAAAT	11.792826	-0.002540	0	T:1.0(0.00%),B:54.6(0.03%),P:1e0	Tpos:5.0,Tstd:0.0,Bpos:0.0,Bstd:0.0,StrandBias:10.0,Multiplicity:1.00
0.236	0.064	0.699	0.001
0.236	0.001	0.001	0.762
0.935	0.001	0.001	0.063
0.217	0.001	0.083	0.699
0.001	0.973	0.025	0.001
0.699	0.297	0.001	0.003
0.979	0.019	0.001	0.001
0.910	0.001	0.001	0.088
0.785	0.001	0.001	0.213
0.001	0.025	0.212	0.762
>ATMWSSMATS	22-ATMWSSMATS	8.695243	-0.000020	0	T:87.0(0.39%),B:1158.4(0.60%),P:1e0	Tpos:84.5,Tstd:35.5,Bpos:1903.3,Bstd:708.3,StrandBias:10.0,Multiplicity:1.00
0.837	0.015	0.147	0.001
0.007	0.001	0.001	0.991
0.421	0.499	0.001	0.080
0.426	0.001	0.014	0.559
0.001	0.506	0.492	0.001
0.074	0.507	0.418	0.001
0.513	0.412	0.001	0.074
0.838	0.001	0.001	0.160
0.412	0.001	0.001	0.586
0.001	0.500	0.498	0.001
>GTCAGSWAAS	23-GTCAGSWAAS	7.522738	-0.000000	0	T:560.0(2.54%),B:6245.1(3.25%),P:1e0	Tpos:103.0,Tstd:48.1,Bpos:2236.8,Bstd:3902.2,StrandBias:1.0,Multiplicity:1.00
0.184	0.263	0.552	0.001
0.203	0.001	0.001	0.795
0.389	0.609	0.001	0.001
0.554	0.001	0.075	0.370
0.001	0.243	0.755	0.001
0.001	0.429	0.569	0.001
0.553	0.001	0.001	0.445
0.573	0.371	0.001	0.055
0.612	0.001	0.001	0.386
0.001	0.425	0.373	0.201
>ATAACCMNTG	24-ATAACCMNTG	7.316795	-0.000000	0	T:653.0(2.96%),B:7303.1(3.80%),P:1e0	Tpos:73.6,Tstd:32.4,Bpos:4440.6,Bstd:8135.6,StrandBias:10.0,Multiplicity:1.00
0.480	0.262	0.257	0.001
0.253	0.001	0.001	0.745
0.959	0.001	0.001	0.039
0.931	0.001	0.001	0.067
0.001	0.681	0.317	0.001
0.229	0.714	0.056	0.001
0.486	0.512	0.001	0.001
0.258	0.258	0.259	0.226
0.318	0.001	0.001	0.680
0.001	0.233	0.481	0.286
>TCCCTTCCCA	25-TCCCTTCCCA	-5.271088	0.000000	0	T:22075.0(100.00%),B:192333.4(100.00%),P:1e0	Tpos:93.3,Tstd:57.1,Bpos:4034.5,Bstd:14730.8,StrandBias:0.0,Multiplicity:1.37
0.100	0.100	0.100	0.700
0.100	0.700	0.100	0.100
0.100	0.700	0.100	0.100
0.100	0.700	0.100	0.100
0.100	0.100	0.100	0.700
0.100	0.100	0.100	0.700
0.100	0.700	0.100	0.100
0.100	0.700	0.100	0.100
0.100	0.700	0.100	0.100
0.700	0.100	0.100	0.100
>TCTCTCTCTCTC	1-TCTCTCTCTCTC	2.560511	-1484.314388	0	T:21019.0(95.22%),B:159033.1(82.69%),P:1e-644	Tpos:92.4,Tstd:54.5,Bpos:3756.5,Bstd:13351.1,StrandBias:-0.0,Multiplicity:1.45
0.110	0.120	0.107	0.663
0.078	0.675	0.169	0.078
0.105	0.120	0.112	0.663
0.113	0.620	0.166	0.101
0.125	0.107	0.101	0.667
0.086	0.641	0.150	0.123
0.105	0.109	0.084	0.702
0.103	0.598	0.187	0.112
0.092	0.101	0.127	0.680
0.075	0.655	0.161	0.109
0.115	0.124	0.121	0.640
0.096	0.670	0.117	0.117
>GGGAWTTCCCCN	2-GGGAWTTCCCCN	6.965466	-1285.083590	0	T:2955.0(13.39%),B:8051.4(4.19%),P:1e-558	Tpos:96.0,Tstd:44.9,Bpos:1969.8,Bstd:6401.8,StrandBias:0.0,Multiplicity:1.05
0.089	0.097	0.655	0.159
0.001	0.001	0.997	0.001
0.317	0.037	0.569	0.077
0.501	0.162	0.224	0.113
0.460	0.100	0.098	0.342
0.299	0.087	0.130	0.484
0.102	0.249	0.146	0.503
0.060	0.599	0.046	0.295
0.052	0.946	0.001	0.001
0.189	0.756	0.002	0.053
0.231	0.393	0.166	0.210
0.230	0.247	0.225	0.297
>AAAGRGGAAGTG	3-AAAGRGGAAGTG	4.438831	-1150.329650	0	T:15330.0(69.45%),B:101482.9(52.76%),P:1e-499	Tpos:92.7,Tstd:51.9,Bpos:2873.7,Bstd:11040.0,StrandBias:-0.0,Multiplicity:1.68
0.486	0.109	0.248	0.157
0.486	0.143	0.262	0.109
0.520	0.022	0.279	0.179
0.128	0.224	0.566	0.082
0.474	0.157	0.342	0.026
0.062	0.001	0.911	0.026
0.005	0.045	0.949	0.001
0.899	0.040	0.037	0.024
0.911	0.001	0.034	0.054
0.079	0.198	0.720	0.003
0.025	0.221	0.065	0.689
0.242	0.174	0.438	0.147
>CTCCHGHSCYCT	4-CTCCHGHSCYCT	2.879737	-1137.017344	0	T:20942.0(94.87%),B:161851.2(84.15%),P:1e-493	Tpos:92.1,Tstd:54.3,Bpos:2513.4,Bstd:9951.8,StrandBias:-0.0,Multiplicity:1.47
0.008	0.931	0.001	0.060
0.001	0.265	0.007	0.727
0.034	0.657	0.020	0.289
0.118	0.550	0.151	0.181
0.346	0.287	0.128	0.239
0.022	0.283	0.583	0.112
0.261	0.372	0.114	0.253
0.077	0.425	0.392	0.106
0.256	0.586	0.001	0.157
0.038	0.471	0.075	0.416
0.144	0.735	0.039	0.082
0.022	0.003	0.001	0.974
>VTGASTCABMNB	5-VTGASTCABMNB	7.594774	-1071.124518	0	T:2199.0(9.96%),B:5405.1(2.81%),P:1e-465	Tpos:96.2,Tstd:46.9,Bpos:2560.0,Bstd:7291.9,StrandBias:0.0,Multiplicity:1.09
0.376	0.268	0.312	0.043
0.001	0.001	0.001	0.997
0.005	0.046	0.912	0.037
0.919	0.023	0.017	0.041
0.055	0.479	0.430	0.036
0.037	0.001	0.009	0.953
0.033	0.932	0.032	0.003
0.972	0.001	0.001	0.026
0.053	0.381	0.267	0.300
0.254	0.365	0.172	0.209
0.320	0.193	0.279	0.208
0.125	0.352	0.207	0.316
>RRGRGRRGGGRG	6-RRGRGRRGGGRG	4.261493	-870.336054	0	T:18801.0(85.17%),B:140169.3(72.88%),P:1e-377	Tpos:93.2,Tstd:54.4,Bpos:3063.6,Bstd:9993.1,StrandBias:0.0,Multiplicity:1.45
0.322	0.254	0.423	0.001
0.290	0.190	0.348	0.171
0.300	0.001	0.469	0.230
0.334	0.001	0.441	0.225
0.357	0.046	0.596	0.001
0.378	0.001	0.461	0.160
0.355	0.027	0.400	0.219
0.338	0.001	0.660	0.001
0.372	0.001	0.626	0.001
0.338	0.001	0.512	0.149
0.386	0.001	0.467	0.146
0.414	0.001	0.584	0.001
>ACACGCACACAC	7-ACACGCACACAC	2.625881	-818.825298	0	T:21675.0(98.19%),B:176297.3(91.66%),P:1e-355	Tpos:92.6,Tstd:52.9,Bpos:3326.0,Bstd:13058.8,StrandBias:0.0,Multiplicity:2.81
0.700	0.100	0.100	0.100
0.100	0.700	0.100	0.100
0.700	0.100	0.100	0.100
0.100	0.700	0.100	0.100
0.100	0.100	0.700	0.100
0.100	0.700	0.100	0.100
0.700	0.100	0.100	0.100
0.100	0.700	0.100	0.100
0.700	0.100	0.100	0.100
0.100	0.700	0.100	0.100
0.700	0.100	0.100	0.100
0.100	0.700	0.100	0.100
>VSSDGCHGCNSC	8-VSSDGCHGCNSC	2.665098	-368.326055	0	T:21418.0(97.02%),B:178149.8(92.63%),P:1e-159	Tpos:94.5,Tstd:55.8,Bpos:1023.4,Bstd:5067.0,StrandBias:-0.0,Multiplicity:1.49
0.205	0.323	0.329	0.143
0.181	0.295	0.421	0.102
0.164	0.467	0.369	0.001
0.346	0.149	0.305	0.200
0.001	0.285	0.713	0.001
0.001	0.793	0.205	0.001
0.284	0.251	0.137	0.328
0.001	0.281	0.635	0.083
0.089	0.494	0.330	0.086
0.172	0.297	0.260	0.271
0.001	0.387	0.426	0.186
0.118	0.453	0.247	0.182
>CTGTCCCCAGGG	9-CTGTCCCCAGGG	2.625881	-365.016202	0	T:21971.0(99.53%),B:186406.4(96.92%),P:1e-158	Tpos:93.4,Tstd:54.2,Bpos:1804.1,Bstd:8603.1,StrandBias:0.0,Multiplicity:2.17
0.100	0.700	0.100	0.100
0.100	0.100	0.100	0.700
0.100	0.100	0.700	0.100
0.100	0.100	0.100	0.700
0.100	0.700	0.100	0.100
0.100	0.700	0.100	0.100
0.100	0.700	0.100	0.100
0.100	0.700	0.100	0.100
0.700	0.100	0.100	0.100
0.100	0.100	0.700	0.100
0.100	0.100	0.700	0.100
0.100	0.100	0.700	0.100
>GKGCCRCTGMCN	10-GKGCCRCTGMCN	4.973097	-327.729467	0	T:15247.0(69.07%),B:116124.9(60.38%),P:1e-142	Tpos:94.6,Tstd:53.1,Bpos:1105.0,Bstd:4193.7,StrandBias:-0.2,Multiplicity:1.00
0.225	0.188	0.490	0.097
0.131	0.165	0.284	0.420
0.164	0.295	0.540	0.001
0.091	0.721	0.156	0.032
0.188	0.778	0.001	0.033
0.354	0.197	0.253	0.196
0.001	0.614	0.384	0.001
0.196	0.100	0.099	0.605
0.195	0.222	0.582	0.001
0.391	0.511	0.001	0.097
0.032	0.744	0.223	0.001
0.197	0.231	0.232	0.340
>CCACMAGGKGGC	11-CCACMAGGKGGC	8.186826	-247.844682	0	T:1053.0(4.77%),B:4044.7(2.10%),P:1e-107	Tpos:92.3,Tstd:47.4,Bpos:1502.4,Bstd:5803.5,StrandBias:-0.0,Multiplicity:1.03
0.268	0.608	0.102	0.022
0.168	0.730	0.013	0.089
0.559	0.176	0.144	0.121
0.147	0.541	0.139	0.173
0.307	0.399	0.059	0.235
0.599	0.101	0.017	0.283
0.162	0.010	0.603	0.225
0.331	0.011	0.654	0.004
0.012	0.038	0.435	0.515
0.021	0.008	0.962	0.009
0.157	0.159	0.556	0.128
0.256	0.561	0.020	0.163
>TGTGTGTGTGTG	12-TGTGTGTGTGTG	4.307444	-167.681935	0	T:12435.0(56.33%),B:95984.3(49.91%),P:1e-72	Tpos:93.3,Tstd:49.7,Bpos:2106.2,Bstd:8092.5,StrandBias:0.1,Multiplicity:1.60
0.151	0.134	0.173	0.542
0.140	0.119	0.716	0.025
0.133	0.133	0.137	0.597
0.182	0.031	0.775	0.012
0.123	0.147	0.138	0.592
0.173	0.048	0.776	0.003
0.104	0.131	0.133	0.632
0.151	0.023	0.823	0.003
0.136	0.143	0.150	0.571
0.150	0.076	0.748	0.026
0.140	0.132	0.150	0.578
0.137	0.117	0.651	0.095
>NYHDCAWCTSMH	13-NYHDCAWCTSMH	-5.908354	-160.312816	0	T:22065.0(99.95%),B:190522.9(99.06%),P:1e-69	Tpos:92.3,Tstd:55.6,Bpos:6682.3,Bstd:16676.5,StrandBias:0.0,Multiplicity:1.84
0.311	0.225	0.202	0.261
0.001	0.491	0.001	0.507
0.370	0.240	0.001	0.389
0.302	0.010	0.287	0.402
0.001	0.997	0.001	0.001
0.989	0.009	0.001	0.001
0.444	0.001	0.001	0.554
0.233	0.384	0.150	0.233
0.350	0.001	0.001	0.648
0.009	0.321	0.418	0.252
0.434	0.564	0.001	0.001
0.401	0.261	0.001	0.337
>RGVRARGGGCMN	14-RGVRARGGGCMN	7.931212	-0.151032	0	T:86.0(0.39%),B:841.3(0.44%),P:1e0	Tpos:54.5,Tstd:11.5,Bpos:0.0,Bstd:0.0,StrandBias:10.0,Multiplicity:1.00
0.405	0.029	0.458	0.108
0.232	0.058	0.486	0.224
0.312	0.252	0.377	0.058
0.464	0.029	0.419	0.089
0.462	0.248	0.260	0.030
0.398	0.029	0.455	0.118
0.088	0.167	0.659	0.086
0.174	0.058	0.681	0.087
0.079	0.204	0.513	0.204
0.029	0.856	0.086	0.029
0.433	0.370	0.029	0.167
0.224	0.340	0.233	0.203
>HTGAGGGCCAYN	15-HTGAGGGCCAYN	8.718719	-0.000075	0	T:83.0(0.38%),B:1081.3(0.56%),P:1e0	Tpos:140.7,Tstd:10.0,Bpos:11640.6,Bstd:39966.2,StrandBias:-1.0,Multiplicity:1.00
0.331	0.333	0.126	0.210
0.042	0.166	0.085	0.707
0.127	0.206	0.584	0.083
0.584	0.083	0.209	0.124
0.041	0.166	0.792	0.001
0.125	0.125	0.583	0.167
0.083	0.253	0.579	0.085
0.001	0.831	0.041	0.127
0.082	0.876	0.001	0.041
0.584	0.290	0.042	0.084
0.166	0.336	0.044	0.453
0.206	0.250	0.336	0.208
>YTGSYGCTGCTN	16-YTGSYGCTGCTN	8.270013	-0.000000	0	T:146.0(0.66%),B:1900.9(0.99%),P:1e0	Tpos:54.7,Tstd:51.9,Bpos:203.3,Bstd:194.9,StrandBias:-10.0,Multiplicity:1.00
0.023	0.412	0.205	0.359
0.069	0.001	0.205	0.725
0.001	0.136	0.749	0.114
0.022	0.495	0.482	0.001
0.162	0.319	0.177	0.343
0.161	0.344	0.495	0.001
0.091	0.527	0.337	0.045
0.047	0.115	0.312	0.526
0.068	0.184	0.618	0.130
0.068	0.565	0.205	0.162
0.114	0.115	0.291	0.479
0.183	0.267	0.321	0.229
>WBCMCRBVCCYS	17-WBCMCRBVCCYS	6.635640	-0.000000	0	T:2712.0(12.29%),B:30695.9(15.96%),P:1e0	Tpos:118.4,Tstd:55.2,Bpos:1199.5,Bstd:3177.4,StrandBias:-0.7,Multiplicity:1.00
0.403	0.001	0.184	0.412
0.132	0.339	0.201	0.328
0.076	0.518	0.271	0.135
0.458	0.470	0.071	0.001
0.190	0.672	0.135	0.003
0.270	0.050	0.416	0.264
0.002	0.280	0.388	0.330
0.198	0.320	0.343	0.139
0.001	0.724	0.205	0.070
0.001	0.926	0.002	0.071
0.200	0.414	0.001	0.385
0.001	0.383	0.408	0.208
>CAGGGSVGGCMH	18-CAGGGSVGGCMH	7.038653	-0.000000	0	T:1388.0(6.29%),B:16067.2(8.35%),P:1e0	Tpos:61.3,Tstd:47.6,Bpos:1702.3,Bstd:5190.7,StrandBias:0.0,Multiplicity:1.00
0.001	0.697	0.277	0.025
0.514	0.044	0.155	0.287
0.026	0.052	0.768	0.154
0.259	0.207	0.508	0.026
0.232	0.052	0.483	0.233
0.052	0.387	0.510	0.051
0.337	0.284	0.231	0.147
0.078	0.198	0.672	0.052
0.077	0.129	0.537	0.257
0.051	0.585	0.286	0.078
0.353	0.439	0.182	0.026
0.258	0.360	0.077	0.305
>CWKGMGVSGCAV	19-CWKGMGVSGCAV	6.473974	-0.000000	0	T:2605.0(11.80%),B:30463.5(15.84%),P:1e0	Tpos:90.0,Tstd:61.5,Bpos:1053.3,Bstd:4225.0,StrandBias:-1.6,Multiplicity:1.00
0.233	0.476	0.197	0.094
0.335	0.163	0.069	0.434
0.001	0.130	0.490	0.379
0.161	0.320	0.518	0.001
0.403	0.353	0.002	0.242
0.001	0.207	0.791	0.001
0.206	0.342	0.312	0.139
0.035	0.476	0.455	0.035
0.129	0.207	0.416	0.249
0.001	0.997	0.001	0.001
0.487	0.314	0.002	0.197
0.300	0.220	0.326	0.153
>HDGGGSMSCCAG	20-HDGGGSMSCCAG	7.126271	-0.000000	0	T:2026.0(9.18%),B:23602.6(12.27%),P:1e0	Tpos:101.1,Tstd:58.8,Bpos:1028.6,Bstd:3959.7,StrandBias:1.0,Multiplicity:1.00
0.226	0.367	0.188	0.219
0.355	0.048	0.367	0.230
0.001	0.229	0.540	0.230
0.229	0.090	0.542	0.139
0.185	0.091	0.632	0.092
0.231	0.445	0.323	0.001
0.414	0.355	0.001	0.229
0.047	0.510	0.397	0.046
0.001	0.737	0.045	0.217
0.049	0.810	0.049	0.092
0.600	0.124	0.001	0.275
0.001	0.277	0.676	0.046
>MWDGRGGGSCAY	21-MWDGRGGGSCAY	8.663991	-0.000000	0	T:245.0(1.11%),B:3571.7(1.86%),P:1e0	Tpos:61.0,Tstd:0.0,Bpos:2059.0,Bstd:3857.0,StrandBias:-10.0,Multiplicity:1.00
0.373	0.483	0.136	0.009
0.364	0.136	0.127	0.373
0.382	0.001	0.365	0.253
0.150	0.001	0.848	0.001
0.404	0.001	0.476	0.118
0.260	0.001	0.738	0.001
0.001	0.001	0.997	0.001
0.001	0.119	0.626	0.254
0.009	0.390	0.483	0.119
0.001	0.997	0.001	0.001
0.491	0.262	0.001	0.246
0.137	0.389	0.119	0.356
>NNNNNNNNNNNN	22-NNNNNNNNNNNN	-nan	0.000000	0	T:0.0(0.00%),B:0.0(0.00%),P:1e0	Tpos:0.0,Tstd:0.0,Bpos:0.0,Bstd:0.0,StrandBias:0.0,Multiplicity:1.00
-nan	-nan	-nan	-nan
-nan	-nan	-nan	-nan
-nan	-nan	-nan	-nan
-nan	-nan	-nan	-nan
-nan	-nan	-nan	-nan
-nan	-nan	-nan	-nan
-nan	-nan	-nan	-nan
-nan	-nan	-nan	-nan
-nan	-nan	-nan	-nan
-nan	-nan	-nan	-nan
-nan	-nan	-nan	-nan
-nan	-nan	-nan	-nan
>NNNNNNNNNNNN	23-NNNNNNNNNNNN	-nan	0.000000	0	T:0.0(0.00%),B:0.0(0.00%),P:1e0	Tpos:0.0,Tstd:0.0,Bpos:0.0,Bstd:0.0,StrandBias:0.0,Multiplicity:1.00
-nan	-nan	-nan	-nan
-nan	-nan	-nan	-nan
-nan	-nan	-nan	-nan
-nan	-nan	-nan	-nan
-nan	-nan	-nan	-nan
-nan	-nan	-nan	-nan
-nan	-nan	-nan	-nan
-nan	-nan	-nan	-nan
-nan	-nan	-nan	-nan
-nan	-nan	-nan	-nan
-nan	-nan	-nan	-nan
-nan	-nan	-nan	-nan
>NNNNNNNNNNNN	24-NNNNNNNNNNNN	-nan	0.000000	0	T:0.0(0.00%),B:0.0(0.00%),P:1e0	Tpos:0.0,Tstd:0.0,Bpos:0.0,Bstd:0.0,StrandBias:0.0,Multiplicity:1.00
-nan	-nan	-nan	-nan
-nan	-nan	-nan	-nan
-nan	-nan	-nan	-nan
-nan	-nan	-nan	-nan
-nan	-nan	-nan	-nan
-nan	-nan	-nan	-nan
-nan	-nan	-nan	-nan
-nan	-nan	-nan	-nan
-nan	-nan	-nan	-nan
-nan	-nan	-nan	-nan
-nan	-nan	-nan	-nan
-nan	-nan	-nan	-nan
>GCMDGCCWGSHN	25-GCMDGCCWGSHN	-3.719246	0.000000	0	T:22075.0(100.00%),B:192333.4(100.00%),P:1e0	Tpos:91.9,Tstd:57.3,Bpos:4020.6,Bstd:13875.0,StrandBias:-0.0,Multiplicity:1.42
0.107	0.262	0.501	0.130
0.141	0.547	0.161	0.151
0.447	0.390	0.001	0.163
0.360	0.001	0.328	0.310
0.024	0.211	0.526	0.239
0.105	0.579	0.148	0.168
0.197	0.613	0.001	0.189
0.438	0.001	0.001	0.560
0.113	0.122	0.731	0.034
0.141	0.437	0.412	0.010
0.294	0.287	0.109	0.310
0.178	0.288	0.263	0.271
>AAAGGAAA	1-AAAGGAAA	-0.149382	-1369.019687	0	T:19613.0(88.85%),B:142398.6(74.04%),P:1e-594	Tpos:91.6,Tstd:55.7,Bpos:5267.0,Bstd:14855.7,StrandBias:0.0,Multiplicity:1.62
0.577	0.001	0.307	0.115
0.859	0.001	0.090	0.050
0.473	0.001	0.282	0.245
0.001	0.001	0.997	0.001
0.186	0.001	0.812	0.001
0.997	0.001	0.001	0.001
0.997	0.001	0.001	0.001
0.690	0.001	0.252	0.057
>AATTCCCC	2-AATTCCCC	4.229721	-1309.290939	0	T:15685.0(71.05%),B:102569.1(53.33%),P:1e-568	Tpos:93.9,Tstd:51.5,Bpos:3545.7,Bstd:13501.2,StrandBias:-0.0,Multiplicity:1.79
0.763	0.052	0.178	0.007
0.519	0.276	0.045	0.160
0.201	0.041	0.112	0.646
0.036	0.155	0.039	0.770
0.018	0.790	0.016	0.176
0.032	0.966	0.001	0.001
0.006	0.836	0.019	0.139
0.097	0.711	0.006	0.186
>DGACTTCC	3-DGACTTCC	1.022066	-1151.211198	0	T:19022.0(86.17%),B:138515.9(72.02%),P:1e-499	Tpos:93.3,Tstd:53.9,Bpos:2943.8,Bstd:11615.9,StrandBias:0.0,Multiplicity:1.48
0.283	0.001	0.356	0.360
0.041	0.357	0.513	0.089
0.626	0.372	0.001	0.001
0.001	0.910	0.001	0.088
0.001	0.001	0.001	0.997
0.001	0.001	0.001	0.997
0.001	0.868	0.001	0.130
0.001	0.997	0.001	0.001
>ATGAGTCA	4-ATGAGTCA	8.944809	-1039.103600	0	T:2252.0(10.20%),B:5788.8(3.01%),P:1e-451	Tpos:94.8,Tstd:47.1,Bpos:2755.8,Bstd:7733.5,StrandBias:-0.0,Multiplicity:1.13
0.582	0.205	0.183	0.030
0.001	0.001	0.001	0.997
0.001	0.001	0.981	0.017
0.977	0.005	0.001	0.017
0.029	0.259	0.682	0.030
0.001	0.001	0.001	0.997
0.011	0.987	0.001	0.001
0.997	0.001	0.001	0.001
>CCHCMTTT	5-CCHCMTTT	3.122671	-998.528069	0	T:19985.0(90.53%),B:151554.7(78.80%),P:1e-433	Tpos:91.9,Tstd:55.3,Bpos:5149.7,Bstd:17200.7,StrandBias:-0.0,Multiplicity:1.50
0.130	0.549	0.031	0.290
0.100	0.826	0.027	0.047
0.263	0.356	0.012	0.369
0.104	0.501	0.073	0.322
0.415	0.298	0.048	0.239
0.121	0.306	0.056	0.517
0.184	0.051	0.095	0.670
0.124	0.117	0.021	0.738
>GGGAAKTC	6-GGGAAKTC	3.566232	-981.756115	0	T:17067.0(77.31%),B:120651.3(62.73%),P:1e-426	Tpos:92.1,Tstd:54.2,Bpos:4117.8,Bstd:13156.1,StrandBias:-0.0,Multiplicity:1.52
0.309	0.001	0.689	0.001
0.001	0.001	0.918	0.080
0.284	0.130	0.585	0.001
0.804	0.001	0.001	0.194
0.962	0.001	0.001	0.036
0.230	0.001	0.366	0.403
0.001	0.001	0.284	0.714
0.257	0.429	0.233	0.080
>TGTGGGAA	7-TGTGGGAA	4.181472	-887.552050	0	T:17762.0(80.46%),B:129090.6(67.12%),P:1e-385	Tpos:92.5,Tstd:53.9,Bpos:3085.9,Bstd:11588.9,StrandBias:0.0,Multiplicity:1.45
0.107	0.085	0.096	0.712
0.076	0.066	0.773	0.085
0.145	0.002	0.229	0.624
0.014	0.005	0.980	0.001
0.051	0.008	0.735	0.206
0.076	0.044	0.836	0.044
0.631	0.070	0.207	0.092
0.709	0.086	0.136	0.069
>WWCHYYMH	8-WWCHYYMH	2.859707	-693.259932	0	T:21346.0(96.70%),B:172813.2(89.85%),P:1e-301	Tpos:92.0,Tstd:54.4,Bpos:3251.5,Bstd:12769.9,StrandBias:0.0,Multiplicity:1.42
0.387	0.225	0.025	0.364
0.309	0.173	0.064	0.454
0.127	0.581	0.222	0.070
0.382	0.316	0.010	0.291
0.042	0.372	0.141	0.445
0.029	0.453	0.094	0.424
0.461	0.399	0.110	0.031
0.301	0.321	0.035	0.342
>CACAADAA	9-CACAADAA	-5.025857	-591.220302	0	T:20481.0(92.78%),B:163270.0(84.89%),P:1e-256	Tpos:93.1,Tstd:54.7,Bpos:4078.4,Bstd:15718.6,StrandBias:-0.0,Multiplicity:1.50
0.001	0.997	0.001	0.001
0.997	0.001	0.001	0.001
0.001	0.997	0.001	0.001
0.997	0.001	0.001	0.001
0.680	0.312	0.007	0.001
0.401	0.006	0.325	0.268
0.997	0.001	0.001	0.001
0.997	0.001	0.001	0.001
>AWDWCAYA	10-AWDWCAYA	-1.131995	-515.681436	0	T:18500.0(83.81%),B:143103.4(74.40%),P:1e-223	Tpos:92.4,Tstd:55.7,Bpos:6049.4,Bstd:14379.2,StrandBias:0.0,Multiplicity:1.84
0.680	0.001	0.318	0.001
0.574	0.001	0.001	0.424
0.394	0.001	0.339	0.267
0.434	0.001	0.001	0.564
0.245	0.402	0.236	0.117
0.662	0.001	0.001	0.336
0.161	0.394	0.150	0.295
0.585	0.001	0.001	0.413
>CACGTGAC	11-CACGTGAC	3.799784	-490.887385	0	T:14472.0(65.56%),B:105120.9(54.66%),P:1e-213	Tpos:92.9,Tstd:50.4,Bpos:2879.8,Bstd:10667.8,StrandBias:0.0,Multiplicity:1.59
0.006	0.906	0.062	0.026
0.879	0.017	0.063	0.041
0.051	0.566	0.070	0.313
0.217	0.019	0.760	0.004
0.024	0.017	0.019	0.940
0.021	0.089	0.875	0.015
0.488	0.086	0.162	0.263
0.045	0.586	0.215	0.154
>AWAYYYAA	12-AWAYYYAA	-7.042638	-485.275890	0	T:21608.0(97.88%),B:179159.8(93.15%),P:1e-210	Tpos:92.5,Tstd:55.8,Bpos:5108.0,Bstd:17883.9,StrandBias:-0.0,Multiplicity:1.55
0.997	0.001	0.001	0.001
0.508	0.001	0.001	0.490
0.997	0.001	0.001	0.001
0.001	0.505	0.001	0.493
0.103	0.402	0.001	0.493
0.001	0.520	0.001	0.478
0.686	0.001	0.001	0.312
0.997	0.001	0.001	0.001
>STGSHWAN	13-STGSHWAN	1.996444	-457.267043	0	T:21897.0(99.19%),B:184047.1(95.69%),P:1e-198	Tpos:92.8,Tstd:55.1,Bpos:2078.3,Bstd:8437.7,StrandBias:-0.0,Multiplicity:1.48
0.180	0.371	0.448	0.001
0.262	0.001	0.001	0.736
0.001	0.001	0.797	0.201
0.001	0.513	0.485	0.001
0.421	0.284	0.001	0.295
0.523	0.001	0.001	0.475
0.530	0.224	0.055	0.191
0.290	0.218	0.279	0.213
>TAATGAYA	14-TAATGAYA	-6.835350	-434.621570	0	T:21791.0(98.71%),B:182538.4(94.91%),P:1e-188	Tpos:91.9,Tstd:54.3,Bpos:2508.6,Bstd:9279.2,StrandBias:0.0,Multiplicity:1.49
0.104	0.001	0.001	0.894
0.989	0.001	0.009	0.001
0.502	0.010	0.161	0.327
0.001	0.001	0.001	0.997
0.001	0.001	0.997	0.001
0.913	0.001	0.085	0.001
0.014	0.483	0.001	0.502
0.910	0.009	0.001	0.080
>TMAGWGGT	15-TMAGWGGT	-1.529020	-333.923776	0	T:21076.0(95.47%),B:174450.0(90.70%),P:1e-145	Tpos:91.9,Tstd:54.8,Bpos:4188.2,Bstd:15173.5,StrandBias:0.0,Multiplicity:1.58
0.289	0.001	0.001	0.709
0.360	0.307	0.145	0.189
0.656	0.001	0.001	0.342
0.261	0.001	0.468	0.270
0.458	0.001	0.001	0.540
0.001	0.001	0.774	0.224
0.126	0.001	0.567	0.306
0.001	0.001	0.001	0.997
>GTGTGTGT	16-GTGTGTGT	4.691798	-193.248723	0	T:11569.0(52.41%),B:87510.9(45.50%),P:1e-83	Tpos:93.0,Tstd:50.6,Bpos:2669.9,Bstd:10186.3,StrandBias:0.0,Multiplicity:1.66
0.179	0.025	0.795	0.001
0.070	0.169	0.061	0.700
0.098	0.001	0.882	0.019
0.043	0.083	0.152	0.722
0.078	0.024	0.889	0.009
0.113	0.075	0.158	0.654
0.121	0.086	0.775	0.018
0.209	0.061	0.148	0.582
>TTCCCTGG	17-TTCCCTGG	2.399224	-54.856364	0	T:22057.0(99.92%),B:191406.0(99.52%),P:1e-23	Tpos:93.6,Tstd:55.4,Bpos:1185.0,Bstd:5797.1,StrandBias:0.0,Multiplicity:2.29
0.100	0.100	0.100	0.700
0.100	0.100	0.100	0.700
0.100	0.700	0.100	0.100
0.100	0.700	0.100	0.100
0.100	0.700	0.100	0.100
0.100	0.100	0.100	0.700
0.100	0.100	0.700	0.100
0.100	0.100	0.700	0.100
>ACAGCAGG	18-ACAGCAGG	2.399224	-25.875638	0	T:22067.0(99.96%),B:191913.4(99.78%),P:1e-11	Tpos:93.6,Tstd:54.9,Bpos:1079.0,Bstd:5179.7,StrandBias:0.0,Multiplicity:1.81
0.700	0.100	0.100	0.100
0.100	0.700	0.100	0.100
0.700	0.100	0.100	0.100
0.100	0.100	0.700	0.100
0.100	0.700	0.100	0.100
0.700	0.100	0.100	0.100
0.100	0.100	0.700	0.100
0.100	0.100	0.700	0.100
>CCTCCACC	19-CCTCCACC	0.453314	-0.108652	0	T:22075.0(100.00%),B:192332.6(100.00%),P:1e0	Tpos:94.1,Tstd:56.0,Bpos:953.5,Bstd:4896.0,StrandBias:0.0,Multiplicity:2.09
0.100	0.700	0.100	0.100
0.100	0.700	0.100	0.100
0.100	0.100	0.100	0.700
0.100	0.700	0.100	0.100
0.100	0.700	0.100	0.100
0.700	0.100	0.100	0.100
0.100	0.700	0.100	0.100
0.100	0.700	0.100	0.100
>AGGGGGCA	20-AGGGGGCA	0.000000	-0.108652	0	T:22075.0(100.00%),B:192333.0(100.00%),P:1e0
0.700	0.100	0.100	0.100
0.100	0.100	0.700	0.100
0.100	0.100	0.700	0.100
0.100	0.100	0.700	0.100
0.100	0.100	0.700	0.100
0.100	0.100	0.700	0.100
0.100	0.700	0.100	0.100
0.700	0.100	0.100	0.100
>SRSDGCBC	21-SRSDGCBC	-16.943678	0.000000	0	T:22075.0(100.00%),B:192333.4(100.00%),P:1e0	Tpos:92.2,Tstd:56.5,Bpos:3688.8,Bstd:15263.0,StrandBias:-0.0,Multiplicity:1.34
0.202	0.388	0.324	0.086
0.279	0.175	0.379	0.168
0.009	0.550	0.440	0.001
0.291	0.151	0.246	0.312
0.001	0.358	0.634	0.007
0.016	0.538	0.264	0.182
0.113	0.364	0.306	0.217
0.082	0.570	0.191	0.157
>AAGTGAGG	22-AAGTGAGG	0.000000	0.000000	0	T:22075.0(100.00%),B:192333.4(100.00%),P:1e0
0.700	0.100	0.100	0.100
0.700	0.100	0.100	0.100
0.100	0.100	0.700	0.100
0.100	0.100	0.100	0.700
0.100	0.100	0.700	0.100
0.700	0.100	0.100	0.100
0.100	0.100	0.700	0.100
0.100	0.100	0.700	0.100
>CTCAGCTG	23-CTCAGCTG	0.000000	0.000000	0	T:22075.0(100.00%),B:192333.1(100.00%),P:1e0
0.100	0.700	0.100	0.100
0.100	0.100	0.100	0.700
0.100	0.700	0.100	0.100
0.700	0.100	0.100	0.100
0.100	0.100	0.700	0.100
0.100	0.700	0.100	0.100
0.100	0.100	0.100	0.700
0.100	0.100	0.700	0.100
>GTGTGATG	24-GTGTGATG	0.000000	0.000000	0	T:22075.0(100.00%),B:192333.4(100.00%),P:1e0
0.100	0.100	0.700	0.100
0.100	0.100	0.100	0.700
0.100	0.100	0.700	0.100
0.100	0.100	0.100	0.700
0.100	0.100	0.700	0.100
0.700	0.100	0.100	0.100
0.100	0.100	0.100	0.700
0.100	0.100	0.700	0.100
>AGAGGGCA	25-AGAGGGCA	0.000000	0.000000	0	T:22075.0(100.00%),B:192333.4(100.00%),P:1e0
0.700	0.100	0.100	0.100
0.100	0.100	0.700	0.100
0.700	0.100	0.100	0.100
0.100	0.100	0.700	0.100
0.100	0.100	0.700	0.100
0.100	0.100	0.700	0.100
0.100	0.700	0.100	0.100
0.700	0.100	0.100	0.100
