>TTCCYYTBBN	1-TTCCYYTBBN	1.449041	-1567.448316	0	T:17767.0(80.48%),B:119694.0(62.23%),P:1e-680	Tpos:92.9,Tstd:53.5,Bpos:3441.0,Bstd:13195.4,StrandBias:0.0,Multiplicity:1.58
0.001	0.001	0.001	0.997
0.001	0.046	0.001	0.952
0.001	0.997	0.001	0.001
0.001	0.997	0.001	0.001
0.040	0.435	0.020	0.505
0.001	0.531	0.001	0.467
0.229	0.289	0.001	0.481
0.159	0.330	0.190	0.321
0.007	0.389	0.241	0.364
0.189	0.229	0.292	0.290
>GGAAATCCCC	2-GGAAATCCCC	7.561376	-1390.228310	0	T:2772.0(12.56%),B:6723.9(3.50%),P:1e-603	Tpos:96.8,Tstd:44.6,Bpos:1746.0,Bstd:5751.8,StrandBias:-0.1,Multiplicity:1.06
0.041	0.041	0.864	0.054
0.161	0.056	0.737	0.046
0.580	0.048	0.317	0.055
0.727	0.128	0.031	0.114
0.491	0.066	0.113	0.330
0.175	0.159	0.110	0.556
0.068	0.610	0.080	0.242
0.077	0.868	0.028	0.027
0.052	0.893	0.032	0.023
0.136	0.674	0.056	0.134
>GATGAGTCAT	3-GATGAGTCAT	6.990836	-1099.830662	0	T:2566.0(11.62%),B:7017.1(3.65%),P:1e-477	Tpos:95.6,Tstd:47.7,Bpos:2738.4,Bstd:7494.4,StrandBias:0.0,Multiplicity:1.12
0.144	0.159	0.527	0.170
0.548	0.224	0.180	0.048
0.005	0.008	0.012	0.975
0.005	0.012	0.938	0.045
0.926	0.015	0.017	0.042
0.043	0.272	0.638	0.047
0.014	0.012	0.014	0.960
0.024	0.943	0.029	0.004
0.981	0.003	0.007	0.009
0.035	0.224	0.177	0.564
>DGDGKSAGRR	4-DGDGKSAGRR	3.775832	-1097.452686	0	T:20625.0(93.43%),B:158134.2(82.22%),P:1e-476	Tpos:92.5,Tstd:54.6,Bpos:2347.5,Bstd:8595.2,StrandBias:0.0,Multiplicity:1.44
0.292	0.062	0.331	0.316
0.072	0.212	0.532	0.184
0.281	0.001	0.340	0.378
0.076	0.001	0.637	0.286
0.221	0.001	0.405	0.373
0.221	0.265	0.387	0.127
0.537	0.001	0.224	0.238
0.342	0.001	0.507	0.150
0.410	0.059	0.530	0.001
0.328	0.090	0.370	0.212
>NNHNHCHCHT	5-NNHNHCHCHT	3.991876	-1095.159198	0	T:20916.0(94.75%),B:161993.4(84.23%),P:1e-475	Tpos:92.2,Tstd:54.5,Bpos:3731.0,Bstd:12766.3,StrandBias:-0.0,Multiplicity:1.45
0.253	0.251	0.260	0.236
0.240	0.257	0.265	0.237
0.230	0.262	0.176	0.332
0.267	0.323	0.229	0.181
0.332	0.301	0.072	0.295
0.001	0.997	0.001	0.001
0.352	0.347	0.001	0.300
0.001	0.577	0.001	0.421
0.260	0.368	0.007	0.365
0.165	0.001	0.001	0.833
>NVNSANRTGD	6-NVNSANRTGD	4.399160	-1018.895984	0	T:18457.0(83.61%),B:134284.3(69.82%),P:1e-442	Tpos:93.1,Tstd:51.6,Bpos:2855.5,Bstd:9375.9,StrandBias:0.0,Multiplicity:1.55
0.289	0.182	0.222	0.308
0.237	0.272	0.363	0.128
0.226	0.172	0.283	0.319
0.100	0.524	0.375	0.001
0.906	0.001	0.092	0.001
0.257	0.202	0.286	0.255
0.426	0.107	0.466	0.001
0.197	0.001	0.315	0.486
0.001	0.001	0.997	0.001
0.324	0.160	0.285	0.230
>GGGRRRRGGG	7-GGGRRRRGGG	4.238814	-963.367646	0	T:18283.0(82.82%),B:133280.5(69.30%),P:1e-418	Tpos:92.9,Tstd:54.7,Bpos:3529.7,Bstd:11394.6,StrandBias:0.0,Multiplicity:1.46
0.377	0.001	0.621	0.001
0.262	0.001	0.522	0.215
0.395	0.001	0.603	0.001
0.449	0.001	0.549	0.001
0.541	0.001	0.453	0.005
0.573	0.001	0.425	0.001
0.413	0.001	0.360	0.226
0.289	0.025	0.472	0.214
0.223	0.021	0.529	0.227
0.379	0.051	0.538	0.032
>KGRRRRCWSA	8-KGRRRRCWSA	3.772179	-948.287399	0	T:20107.0(91.08%),B:153680.5(79.90%),P:1e-411	Tpos:92.9,Tstd:55.2,Bpos:2908.2,Bstd:10916.2,StrandBias:-0.0,Multiplicity:1.41
0.250	0.022	0.425	0.303
0.223	0.033	0.644	0.100
0.398	0.001	0.524	0.077
0.457	0.025	0.403	0.115
0.468	0.049	0.411	0.073
0.447	0.138	0.349	0.066
0.098	0.663	0.123	0.116
0.438	0.181	0.039	0.342
0.238	0.414	0.283	0.066
0.408	0.236	0.170	0.186
>ACTTCCTCTT	9-ACTTCCTCTT	-0.510484	-894.329876	0	T:14732.0(66.74%),B:99912.3(51.95%),P:1e-388	Tpos:92.8,Tstd:52.4,Bpos:3513.7,Bstd:13456.9,StrandBias:-0.0,Multiplicity:1.62
0.949	0.001	0.049	0.001
0.001	0.943	0.046	0.010
0.001	0.001	0.001	0.997
0.001	0.001	0.001	0.997
0.001	0.997	0.001	0.001
0.001	0.997	0.001	0.001
0.001	0.177	0.014	0.808
0.015	0.835	0.120	0.030
0.084	0.088	0.004	0.824
0.019	0.072	0.038	0.871
>DGGCWKNNWD	10-DGGCWKNNWD	3.477041	-709.496232	0	T:20270.0(91.82%),B:158999.5(82.67%),P:1e-308	Tpos:91.8,Tstd:54.6,Bpos:4682.5,Bstd:15466.0,StrandBias:0.0,Multiplicity:1.55
0.368	0.001	0.342	0.289
0.247	0.001	0.463	0.289
0.225	0.042	0.502	0.231
0.001	0.655	0.343	0.001
0.480	0.001	0.001	0.518
0.199	0.152	0.368	0.281
0.264	0.254	0.204	0.278
0.192	0.337	0.217	0.255
0.439	0.001	0.001	0.559
0.322	0.001	0.297	0.381
>TGGTTTTRTT	11-TGGTTTTRTT	-14.478250	-669.037759	0	T:21426.0(97.06%),B:174244.0(90.59%),P:1e-290	Tpos:91.7,Tstd:55.5,Bpos:5253.0,Bstd:15654.9,StrandBias:0.0,Multiplicity:1.81
0.001	0.001	0.001	0.997
0.001	0.001	0.997	0.001
0.001	0.001	0.997	0.001
0.001	0.001	0.001	0.997
0.001	0.001	0.001	0.997
0.001	0.001	0.001	0.997
0.001	0.001	0.001	0.997
0.499	0.001	0.499	0.001
0.001	0.001	0.001	0.997
0.001	0.001	0.001	0.997
>YTCWCAGRVW	12-YTCWCAGRVW	2.762478	-598.872725	0	T:19530.0(88.47%),B:152419.1(79.25%),P:1e-260	Tpos:91.9,Tstd:55.2,Bpos:7043.2,Bstd:21805.6,StrandBias:-0.0,Multiplicity:1.44
0.105	0.332	0.095	0.468
0.012	0.401	0.009	0.578
0.004	0.647	0.004	0.345
0.360	0.204	0.002	0.434
0.016	0.659	0.199	0.126
0.661	0.006	0.001	0.332
0.392	0.004	0.596	0.008
0.407	0.010	0.441	0.142
0.279	0.335	0.374	0.012
0.446	0.019	0.002	0.533
>GCTGCAGCCA	13-GCTGCAGCCA	2.512553	-329.117300	0	T:22043.0(99.86%),B:188313.0(97.91%),P:1e-142	Tpos:93.6,Tstd:55.2,Bpos:1353.0,Bstd:7602.2,StrandBias:-0.0,Multiplicity:1.65
0.100	0.100	0.700	0.100
0.100	0.700	0.100	0.100
0.100	0.100	0.100	0.700
0.100	0.100	0.700	0.100
0.100	0.700	0.100	0.100
0.700	0.100	0.100	0.100
0.100	0.100	0.700	0.100
0.100	0.700	0.100	0.100
0.100	0.700	0.100	0.100
0.700	0.100	0.100	0.100
>CACAGCTGGT	14-CACAGCTGGT	2.512553	-239.294318	0	T:22064.0(99.95%),B:189741.1(98.65%),P:1e-103	Tpos:93.7,Tstd:54.3,Bpos:1477.7,Bstd:7207.2,StrandBias:0.0,Multiplicity:2.07
0.100	0.700	0.100	0.100
0.700	0.100	0.100	0.100
0.100	0.700	0.100	0.100
0.700	0.100	0.100	0.100
0.100	0.100	0.700	0.100
0.100	0.700	0.100	0.100
0.100	0.100	0.100	0.700
0.100	0.100	0.700	0.100
0.100	0.100	0.700	0.100
0.100	0.100	0.100	0.700
>WGYGTGTGTG	15-WGYGTGTGTG	4.037387	-205.014341	0	T:12593.0(57.05%),B:96034.0(49.93%),P:1e-89	Tpos:92.9,Tstd:49.9,Bpos:2712.8,Bstd:9426.0,StrandBias:0.1,Multiplicity:1.67
0.275	0.233	0.076	0.417
0.318	0.109	0.559	0.014
0.106	0.330	0.092	0.472
0.364	0.044	0.589	0.003
0.128	0.175	0.122	0.575
0.190	0.031	0.774	0.005
0.129	0.235	0.195	0.441
0.367	0.005	0.622	0.006
0.219	0.176	0.116	0.490
0.234	0.171	0.501	0.094
>GGGGGAAGGG	16-GGGGGAAGGG	0.000000	-6.302730	0	T:22075.0(100.00%),B:192275.7(99.97%),P:1e-2
0.100	0.100	0.700	0.100
0.100	0.100	0.700	0.100
0.100	0.100	0.700	0.100
0.100	0.100	0.700	0.100
0.100	0.100	0.700	0.100
0.700	0.100	0.100	0.100
0.700	0.100	0.100	0.100
0.100	0.100	0.700	0.100
0.100	0.100	0.700	0.100
0.100	0.100	0.700	0.100
>CCCCAGGGGA	17-CCCCAGGGGA	0.000000	-0.727161	0	T:22067.0(99.96%),B:192256.6(99.96%),P:1e0
0.100	0.700	0.100	0.100
0.100	0.700	0.100	0.100
0.100	0.700	0.100	0.100
0.100	0.700	0.100	0.100
0.700	0.100	0.100	0.100
0.100	0.100	0.700	0.100
0.100	0.100	0.700	0.100
0.100	0.100	0.700	0.100
0.100	0.100	0.700	0.100
0.700	0.100	0.100	0.100
>AGGGCAAGGC	18-AGGGCAAGGC	0.566642	-0.290472	0	T:22073.0(99.99%),B:192318.8(99.99%),P:1e0	Tpos:93.6,Tstd:55.7,Bpos:1556.0,Bstd:7846.0,StrandBias:0.0,Multiplicity:1.94
0.700	0.100	0.100	0.100
0.100	0.100	0.700	0.100
0.100	0.100	0.700	0.100
0.100	0.100	0.700	0.100
0.100	0.700	0.100	0.100
0.700	0.100	0.100	0.100
0.700	0.100	0.100	0.100
0.100	0.100	0.700	0.100
0.100	0.100	0.700	0.100
0.100	0.700	0.100	0.100
>CAGGAGGGCA	19-CAGGAGGGCA	0.566642	-0.217306	0	T:22075.0(100.00%),B:192331.2(100.00%),P:1e0	Tpos:82.2,Tstd:62.4,Bpos:3520.8,Bstd:6793.2,StrandBias:-1.0,Multiplicity:1.00
0.100	0.700	0.100	0.100
0.700	0.100	0.100	0.100
0.100	0.100	0.700	0.100
0.100	0.100	0.700	0.100
0.700	0.100	0.100	0.100
0.100	0.100	0.700	0.100
0.100	0.100	0.700	0.100
0.100	0.100	0.700	0.100
0.100	0.700	0.100	0.100
0.700	0.100	0.100	0.100
>STTTSCATWB	20-STTTSCATWB	6.520960	-0.163057	0	T:821.0(3.72%),B:7420.4(3.86%),P:1e0	Tpos:53.0,Tstd:10.8,Bpos:1582.8,Bstd:1688.7,StrandBias:-1.6,Multiplicity:1.00
0.221	0.403	0.339	0.036
0.110	0.037	0.038	0.815
0.221	0.077	0.219	0.483
0.222	0.037	0.074	0.667
0.111	0.336	0.406	0.148
0.038	0.813	0.148	0.001
0.520	0.256	0.002	0.222
0.222	0.037	0.112	0.629
0.409	0.036	0.111	0.443
0.036	0.367	0.303	0.293
>GTATCAAAAT	21-GTATCAAAAT	11.792826	-0.002540	0	T:1.0(0.00%),B:54.6(0.03%),P:1e0	Tpos:5.0,Tstd:0.0,Bpos:0.0,Bstd:0.0,StrandBias:10.0,Multiplicity:1.00
0.236	0.064	0.699	0.001
0.236	0.001	0.001	0.762
0.935	0.001	0.001	0.063
0.217	0.001	0.083	0.699
0.001	0.973	0.025	0.001
0.699	0.297	0.001	0.003
0.979	0.019	0.001	0.001
0.910	0.001	0.001	0.088
0.785	0.001	0.001	0.213
0.001	0.025	0.212	0.762
>ATMWSSMATS	22-ATMWSSMATS	8.695243	-0.000020	0	T:87.0(0.39%),B:1158.4(0.60%),P:1e0	Tpos:84.5,Tstd:35.5,Bpos:1903.3,Bstd:708.3,StrandBias:10.0,Multiplicity:1.00
0.837	0.015	0.147	0.001
0.007	0.001	0.001	0.991
0.421	0.499	0.001	0.080
0.426	0.001	0.014	0.559
0.001	0.506	0.492	0.001
0.074	0.507	0.418	0.001
0.513	0.412	0.001	0.074
0.838	0.001	0.001	0.160
0.412	0.001	0.001	0.586
0.001	0.500	0.498	0.001
>GTCAGSWAAS	23-GTCAGSWAAS	7.522738	-0.000000	0	T:560.0(2.54%),B:6245.1(3.25%),P:1e0	Tpos:103.0,Tstd:48.1,Bpos:2236.8,Bstd:3902.2,StrandBias:1.0,Multiplicity:1.00
0.184	0.263	0.552	0.001
0.203	0.001	0.001	0.795
0.389	0.609	0.001	0.001
0.554	0.001	0.075	0.370
0.001	0.243	0.755	0.001
0.001	0.429	0.569	0.001
0.553	0.001	0.001	0.445
0.573	0.371	0.001	0.055
0.612	0.001	0.001	0.386
0.001	0.425	0.373	0.201
>ATAACCMNTG	24-ATAACCMNTG	7.316795	-0.000000	0	T:653.0(2.96%),B:7303.1(3.80%),P:1e0	Tpos:73.6,Tstd:32.4,Bpos:4440.6,Bstd:8135.6,StrandBias:10.0,Multiplicity:1.00
0.480	0.262	0.257	0.001
0.253	0.001	0.001	0.745
0.959	0.001	0.001	0.039
0.931	0.001	0.001	0.067
0.001	0.681	0.317	0.001
0.229	0.714	0.056	0.001
0.486	0.512	0.001	0.001
0.258	0.258	0.259	0.226
0.318	0.001	0.001	0.680
0.001	0.233	0.481	0.286
>TCCCTTCCCA	25-TCCCTTCCCA	-5.271088	0.000000	0	T:22075.0(100.00%),B:192333.4(100.00%),P:1e0	Tpos:93.3,Tstd:57.1,Bpos:4034.5,Bstd:14730.8,StrandBias:0.0,Multiplicity:1.37
0.100	0.100	0.100	0.700
0.100	0.700	0.100	0.100
0.100	0.700	0.100	0.100
0.100	0.700	0.100	0.100
0.100	0.100	0.100	0.700
0.100	0.100	0.100	0.700
0.100	0.700	0.100	0.100
0.100	0.700	0.100	0.100
0.100	0.700	0.100	0.100
0.700	0.100	0.100	0.100
