>ACTCGGGTTG	1-ACTCGGGTTG	11.193747	-35.072210	0	T:11.0(1.19%),B:49.8(0.02%),P:1e-15	Tpos:54.6,Tstd:21.8,Bpos:7356.5,Bstd:32026.9,StrandBias:0.8,Multiplicity:1.00
0.997	0.001	0.001	0.001
0.001	0.922	0.001	0.076
0.001	0.001	0.001	0.997
0.001	0.997	0.001	0.001
0.001	0.077	0.921	0.001
0.001	0.001	0.997	0.001
0.001	0.001	0.997	0.001
0.001	0.001	0.001	0.997
0.001	0.001	0.001	0.997
0.001	0.001	0.997	0.001
>CATTCCATTC	2-CATTCCATTC	13.565941	-20.310985	0	T:16.0(1.73%),B:571.4(0.23%),P:1e-8	Tpos:93.0,Tstd:0.0,Bpos:9898.9,Bstd:25608.1,StrandBias:10.0,Multiplicity:1.00
0.001	0.900	0.098	0.001
0.997	0.001	0.001	0.001
0.001	0.001	0.001	0.997
0.001	0.001	0.001	0.997
0.001	0.997	0.001	0.001
0.001	0.997	0.001	0.001
0.977	0.001	0.021	0.001
0.001	0.001	0.001	0.997
0.001	0.001	0.001	0.997
0.001	0.863	0.060	0.076
>GGAATGGAAT	3-GGAATGGAAT	13.635443	-19.721862	0	T:16.0(1.73%),B:596.6(0.24%),P:1e-8	Tpos:53.0,Tstd:23.5,Bpos:15833.9,Bstd:24596.0,StrandBias:-0.5,Multiplicity:6.75
0.001	0.043	0.955	0.001
0.001	0.068	0.930	0.001
0.997	0.001	0.001	0.001
0.997	0.001	0.001	0.001
0.001	0.022	0.001	0.976
0.001	0.013	0.985	0.001
0.001	0.051	0.947	0.001
0.997	0.001	0.001	0.001
0.997	0.001	0.001	0.001
0.001	0.001	0.001	0.997
>CCAATGGAAT	4-CCAATGGAAT	10.729306	-18.088860	0	T:24.0(2.59%),B:1544.7(0.63%),P:1e-7	Tpos:55.6,Tstd:27.8,Bpos:14524.4,Bstd:56932.7,StrandBias:-0.4,Multiplicity:1.08
0.027	0.743	0.229	0.001
0.255	0.694	0.001	0.050
0.997	0.001	0.001	0.001
0.960	0.001	0.001	0.038
0.001	0.089	0.001	0.909
0.047	0.001	0.951	0.001
0.001	0.001	0.997	0.001
0.884	0.001	0.114	0.001
0.901	0.001	0.055	0.043
0.001	0.001	0.001	0.997
>TGATTCCATT	5-TGATTCCATT	13.044930	-15.141316	0	T:16.0(1.73%),B:840.6(0.34%),P:1e-6	Tpos:48.0,Tstd:31.6,Bpos:13532.2,Bstd:47613.2,StrandBias:-2.3,Multiplicity:1.20
0.001	0.001	0.001	0.997
0.145	0.049	0.672	0.134
0.940	0.001	0.001	0.058
0.001	0.044	0.001	0.954
0.001	0.001	0.001	0.997
0.001	0.852	0.001	0.146
0.001	0.997	0.001	0.001
0.997	0.001	0.001	0.001
0.001	0.001	0.041	0.957
0.048	0.001	0.042	0.909
>TGGAATGGAA	6-TGGAATGGAA	10.618814	-14.954089	0	T:23.0(2.48%),B:1705.9(0.70%),P:1e-6	Tpos:46.9,Tstd:32.8,Bpos:13049.2,Bstd:27193.9,StrandBias:0.4,Multiplicity:1.14
0.001	0.076	0.001	0.922
0.066	0.171	0.762	0.001
0.001	0.077	0.921	0.001
0.997	0.001	0.001	0.001
0.724	0.001	0.274	0.001
0.001	0.129	0.001	0.869
0.069	0.001	0.929	0.001
0.001	0.001	0.997	0.001
0.997	0.001	0.001	0.001
0.701	0.039	0.259	0.001
>AATGGAATGG	7-AATGGAATGG	10.394761	-12.289378	0	T:22.0(2.37%),B:1861.3(0.76%),P:1e-5	Tpos:49.2,Tstd:26.7,Bpos:10034.9,Bstd:38017.2,StrandBias:-0.3,Multiplicity:1.10
0.934	0.001	0.064	0.001
0.997	0.001	0.001	0.001
0.034	0.001	0.030	0.935
0.041	0.001	0.957	0.001
0.024	0.001	0.974	0.001
0.888	0.079	0.032	0.001
0.935	0.001	0.001	0.063
0.084	0.001	0.001	0.914
0.047	0.135	0.785	0.033
0.030	0.001	0.941	0.028
>ATCGAATGGA	8-ATCGAATGGA	8.689565	-11.621930	0	T:6.0(0.65%),B:119.9(0.05%),P:1e-5	Tpos:53.7,Tstd:24.0,Bpos:17822.4,Bstd:54981.5,StrandBias:10.0,Multiplicity:1.17
0.634	0.162	0.089	0.115
0.108	0.098	0.069	0.725
0.045	0.724	0.143	0.088
0.078	0.100	0.697	0.125
0.696	0.096	0.122	0.086
0.672	0.100	0.118	0.110
0.081	0.080	0.095	0.744
0.129	0.124	0.633	0.114
0.099	0.118	0.715	0.068
0.761	0.134	0.050	0.055
>ATCATCGAAT	9-ATCATCGAAT	10.991114	-9.643263	0	T:10.0(1.08%),B:549.7(0.22%),P:1e-4	Tpos:54.4,Tstd:22.0,Bpos:12188.5,Bstd:38459.2,StrandBias:1.0,Multiplicity:1.12
0.997	0.001	0.001	0.001
0.001	0.132	0.116	0.751
0.001	0.997	0.001	0.001
0.997	0.001	0.001	0.001
0.001	0.001	0.001	0.997
0.046	0.771	0.001	0.182
0.001	0.055	0.943	0.001
0.997	0.001	0.001	0.001
0.783	0.118	0.001	0.098
0.001	0.128	0.001	0.870
>CATGATATCA	10-CATGATATCA	10.643253	-3.283923	0	T:7.0(0.76%),B:813.1(0.33%),P:1e-1	Tpos:57.7,Tstd:17.5,Bpos:15047.9,Bstd:48591.7,StrandBias:0.4,Multiplicity:1.00
0.055	0.877	0.001	0.067
0.915	0.001	0.001	0.083
0.001	0.001	0.001	0.997
0.001	0.001	0.997	0.001
0.831	0.092	0.076	0.001
0.001	0.001	0.149	0.849
0.867	0.092	0.001	0.040
0.001	0.001	0.001	0.997
0.058	0.798	0.075	0.069
0.930	0.001	0.001	0.068
>ACATCATCAG	11-ACATCATCAG	10.600338	-3.157643	0	T:11.0(1.19%),B:1588.1(0.65%),P:1e-1	Tpos:42.8,Tstd:23.7,Bpos:11129.5,Bstd:41000.7,StrandBias:0.8,Multiplicity:1.00
0.961	0.001	0.001	0.037
0.037	0.925	0.037	0.001
0.997	0.001	0.001	0.001
0.048	0.131	0.044	0.777
0.063	0.828	0.058	0.051
0.781	0.044	0.001	0.174
0.047	0.001	0.001	0.951
0.001	0.997	0.001	0.001
0.899	0.001	0.001	0.099
0.038	0.045	0.916	0.001
>TATCTATCTA	12-TATCTATCTA	8.211426	-1.006521	0	T:9.0(0.97%),B:2037.8(0.83%),P:1e0	Tpos:37.8,Tstd:25.5,Bpos:16018.3,Bstd:47322.6,StrandBias:-1.5,Multiplicity:1.00
0.064	0.062	0.001	0.873
0.997	0.001	0.001	0.001
0.001	0.065	0.001	0.933
0.001	0.997	0.001	0.001
0.001	0.001	0.001	0.997
0.997	0.001	0.001	0.001
0.001	0.055	0.001	0.943
0.001	0.997	0.001	0.001
0.001	0.057	0.001	0.941
0.997	0.001	0.001	0.001
>CCCCATCACC	13-CCCCATCACC	9.818074	-0.348573	0	T:2.0(0.22%),B:652.4(0.27%),P:1e0	Tpos:67.5,Tstd:0.5,Bpos:5558.7,Bstd:24812.8,StrandBias:10.0,Multiplicity:1.00
0.314	0.580	0.001	0.105
0.354	0.607	0.001	0.038
0.126	0.872	0.001	0.001
0.001	0.997	0.001	0.001
0.513	0.169	0.001	0.317
0.212	0.091	0.114	0.583
0.073	0.466	0.164	0.297
0.997	0.001	0.001	0.001
0.001	0.648	0.323	0.028
0.001	0.997	0.001	0.001
>CTCTTTCTCT	14-CTCTTTCTCT	10.296193	-0.035759	0	T:4.0(0.43%),B:2186.1(0.89%),P:1e0	Tpos:57.0,Tstd:18.8,Bpos:15871.2,Bstd:55990.0,StrandBias:1.6,Multiplicity:1.00
0.100	0.700	0.100	0.100
0.100	0.100	0.100	0.700
0.100	0.700	0.100	0.100
0.100	0.100	0.100	0.700
0.100	0.100	0.100	0.700
0.100	0.100	0.100	0.700
0.100	0.700	0.100	0.100
0.100	0.100	0.100	0.700
0.100	0.700	0.100	0.100
0.100	0.100	0.100	0.700
>GAGAGASAGA	15-GAGAGASAGA	11.259643	-0.010141	0	T:6.0(0.65%),B:3454.9(1.41%),P:1e0	Tpos:66.3,Tstd:24.7,Bpos:12845.0,Bstd:47009.8,StrandBias:-2.6,Multiplicity:1.17
0.030	0.001	0.968	0.001
0.611	0.387	0.001	0.001
0.119	0.001	0.879	0.001
0.546	0.381	0.072	0.001
0.001	0.001	0.981	0.017
0.553	0.001	0.401	0.045
0.095	0.412	0.492	0.001
0.997	0.001	0.001	0.001
0.001	0.001	0.997	0.001
0.983	0.015	0.001	0.001
>TCTCTTTCTC	16-TCTCTTTCTC	11.224554	-0.002751	0	T:2.0(0.22%),B:2140.6(0.87%),P:1e0	Tpos:69.0,Tstd:23.0,Bpos:12037.3,Bstd:40027.1,StrandBias:0.0,Multiplicity:1.00
0.031	0.040	0.096	0.833
0.061	0.843	0.065	0.031
0.044	0.001	0.062	0.893
0.001	0.640	0.358	0.001
0.202	0.001	0.053	0.744
0.001	0.328	0.001	0.670
0.035	0.083	0.241	0.641
0.001	0.741	0.001	0.257
0.038	0.001	0.175	0.786
0.041	0.957	0.001	0.001
>GAATGGAATGGA	1-GAATGGAATGGA	12.259676	-55.512999	0	T:16.0(1.73%),B:49.8(0.02%),P:1e-24	Tpos:52.9,Tstd:24.1,Bpos:18021.0,Bstd:18825.5,StrandBias:-0.3,Multiplicity:1.94
0.001	0.001	0.997	0.001
0.997	0.001	0.001	0.001
0.997	0.001	0.001	0.001
0.001	0.001	0.001	0.997
0.001	0.001	0.997	0.001
0.001	0.001	0.997	0.001
0.997	0.001	0.001	0.001
0.997	0.001	0.001	0.001
0.001	0.001	0.001	0.997
0.001	0.013	0.985	0.001
0.001	0.001	0.997	0.001
0.997	0.001	0.001	0.001
>ATGGAATGGAAT	2-ATGGAATGGAAT	13.651016	-55.493105	0	T:18.0(1.94%),B:85.0(0.03%),P:1e-24	Tpos:53.4,Tstd:29.0,Bpos:12326.1,Bstd:22849.8,StrandBias:0.0,Multiplicity:1.00
0.759	0.078	0.115	0.048
0.026	0.052	0.001	0.921
0.069	0.284	0.580	0.067
0.078	0.017	0.882	0.023
0.902	0.058	0.017	0.023
0.788	0.081	0.067	0.064
0.033	0.078	0.047	0.842
0.053	0.127	0.803	0.017
0.037	0.045	0.899	0.019
0.961	0.015	0.023	0.001
0.805	0.062	0.075	0.058
0.044	0.061	0.031	0.864
>AATGGAATCATC	3-AATGGAATCATC	13.617320	-48.273908	0	T:17.0(1.83%),B:106.1(0.04%),P:1e-20	Tpos:53.9,Tstd:25.9,Bpos:16575.0,Bstd:63702.8,StrandBias:0.4,Multiplicity:1.17
0.952	0.001	0.001	0.046
0.947	0.001	0.051	0.001
0.001	0.071	0.001	0.927
0.049	0.001	0.949	0.001
0.033	0.001	0.965	0.001
0.997	0.001	0.001	0.001
0.997	0.001	0.001	0.001
0.034	0.001	0.001	0.964
0.048	0.842	0.001	0.109
0.961	0.001	0.001	0.037
0.310	0.001	0.001	0.688
0.001	0.925	0.001	0.073
>CACTCGGGTTGA	4-CACTCGGGTTGA	16.169174	-47.980642	0	T:9.0(0.97%),B:1.9(0.00%),P:1e-20	Tpos:66.8,Tstd:15.9,Bpos:117.7,Bstd:53.6,StrandBias:1.6,Multiplicity:1.00
0.194	0.804	0.001	0.001
0.997	0.001	0.001	0.001
0.001	0.997	0.001	0.001
0.001	0.001	0.001	0.997
0.194	0.804	0.001	0.001
0.001	0.001	0.997	0.001
0.001	0.001	0.997	0.001
0.001	0.001	0.997	0.001
0.001	0.001	0.001	0.997
0.001	0.001	0.001	0.997
0.001	0.001	0.997	0.001
0.997	0.001	0.001	0.001
>GGAATGGAATGG	5-GGAATGGAATGG	12.083660	-28.563923	0	T:18.0(1.94%),B:442.8(0.18%),P:1e-12	Tpos:54.0,Tstd:34.2,Bpos:15306.7,Bstd:23197.8,StrandBias:3.0,Multiplicity:1.00
0.001	0.114	0.857	0.028
0.090	0.079	0.793	0.038
0.913	0.001	0.085	0.001
0.748	0.043	0.128	0.081
0.102	0.081	0.102	0.715
0.028	0.158	0.791	0.023
0.001	0.001	0.965	0.033
0.997	0.001	0.001	0.001
0.735	0.022	0.168	0.075
0.042	0.081	0.055	0.822
0.028	0.043	0.862	0.067
0.091	0.076	0.805	0.028
>CCATTCCACTCG	6-CCATTCCACTCG	10.708441	-27.073074	0	T:24.0(2.59%),B:972.3(0.40%),P:1e-11	Tpos:46.0,Tstd:25.3,Bpos:12641.4,Bstd:29392.1,StrandBias:-0.2,Multiplicity:1.08
0.078	0.843	0.001	0.078
0.078	0.696	0.078	0.148
0.901	0.097	0.001	0.001
0.001	0.077	0.001	0.921
0.001	0.050	0.001	0.948
0.001	0.921	0.001	0.077
0.124	0.797	0.078	0.001
0.886	0.112	0.001	0.001
0.001	0.714	0.078	0.207
0.001	0.001	0.001	0.997
0.001	0.831	0.001	0.167
0.001	0.251	0.694	0.054
>ATGGAATCATCV	7-ATGGAATCATCV	11.160277	-19.883877	0	T:22.0(2.37%),B:1178.4(0.48%),P:1e-8	Tpos:37.5,Tstd:23.1,Bpos:72496.2,Bstd:170966.5,StrandBias:0.2,Multiplicity:1.31
0.785	0.001	0.213	0.001
0.001	0.122	0.001	0.876
0.108	0.001	0.890	0.001
0.116	0.001	0.882	0.001
0.923	0.075	0.001	0.001
0.926	0.001	0.072	0.001
0.074	0.001	0.109	0.816
0.072	0.926	0.001	0.001
0.929	0.001	0.001	0.069
0.050	0.001	0.001	0.948
0.001	0.824	0.001	0.174
0.254	0.324	0.289	0.133
>CGTTCCATTCCA	8-CGTTCCATTCCA	14.636913	-16.893950	0	T:5.0(0.54%),B:21.9(0.01%),P:1e-7	Tpos:53.8,Tstd:27.8,Bpos:10758.4,Bstd:13863.2,StrandBias:2.0,Multiplicity:1.25
0.001	0.997	0.001	0.001
0.001	0.001	0.997	0.001
0.001	0.001	0.001	0.997
0.001	0.001	0.001	0.997
0.001	0.734	0.001	0.264
0.001	0.997	0.001	0.001
0.529	0.001	0.264	0.206
0.001	0.001	0.001	0.997
0.001	0.001	0.001	0.997
0.001	0.997	0.001	0.001
0.001	0.997	0.001	0.001
0.997	0.001	0.001	0.001
>TAGATAGATAGA	9-TAGATAGATAGA	11.342015	-2.556036	0	T:6.0(0.65%),B:776.7(0.32%),P:1e-1	Tpos:32.1,Tstd:16.2,Bpos:16854.0,Bstd:44629.4,StrandBias:2.1,Multiplicity:1.00
0.001	0.001	0.001	0.997
0.900	0.001	0.098	0.001
0.001	0.001	0.997	0.001
0.997	0.001	0.001	0.001
0.001	0.001	0.001	0.997
0.997	0.001	0.001	0.001
0.001	0.071	0.927	0.001
0.786	0.001	0.212	0.001
0.001	0.098	0.001	0.900
0.997	0.001	0.001	0.001
0.001	0.001	0.598	0.400
0.799	0.199	0.001	0.001
>GAGCAGAACAGA	10-GAGCAGAACAGA	14.640156	-2.143518	0	T:4.0(0.43%),B:489.8(0.20%),P:1e0	Tpos:56.0,Tstd:29.9,Bpos:14102.9,Bstd:41621.6,StrandBias:0.0,Multiplicity:1.00
0.001	0.001	0.997	0.001
0.749	0.001	0.001	0.249
0.249	0.001	0.749	0.001
0.001	0.997	0.001	0.001
0.749	0.001	0.001	0.249
0.001	0.001	0.997	0.001
0.997	0.001	0.001	0.001
0.997	0.001	0.001	0.001
0.001	0.997	0.001	0.001
0.997	0.001	0.001	0.001
0.001	0.001	0.997	0.001
0.997	0.001	0.001	0.001
>WGCTTTTCCCCH	11-WGCTTTTCCCCH	9.817885	-1.245387	0	T:1.0(0.11%),B:89.6(0.04%),P:1e0	Tpos:47.0,Tstd:0.0,Bpos:12287.4,Bstd:20383.9,StrandBias:10.0,Multiplicity:1.00
0.292	0.144	0.206	0.358
0.111	0.173	0.514	0.202
0.135	0.612	0.091	0.162
0.159	0.162	0.062	0.617
0.072	0.091	0.106	0.731
0.106	0.100	0.087	0.707
0.115	0.106	0.130	0.649
0.087	0.625	0.115	0.173
0.130	0.672	0.043	0.155
0.106	0.665	0.058	0.171
0.230	0.532	0.053	0.185
0.269	0.254	0.160	0.316
>TGGAAATTAAAC	12-TGGAAATTAAAC	12.355432	-0.991035	0	T:1.0(0.11%),B:122.5(0.05%),P:1e0	Tpos:89.0,Tstd:0.0,Bpos:24806.6,Bstd:63930.8,StrandBias:10.0,Multiplicity:1.00
0.100	0.100	0.100	0.700
0.100	0.100	0.700	0.100
0.100	0.100	0.700	0.100
0.700	0.100	0.100	0.100
0.700	0.100	0.100	0.100
0.700	0.100	0.100	0.100
0.100	0.100	0.100	0.700
0.100	0.100	0.100	0.700
0.700	0.100	0.100	0.100
0.700	0.100	0.100	0.100
0.700	0.100	0.100	0.100
0.100	0.700	0.100	0.100
>GGAAGGGAGAAT	13-GGAAGGGAGAAT	9.930042	-0.916024	0	T:3.0(0.32%),B:604.5(0.25%),P:1e0	Tpos:41.3,Tstd:16.5,Bpos:9689.4,Bstd:31335.3,StrandBias:1.0,Multiplicity:1.00
0.001	0.001	0.997	0.001
0.001	0.001	0.997	0.001
0.862	0.001	0.001	0.136
0.997	0.001	0.001	0.001
0.001	0.001	0.997	0.001
0.068	0.001	0.930	0.001
0.136	0.001	0.862	0.001
0.997	0.001	0.001	0.001
0.001	0.001	0.997	0.001
0.997	0.001	0.001	0.001
0.997	0.001	0.001	0.001
0.001	0.001	0.001	0.997
>GAGCCCAAGAGT	14-GAGCCCAAGAGT	15.741442	-0.684724	0	T:1.0(0.11%),B:185.9(0.08%),P:1e0	Tpos:77.0,Tstd:0.0,Bpos:8001.2,Bstd:31357.7,StrandBias:10.0,Multiplicity:1.00
0.001	0.001	0.997	0.001
0.997	0.001	0.001	0.001
0.001	0.001	0.997	0.001
0.001	0.997	0.001	0.001
0.001	0.749	0.001	0.249
0.249	0.749	0.001	0.001
0.997	0.001	0.001	0.001
0.749	0.001	0.249	0.001
0.001	0.001	0.997	0.001
0.997	0.001	0.001	0.001
0.001	0.001	0.997	0.001
0.001	0.001	0.001	0.997
>AVTCTTTCTYTC	15-AVTCTTTCTYTC	12.040827	-0.615684	0	T:1.0(0.11%),B:205.3(0.08%),P:1e0	Tpos:69.0,Tstd:0.0,Bpos:12370.0,Bstd:41377.0,StrandBias:10.0,Multiplicity:1.00
0.520	0.037	0.331	0.112
0.257	0.334	0.407	0.001
0.001	0.001	0.109	0.889
0.001	0.555	0.073	0.371
0.001	0.001	0.001	0.997
0.037	0.111	0.261	0.591
0.001	0.036	0.073	0.890
0.221	0.777	0.001	0.001
0.001	0.109	0.001	0.889
0.001	0.478	0.001	0.520
0.110	0.184	0.001	0.705
0.001	0.888	0.001	0.110
>RWGKGGGGAGAG	16-RWGKGGGGAGAG	12.150191	-0.487257	0	T:6.0(0.65%),B:1689.0(0.69%),P:1e0	Tpos:46.7,Tstd:21.3,Bpos:7723.7,Bstd:28111.4,StrandBias:2.3,Multiplicity:1.00
0.570	0.001	0.428	0.001
0.570	0.001	0.001	0.428
0.001	0.142	0.856	0.001
0.001	0.001	0.428	0.570
0.001	0.001	0.856	0.142
0.285	0.001	0.713	0.001
0.285	0.001	0.713	0.001
0.001	0.001	0.997	0.001
0.997	0.001	0.001	0.001
0.001	0.001	0.997	0.001
0.997	0.001	0.001	0.001
0.001	0.001	0.997	0.001
>GGGGAARMAGAA	17-GGGGAARMAGAA	10.911014	-0.120388	0	T:5.0(0.54%),B:2054.6(0.84%),P:1e0	Tpos:39.2,Tstd:21.7,Bpos:8642.1,Bstd:33671.2,StrandBias:10.0,Multiplicity:1.00
0.066	0.001	0.801	0.132
0.134	0.001	0.799	0.066
0.001	0.001	0.997	0.001
0.200	0.001	0.732	0.067
0.800	0.067	0.132	0.001
0.668	0.067	0.264	0.001
0.466	0.001	0.532	0.001
0.400	0.266	0.200	0.135
0.535	0.001	0.198	0.266
0.267	0.066	0.600	0.067
0.867	0.066	0.001	0.066
0.668	0.001	0.066	0.265
>CATTCCACTCGG	18-CATTCCACTCGG	2.625881	-0.065129	0	T:807.0(87.06%),B:217441.8(88.62%),P:1e0	Tpos:50.5,Tstd:25.8,Bpos:13359.7,Bstd:54450.9,StrandBias:0.0,Multiplicity:2.10
0.100	0.700	0.100	0.100
0.700	0.100	0.100	0.100
0.100	0.100	0.100	0.700
0.100	0.100	0.100	0.700
0.100	0.700	0.100	0.100
0.100	0.700	0.100	0.100
0.700	0.100	0.100	0.100
0.100	0.700	0.100	0.100
0.100	0.100	0.100	0.700
0.100	0.700	0.100	0.100
0.100	0.100	0.700	0.100
0.100	0.100	0.700	0.100
>NWRDRDNMWKDS	19-NWRDRDNMWKDS	5.654237	-0.026621	0	T:2.0(0.22%),B:1457.4(0.59%),P:1e0	Tpos:42.5,Tstd:33.5,Bpos:13396.4,Bstd:45353.1,StrandBias:-10.0,Multiplicity:1.00
0.283	0.194	0.255	0.267
0.361	0.006	0.240	0.394
0.527	0.001	0.471	0.001
0.294	0.166	0.328	0.212
0.366	0.155	0.272	0.206
0.410	0.001	0.272	0.317
0.272	0.200	0.266	0.262
0.394	0.456	0.001	0.149
0.526	0.001	0.001	0.472
0.001	0.001	0.560	0.438
0.333	0.001	0.299	0.367
0.001	0.471	0.527	0.001
>HCCTGGSCTCWN	20-HCCTGGSCTCWN	8.830317	-0.007491	0	T:2.0(0.22%),B:1842.3(0.75%),P:1e0	Tpos:20.0,Tstd:0.0,Bpos:7510.8,Bstd:23256.3,StrandBias:10.0,Multiplicity:1.00
0.326	0.326	0.119	0.228
0.109	0.489	0.098	0.304
0.011	0.891	0.001	0.097
0.195	0.001	0.001	0.803
0.001	0.001	0.956	0.042
0.239	0.141	0.457	0.163
0.228	0.282	0.413	0.076
0.001	0.631	0.021	0.347
0.217	0.250	0.001	0.532
0.065	0.740	0.054	0.141
0.500	0.141	0.001	0.358
0.196	0.250	0.326	0.228
>TCTCTCTCTCTC	21-TCTCTCTCTCTC	12.355432	-0.004549	0	T:2.0(0.22%),B:1991.3(0.81%),P:1e0	Tpos:71.9,Tstd:17.7,Bpos:13801.0,Bstd:50878.6,StrandBias:10.0,Multiplicity:1.50
0.100	0.100	0.100	0.700
0.100	0.700	0.100	0.100
0.100	0.100	0.100	0.700
0.100	0.700	0.100	0.100
0.100	0.100	0.100	0.700
0.100	0.700	0.100	0.100
0.100	0.100	0.100	0.700
0.100	0.700	0.100	0.100
0.100	0.100	0.100	0.700
0.100	0.700	0.100	0.100
0.100	0.100	0.100	0.700
0.100	0.700	0.100	0.100
>YTCAVATGCCTM	22-YTCAVATGCCTM	10.276350	-0.000967	0	T:4.0(0.43%),B:3455.0(1.41%),P:1e0	Tpos:17.5,Tstd:8.5,Bpos:8651.4,Bstd:32798.6,StrandBias:0.0,Multiplicity:1.00
0.001	0.452	0.179	0.368
0.001	0.001	0.001	0.997
0.001	0.909	0.089	0.001
0.552	0.089	0.001	0.358
0.273	0.363	0.363	0.001
0.637	0.273	0.001	0.089
0.001	0.001	0.001	0.997
0.001	0.001	0.626	0.372
0.001	0.730	0.001	0.268
0.089	0.909	0.001	0.001
0.179	0.089	0.001	0.731
0.358	0.453	0.005	0.184
>CTCTCTCTCTCT	23-CTCTCTCTCTCT	10.409522	-0.000373	0	T:7.0(0.76%),B:5122.9(2.09%),P:1e0	Tpos:44.7,Tstd:28.2,Bpos:10659.4,Bstd:37579.4,StrandBias:0.0,Multiplicity:1.00
0.100	0.700	0.100	0.100
0.100	0.100	0.100	0.700
0.100	0.700	0.100	0.100
0.100	0.100	0.100	0.700
0.100	0.700	0.100	0.100
0.100	0.100	0.100	0.700
0.100	0.700	0.100	0.100
0.100	0.100	0.100	0.700
0.100	0.700	0.100	0.100
0.100	0.100	0.100	0.700
0.100	0.700	0.100	0.100
0.100	0.100	0.100	0.700
>HYCCCCWYCMCH	24-HYCCCCWYCMCH	7.192183	-0.000148	0	T:5.0(0.54%),B:4547.4(1.85%),P:1e0	Tpos:48.8,Tstd:25.1,Bpos:10482.5,Bstd:34332.1,StrandBias:1.6,Multiplicity:1.00
0.218	0.319	0.137	0.326
0.098	0.489	0.072	0.342
0.212	0.544	0.003	0.241
0.237	0.586	0.001	0.176
0.251	0.450	0.026	0.274
0.140	0.566	0.001	0.293
0.440	0.202	0.007	0.352
0.186	0.362	0.208	0.244
0.130	0.801	0.001	0.068
0.410	0.433	0.001	0.156
0.231	0.528	0.033	0.208
0.394	0.300	0.007	0.300
>RGAARRAGGRAR	25-RGAARRAGGRAR	8.683517	-0.000079	0	T:4.0(0.43%),B:4264.6(1.74%),P:1e0	Tpos:63.0,Tstd:0.0,Bpos:8454.5,Bstd:29707.9,StrandBias:10.0,Multiplicity:1.00
0.336	0.008	0.416	0.240
0.001	0.001	0.997	0.001
0.560	0.016	0.408	0.016
0.536	0.008	0.360	0.096
0.512	0.016	0.400	0.072
0.344	0.120	0.384	0.152
0.576	0.024	0.256	0.144
0.216	0.001	0.472	0.311
0.328	0.001	0.551	0.120
0.448	0.040	0.432	0.080
0.703	0.001	0.248	0.048
0.392	0.032	0.512	0.064
>TCGGGTTG	1-TCGGGTTG	9.165513	-13.874794	0	T:15.0(1.62%),B:815.4(0.33%),P:1e-6	Tpos:55.9,Tstd:24.0,Bpos:8259.5,Bstd:31469.1,StrandBias:0.7,Multiplicity:1.07
0.001	0.001	0.001	0.997
0.001	0.997	0.001	0.001
0.001	0.149	0.849	0.001
0.001	0.001	0.997	0.001
0.001	0.001	0.997	0.001
0.001	0.001	0.001	0.997
0.001	0.001	0.001	0.997
0.001	0.001	0.997	0.001
>CATCGAAT	2-CATCGAAT	10.701502	-9.216405	0	T:10.0(1.08%),B:580.0(0.24%),P:1e-4	Tpos:61.7,Tstd:19.6,Bpos:12077.9,Bstd:48212.0,StrandBias:1.0,Multiplicity:1.00
0.001	0.997	0.001	0.001
0.997	0.001	0.001	0.001
0.001	0.001	0.001	0.997
0.001	0.735	0.263	0.001
0.001	0.001	0.997	0.001
0.997	0.001	0.001	0.001
0.997	0.001	0.001	0.001
0.001	0.059	0.001	0.939
>TCCATTCG	3-TCCATTCG	10.815127	-6.776133	0	T:9.0(0.97%),B:660.4(0.27%),P:1e-2	Tpos:14.0,Tstd:0.0,Bpos:12023.5,Bstd:45215.3,StrandBias:10.0,Multiplicity:1.00
0.001	0.001	0.001	0.997
0.001	0.997	0.001	0.001
0.001	0.997	0.001	0.001
0.997	0.001	0.001	0.001
0.001	0.001	0.001	0.997
0.001	0.001	0.001	0.997
0.001	0.862	0.001	0.136
0.043	0.017	0.897	0.043
>SATTCCAT	4-SATTCCAT	10.303604	-1.821694	0	T:21.0(2.27%),B:4374.3(1.78%),P:1e0	Tpos:29.7,Tstd:26.3,Bpos:13045.0,Bstd:43487.1,StrandBias:1.0,Multiplicity:1.20
0.106	0.427	0.465	0.001
0.997	0.001	0.001	0.001
0.001	0.001	0.001	0.997
0.001	0.001	0.001	0.997
0.001	0.997	0.001	0.001
0.001	0.997	0.001	0.001
0.997	0.001	0.001	0.001
0.001	0.001	0.001	0.997
>AATGGAAT	5-AATGGAAT	11.051158	-1.055247	0	T:32.0(3.45%),B:7819.6(3.19%),P:1e0	Tpos:51.0,Tstd:25.5,Bpos:13529.5,Bstd:41185.2,StrandBias:-0.3,Multiplicity:5.06
0.997	0.001	0.001	0.001
0.997	0.001	0.001	0.001
0.001	0.016	0.001	0.982
0.001	0.001	0.997	0.001
0.001	0.001	0.997	0.001
0.997	0.001	0.001	0.001
0.997	0.001	0.001	0.001
0.001	0.001	0.001	0.997
>TGGAATGG	6-TGGAATGG	8.236954	-1.008337	0	T:20.0(2.16%),B:4812.4(1.96%),P:1e0	Tpos:54.6,Tstd:23.1,Bpos:11213.4,Bstd:36916.9,StrandBias:2.0,Multiplicity:1.00
0.100	0.100	0.100	0.700
0.100	0.100	0.700	0.100
0.100	0.100	0.700	0.100
0.700	0.100	0.100	0.100
0.700	0.100	0.100	0.100
0.100	0.100	0.100	0.700
0.100	0.100	0.700	0.100
0.100	0.100	0.700	0.100
>ATGGAATG	7-ATGGAATG	10.623538	-0.896218	0	T:22.0(2.37%),B:5454.2(2.22%),P:1e0	Tpos:65.5,Tstd:22.6,Bpos:16110.3,Bstd:60464.2,StrandBias:0.0,Multiplicity:1.00
0.799	0.001	0.199	0.001
0.001	0.001	0.001	0.997
0.001	0.001	0.997	0.001
0.001	0.001	0.997	0.001
0.997	0.001	0.001	0.001
0.997	0.001	0.001	0.001
0.001	0.001	0.001	0.997
0.001	0.001	0.799	0.199
>GAATGGAA	8-GAATGGAA	8.236954	-0.874149	0	T:26.0(2.80%),B:6518.1(2.66%),P:1e0	Tpos:55.1,Tstd:31.6,Bpos:11828.4,Bstd:41687.4,StrandBias:0.0,Multiplicity:1.20
0.100	0.100	0.700	0.100
0.700	0.100	0.100	0.100
0.700	0.100	0.100	0.100
0.100	0.100	0.100	0.700
0.100	0.100	0.700	0.100
0.100	0.100	0.700	0.100
0.700	0.100	0.100	0.100
0.700	0.100	0.100	0.100
>TGGAATAG	9-TGGAATAG	9.972815	-0.282295	0	T:13.0(1.40%),B:4035.0(1.64%),P:1e0	Tpos:70.2,Tstd:20.5,Bpos:14278.4,Bstd:48635.9,StrandBias:0.6,Multiplicity:1.00
0.001	0.001	0.001	0.997
0.001	0.001	0.997	0.001
0.001	0.131	0.867	0.001
0.997	0.001	0.001	0.001
0.895	0.103	0.001	0.001
0.001	0.001	0.001	0.997
0.717	0.281	0.001	0.001
0.047	0.293	0.595	0.065
>TGGTTATG	10-TGGTTATG	9.912347	-0.112905	0	T:8.0(0.86%),B:3073.7(1.25%),P:1e0	Tpos:55.1,Tstd:18.0,Bpos:11872.5,Bstd:43710.1,StrandBias:0.0,Multiplicity:1.00
0.001	0.001	0.196	0.802
0.144	0.020	0.835	0.001
0.001	0.001	0.997	0.001
0.001	0.001	0.296	0.702
0.001	0.051	0.025	0.923
0.997	0.001	0.001	0.001
0.001	0.282	0.001	0.716
0.001	0.001	0.997	0.001
>ATATCACG	11-ATATCACG	8.877667	-0.093591	0	T:11.0(1.19%),B:4137.9(1.69%),P:1e0	Tpos:45.5,Tstd:27.7,Bpos:14632.3,Bstd:49221.1,StrandBias:-0.3,Multiplicity:1.00
0.849	0.050	0.057	0.044
0.001	0.032	0.001	0.966
0.933	0.040	0.001	0.026
0.036	0.001	0.001	0.962
0.001	0.905	0.051	0.043
0.997	0.001	0.001	0.001
0.066	0.681	0.031	0.222
0.110	0.065	0.742	0.083
>ATGGAATV	12-ATGGAATV	10.058721	-0.084316	0	T:17.0(1.83%),B:6078.6(2.48%),P:1e0	Tpos:69.5,Tstd:10.1,Bpos:15622.5,Bstd:48534.4,StrandBias:1.0,Multiplicity:1.00
0.997	0.001	0.001	0.001
0.001	0.001	0.001	0.997
0.001	0.001	0.997	0.001
0.001	0.001	0.997	0.001
0.997	0.001	0.001	0.001
0.997	0.001	0.001	0.001
0.001	0.001	0.001	0.997
0.364	0.271	0.291	0.073
>CTTTCCAT	13-CTTTCCAT	10.764155	-0.054212	0	T:19.0(2.05%),B:6998.5(2.85%),P:1e0	Tpos:54.2,Tstd:24.2,Bpos:12105.0,Bstd:45116.6,StrandBias:0.3,Multiplicity:1.00
0.261	0.737	0.001	0.001
0.001	0.001	0.001	0.997
0.001	0.001	0.001	0.997
0.001	0.001	0.001	0.997
0.001	0.997	0.001	0.001
0.001	0.997	0.001	0.001
0.997	0.001	0.001	0.001
0.001	0.001	0.001	0.997
>TATCTATC	14-TATCTATC	8.236954	-0.034297	0	T:6.0(0.65%),B:2951.3(1.20%),P:1e0	Tpos:25.5,Tstd:14.5,Bpos:15740.9,Bstd:46260.4,StrandBias:-1.6,Multiplicity:2.67
0.100	0.100	0.100	0.700
0.700	0.100	0.100	0.100
0.100	0.100	0.100	0.700
0.100	0.700	0.100	0.100
0.100	0.100	0.100	0.700
0.700	0.100	0.100	0.100
0.100	0.100	0.100	0.700
0.100	0.700	0.100	0.100
>TAGATAGG	15-TAGATAGG	10.662857	-0.014470	0	T:3.0(0.32%),B:2098.5(0.86%),P:1e0	Tpos:65.0,Tstd:18.8,Bpos:11493.3,Bstd:39638.4,StrandBias:1.0,Multiplicity:1.00
0.001	0.001	0.001	0.997
0.997	0.001	0.001	0.001
0.001	0.001	0.997	0.001
0.997	0.001	0.001	0.001
0.001	0.001	0.001	0.997
0.997	0.001	0.001	0.001
0.001	0.001	0.997	0.001
0.332	0.001	0.666	0.001
>ATAGATAG	16-ATAGATAG	8.236954	-0.009889	0	T:5.0(0.54%),B:3068.7(1.25%),P:1e0	Tpos:61.7,Tstd:15.5,Bpos:14721.8,Bstd:47996.3,StrandBias:1.0,Multiplicity:1.00
0.700	0.100	0.100	0.100
0.100	0.100	0.100	0.700
0.700	0.100	0.100	0.100
0.100	0.100	0.700	0.100
0.700	0.100	0.100	0.100
0.100	0.100	0.100	0.700
0.700	0.100	0.100	0.100
0.100	0.100	0.700	0.100
>GAATGGAT	17-GAATGGAT	10.662857	-0.009229	0	T:9.0(0.97%),B:4625.1(1.88%),P:1e0	Tpos:34.0,Tstd:17.3,Bpos:11948.0,Bstd:42943.3,StrandBias:-1.0,Multiplicity:1.00
0.001	0.001	0.997	0.001
0.997	0.001	0.001	0.001
0.997	0.001	0.001	0.001
0.001	0.001	0.001	0.997
0.001	0.001	0.997	0.001
0.001	0.001	0.997	0.001
0.997	0.001	0.001	0.001
0.001	0.001	0.332	0.666
>AATGGAKT	18-AATGGAKT	10.507203	-0.003984	0	T:8.0(0.86%),B:4610.4(1.88%),P:1e0	Tpos:40.2,Tstd:16.9,Bpos:12152.1,Bstd:40735.6,StrandBias:2.0,Multiplicity:1.00
0.997	0.001	0.001	0.001
0.997	0.001	0.001	0.001
0.001	0.001	0.001	0.997
0.001	0.001	0.997	0.001
0.001	0.001	0.997	0.001
0.997	0.001	0.001	0.001
0.001	0.001	0.570	0.428
0.001	0.001	0.001	0.997
>TCCATTCA	19-TCCATTCA	10.343652	-0.003653	0	T:11.0(1.19%),B:5778.5(2.36%),P:1e0	Tpos:64.2,Tstd:24.3,Bpos:11151.7,Bstd:39806.1,StrandBias:-1.4,Multiplicity:1.10
0.001	0.001	0.001	0.997
0.001	0.997	0.001	0.001
0.001	0.997	0.001	0.001
0.997	0.001	0.001	0.001
0.001	0.001	0.001	0.997
0.001	0.001	0.001	0.997
0.001	0.997	0.001	0.001
0.484	0.231	0.170	0.115
>TTCCATTT	20-TTCCATTT	10.567706	-0.001283	0	T:27.0(2.91%),B:11897.0(4.85%),P:1e0	Tpos:53.6,Tstd:26.7,Bpos:13358.2,Bstd:47571.0,StrandBias:1.3,Multiplicity:1.00
0.001	0.001	0.001	0.997
0.001	0.143	0.001	0.855
0.001	0.997	0.001	0.001
0.001	0.997	0.001	0.001
0.997	0.001	0.001	0.001
0.001	0.001	0.001	0.997
0.131	0.001	0.001	0.867
0.066	0.001	0.121	0.812
>AATTCCAT	21-AATTCCAT	10.799397	-0.000081	0	T:9.0(0.97%),B:6537.5(2.66%),P:1e0	Tpos:16.5,Tstd:11.5,Bpos:12283.1,Bstd:43929.2,StrandBias:-10.0,Multiplicity:1.00
0.883	0.068	0.001	0.048
0.862	0.001	0.001	0.136
0.001	0.001	0.001	0.997
0.001	0.001	0.001	0.997
0.001	0.997	0.001	0.001
0.001	0.997	0.001	0.001
0.997	0.001	0.001	0.001
0.001	0.001	0.001	0.997
>AATGGAAA	22-AATGGAAA	10.704481	-0.000008	0	T:18.0(1.94%),B:11076.7(4.51%),P:1e0	Tpos:56.2,Tstd:21.5,Bpos:12807.3,Bstd:45218.8,StrandBias:-0.6,Multiplicity:1.00
0.997	0.001	0.001	0.001
0.997	0.001	0.001	0.001
0.001	0.001	0.001	0.997
0.001	0.001	0.997	0.001
0.001	0.001	0.997	0.001
0.997	0.001	0.001	0.001
0.832	0.001	0.001	0.166
0.832	0.001	0.166	0.001
>MAAAATGG	23-MAAAATGG	10.460516	-0.000000	0	T:10.0(1.08%),B:9626.4(3.92%),P:1e0	Tpos:41.7,Tstd:25.9,Bpos:12584.2,Bstd:42574.0,StrandBias:0.4,Multiplicity:1.00
0.544	0.454	0.001	0.001
0.997	0.001	0.001	0.001
0.997	0.001	0.001	0.001
0.997	0.001	0.001	0.001
0.997	0.001	0.001	0.001
0.001	0.001	0.001	0.997
0.001	0.001	0.997	0.001
0.001	0.001	0.997	0.001
>ATGGAAAA	24-ATGGAAAA	10.306597	-0.000000	0	T:12.0(1.29%),B:10923.5(4.45%),P:1e0	Tpos:47.4,Tstd:25.3,Bpos:12021.4,Bstd:44696.1,StrandBias:0.7,Multiplicity:1.00
0.997	0.001	0.001	0.001
0.001	0.001	0.001	0.997
0.001	0.001	0.997	0.001
0.086	0.001	0.912	0.001
0.997	0.001	0.001	0.001
0.912	0.001	0.001	0.086
0.911	0.001	0.087	0.001
0.610	0.001	0.101	0.288
>TCCATTTD	25-TCCATTTD	9.907770	-0.000000	0	T:20.0(2.16%),B:15140.8(6.17%),P:1e0	Tpos:28.4,Tstd:21.3,Bpos:12655.3,Bstd:45307.0,StrandBias:1.0,Multiplicity:1.00
0.001	0.001	0.001	0.997
0.001	0.997	0.001	0.001
0.001	0.997	0.001	0.001
0.997	0.001	0.001	0.001
0.001	0.001	0.001	0.997
0.001	0.001	0.001	0.997
0.001	0.001	0.001	0.997
0.313	0.125	0.250	0.313
