>ACTCGGGTTG	1-ACTCGGGTTG	11.193747	-35.072210	0	T:11.0(1.19%),B:49.8(0.02%),P:1e-15	Tpos:54.6,Tstd:21.8,Bpos:7356.5,Bstd:32026.9,StrandBias:0.8,Multiplicity:1.00
0.997	0.001	0.001	0.001
0.001	0.922	0.001	0.076
0.001	0.001	0.001	0.997
0.001	0.997	0.001	0.001
0.001	0.077	0.921	0.001
0.001	0.001	0.997	0.001
0.001	0.001	0.997	0.001
0.001	0.001	0.001	0.997
0.001	0.001	0.001	0.997
0.001	0.001	0.997	0.001
>CATTCCATTC	2-CATTCCATTC	13.565941	-20.310985	0	T:16.0(1.73%),B:571.4(0.23%),P:1e-8	Tpos:93.0,Tstd:0.0,Bpos:9898.9,Bstd:25608.1,StrandBias:10.0,Multiplicity:1.00
0.001	0.900	0.098	0.001
0.997	0.001	0.001	0.001
0.001	0.001	0.001	0.997
0.001	0.001	0.001	0.997
0.001	0.997	0.001	0.001
0.001	0.997	0.001	0.001
0.977	0.001	0.021	0.001
0.001	0.001	0.001	0.997
0.001	0.001	0.001	0.997
0.001	0.863	0.060	0.076
>GGAATGGAAT	3-GGAATGGAAT	13.635443	-19.721862	0	T:16.0(1.73%),B:596.6(0.24%),P:1e-8	Tpos:53.0,Tstd:23.5,Bpos:15833.9,Bstd:24596.0,StrandBias:-0.5,Multiplicity:6.75
0.001	0.043	0.955	0.001
0.001	0.068	0.930	0.001
0.997	0.001	0.001	0.001
0.997	0.001	0.001	0.001
0.001	0.022	0.001	0.976
0.001	0.013	0.985	0.001
0.001	0.051	0.947	0.001
0.997	0.001	0.001	0.001
0.997	0.001	0.001	0.001
0.001	0.001	0.001	0.997
>CCAATGGAAT	4-CCAATGGAAT	10.729306	-18.088860	0	T:24.0(2.59%),B:1544.7(0.63%),P:1e-7	Tpos:55.6,Tstd:27.8,Bpos:14524.4,Bstd:56932.7,StrandBias:-0.4,Multiplicity:1.08
0.027	0.743	0.229	0.001
0.255	0.694	0.001	0.050
0.997	0.001	0.001	0.001
0.960	0.001	0.001	0.038
0.001	0.089	0.001	0.909
0.047	0.001	0.951	0.001
0.001	0.001	0.997	0.001
0.884	0.001	0.114	0.001
0.901	0.001	0.055	0.043
0.001	0.001	0.001	0.997
>TGATTCCATT	5-TGATTCCATT	13.044930	-15.141316	0	T:16.0(1.73%),B:840.6(0.34%),P:1e-6	Tpos:48.0,Tstd:31.6,Bpos:13532.2,Bstd:47613.2,StrandBias:-2.3,Multiplicity:1.20
0.001	0.001	0.001	0.997
0.145	0.049	0.672	0.134
0.940	0.001	0.001	0.058
0.001	0.044	0.001	0.954
0.001	0.001	0.001	0.997
0.001	0.852	0.001	0.146
0.001	0.997	0.001	0.001
0.997	0.001	0.001	0.001
0.001	0.001	0.041	0.957
0.048	0.001	0.042	0.909
>TGGAATGGAA	6-TGGAATGGAA	10.618814	-14.954089	0	T:23.0(2.48%),B:1705.9(0.70%),P:1e-6	Tpos:46.9,Tstd:32.8,Bpos:13049.2,Bstd:27193.9,StrandBias:0.4,Multiplicity:1.14
0.001	0.076	0.001	0.922
0.066	0.171	0.762	0.001
0.001	0.077	0.921	0.001
0.997	0.001	0.001	0.001
0.724	0.001	0.274	0.001
0.001	0.129	0.001	0.869
0.069	0.001	0.929	0.001
0.001	0.001	0.997	0.001
0.997	0.001	0.001	0.001
0.701	0.039	0.259	0.001
>AATGGAATGG	7-AATGGAATGG	10.394761	-12.289378	0	T:22.0(2.37%),B:1861.3(0.76%),P:1e-5	Tpos:49.2,Tstd:26.7,Bpos:10034.9,Bstd:38017.2,StrandBias:-0.3,Multiplicity:1.10
0.934	0.001	0.064	0.001
0.997	0.001	0.001	0.001
0.034	0.001	0.030	0.935
0.041	0.001	0.957	0.001
0.024	0.001	0.974	0.001
0.888	0.079	0.032	0.001
0.935	0.001	0.001	0.063
0.084	0.001	0.001	0.914
0.047	0.135	0.785	0.033
0.030	0.001	0.941	0.028
>ATCGAATGGA	8-ATCGAATGGA	8.689565	-11.621930	0	T:6.0(0.65%),B:119.9(0.05%),P:1e-5	Tpos:53.7,Tstd:24.0,Bpos:17822.4,Bstd:54981.5,StrandBias:10.0,Multiplicity:1.17
0.634	0.162	0.089	0.115
0.108	0.098	0.069	0.725
0.045	0.724	0.143	0.088
0.078	0.100	0.697	0.125
0.696	0.096	0.122	0.086
0.672	0.100	0.118	0.110
0.081	0.080	0.095	0.744
0.129	0.124	0.633	0.114
0.099	0.118	0.715	0.068
0.761	0.134	0.050	0.055
>ATCATCGAAT	9-ATCATCGAAT	10.991114	-9.643263	0	T:10.0(1.08%),B:549.7(0.22%),P:1e-4	Tpos:54.4,Tstd:22.0,Bpos:12188.5,Bstd:38459.2,StrandBias:1.0,Multiplicity:1.12
0.997	0.001	0.001	0.001
0.001	0.132	0.116	0.751
0.001	0.997	0.001	0.001
0.997	0.001	0.001	0.001
0.001	0.001	0.001	0.997
0.046	0.771	0.001	0.182
0.001	0.055	0.943	0.001
0.997	0.001	0.001	0.001
0.783	0.118	0.001	0.098
0.001	0.128	0.001	0.870
>CATGATATCA	10-CATGATATCA	10.643253	-3.283923	0	T:7.0(0.76%),B:813.1(0.33%),P:1e-1	Tpos:57.7,Tstd:17.5,Bpos:15047.9,Bstd:48591.7,StrandBias:0.4,Multiplicity:1.00
0.055	0.877	0.001	0.067
0.915	0.001	0.001	0.083
0.001	0.001	0.001	0.997
0.001	0.001	0.997	0.001
0.831	0.092	0.076	0.001
0.001	0.001	0.149	0.849
0.867	0.092	0.001	0.040
0.001	0.001	0.001	0.997
0.058	0.798	0.075	0.069
0.930	0.001	0.001	0.068
>ACATCATCAG	11-ACATCATCAG	10.600338	-3.157643	0	T:11.0(1.19%),B:1588.1(0.65%),P:1e-1	Tpos:42.8,Tstd:23.7,Bpos:11129.5,Bstd:41000.7,StrandBias:0.8,Multiplicity:1.00
0.961	0.001	0.001	0.037
0.037	0.925	0.037	0.001
0.997	0.001	0.001	0.001
0.048	0.131	0.044	0.777
0.063	0.828	0.058	0.051
0.781	0.044	0.001	0.174
0.047	0.001	0.001	0.951
0.001	0.997	0.001	0.001
0.899	0.001	0.001	0.099
0.038	0.045	0.916	0.001
>TATCTATCTA	12-TATCTATCTA	8.211426	-1.006521	0	T:9.0(0.97%),B:2037.8(0.83%),P:1e0	Tpos:37.8,Tstd:25.5,Bpos:16018.3,Bstd:47322.6,StrandBias:-1.5,Multiplicity:1.00
0.064	0.062	0.001	0.873
0.997	0.001	0.001	0.001
0.001	0.065	0.001	0.933
0.001	0.997	0.001	0.001
0.001	0.001	0.001	0.997
0.997	0.001	0.001	0.001
0.001	0.055	0.001	0.943
0.001	0.997	0.001	0.001
0.001	0.057	0.001	0.941
0.997	0.001	0.001	0.001
>CCCCATCACC	13-CCCCATCACC	9.818074	-0.348573	0	T:2.0(0.22%),B:652.4(0.27%),P:1e0	Tpos:67.5,Tstd:0.5,Bpos:5558.7,Bstd:24812.8,StrandBias:10.0,Multiplicity:1.00
0.314	0.580	0.001	0.105
0.354	0.607	0.001	0.038
0.126	0.872	0.001	0.001
0.001	0.997	0.001	0.001
0.513	0.169	0.001	0.317
0.212	0.091	0.114	0.583
0.073	0.466	0.164	0.297
0.997	0.001	0.001	0.001
0.001	0.648	0.323	0.028
0.001	0.997	0.001	0.001
>CTCTTTCTCT	14-CTCTTTCTCT	10.296193	-0.035759	0	T:4.0(0.43%),B:2186.1(0.89%),P:1e0	Tpos:57.0,Tstd:18.8,Bpos:15871.2,Bstd:55990.0,StrandBias:1.6,Multiplicity:1.00
0.100	0.700	0.100	0.100
0.100	0.100	0.100	0.700
0.100	0.700	0.100	0.100
0.100	0.100	0.100	0.700
0.100	0.100	0.100	0.700
0.100	0.100	0.100	0.700
0.100	0.700	0.100	0.100
0.100	0.100	0.100	0.700
0.100	0.700	0.100	0.100
0.100	0.100	0.100	0.700
>GAGAGASAGA	15-GAGAGASAGA	11.259643	-0.010141	0	T:6.0(0.65%),B:3454.9(1.41%),P:1e0	Tpos:66.3,Tstd:24.7,Bpos:12845.0,Bstd:47009.8,StrandBias:-2.6,Multiplicity:1.17
0.030	0.001	0.968	0.001
0.611	0.387	0.001	0.001
0.119	0.001	0.879	0.001
0.546	0.381	0.072	0.001
0.001	0.001	0.981	0.017
0.553	0.001	0.401	0.045
0.095	0.412	0.492	0.001
0.997	0.001	0.001	0.001
0.001	0.001	0.997	0.001
0.983	0.015	0.001	0.001
>TCTCTTTCTC	16-TCTCTTTCTC	11.224554	-0.002751	0	T:2.0(0.22%),B:2140.6(0.87%),P:1e0	Tpos:69.0,Tstd:23.0,Bpos:12037.3,Bstd:40027.1,StrandBias:0.0,Multiplicity:1.00
0.031	0.040	0.096	0.833
0.061	0.843	0.065	0.031
0.044	0.001	0.062	0.893
0.001	0.640	0.358	0.001
0.202	0.001	0.053	0.744
0.001	0.328	0.001	0.670
0.035	0.083	0.241	0.641
0.001	0.741	0.001	0.257
0.038	0.001	0.175	0.786
0.041	0.957	0.001	0.001
