>ATGGAATGGAAT	4-ATGGAATGGAAT	11.233877	-17.668757	0	T:17.0(1.83%),B:798.2(0.32%),P:1e-7
0.802	0.114	0.083	0.001
0.025	0.100	0.001	0.874
0.072	0.188	0.707	0.033
0.020	0.037	0.866	0.077
0.915	0.083	0.001	0.001
0.710	0.171	0.050	0.069
0.034	0.050	0.001	0.915
0.127	0.145	0.693	0.035
0.039	0.092	0.807	0.062
0.933	0.065	0.001	0.001
0.902	0.001	0.096	0.001
0.029	0.001	0.091	0.879
