>CATTATGTMACA	12-CATTATGTMACA,BestGuess:HLF(bZIP)/HSC-HLF.Flag-ChIP-Seq(GSE69817)/Homer(0.719)	9.884547	-5.419618	0	T:11.0(0.07%),B:45.3(0.03%),P:1e-2
0.118	0.617	0.169	0.096
0.756	0.138	0.060	0.046
0.052	0.190	0.169	0.589
0.032	0.259	0.250	0.458
0.512	0.191	0.208	0.089
0.017	0.102	0.063	0.818
0.047	0.045	0.862	0.046
0.042	0.310	0.007	0.641
0.374	0.315	0.221	0.090
0.664	0.157	0.131	0.048
0.023	0.824	0.122	0.031
0.427	0.197	0.138	0.238
