>GAAAGAGGAAGT	1-GAAAGAGGAAGT,BestGuess:PB0058.1_Sfpi1_1/Jaspar(0.923)	10.757689	-44.833057	0	T:82.0(0.53%),B:251.5(0.14%),P:1e-19
0.253	0.098	0.574	0.075
0.542	0.153	0.193	0.112
0.673	0.065	0.208	0.054
0.610	0.019	0.265	0.106
0.121	0.118	0.727	0.034
0.545	0.157	0.242	0.056
0.128	0.001	0.839	0.032
0.020	0.018	0.961	0.001
0.809	0.058	0.083	0.050
0.891	0.025	0.040	0.044
0.067	0.200	0.725	0.008
0.079	0.121	0.114	0.686
