>ACTACAATTCCC	11-ACTACAATTCCC,BestGuess:GFY(?)/Promoter/Homer(0.996)	11.676025	-5.665967	0	T:72.0(0.47%),B:577.8(0.33%),P:1e-2
0.759	0.093	0.087	0.061
0.033	0.853	0.059	0.055
0.092	0.165	0.074	0.669
0.647	0.084	0.147	0.122
0.033	0.859	0.062	0.046
0.730	0.113	0.083	0.074
0.558	0.193	0.111	0.138
0.085	0.173	0.098	0.644
0.049	0.098	0.073	0.780
0.058	0.767	0.076	0.099
0.046	0.888	0.031	0.035
0.052	0.848	0.033	0.067
