>SHMWKNHYHYWN	19-NWRDRDNMWKDS	5.654237	-0.026621	0	T:2.0(0.22%),B:1457.4(0.59%),P:1e0
0.001	0.527	0.471	0.001
0.367	0.299	0.001	0.333
0.438	0.560	0.001	0.001
0.472	0.001	0.001	0.526
0.149	0.001	0.456	0.394
0.262	0.266	0.200	0.272
0.317	0.272	0.001	0.410
0.206	0.272	0.155	0.366
0.212	0.328	0.166	0.294
0.001	0.471	0.001	0.527
0.394	0.240	0.006	0.361
0.267	0.255	0.194	0.283
