>NWRDRDNMWKDS	19-NWRDRDNMWKDS,BestGuess:Sox9(HMG)/Limb-SOX9-ChIP-Seq(GSE73225)/Homer(0.494)	5.654237	-0.026621	0	T:2.0(0.22%),B:1457.4(0.59%),P:1e0
0.283	0.194	0.255	0.267
0.361	0.006	0.240	0.394
0.527	0.001	0.471	0.001
0.294	0.166	0.328	0.212
0.366	0.155	0.272	0.206
0.410	0.001	0.272	0.317
0.272	0.200	0.266	0.262
0.394	0.456	0.001	0.149
0.526	0.001	0.001	0.472
0.001	0.001	0.560	0.438
0.333	0.001	0.299	0.367
0.001	0.471	0.527	0.001
