>NWGAGSCCAGGD	20-HCCTGGSCTCWN	8.830317	-0.007491	0	T:2.0(0.22%),B:1842.3(0.75%),P:1e0
0.228	0.326	0.250	0.196
0.358	0.001	0.141	0.500
0.141	0.054	0.740	0.065
0.532	0.001	0.250	0.217
0.347	0.021	0.631	0.001
0.076	0.413	0.282	0.228
0.163	0.457	0.141	0.239
0.042	0.956	0.001	0.001
0.803	0.001	0.001	0.195
0.097	0.001	0.891	0.011
0.304	0.098	0.489	0.109
0.228	0.119	0.326	0.326
