>WGCTTTTCCCCH	11-WGCTTTTCCCCH,BestGuess:NFATC2/MA0152.1/Jaspar(0.751)	9.817885	-1.245387	0	T:1.0(0.11%),B:89.6(0.04%),P:1e0
0.292	0.144	0.206	0.358
0.111	0.173	0.514	0.202
0.135	0.612	0.091	0.162
0.159	0.162	0.062	0.617
0.072	0.091	0.106	0.731
0.106	0.100	0.087	0.707
0.115	0.106	0.130	0.649
0.087	0.625	0.115	0.173
0.130	0.672	0.043	0.155
0.106	0.665	0.058	0.171
0.230	0.532	0.053	0.185
0.269	0.254	0.160	0.316
