>TGNDTBYTTBWG	10-CWVAARVAHNCA	2.653643	-353.781122	0	T:11130.0(97.85%),B:172903.6(92.00%),P:1e-153
0.186	0.002	0.049	0.763
0.006	0.074	0.630	0.290
0.201	0.233	0.308	0.258
0.250	0.103	0.320	0.328
0.146	0.114	0.266	0.475
0.150	0.278	0.354	0.217
0.182	0.272	0.127	0.419
0.035	0.210	0.001	0.754
0.086	0.207	0.276	0.430
0.126	0.337	0.314	0.224
0.413	0.005	0.153	0.428
0.001	0.002	0.857	0.140
