>DACACACACACA	11-DACACACACACA	3.287071	-234.012621	0	T:9049.0(79.56%),B:132413.4(70.45%),P:1e-101
0.242	0.160	0.270	0.328
0.578	0.151	0.135	0.136
0.134	0.645	0.134	0.087
0.611	0.154	0.093	0.142
0.119	0.644	0.141	0.096
0.633	0.151	0.094	0.122
0.135	0.626	0.145	0.094
0.618	0.161	0.095	0.126
0.112	0.647	0.143	0.098
0.637	0.152	0.094	0.117
0.122	0.641	0.133	0.104
0.394	0.234	0.165	0.207
