>GTGTGTGTGTGT	14-GTGTGTGTGTGT	2.432362	-59.003775	0	T:6285.0(55.26%),B:94275.5(50.16%),P:1e-25
0.106	0.059	0.799	0.036
0.054	0.106	0.060	0.780
0.031	0.040	0.914	0.015
0.079	0.108	0.038	0.775
0.037	0.056	0.895	0.012
0.055	0.099	0.046	0.800
0.028	0.052	0.901	0.019
0.061	0.072	0.076	0.791
0.039	0.031	0.916	0.014
0.056	0.090	0.049	0.805
0.037	0.041	0.880	0.042
0.068	0.104	0.081	0.747
