>TCTCYCTCTCTC	7-TCTCYCTCTCTC	4.067586	-475.176750	0	T:8833.0(77.66%),B:120249.6(63.98%),P:1e-206
0.174	0.214	0.030	0.582
0.022	0.576	0.032	0.370
0.161	0.263	0.034	0.542
0.015	0.938	0.020	0.027
0.138	0.396	0.013	0.454
0.031	0.632	0.037	0.300
0.030	0.245	0.016	0.709
0.020	0.564	0.032	0.384
0.029	0.365	0.028	0.578
0.037	0.549	0.110	0.304
0.018	0.399	0.013	0.570
0.027	0.524	0.242	0.207
