>WGDNVWGNWGNB	9-VNCWNCWBNHCW	3.728582	-373.115895	0	T:10367.0(91.15%),B:153942.8(81.91%),P:1e-162
0.447	0.016	0.047	0.490
0.098	0.086	0.711	0.105
0.336	0.033	0.323	0.308
0.243	0.320	0.254	0.182
0.374	0.339	0.273	0.015
0.469	0.033	0.044	0.454
0.069	0.096	0.775	0.060
0.240	0.302	0.237	0.220
0.496	0.022	0.025	0.457
0.068	0.078	0.777	0.077
0.235	0.255	0.278	0.232
0.029	0.358	0.313	0.300
