>NDGVCAGCAGAG	17-NDGVCAGCAGAG	7.998338	-2.569055	0	T:7.0(0.06%),B:58.9(0.03%),P:1e-1
0.289	0.297	0.230	0.184
0.422	0.012	0.280	0.286
0.270	0.010	0.498	0.221
0.209	0.327	0.309	0.156
0.198	0.599	0.013	0.190
0.579	0.120	0.015	0.286
0.161	0.177	0.413	0.248
0.146	0.658	0.181	0.015
0.625	0.014	0.014	0.347
0.017	0.322	0.652	0.009
0.459	0.019	0.252	0.270
0.172	0.082	0.493	0.253
