>KDKGTGGRAARR	5-KDKGTGGRAARR	3.795335	-541.831676	0	T:10057.0(88.42%),B:142758.9(75.96%),P:1e-235
0.204	0.083	0.396	0.316
0.314	0.129	0.338	0.219
0.233	0.058	0.287	0.423
0.161	0.095	0.602	0.142
0.263	0.018	0.089	0.630
0.038	0.001	0.877	0.084
0.104	0.079	0.776	0.041
0.358	0.134	0.375	0.133
0.656	0.151	0.145	0.048
0.729	0.047	0.134	0.090
0.421	0.086	0.472	0.020
0.339	0.037	0.423	0.202
