>CGAATGGAAT	1-CGAATGGAAT	13.785211	-58.501871	0	T:14.0(5.07%),B:66.3(0.03%),P:1e-25	Tpos:45.8,Tstd:28.2,Bpos:13412.4,Bstd:28799.7,StrandBias:1.0,Multiplicity:1.00
0.001	0.972	0.026	0.001
0.001	0.001	0.997	0.001
0.997	0.001	0.001	0.001
0.996	0.001	0.002	0.001
0.001	0.001	0.001	0.997
0.001	0.001	0.997	0.001
0.022	0.001	0.976	0.001
0.997	0.001	0.001	0.001
0.997	0.001	0.001	0.001
0.001	0.001	0.001	0.997
>ATSGAATSGA	2-ATSGAATSGA	10.036580	-53.212305	0	T:21.0(7.61%),B:556.4(0.26%),P:1e-23	Tpos:48.6,Tstd:27.0,Bpos:16943.6,Bstd:26647.9,StrandBias:2.1,Multiplicity:3.48
0.744	0.144	0.082	0.030
0.048	0.116	0.001	0.835
0.065	0.440	0.439	0.056
0.138	0.107	0.691	0.064
0.901	0.032	0.051	0.016
0.781	0.074	0.119	0.026
0.018	0.179	0.075	0.728
0.097	0.453	0.425	0.025
0.250	0.019	0.696	0.035
0.763	0.041	0.108	0.088
>ATCGAAYGGA	3-ATCGAAYGGA	11.114172	-51.057606	0	T:14.0(5.07%),B:118.1(0.06%),P:1e-22	Tpos:22.0,Tstd:13.1,Bpos:8300.0,Bstd:19808.4,StrandBias:1.6,Multiplicity:1.00
0.958	0.001	0.040	0.001
0.001	0.001	0.001	0.997
0.001	0.737	0.216	0.046
0.158	0.001	0.840	0.001
0.754	0.001	0.001	0.244
0.997	0.001	0.001	0.001
0.001	0.549	0.001	0.449
0.001	0.001	0.997	0.001
0.001	0.001	0.997	0.001
0.997	0.001	0.001	0.001
>SGAATGGAAT	4-SGAATGGAAT	10.011424	-41.503897	0	T:23.0(8.33%),B:1316.6(0.62%),P:1e-18	Tpos:24.3,Tstd:10.9,Bpos:11723.7,Bstd:37096.8,StrandBias:1.0,Multiplicity:1.00
0.105	0.378	0.351	0.165
0.147	0.005	0.837	0.011
0.914	0.084	0.001	0.001
0.820	0.178	0.001	0.001
0.001	0.287	0.001	0.711
0.204	0.001	0.692	0.103
0.003	0.046	0.854	0.097
0.997	0.001	0.001	0.001
0.882	0.116	0.001	0.001
0.248	0.104	0.001	0.647
>GAATGGAATS	5-GAATGGAATS	10.218721	-37.105345	0	T:25.0(9.06%),B:2023.3(0.95%),P:1e-16	Tpos:50.5,Tstd:28.8,Bpos:12521.0,Bstd:33037.8,StrandBias:1.5,Multiplicity:1.25
0.204	0.001	0.750	0.045
0.930	0.068	0.001	0.001
0.776	0.001	0.222	0.001
0.045	0.147	0.001	0.807
0.060	0.046	0.838	0.056
0.103	0.001	0.895	0.001
0.997	0.001	0.001	0.001
0.700	0.137	0.162	0.001
0.001	0.144	0.001	0.854
0.001	0.529	0.468	0.002
>TGGAATGGAA	6-TGGAATGGAA	6.928147	-32.517527	0	T:21.0(7.61%),B:1597.4(0.75%),P:1e-14	Tpos:53.4,Tstd:23.6,Bpos:12474.8,Bstd:37497.4,StrandBias:0.8,Multiplicity:1.58
0.001	0.001	0.001	0.997
0.001	0.398	0.600	0.001
0.001	0.001	0.997	0.001
0.997	0.001	0.001	0.001
0.997	0.001	0.001	0.001
0.001	0.001	0.001	0.997
0.001	0.001	0.997	0.001
0.001	0.001	0.997	0.001
0.997	0.001	0.001	0.001
0.997	0.001	0.001	0.001
>AATGGAATCA	7-AATGGAATCA	10.321738	-29.959392	0	T:25.0(9.06%),B:2794.7(1.32%),P:1e-13	Tpos:53.7,Tstd:30.2,Bpos:43255.6,Bstd:127108.2,StrandBias:0.7,Multiplicity:1.08
0.948	0.050	0.001	0.001
0.930	0.001	0.068	0.001
0.001	0.088	0.001	0.910
0.115	0.001	0.707	0.177
0.030	0.051	0.918	0.001
0.997	0.001	0.001	0.001
0.892	0.055	0.052	0.001
0.001	0.001	0.001	0.997
0.040	0.861	0.001	0.098
0.997	0.001	0.001	0.001
>AATGGAATGG	8-AATGGAATGG	8.807639	-23.258681	0	T:19.0(6.88%),B:2097.0(0.99%),P:1e-10	Tpos:76.2,Tstd:22.7,Bpos:13748.4,Bstd:48300.1,StrandBias:2.0,Multiplicity:1.00
0.724	0.123	0.085	0.068
0.629	0.153	0.123	0.095
0.083	0.038	0.088	0.791
0.122	0.109	0.617	0.152
0.151	0.080	0.640	0.129
0.733	0.108	0.066	0.093
0.756	0.061	0.110	0.073
0.112	0.063	0.110	0.715
0.163	0.049	0.704	0.084
0.131	0.063	0.694	0.112
>TCGGGTTGAT	9-TCGGGTTGAT	11.619253	-22.723478	0	T:7.0(2.54%),B:100.5(0.05%),P:1e-9	Tpos:65.3,Tstd:31.1,Bpos:6216.5,Bstd:18389.7,StrandBias:-2.3,Multiplicity:1.00
0.001	0.001	0.001	0.997
0.129	0.869	0.001	0.001
0.001	0.001	0.997	0.001
0.001	0.001	0.997	0.001
0.001	0.001	0.848	0.150
0.001	0.001	0.001	0.997
0.001	0.001	0.001	0.997
0.001	0.001	0.997	0.001
0.831	0.001	0.001	0.167
0.001	0.001	0.001	0.997
>ATCATCGAAT	10-ATCATCGAAT	11.489473	-19.066516	0	T:5.0(1.81%),B:42.1(0.02%),P:1e-8	Tpos:40.5,Tstd:29.5,Bpos:6568.6,Bstd:20283.5,StrandBias:10.0,Multiplicity:1.00
0.803	0.053	0.143	0.001
0.100	0.001	0.002	0.897
0.038	0.782	0.084	0.096
0.744	0.001	0.084	0.171
0.001	0.001	0.001	0.997
0.040	0.700	0.001	0.259
0.241	0.055	0.659	0.045
0.897	0.001	0.056	0.046
0.996	0.002	0.001	0.001
0.074	0.384	0.001	0.541
>CGAATGAAAT	11-CGAATGAAAT	11.302936	-9.215106	0	T:7.0(2.54%),B:795.8(0.38%),P:1e-4	Tpos:48.0,Tstd:33.1,Bpos:12148.3,Bstd:40917.8,StrandBias:2.3,Multiplicity:1.00
0.001	0.659	0.283	0.057
0.057	0.001	0.863	0.079
0.997	0.001	0.001	0.001
0.800	0.001	0.198	0.001
0.001	0.001	0.001	0.997
0.001	0.173	0.825	0.001
0.997	0.001	0.001	0.001
0.997	0.001	0.001	0.001
0.997	0.001	0.001	0.001
0.001	0.001	0.001	0.997
>TAAAAWCCCC	12-TAAAAWCCCC	9.848806	-5.748782	0	T:7.0(2.54%),B:1447.8(0.68%),P:1e-2	Tpos:64.7,Tstd:19.9,Bpos:15848.3,Bstd:62384.3,StrandBias:0.4,Multiplicity:1.00
0.001	0.147	0.001	0.851
0.947	0.051	0.001	0.001
0.986	0.001	0.012	0.001
0.997	0.001	0.001	0.001
0.997	0.001	0.001	0.001
0.443	0.098	0.001	0.459
0.001	0.997	0.001	0.001
0.001	0.997	0.001	0.001
0.001	0.997	0.001	0.001
0.031	0.967	0.001	0.001
>TTTCCCCCAT	13-TTTCCCCCAT	7.966360	-2.493756	0	T:19.0(6.88%),B:10310.1(4.86%),P:1e-1	Tpos:52.4,Tstd:28.8,Bpos:12970.0,Bstd:43832.2,StrandBias:0.9,Multiplicity:1.05
0.102	0.097	0.001	0.800
0.052	0.117	0.145	0.686
0.059	0.036	0.090	0.815
0.043	0.719	0.154	0.084
0.124	0.780	0.001	0.095
0.101	0.778	0.094	0.027
0.032	0.838	0.072	0.058
0.037	0.847	0.001	0.115
0.938	0.060	0.001	0.001
0.083	0.001	0.105	0.811
>ATGGAATGGAAT	1-ATGGAATGGAAT	9.694726	-71.598378	0	T:20.0(7.25%),B:176.3(0.08%),P:1e-31	Tpos:50.0,Tstd:26.5,Bpos:16749.8,Bstd:21356.7,StrandBias:1.5,Multiplicity:1.85
0.997	0.001	0.001	0.001
0.001	0.001	0.001	0.997
0.001	0.085	0.913	0.001
0.001	0.001	0.997	0.001
0.997	0.001	0.001	0.001
0.997	0.001	0.001	0.001
0.001	0.001	0.001	0.997
0.001	0.001	0.997	0.001
0.001	0.001	0.997	0.001
0.997	0.001	0.001	0.001
0.997	0.001	0.001	0.001
0.001	0.001	0.001	0.997
>CGAATGGAATCA	2-CGAATGGAATCA	10.409522	-60.432972	0	T:20.0(7.25%),B:318.5(0.15%),P:1e-26	Tpos:50.6,Tstd:27.8,Bpos:14959.1,Bstd:51032.2,StrandBias:3.9,Multiplicity:1.60
0.100	0.700	0.100	0.100
0.100	0.100	0.700	0.100
0.700	0.100	0.100	0.100
0.700	0.100	0.100	0.100
0.100	0.100	0.100	0.700
0.100	0.100	0.700	0.100
0.100	0.100	0.700	0.100
0.700	0.100	0.100	0.100
0.700	0.100	0.100	0.100
0.100	0.100	0.100	0.700
0.100	0.700	0.100	0.100
0.700	0.100	0.100	0.100
>GAATGGAATGGA	3-GAATGGAATGGA	10.665426	-46.025032	0	T:22.0(7.97%),B:927.2(0.44%),P:1e-19	Tpos:51.7,Tstd:25.5,Bpos:16730.9,Bstd:22938.9,StrandBias:1.1,Multiplicity:1.47
0.102	0.001	0.849	0.048
0.905	0.050	0.021	0.024
0.720	0.074	0.119	0.087
0.077	0.089	0.017	0.817
0.064	0.181	0.712	0.043
0.056	0.001	0.920	0.023
0.979	0.019	0.001	0.001
0.818	0.023	0.135	0.024
0.055	0.193	0.001	0.751
0.042	0.149	0.738	0.071
0.059	0.030	0.861	0.050
0.932	0.001	0.001	0.066
>TCGAATGGAMTC	4-TCGAATGGAMTC	11.055478	-44.858120	0	T:14.0(5.07%),B:189.9(0.09%),P:1e-19	Tpos:61.3,Tstd:30.2,Bpos:13142.3,Bstd:55396.8,StrandBias:1.3,Multiplicity:1.17
0.105	0.001	0.041	0.853
0.041	0.715	0.042	0.202
0.190	0.108	0.539	0.163
0.940	0.001	0.058	0.001
0.819	0.001	0.124	0.056
0.052	0.130	0.001	0.817
0.101	0.046	0.584	0.269
0.095	0.001	0.903	0.001
0.894	0.001	0.059	0.046
0.454	0.373	0.055	0.118
0.249	0.001	0.001	0.749
0.053	0.817	0.092	0.038
>ATCATCATCGAA	5-ATCATCATCGAA	14.140972	-23.361438	0	T:5.0(1.81%),B:16.7(0.01%),P:1e-10	Tpos:41.0,Tstd:31.6,Bpos:33884.8,Bstd:115859.4,StrandBias:10.0,Multiplicity:1.00
0.997	0.001	0.001	0.001
0.001	0.001	0.001	0.997
0.001	0.997	0.001	0.001
0.997	0.001	0.001	0.001
0.177	0.208	0.001	0.614
0.001	0.997	0.001	0.001
0.997	0.001	0.001	0.001
0.001	0.001	0.001	0.997
0.001	0.880	0.118	0.001
0.109	0.001	0.889	0.001
0.997	0.001	0.001	0.001
0.822	0.176	0.001	0.001
>AATAGAATAGAA	6-AATAGAATAGAA	12.030312	-22.009836	0	T:14.0(5.07%),B:1073.8(0.51%),P:1e-9	Tpos:47.8,Tstd:27.7,Bpos:18453.5,Bstd:55286.1,StrandBias:1.0,Multiplicity:1.00
0.907	0.001	0.091	0.001
0.910	0.001	0.001	0.088
0.177	0.106	0.004	0.713
0.716	0.001	0.107	0.176
0.001	0.001	0.888	0.110
0.859	0.001	0.139	0.001
0.753	0.001	0.001	0.245
0.003	0.084	0.093	0.820
0.640	0.274	0.085	0.001
0.185	0.001	0.813	0.001
0.997	0.001	0.001	0.001
0.997	0.001	0.001	0.001
>CCACTCGGGTTG	7-CCACTCGGGTTG	14.318129	-20.041803	0	T:4.0(1.45%),B:10.0(0.00%),P:1e-8	Tpos:63.0,Tstd:16.3,Bpos:5757.1,Bstd:11918.6,StrandBias:-1.6,Multiplicity:1.00
0.188	0.603	0.001	0.208
0.001	0.997	0.001	0.001
0.791	0.207	0.001	0.001
0.001	0.997	0.001	0.001
0.001	0.001	0.001	0.997
0.187	0.811	0.001	0.001
0.001	0.001	0.997	0.001
0.001	0.001	0.997	0.001
0.001	0.001	0.997	0.001
0.001	0.001	0.001	0.997
0.001	0.001	0.001	0.997
0.001	0.001	0.997	0.001
>TSGAATGG	1-TSGAATGG	9.906873	-22.307362	0	T:11.0(3.99%),B:529.5(0.25%),P:1e-9	Tpos:57.0,Tstd:34.0,Bpos:11728.0,Bstd:44571.5,StrandBias:10.0,Multiplicity:1.00
0.001	0.001	0.001	0.997
0.006	0.476	0.461	0.057
0.158	0.013	0.804	0.025
0.939	0.017	0.001	0.043
0.947	0.017	0.017	0.019
0.001	0.065	0.015	0.919
0.001	0.001	0.997	0.001
0.013	0.001	0.985	0.001
>GAATGGAA	2-GAATGGAA	11.048099	-13.669749	0	T:24.0(8.70%),B:5893.0(2.78%),P:1e-5	Tpos:50.3,Tstd:26.7,Bpos:13785.2,Bstd:37433.3,StrandBias:1.6,Multiplicity:3.88
0.001	0.001	0.997	0.001
0.997	0.001	0.001	0.001
0.997	0.001	0.001	0.001
0.001	0.001	0.001	0.997
0.001	0.019	0.979	0.001
0.001	0.001	0.997	0.001
0.997	0.001	0.001	0.001
0.997	0.001	0.001	0.001
>AAYCGAAY	3-AAYCGAAY	7.084185	-11.932472	0	T:17.0(6.16%),B:3587.3(1.69%),P:1e-5	Tpos:43.3,Tstd:22.1,Bpos:30974.6,Bstd:107970.3,StrandBias:1.2,Multiplicity:1.35
0.674	0.127	0.001	0.198
0.646	0.352	0.001	0.001
0.001	0.568	0.001	0.430
0.001	0.673	0.325	0.001
0.001	0.001	0.997	0.001
0.691	0.101	0.001	0.207
0.787	0.111	0.101	0.001
0.001	0.415	0.095	0.489
>AATGGAAT	4-AATGGAAT	10.750494	-11.216826	0	T:25.0(9.06%),B:7295.9(3.44%),P:1e-4	Tpos:56.8,Tstd:23.8,Bpos:13251.8,Bstd:46920.1,StrandBias:1.8,Multiplicity:1.29
0.997	0.001	0.001	0.001
0.727	0.001	0.271	0.001
0.001	0.001	0.001	0.997
0.001	0.001	0.997	0.001
0.001	0.001	0.997	0.001
0.997	0.001	0.001	0.001
0.997	0.001	0.001	0.001
0.001	0.001	0.001	0.997
>ATGGAATG	5-ATGGAATG	8.720683	-8.730957	0	T:25.0(9.06%),B:8535.6(4.02%),P:1e-3	Tpos:67.4,Tstd:30.6,Bpos:15018.4,Bstd:54227.3,StrandBias:-2.0,Multiplicity:1.00
0.997	0.001	0.001	0.001
0.076	0.001	0.001	0.922
0.028	0.176	0.719	0.077
0.045	0.001	0.953	0.001
0.973	0.025	0.001	0.001
0.997	0.001	0.001	0.001
0.001	0.055	0.001	0.943
0.001	0.175	0.663	0.161
>CCGTTCAA	6-CCGTTCAA	9.114567	-7.754049	0	T:5.0(1.81%),B:470.3(0.22%),P:1e-3	Tpos:27.8,Tstd:22.5,Bpos:13748.1,Bstd:60316.0,StrandBias:0.0,Multiplicity:1.00
0.051	0.894	0.001	0.054
0.001	0.929	0.001	0.069
0.163	0.047	0.789	0.001
0.001	0.068	0.001	0.930
0.001	0.001	0.064	0.934
0.001	0.929	0.069	0.001
0.659	0.077	0.263	0.001
0.997	0.001	0.001	0.001
>CMAACCGA	7-CMAACCGA	8.025865	-7.741666	0	T:10.0(3.62%),B:2056.2(0.97%),P:1e-3	Tpos:62.1,Tstd:32.8,Bpos:9524.9,Bstd:35358.1,StrandBias:0.3,Multiplicity:1.12
0.001	0.997	0.001	0.001
0.549	0.449	0.001	0.001
0.997	0.001	0.001	0.001
0.861	0.137	0.001	0.001
0.001	0.997	0.001	0.001
0.001	0.997	0.001	0.001
0.001	0.001	0.997	0.001
0.630	0.001	0.001	0.368
>GGAATCAT	8-GGAATCAT	8.236954	-7.542807	0	T:13.0(4.71%),B:3344.5(1.58%),P:1e-3	Tpos:36.5,Tstd:25.4,Bpos:12058.9,Bstd:45208.9,StrandBias:1.9,Multiplicity:1.27
0.100	0.100	0.700	0.100
0.100	0.100	0.700	0.100
0.700	0.100	0.100	0.100
0.700	0.100	0.100	0.100
0.100	0.100	0.100	0.700
0.100	0.700	0.100	0.100
0.700	0.100	0.100	0.100
0.100	0.100	0.100	0.700
>TGGAATGG	9-TGGAATGG	8.236954	-7.478371	0	T:15.0(5.43%),B:4264.5(2.01%),P:1e-3	Tpos:50.4,Tstd:28.2,Bpos:11887.5,Bstd:37668.3,StrandBias:0.3,Multiplicity:1.12
0.100	0.100	0.100	0.700
0.100	0.100	0.700	0.100
0.100	0.100	0.700	0.100
0.700	0.100	0.100	0.100
0.700	0.100	0.100	0.100
0.100	0.100	0.100	0.700
0.100	0.100	0.700	0.100
0.100	0.100	0.700	0.100
>TATCCCAC	10-TATCCCAC	8.208625	-3.124038	0	T:14.0(5.07%),B:6432.9(3.03%),P:1e-1	Tpos:57.4,Tstd:25.5,Bpos:13904.2,Bstd:45794.2,StrandBias:0.4,Multiplicity:1.00
0.001	0.001	0.001	0.997
0.957	0.009	0.033	0.001
0.008	0.010	0.010	0.972
0.086	0.832	0.081	0.001
0.116	0.625	0.258	0.001
0.076	0.915	0.001	0.008
0.658	0.020	0.001	0.321
0.001	0.767	0.193	0.039
>GTGGAATG	11-GTGGAATG	10.662857	-1.766381	0	T:7.0(2.54%),B:3478.4(1.64%),P:1e0	Tpos:67.3,Tstd:31.3,Bpos:35227.4,Bstd:115955.2,StrandBias:-1.0,Multiplicity:1.00
0.332	0.001	0.666	0.001
0.001	0.001	0.001	0.997
0.001	0.001	0.997	0.001
0.001	0.001	0.997	0.001
0.997	0.001	0.001	0.001
0.997	0.001	0.001	0.001
0.001	0.001	0.001	0.997
0.001	0.001	0.997	0.001
