>ATGGAATGGAAT	1-ATGGAATGGAAT	9.694726	-71.598378	0	T:20.0(7.25%),B:176.3(0.08%),P:1e-31	Tpos:50.0,Tstd:26.5,Bpos:16749.8,Bstd:21356.7,StrandBias:1.5,Multiplicity:1.85
0.997	0.001	0.001	0.001
0.001	0.001	0.001	0.997
0.001	0.085	0.913	0.001
0.001	0.001	0.997	0.001
0.997	0.001	0.001	0.001
0.997	0.001	0.001	0.001
0.001	0.001	0.001	0.997
0.001	0.001	0.997	0.001
0.001	0.001	0.997	0.001
0.997	0.001	0.001	0.001
0.997	0.001	0.001	0.001
0.001	0.001	0.001	0.997
>CGAATGGAATCA	2-CGAATGGAATCA	10.409522	-60.432972	0	T:20.0(7.25%),B:318.5(0.15%),P:1e-26	Tpos:50.6,Tstd:27.8,Bpos:14959.1,Bstd:51032.2,StrandBias:3.9,Multiplicity:1.60
0.100	0.700	0.100	0.100
0.100	0.100	0.700	0.100
0.700	0.100	0.100	0.100
0.700	0.100	0.100	0.100
0.100	0.100	0.100	0.700
0.100	0.100	0.700	0.100
0.100	0.100	0.700	0.100
0.700	0.100	0.100	0.100
0.700	0.100	0.100	0.100
0.100	0.100	0.100	0.700
0.100	0.700	0.100	0.100
0.700	0.100	0.100	0.100
>GAATGGAATGGA	3-GAATGGAATGGA	10.665426	-46.025032	0	T:22.0(7.97%),B:927.2(0.44%),P:1e-19	Tpos:51.7,Tstd:25.5,Bpos:16730.9,Bstd:22938.9,StrandBias:1.1,Multiplicity:1.47
0.102	0.001	0.849	0.048
0.905	0.050	0.021	0.024
0.720	0.074	0.119	0.087
0.077	0.089	0.017	0.817
0.064	0.181	0.712	0.043
0.056	0.001	0.920	0.023
0.979	0.019	0.001	0.001
0.818	0.023	0.135	0.024
0.055	0.193	0.001	0.751
0.042	0.149	0.738	0.071
0.059	0.030	0.861	0.050
0.932	0.001	0.001	0.066
>TCGAATGGAMTC	4-TCGAATGGAMTC	11.055478	-44.858120	0	T:14.0(5.07%),B:189.9(0.09%),P:1e-19	Tpos:61.3,Tstd:30.2,Bpos:13142.3,Bstd:55396.8,StrandBias:1.3,Multiplicity:1.17
0.105	0.001	0.041	0.853
0.041	0.715	0.042	0.202
0.190	0.108	0.539	0.163
0.940	0.001	0.058	0.001
0.819	0.001	0.124	0.056
0.052	0.130	0.001	0.817
0.101	0.046	0.584	0.269
0.095	0.001	0.903	0.001
0.894	0.001	0.059	0.046
0.454	0.373	0.055	0.118
0.249	0.001	0.001	0.749
0.053	0.817	0.092	0.038
>ATCATCATCGAA	5-ATCATCATCGAA	14.140972	-23.361438	0	T:5.0(1.81%),B:16.7(0.01%),P:1e-10	Tpos:41.0,Tstd:31.6,Bpos:33884.8,Bstd:115859.4,StrandBias:10.0,Multiplicity:1.00
0.997	0.001	0.001	0.001
0.001	0.001	0.001	0.997
0.001	0.997	0.001	0.001
0.997	0.001	0.001	0.001
0.177	0.208	0.001	0.614
0.001	0.997	0.001	0.001
0.997	0.001	0.001	0.001
0.001	0.001	0.001	0.997
0.001	0.880	0.118	0.001
0.109	0.001	0.889	0.001
0.997	0.001	0.001	0.001
0.822	0.176	0.001	0.001
>AATAGAATAGAA	6-AATAGAATAGAA	12.030312	-22.009836	0	T:14.0(5.07%),B:1073.8(0.51%),P:1e-9	Tpos:47.8,Tstd:27.7,Bpos:18453.5,Bstd:55286.1,StrandBias:1.0,Multiplicity:1.00
0.907	0.001	0.091	0.001
0.910	0.001	0.001	0.088
0.177	0.106	0.004	0.713
0.716	0.001	0.107	0.176
0.001	0.001	0.888	0.110
0.859	0.001	0.139	0.001
0.753	0.001	0.001	0.245
0.003	0.084	0.093	0.820
0.640	0.274	0.085	0.001
0.185	0.001	0.813	0.001
0.997	0.001	0.001	0.001
0.997	0.001	0.001	0.001
>CCACTCGGGTTG	7-CCACTCGGGTTG	14.318129	-20.041803	0	T:4.0(1.45%),B:10.0(0.00%),P:1e-8	Tpos:63.0,Tstd:16.3,Bpos:5757.1,Bstd:11918.6,StrandBias:-1.6,Multiplicity:1.00
0.188	0.603	0.001	0.208
0.001	0.997	0.001	0.001
0.791	0.207	0.001	0.001
0.001	0.997	0.001	0.001
0.001	0.001	0.001	0.997
0.187	0.811	0.001	0.001
0.001	0.001	0.997	0.001
0.001	0.001	0.997	0.001
0.001	0.001	0.997	0.001
0.001	0.001	0.001	0.997
0.001	0.001	0.001	0.997
0.001	0.001	0.997	0.001
