>VAGAGGATGTGN	11-VAGAGGATGTGN	8.233355	-19.812210	0	T:74.0(1.18%),B:1138.7(0.54%),P:1e-8
0.233	0.253	0.349	0.165
0.643	0.094	0.133	0.130
0.135	0.127	0.660	0.078
0.647	0.099	0.141	0.113
0.134	0.085	0.669	0.112
0.138	0.144	0.620	0.098
0.594	0.160	0.137	0.109
0.142	0.102	0.157	0.599
0.108	0.132	0.637	0.123
0.138	0.096	0.148	0.618
0.110	0.106	0.665	0.119
0.242	0.225	0.299	0.234
