>YCYCYYCCYYHH	24-YCYCYYCCYYHH	7.303647	-0.001227	0	T:4.0(0.06%),B:436.6(0.21%),P:1e0
0.033	0.497	0.035	0.435
0.042	0.607	0.022	0.329
0.221	0.423	0.022	0.334
0.070	0.580	0.023	0.327
0.149	0.473	0.023	0.355
0.205	0.446	0.032	0.317
0.234	0.512	0.026	0.228
0.147	0.522	0.031	0.300
0.212	0.441	0.022	0.325
0.242	0.416	0.023	0.320
0.229	0.375	0.135	0.261
0.254	0.401	0.039	0.306
