>CTGTGGTCAGGG	6-CTGTGGTCAGGG	10.146825	-53.123630	0	T:112.0(1.78%),B:1200.4(0.56%),P:1e-23
0.001	0.959	0.039	0.001
0.099	0.127	0.075	0.699
0.089	0.143	0.766	0.002
0.112	0.088	0.108	0.692
0.092	0.067	0.685	0.156
0.039	0.142	0.691	0.128
0.133	0.144	0.144	0.579
0.048	0.744	0.122	0.086
0.872	0.001	0.001	0.126
0.040	0.094	0.722	0.144
0.137	0.001	0.861	0.001
0.170	0.053	0.720	0.057
