>AAAGGGAAGTGG	7-AAAGGGAAGTGG	9.613007	-49.755567	0	T:128.0(2.03%),B:1566.0(0.74%),P:1e-21
0.760	0.077	0.107	0.056
0.724	0.110	0.109	0.057
0.807	0.038	0.060	0.095
0.048	0.025	0.819	0.108
0.134	0.054	0.715	0.097
0.117	0.086	0.745	0.052
0.740	0.115	0.101	0.044
0.761	0.055	0.124	0.060
0.072	0.120	0.738	0.070
0.119	0.055	0.128	0.698
0.107	0.043	0.755	0.095
0.099	0.079	0.738	0.084
