>GAAAGGAAGTGG	19-GAAAGGAAGTGG	10.753169	-4.964880	0	T:14.0(0.22%),B:215.1(0.10%),P:1e-2
0.109	0.105	0.767	0.019
0.661	0.091	0.239	0.009
0.681	0.122	0.184	0.013
0.666	0.003	0.197	0.134
0.146	0.029	0.713	0.112
0.191	0.101	0.678	0.030
0.529	0.225	0.244	0.002
0.654	0.038	0.220	0.088
0.140	0.074	0.700	0.086
0.214	0.059	0.222	0.505
0.130	0.007	0.757	0.106
0.180	0.081	0.637	0.102
