>KGTGRCMWSAGN	14-KGTGRCMWSAGN,BestGuess:POL009.1_DCE_S_II/Jaspar(0.661)	8.616073	-12.684069	0	T:33.0(0.52%),B:435.8(0.21%),P:1e-5
0.211	0.065	0.400	0.324
0.167	0.141	0.655	0.037
0.107	0.001	0.088	0.804
0.015	0.121	0.588	0.276
0.462	0.053	0.380	0.104
0.114	0.446	0.231	0.208
0.330	0.381	0.159	0.130
0.419	0.137	0.118	0.326
0.160	0.473	0.363	0.004
0.882	0.001	0.018	0.099
0.018	0.079	0.892	0.011
0.214	0.322	0.289	0.174
