>TCACTTCCTCTT	10-TCACTTCCTCTT	10.970166	-20.590034	0	T:26.0(0.41%),B:191.3(0.09%),P:1e-8
0.104	0.164	0.046	0.686
0.006	0.804	0.087	0.103
0.763	0.174	0.001	0.062
0.032	0.805	0.058	0.105
0.177	0.133	0.009	0.681
0.056	0.259	0.157	0.528
0.010	0.684	0.115	0.191
0.074	0.576	0.001	0.349
0.267	0.090	0.116	0.527
0.055	0.884	0.054	0.007
0.133	0.112	0.031	0.724
0.015	0.115	0.150	0.720
