>GAGGAAGGAAGD	13-GAGGAAGGAAGD	10.121017	-14.424934	0	T:72.0(1.14%),B:1267.2(0.60%),P:1e-6
0.133	0.126	0.712	0.029
0.628	0.065	0.209	0.098
0.168	0.008	0.737	0.087
0.099	0.073	0.786	0.042
0.638	0.173	0.148	0.041
0.743	0.040	0.150	0.067
0.151	0.015	0.768	0.066
0.185	0.045	0.733	0.037
0.620	0.167	0.190	0.023
0.652	0.044	0.151	0.153
0.117	0.149	0.627	0.107
0.235	0.120	0.276	0.369
