>GGRGDGRGGAAG	21-GGRGDGRGGAAG	9.522499	-0.552559	0	T:35.0(0.56%),B:1209.1(0.57%),P:1e0
0.215	0.060	0.606	0.119
0.251	0.169	0.527	0.053
0.484	0.001	0.354	0.161
0.192	0.075	0.574	0.159
0.343	0.004	0.343	0.310
0.178	0.031	0.710	0.081
0.425	0.002	0.545	0.028
0.205	0.001	0.756	0.038
0.195	0.090	0.676	0.039
0.539	0.115	0.307	0.039
0.610	0.011	0.328	0.051
0.304	0.079	0.584	0.033
