>YYYYCCCCYCCC	23-YYYYCCCCYCCC	10.397217	-0.007403	0	T:17.0(0.27%),B:973.8(0.46%),P:1e0
0.008	0.528	0.031	0.433
0.001	0.525	0.001	0.473
0.001	0.506	0.001	0.492
0.001	0.563	0.001	0.435
0.001	0.665	0.001	0.333
0.001	0.759	0.001	0.239
0.001	0.627	0.001	0.371
0.001	0.583	0.001	0.415
0.001	0.492	0.001	0.506
0.001	0.579	0.001	0.419
0.001	0.733	0.001	0.265
0.001	0.642	0.001	0.356
