>CATTTCCTCTTT	16-CATTTCCTCTTT	11.342469	-7.508293	0	T:31.0(0.49%),B:532.7(0.25%),P:1e-3
0.014	0.933	0.048	0.005
0.707	0.185	0.001	0.107
0.036	0.001	0.157	0.806
0.021	0.179	0.111	0.689
0.077	0.125	0.112	0.686
0.085	0.607	0.121	0.187
0.096	0.766	0.001	0.137
0.052	0.115	0.005	0.828
0.099	0.695	0.099	0.107
0.166	0.090	0.001	0.743
0.044	0.106	0.126	0.724
0.001	0.108	0.114	0.777
