>RRRRRRRGRGRR	25-RRRRRRRGRGRR	7.989025	-0.000341	0	T:35.0(0.56%),B:1989.4(0.94%),P:1e0
0.267	0.164	0.377	0.193
0.419	0.030	0.370	0.181
0.344	0.001	0.476	0.180
0.401	0.008	0.537	0.054
0.391	0.018	0.449	0.142
0.426	0.113	0.460	0.001
0.490	0.001	0.508	0.001
0.409	0.001	0.589	0.001
0.384	0.001	0.491	0.124
0.354	0.001	0.644	0.001
0.487	0.001	0.511	0.001
0.512	0.020	0.467	0.001
