>BCTAACCACARV	1-BCTAACCACARV	7.086993	-1201.107246	0	T:1732.0(27.53%),B:14613.8(6.89%),P:1e-521	Tpos:25.6,Tstd:10.9,Bpos:9356.6,Bstd:51760.9,StrandBias:-0.1,Multiplicity:1.07
0.134	0.357	0.279	0.230
0.208	0.386	0.228	0.178
0.265	0.173	0.024	0.538
0.709	0.011	0.260	0.020
0.945	0.024	0.030	0.001
0.001	0.997	0.001	0.001
0.001	0.997	0.001	0.001
0.742	0.001	0.234	0.023
0.001	0.997	0.001	0.001
0.855	0.023	0.027	0.095
0.404	0.094	0.368	0.134
0.336	0.249	0.283	0.133
>NAAACCRCARVN	2-NAAACCRCARVN	8.928505	-435.100992	0	T:369.0(5.86%),B:1504.9(0.71%),P:1e-188	Tpos:21.2,Tstd:18.6,Bpos:62.0,Bstd:0.0,StrandBias:0.6,Multiplicity:1.00
0.251	0.236	0.301	0.212
0.452	0.287	0.058	0.204
0.587	0.091	0.207	0.115
0.665	0.137	0.197	0.001
0.001	0.997	0.001	0.001
0.001	0.997	0.001	0.001
0.524	0.013	0.429	0.034
0.033	0.965	0.001	0.001
0.691	0.166	0.104	0.039
0.400	0.108	0.468	0.024
0.302	0.292	0.318	0.088
0.236	0.294	0.228	0.242
>TGTGGTTDNBVS	3-TGTGGTTDNBVS	7.916862	-305.072188	0	T:321.0(5.10%),B:1754.9(0.83%),P:1e-132	Tpos:21.8,Tstd:16.0,Bpos:1626.7,Bstd:4843.1,StrandBias:0.0,Multiplicity:1.00
0.102	0.131	0.079	0.688
0.001	0.125	0.861	0.013
0.113	0.337	0.008	0.542
0.001	0.001	0.997	0.001
0.001	0.006	0.992	0.001
0.001	0.238	0.186	0.575
0.220	0.217	0.001	0.562
0.282	0.159	0.213	0.345
0.225	0.324	0.246	0.205
0.133	0.334	0.314	0.219
0.220	0.268	0.342	0.170
0.133	0.269	0.399	0.199
>TGYGGTTKNSNB	4-TGYGGTTKNSNB	7.607592	-272.186213	0	T:368.0(5.85%),B:2667.0(1.26%),P:1e-118	Tpos:20.9,Tstd:12.3,Bpos:2123.0,Bstd:8000.1,StrandBias:1.6,Multiplicity:1.00
0.167	0.134	0.138	0.561
0.001	0.001	0.984	0.014
0.174	0.350	0.001	0.475
0.001	0.001	0.997	0.001
0.031	0.026	0.942	0.001
0.001	0.258	0.001	0.740
0.137	0.221	0.197	0.445
0.173	0.132	0.337	0.358
0.266	0.270	0.296	0.168
0.205	0.356	0.293	0.146
0.198	0.260	0.320	0.221
0.175	0.234	0.335	0.256
>AVAGGAAGTGGT	5-AVAGGAAGTGGT	10.930382	-107.149915	0	T:89.0(1.41%),B:354.6(0.17%),P:1e-46	Tpos:25.2,Tstd:12.0,Bpos:3005.7,Bstd:7899.3,StrandBias:0.1,Multiplicity:1.00
0.488	0.051	0.225	0.236
0.324	0.244	0.344	0.087
0.663	0.093	0.224	0.020
0.033	0.001	0.940	0.026
0.022	0.001	0.976	0.001
0.931	0.056	0.012	0.001
0.808	0.001	0.006	0.185
0.127	0.001	0.871	0.001
0.072	0.099	0.064	0.765
0.058	0.124	0.631	0.187
0.214	0.191	0.537	0.058
0.122	0.210	0.225	0.442
>TGTGGTTTYBNT	6-TGTGGTTTYBNT	9.729285	-91.192905	0	T:135.0(2.15%),B:1071.5(0.51%),P:1e-39	Tpos:31.8,Tstd:15.1,Bpos:6272.7,Bstd:14601.5,StrandBias:-0.6,Multiplicity:1.00
0.114	0.068	0.099	0.719
0.001	0.087	0.888	0.024
0.093	0.001	0.012	0.894
0.015	0.001	0.983	0.001
0.001	0.001	0.997	0.001
0.001	0.252	0.139	0.608
0.167	0.036	0.100	0.697
0.018	0.173	0.138	0.671
0.183	0.250	0.186	0.382
0.122	0.290	0.258	0.331
0.169	0.258	0.286	0.287
0.193	0.209	0.223	0.375
>VAGAGGAAGTGR	7-VAGAGGAAGTGR	9.315256	-85.763235	0	T:162.0(2.57%),B:1581.3(0.75%),P:1e-37	Tpos:20.9,Tstd:10.2,Bpos:2849.6,Bstd:8632.7,StrandBias:0.1,Multiplicity:1.00
0.283	0.323	0.323	0.072
0.492	0.001	0.274	0.233
0.108	0.280	0.611	0.001
0.500	0.295	0.204	0.001
0.179	0.021	0.764	0.036
0.029	0.020	0.950	0.001
0.878	0.085	0.018	0.019
0.761	0.001	0.089	0.149
0.136	0.095	0.768	0.001
0.105	0.145	0.141	0.609
0.231	0.179	0.443	0.146
0.353	0.124	0.413	0.110
>YTGCGGTTTCCN	8-YTGCGGTTTCCN	7.665112	-85.592782	0	T:201.0(3.19%),B:2292.8(1.08%),P:1e-37	Tpos:23.4,Tstd:11.2,Bpos:2722.2,Bstd:14515.8,StrandBias:-0.1,Multiplicity:1.00
0.169	0.364	0.211	0.255
0.113	0.133	0.130	0.624
0.072	0.130	0.694	0.104
0.117	0.593	0.120	0.170
0.149	0.112	0.587	0.152
0.089	0.141	0.686	0.084
0.070	0.181	0.126	0.623
0.082	0.142	0.119	0.657
0.112	0.137	0.157	0.594
0.086	0.673	0.123	0.118
0.115	0.636	0.089	0.160
0.220	0.271	0.249	0.260
>AAGAGGAAGTGR	9-AAGAGGAAGTGR	9.492716	-83.917048	0	T:175.0(2.78%),B:1839.9(0.87%),P:1e-36	Tpos:26.1,Tstd:11.1,Bpos:3152.3,Bstd:8886.2,StrandBias:-0.1,Multiplicity:1.00
0.467	0.121	0.298	0.114
0.428	0.037	0.267	0.269
0.083	0.262	0.589	0.066
0.583	0.157	0.217	0.043
0.087	0.001	0.895	0.017
0.023	0.001	0.975	0.001
0.958	0.033	0.008	0.001
0.894	0.001	0.001	0.104
0.184	0.101	0.714	0.001
0.097	0.137	0.097	0.669
0.217	0.132	0.443	0.207
0.233	0.199	0.368	0.200
>VYCACTTCCTCY	10-VYCACTTCCTCY	9.653432	-82.414227	0	T:168.0(2.67%),B:1737.8(0.82%),P:1e-35	Tpos:24.0,Tstd:11.0,Bpos:3149.7,Bstd:16811.1,StrandBias:-1.0,Multiplicity:1.00
0.344	0.284	0.259	0.112
0.138	0.410	0.140	0.312
0.180	0.601	0.064	0.155
0.595	0.161	0.147	0.097
0.001	0.736	0.133	0.130
0.110	0.016	0.001	0.873
0.018	0.001	0.028	0.953
0.001	0.997	0.001	0.001
0.001	0.905	0.001	0.093
0.005	0.104	0.222	0.669
0.035	0.549	0.298	0.118
0.247	0.296	0.059	0.398
>SAGGAAGTGVBN	11-SAGGAAGTGVBN	9.722102	-77.846894	0	T:67.0(1.06%),B:284.1(0.13%),P:1e-33	Tpos:26.1,Tstd:15.2,Bpos:978.3,Bstd:1983.4,StrandBias:1.6,Multiplicity:1.00
0.186	0.352	0.420	0.042
0.602	0.233	0.164	0.001
0.057	0.001	0.941	0.001
0.057	0.001	0.941	0.001
0.894	0.104	0.001	0.001
0.861	0.001	0.015	0.123
0.207	0.100	0.692	0.001
0.096	0.232	0.042	0.630
0.001	0.201	0.521	0.277
0.228	0.227	0.354	0.191
0.131	0.276	0.280	0.312
0.244	0.212	0.284	0.260
>TNCTGYGGTYDD	12-TNCTGYGGTYDD	8.754734	-71.834953	0	T:96.0(1.53%),B:694.8(0.33%),P:1e-31	Tpos:20.5,Tstd:14.2,Bpos:2541.5,Bstd:6576.5,StrandBias:-1.6,Multiplicity:1.00
0.224	0.149	0.210	0.417
0.289	0.225	0.226	0.260
0.001	0.486	0.203	0.310
0.001	0.001	0.001	0.997
0.001	0.001	0.997	0.001
0.068	0.522	0.001	0.409
0.001	0.001	0.997	0.001
0.001	0.001	0.997	0.001
0.001	0.206	0.211	0.582
0.104	0.326	0.097	0.473
0.317	0.167	0.283	0.233
0.216	0.168	0.341	0.274
>CACTTCCTBTTT	13-CACTTCCTBTTT	9.105176	-66.450460	0	T:173.0(2.75%),B:2113.2(1.00%),P:1e-28	Tpos:22.5,Tstd:12.0,Bpos:4693.9,Bstd:10453.1,StrandBias:-0.3,Multiplicity:1.00
0.175	0.405	0.191	0.228
0.549	0.104	0.235	0.112
0.007	0.625	0.206	0.162
0.101	0.028	0.001	0.870
0.001	0.024	0.051	0.924
0.027	0.933	0.007	0.033
0.045	0.861	0.001	0.093
0.061	0.194	0.168	0.577
0.080	0.391	0.284	0.245
0.148	0.311	0.069	0.472
0.070	0.304	0.061	0.565
0.154	0.195	0.133	0.518
>CAGGAAGTGRTD	14-CAGGAAGTGRTD	11.450050	-57.634341	0	T:38.0(0.60%),B:105.5(0.05%),P:1e-25	Tpos:26.3,Tstd:13.0,Bpos:3561.5,Bstd:9437.6,StrandBias:-0.3,Multiplicity:1.00
0.159	0.489	0.330	0.023
0.723	0.214	0.062	0.001
0.001	0.001	0.997	0.001
0.001	0.001	0.997	0.001
0.997	0.001	0.001	0.001
0.903	0.001	0.001	0.095
0.204	0.001	0.794	0.001
0.001	0.067	0.001	0.931
0.183	0.087	0.626	0.104
0.296	0.087	0.414	0.202
0.228	0.150	0.234	0.388
0.238	0.078	0.318	0.365
>NKYTGYGGTVDN	15-NKYTGYGGTVDN	8.913626	-57.024329	0	T:76.0(1.21%),B:552.9(0.26%),P:1e-24	Tpos:22.8,Tstd:14.6,Bpos:3453.3,Bstd:7539.1,StrandBias:0.5,Multiplicity:1.00
0.213	0.310	0.307	0.170
0.063	0.241	0.303	0.393
0.195	0.391	0.001	0.414
0.001	0.001	0.001	0.997
0.001	0.001	0.997	0.001
0.001	0.455	0.001	0.543
0.001	0.001	0.997	0.001
0.001	0.001	0.997	0.001
0.001	0.208	0.278	0.513
0.302	0.372	0.280	0.047
0.385	0.001	0.281	0.333
0.237	0.198	0.336	0.229
>GCRGGAWGTGGY	16-GCRGGAWGTGGY	10.562581	-50.419954	0	T:61.0(0.97%),B:403.5(0.19%),P:1e-21	Tpos:23.7,Tstd:12.1,Bpos:2431.7,Bstd:6035.2,StrandBias:-0.5,Multiplicity:1.00
0.232	0.104	0.483	0.181
0.201	0.442	0.219	0.139
0.413	0.220	0.365	0.001
0.188	0.001	0.810	0.001
0.001	0.001	0.997	0.001
0.590	0.197	0.001	0.212
0.531	0.001	0.001	0.467
0.001	0.033	0.965	0.001
0.017	0.091	0.001	0.891
0.001	0.001	0.756	0.242
0.001	0.192	0.806	0.001
0.001	0.364	0.142	0.493
>ACTTCCTCYTBH	17-ACTTCCTCYTBH	9.170468	-37.935599	0	T:124.0(1.97%),B:1741.1(0.82%),P:1e-16	Tpos:26.9,Tstd:11.9,Bpos:5197.2,Bstd:11302.5,StrandBias:-0.5,Multiplicity:1.00
0.630	0.082	0.273	0.015
0.001	0.530	0.200	0.269
0.087	0.001	0.001	0.911
0.001	0.001	0.001	0.997
0.001	0.997	0.001	0.001
0.001	0.858	0.001	0.140
0.030	0.218	0.242	0.510
0.046	0.459	0.285	0.210
0.208	0.363	0.001	0.428
0.150	0.186	0.234	0.430
0.001	0.299	0.306	0.395
0.211	0.353	0.142	0.294
>CTGTGGCTTCCK	18-CTGTGGCTTCCK	9.977350	-28.230061	0	T:29.0(0.46%),B:165.9(0.08%),P:1e-12	Tpos:27.8,Tstd:10.0,Bpos:2571.9,Bstd:6301.3,StrandBias:1.2,Multiplicity:1.00
0.141	0.444	0.184	0.230
0.229	0.096	0.167	0.508
0.001	0.303	0.695	0.001
0.131	0.227	0.129	0.513
0.001	0.001	0.808	0.190
0.222	0.001	0.761	0.016
0.001	0.528	0.097	0.374
0.001	0.266	0.001	0.732
0.001	0.001	0.292	0.706
0.001	0.841	0.102	0.056
0.204	0.550	0.001	0.245
0.100	0.133	0.371	0.397
>ASAGGAAGTGVN	19-ASAGGAAGTGVN	10.284068	-27.126348	0	T:44.0(0.70%),B:396.9(0.19%),P:1e-11	Tpos:23.8,Tstd:8.0,Bpos:2694.6,Bstd:7847.5,StrandBias:-1.8,Multiplicity:1.00
0.531	0.054	0.160	0.255
0.150	0.320	0.418	0.113
0.721	0.136	0.142	0.001
0.001	0.001	0.997	0.001
0.001	0.001	0.997	0.001
0.997	0.001	0.001	0.001
0.861	0.001	0.001	0.137
0.227	0.186	0.586	0.001
0.038	0.316	0.046	0.600
0.094	0.217	0.486	0.203
0.358	0.264	0.377	0.001
0.244	0.319	0.259	0.178
>YRCTTCCTSTTT	20-YRCTTCCTSTTT	10.338991	-22.764745	0	T:36.0(0.57%),B:321.0(0.15%),P:1e-9	Tpos:30.2,Tstd:10.8,Bpos:4045.2,Bstd:22781.9,StrandBias:0.7,Multiplicity:1.00
0.206	0.420	0.100	0.275
0.422	0.060	0.417	0.102
0.001	0.572	0.204	0.223
0.065	0.029	0.001	0.905
0.001	0.001	0.062	0.936
0.001	0.924	0.023	0.052
0.049	0.935	0.015	0.001
0.001	0.001	0.264	0.734
0.001	0.361	0.485	0.154
0.099	0.276	0.146	0.478
0.035	0.296	0.124	0.545
0.053	0.266	0.182	0.499
>ACTTCCTSTYYN	21-ACTTCCTSTYYN	9.220054	-18.665985	0	T:34.0(0.54%),B:344.4(0.16%),P:1e-8	Tpos:25.2,Tstd:10.1,Bpos:4087.0,Bstd:11181.5,StrandBias:-0.3,Multiplicity:1.00
0.452	0.109	0.301	0.138
0.001	0.623	0.145	0.231
0.157	0.001	0.001	0.841
0.001	0.001	0.001	0.997
0.001	0.997	0.001	0.001
0.001	0.961	0.001	0.037
0.045	0.259	0.189	0.507
0.073	0.420	0.290	0.217
0.205	0.294	0.023	0.478
0.166	0.263	0.204	0.366
0.204	0.270	0.172	0.354
0.218	0.328	0.256	0.198
>YTGTGGCTTDGN	22-YTGTGGCTTDGN	10.024285	-11.154863	0	T:87.0(1.38%),B:1784.6(0.84%),P:1e-4	Tpos:25.5,Tstd:11.2,Bpos:5399.8,Bstd:12631.3,StrandBias:-0.3,Multiplicity:1.00
0.001	0.431	0.001	0.567
0.001	0.001	0.001	0.997
0.001	0.001	0.997	0.001
0.001	0.245	0.001	0.753
0.001	0.001	0.997	0.001
0.001	0.001	0.997	0.001
0.001	0.577	0.421	0.001
0.020	0.141	0.001	0.838
0.316	0.001	0.106	0.577
0.296	0.052	0.279	0.373
0.001	0.187	0.648	0.164
0.231	0.302	0.251	0.215
>ATGGAATGGAAT	23-ATGGAATGGAAT	13.120575	-9.442098	0	T:9.0(0.14%),B:54.2(0.03%),P:1e-4	Tpos:26.6,Tstd:12.4,Bpos:15177.6,Bstd:8192.4,StrandBias:10.0,Multiplicity:1.11
0.967	0.001	0.031	0.001
0.027	0.001	0.001	0.971
0.001	0.001	0.997	0.001
0.001	0.034	0.922	0.043
0.997	0.001	0.001	0.001
0.997	0.001	0.001	0.001
0.029	0.001	0.001	0.969
0.001	0.050	0.920	0.029
0.001	0.043	0.913	0.043
0.997	0.001	0.001	0.001
0.997	0.001	0.001	0.001
0.065	0.024	0.001	0.910
>AWNNKHTGTGGT	24-AWNNKHTGTGGT	9.222297	-1.150910	0	T:1.0(0.02%),B:12.5(0.01%),P:1e0	Tpos:8.0,Tstd:0.0,Bpos:16284.7,Bstd:25079.3,StrandBias:10.0,Multiplicity:1.00
0.454	0.200	0.119	0.227
0.374	0.158	0.213	0.255
0.307	0.260	0.190	0.242
0.213	0.186	0.312	0.289
0.107	0.224	0.378	0.291
0.325	0.305	0.055	0.315
0.235	0.065	0.072	0.628
0.001	0.101	0.897	0.001
0.116	0.001	0.082	0.801
0.001	0.001	0.944	0.054
0.001	0.019	0.979	0.001
0.064	0.101	0.111	0.724
>CCRCARASVBVN	25-CCRCARASVBVN	8.981279	-0.098145	0	T:1.0(0.02%),B:80.6(0.04%),P:1e0	Tpos:41.0,Tstd:0.0,Bpos:1603.8,Bstd:4193.4,StrandBias:-10.0,Multiplicity:1.00
0.001	0.993	0.001	0.005
0.001	0.997	0.001	0.001
0.551	0.001	0.447	0.001
0.001	0.991	0.007	0.001
0.991	0.001	0.007	0.001
0.433	0.001	0.565	0.001
0.509	0.358	0.106	0.027
0.184	0.366	0.325	0.126
0.275	0.274	0.311	0.140
0.174	0.339	0.229	0.259
0.237	0.323	0.274	0.166
0.248	0.278	0.255	0.220
