>BYTGTGGTTW	1-BYTGTGGTTW	7.185918	-1227.995868	0	T:1631.0(25.92%),B:12623.5(5.96%),P:1e-533	Tpos:25.5,Tstd:11.3,Bpos:10553.1,Bstd:55895.7,StrandBias:0.1,Multiplicity:1.07
0.124	0.244	0.266	0.365
0.132	0.464	0.067	0.337
0.077	0.059	0.054	0.810
0.045	0.029	0.903	0.023
0.045	0.254	0.037	0.664
0.030	0.029	0.918	0.023
0.016	0.027	0.938	0.019
0.022	0.068	0.064	0.846
0.060	0.213	0.067	0.660
0.354	0.057	0.160	0.429
>TGYGGTTWNN	2-TGYGGTTWNN	6.609941	-1222.686119	0	T:1789.0(28.43%),B:15364.4(7.25%),P:1e-531	Tpos:24.9,Tstd:12.9,Bpos:29965.2,Bstd:117381.0,StrandBias:0.1,Multiplicity:1.00
0.110	0.147	0.110	0.633
0.057	0.015	0.877	0.051
0.071	0.453	0.008	0.468
0.058	0.001	0.940	0.001
0.001	0.001	0.997	0.001
0.001	0.172	0.115	0.712
0.096	0.296	0.045	0.563
0.425	0.086	0.190	0.299
0.190	0.224	0.322	0.265
0.233	0.226	0.240	0.302
>HAACCGCARN	3-HAACCGCARN	6.845615	-950.637402	0	T:1025.0(16.29%),B:6035.0(2.85%),P:1e-412	Tpos:27.8,Tstd:11.8,Bpos:1612.0,Bstd:6126.7,StrandBias:0.2,Multiplicity:1.00
0.328	0.272	0.111	0.289
0.461	0.119	0.231	0.190
0.632	0.080	0.262	0.026
0.031	0.878	0.029	0.062
0.031	0.850	0.111	0.008
0.334	0.001	0.522	0.143
0.026	0.861	0.102	0.011
0.600	0.104	0.161	0.135
0.403	0.111	0.405	0.081
0.340	0.277	0.192	0.192
>BHTGTGGTTW	4-BHTGTGGTTW	6.664525	-569.787083	0	T:1165.0(18.52%),B:12553.0(5.92%),P:1e-247	Tpos:25.1,Tstd:12.2,Bpos:5622.1,Bstd:19499.2,StrandBias:0.1,Multiplicity:1.02
0.054	0.262	0.341	0.342
0.276	0.286	0.063	0.376
0.284	0.127	0.104	0.485
0.036	0.020	0.840	0.104
0.148	0.154	0.046	0.652
0.065	0.013	0.901	0.021
0.075	0.067	0.857	0.001
0.031	0.239	0.149	0.581
0.126	0.120	0.165	0.589
0.399	0.052	0.136	0.413
>NNHTGTGGTY	5-NNHTGTGGTY	7.352167	-298.975383	0	T:375.0(5.96%),B:2514.9(1.19%),P:1e-129	Tpos:25.9,Tstd:14.6,Bpos:3992.6,Bstd:8689.2,StrandBias:-0.3,Multiplicity:1.00
0.251	0.190	0.268	0.290
0.283	0.232	0.186	0.299
0.236	0.330	0.098	0.336
0.292	0.001	0.125	0.582
0.001	0.001	0.997	0.001
0.106	0.350	0.001	0.543
0.001	0.001	0.945	0.053
0.001	0.035	0.926	0.038
0.001	0.179	0.211	0.609
0.195	0.281	0.100	0.424
>NHTGYGGTHA	6-NHTGYGGTHA	7.680385	-92.357931	0	T:116.0(1.84%),B:782.8(0.37%),P:1e-40	Tpos:22.1,Tstd:10.4,Bpos:3372.1,Bstd:8159.1,StrandBias:1.6,Multiplicity:1.00
0.222	0.290	0.315	0.173
0.325	0.319	0.112	0.244
0.196	0.029	0.001	0.774
0.058	0.013	0.928	0.001
0.102	0.440	0.001	0.457
0.001	0.041	0.923	0.035
0.104	0.080	0.815	0.001
0.019	0.229	0.184	0.568
0.277	0.248	0.129	0.346
0.529	0.100	0.155	0.216
>AGGAAGTGRB	7-AGGAAGTGRB	9.388471	-86.396745	0	T:93.0(1.48%),B:528.0(0.25%),P:1e-37	Tpos:21.0,Tstd:17.0,Bpos:4517.7,Bstd:8586.2,StrandBias:-10.0,Multiplicity:1.00
0.649	0.159	0.191	0.001
0.028	0.001	0.970	0.001
0.001	0.001	0.997	0.001
0.955	0.001	0.010	0.034
0.817	0.001	0.001	0.181
0.187	0.171	0.641	0.001
0.033	0.213	0.029	0.725
0.246	0.066	0.458	0.231
0.346	0.165	0.356	0.133
0.144	0.280	0.260	0.316
>AGGAAGTGNB	8-AGGAAGTGNB	9.965163	-82.012898	0	T:93.0(1.48%),B:562.6(0.27%),P:1e-35	Tpos:27.3,Tstd:11.5,Bpos:3194.3,Bstd:8507.8,StrandBias:0.1,Multiplicity:1.00
0.641	0.076	0.282	0.001
0.006	0.001	0.992	0.001
0.001	0.001	0.997	0.001
0.996	0.002	0.001	0.001
0.911	0.001	0.001	0.087
0.099	0.083	0.817	0.001
0.001	0.001	0.001	0.997
0.252	0.178	0.479	0.091
0.208	0.257	0.262	0.273
0.099	0.283	0.273	0.345
>VMGGAAGTNV	9-VMGGAAGTNV	7.740722	-77.099592	0	T:197.0(3.13%),B:2374.2(1.12%),P:1e-33	Tpos:25.3,Tstd:11.9,Bpos:3077.6,Bstd:7605.3,StrandBias:0.0,Multiplicity:1.00
0.222	0.329	0.369	0.081
0.448	0.320	0.171	0.060
0.057	0.108	0.819	0.016
0.030	0.001	0.968	0.001
0.794	0.047	0.033	0.126
0.763	0.010	0.001	0.226
0.180	0.219	0.553	0.048
0.067	0.278	0.094	0.561
0.279	0.195	0.315	0.210
0.358	0.215	0.318	0.109
>ASMGGAAGTR	10-ASMGGAAGTR	8.084996	-64.091040	0	T:164.0(2.61%),B:1983.8(0.94%),P:1e-27	Tpos:24.0,Tstd:11.7,Bpos:2903.7,Bstd:8463.9,StrandBias:-0.1,Multiplicity:1.00
0.505	0.028	0.198	0.269
0.201	0.298	0.426	0.075
0.410	0.316	0.251	0.023
0.079	0.023	0.856	0.042
0.049	0.032	0.896	0.023
0.795	0.067	0.045	0.093
0.842	0.050	0.021	0.087
0.226	0.214	0.538	0.022
0.029	0.333	0.074	0.564
0.322	0.153	0.380	0.145
>BCRCTTCCTB	11-BCRCTTCCTB	8.420648	-59.307788	0	T:243.0(3.86%),B:3776.3(1.78%),P:1e-25	Tpos:24.5,Tstd:12.1,Bpos:1075.5,Bstd:4095.1,StrandBias:-0.4,Multiplicity:1.00
0.169	0.363	0.221	0.247
0.190	0.390	0.194	0.226
0.490	0.127	0.382	0.001
0.001	0.632	0.062	0.305
0.151	0.001	0.001	0.847
0.001	0.001	0.001	0.997
0.001	0.997	0.001	0.001
0.001	0.997	0.001	0.001
0.001	0.162	0.343	0.494
0.042	0.343	0.363	0.252
>AACCACARVC	12-AACCACARVC	9.559913	-46.562699	0	T:54.0(0.86%),B:343.0(0.16%),P:1e-20	Tpos:18.3,Tstd:18.9,Bpos:368.0,Bstd:0.0,StrandBias:1.0,Multiplicity:1.00
0.620	0.108	0.216	0.056
0.533	0.093	0.360	0.014
0.031	0.930	0.021	0.018
0.009	0.989	0.001	0.001
0.755	0.001	0.205	0.039
0.027	0.964	0.001	0.008
0.851	0.001	0.001	0.147
0.363	0.087	0.364	0.185
0.287	0.398	0.251	0.064
0.255	0.496	0.021	0.228
>NRVVGGAART	13-NRVVGGAART	7.248308	-42.844214	0	T:355.0(5.64%),B:7160.7(3.38%),P:1e-18	Tpos:23.9,Tstd:13.4,Bpos:4264.0,Bstd:11695.3,StrandBias:0.2,Multiplicity:1.01
0.275	0.222	0.292	0.211
0.404	0.073	0.272	0.251
0.254	0.342	0.365	0.039
0.394	0.304	0.281	0.022
0.048	0.001	0.950	0.001
0.001	0.063	0.928	0.008
0.947	0.001	0.031	0.021
0.770	0.001	0.001	0.228
0.325	0.191	0.427	0.058
0.090	0.262	0.155	0.492
>RRMGGAAGTS	14-RRMGGAAGTS	8.319748	-34.025542	0	T:106.0(1.68%),B:1456.3(0.69%),P:1e-14	Tpos:26.5,Tstd:16.5,Bpos:5025.0,Bstd:11186.4,StrandBias:-10.0,Multiplicity:1.00
0.470	0.001	0.327	0.202
0.261	0.219	0.375	0.145
0.434	0.327	0.205	0.034
0.001	0.001	0.942	0.056
0.001	0.001	0.997	0.001
0.997	0.001	0.001	0.001
0.759	0.001	0.001	0.239
0.280	0.224	0.495	0.001
0.001	0.313	0.146	0.540
0.227	0.271	0.387	0.115
>GYGGTYWGVS	15-GYGGTYWGVS	8.500414	-26.702572	0	T:59.0(0.94%),B:669.0(0.32%),P:1e-11	Tpos:27.4,Tstd:12.5,Bpos:2979.0,Bstd:8203.5,StrandBias:0.3,Multiplicity:1.00
0.001	0.001	0.997	0.001
0.001	0.444	0.001	0.554
0.001	0.001	0.997	0.001
0.001	0.001	0.997	0.001
0.001	0.001	0.001	0.997
0.230	0.400	0.001	0.369
0.409	0.001	0.216	0.374
0.192	0.219	0.403	0.186
0.363	0.273	0.351	0.012
0.103	0.297	0.388	0.212
>RCTTCCKBHK	16-RCTTCCKBHK	7.930714	-26.111607	0	T:188.0(2.99%),B:3658.7(1.73%),P:1e-11	Tpos:24.5,Tstd:13.4,Bpos:2600.1,Bstd:8364.2,StrandBias:0.1,Multiplicity:1.00
0.504	0.137	0.358	0.001
0.001	0.514	0.192	0.293
0.272	0.001	0.001	0.726
0.001	0.001	0.001	0.997
0.001	0.997	0.001	0.001
0.001	0.997	0.001	0.001
0.055	0.114	0.388	0.444
0.167	0.325	0.301	0.207
0.321	0.306	0.001	0.372
0.180	0.163	0.254	0.403
>ACTTCCTSYY	17-ACTTCCTSYY	8.545438	-12.028782	0	T:150.0(2.38%),B:3435.3(1.62%),P:1e-5	Tpos:25.9,Tstd:13.2,Bpos:2895.6,Bstd:8228.0,StrandBias:0.1,Multiplicity:1.00
0.680	0.091	0.228	0.001
0.001	0.627	0.103	0.269
0.110	0.051	0.068	0.771
0.001	0.053	0.001	0.945
0.012	0.952	0.026	0.010
0.014	0.943	0.001	0.042
0.012	0.252	0.257	0.478
0.026	0.347	0.415	0.212
0.159	0.435	0.080	0.326
0.148	0.399	0.157	0.295
>CTTCCTBTTT	18-CTTCCTBTTT	9.283063	-10.788843	0	T:67.0(1.06%),B:1287.1(0.61%),P:1e-4	Tpos:28.8,Tstd:12.1,Bpos:4473.6,Bstd:12234.9,StrandBias:-0.1,Multiplicity:1.00
0.043	0.556	0.202	0.199
0.084	0.001	0.017	0.898
0.001	0.001	0.013	0.985
0.027	0.971	0.001	0.001
0.001	0.984	0.001	0.014
0.001	0.280	0.173	0.546
0.165	0.289	0.324	0.222
0.238	0.285	0.017	0.460
0.001	0.338	0.041	0.620
0.195	0.178	0.142	0.485
>AGGAAGYNKB	19-AGGAAGYNKB	8.608892	-10.423204	0	T:31.0(0.49%),B:445.3(0.21%),P:1e-4	Tpos:29.3,Tstd:7.6,Bpos:3023.4,Bstd:6824.1,StrandBias:1.0,Multiplicity:1.00
0.566	0.290	0.143	0.001
0.001	0.001	0.987	0.011
0.001	0.001	0.997	0.001
0.936	0.045	0.018	0.001
0.896	0.001	0.001	0.102
0.319	0.183	0.497	0.001
0.079	0.355	0.096	0.470
0.271	0.214	0.328	0.188
0.224	0.093	0.399	0.284
0.126	0.366	0.242	0.266
>ACCGCATWRK	20-ACCGCATWRK	9.313276	-8.656311	0	T:28.0(0.45%),B:426.5(0.20%),P:1e-3	Tpos:19.0,Tstd:10.7,Bpos:1789.9,Bstd:4674.6,StrandBias:-0.7,Multiplicity:1.00
0.997	0.001	0.001	0.001
0.001	0.997	0.001	0.001
0.001	0.997	0.001	0.001
0.335	0.001	0.663	0.001
0.001	0.997	0.001	0.001
0.997	0.001	0.001	0.001
0.235	0.001	0.300	0.464
0.499	0.033	0.070	0.398
0.357	0.071	0.369	0.203
0.158	0.189	0.360	0.293
>DDHYTGTGGT	21-DDHYTGTGGT	8.874870	-3.463843	0	T:6.0(0.10%),B:76.8(0.04%),P:1e-1	Tpos:44.0,Tstd:0.0,Bpos:6560.0,Bstd:10518.4,StrandBias:10.0,Multiplicity:1.00
0.351	0.158	0.269	0.222
0.211	0.183	0.263	0.343
0.321	0.252	0.141	0.286
0.148	0.355	0.001	0.496
0.174	0.001	0.021	0.804
0.001	0.001	0.997	0.001
0.024	0.269	0.001	0.706
0.001	0.001	0.997	0.001
0.001	0.019	0.979	0.001
0.001	0.157	0.198	0.644
>ATCGAATGGA	22-ATCGAATGGA	10.608628	-2.494301	0	T:10.0(0.16%),B:199.2(0.09%),P:1e-1	Tpos:27.1,Tstd:12.5,Bpos:12781.6,Bstd:10925.7,StrandBias:4.5,Multiplicity:2.30
0.997	0.001	0.001	0.001
0.001	0.001	0.001	0.997
0.001	0.563	0.299	0.137
0.001	0.001	0.997	0.001
0.758	0.001	0.093	0.148
0.911	0.087	0.001	0.001
0.001	0.256	0.001	0.742
0.163	0.306	0.530	0.001
0.167	0.001	0.831	0.001
0.997	0.001	0.001	0.001
>AAAAGAGGAA	23-AAAAGAGGAA	10.296193	-2.353773	0	T:27.0(0.43%),B:686.8(0.32%),P:1e-1	Tpos:20.8,Tstd:11.9,Bpos:5396.8,Bstd:12137.3,StrandBias:0.7,Multiplicity:1.00
0.700	0.100	0.100	0.100
0.700	0.100	0.100	0.100
0.700	0.100	0.100	0.100
0.700	0.100	0.100	0.100
0.100	0.100	0.700	0.100
0.700	0.100	0.100	0.100
0.100	0.100	0.700	0.100
0.100	0.100	0.700	0.100
0.700	0.100	0.100	0.100
0.700	0.100	0.100	0.100
>AGGAAGTGAN	24-AGGAAGTGAN	9.147597	-0.370653	0	T:12.0(0.19%),B:453.2(0.21%),P:1e0	Tpos:45.0,Tstd:0.0,Bpos:5011.7,Bstd:10623.4,StrandBias:-10.0,Multiplicity:1.00
0.486	0.250	0.263	0.001
0.001	0.001	0.997	0.001
0.001	0.001	0.997	0.001
0.997	0.001	0.001	0.001
0.921	0.001	0.001	0.077
0.246	0.110	0.643	0.001
0.001	0.274	0.001	0.724
0.213	0.221	0.376	0.190
0.421	0.253	0.194	0.132
0.245	0.252	0.274	0.229
>YBRCTTCCTS	25-YBRCTTCCTS	9.452928	-0.001274	0	T:10.0(0.16%),B:755.5(0.36%),P:1e0	Tpos:25.3,Tstd:14.3,Bpos:2564.0,Bstd:8384.6,StrandBias:-1.3,Multiplicity:1.00
0.118	0.366	0.180	0.337
0.140	0.221	0.283	0.356
0.456	0.038	0.505	0.001
0.001	0.736	0.036	0.227
0.039	0.001	0.001	0.959
0.001	0.001	0.001	0.997
0.001	0.997	0.001	0.001
0.001	0.970	0.001	0.028
0.001	0.188	0.187	0.624
0.001	0.435	0.431	0.134
>BCTAACCACARV	1-BCTAACCACARV	7.086993	-1201.107246	0	T:1732.0(27.53%),B:14613.8(6.89%),P:1e-521	Tpos:25.6,Tstd:10.9,Bpos:9356.6,Bstd:51760.9,StrandBias:-0.1,Multiplicity:1.07
0.134	0.357	0.279	0.230
0.208	0.386	0.228	0.178
0.265	0.173	0.024	0.538
0.709	0.011	0.260	0.020
0.945	0.024	0.030	0.001
0.001	0.997	0.001	0.001
0.001	0.997	0.001	0.001
0.742	0.001	0.234	0.023
0.001	0.997	0.001	0.001
0.855	0.023	0.027	0.095
0.404	0.094	0.368	0.134
0.336	0.249	0.283	0.133
>NAAACCRCARVN	2-NAAACCRCARVN	8.928505	-435.100992	0	T:369.0(5.86%),B:1504.9(0.71%),P:1e-188	Tpos:21.2,Tstd:18.6,Bpos:62.0,Bstd:0.0,StrandBias:0.6,Multiplicity:1.00
0.251	0.236	0.301	0.212
0.452	0.287	0.058	0.204
0.587	0.091	0.207	0.115
0.665	0.137	0.197	0.001
0.001	0.997	0.001	0.001
0.001	0.997	0.001	0.001
0.524	0.013	0.429	0.034
0.033	0.965	0.001	0.001
0.691	0.166	0.104	0.039
0.400	0.108	0.468	0.024
0.302	0.292	0.318	0.088
0.236	0.294	0.228	0.242
>TGTGGTTDNBVS	3-TGTGGTTDNBVS	7.916862	-305.072188	0	T:321.0(5.10%),B:1754.9(0.83%),P:1e-132	Tpos:21.8,Tstd:16.0,Bpos:1626.7,Bstd:4843.1,StrandBias:0.0,Multiplicity:1.00
0.102	0.131	0.079	0.688
0.001	0.125	0.861	0.013
0.113	0.337	0.008	0.542
0.001	0.001	0.997	0.001
0.001	0.006	0.992	0.001
0.001	0.238	0.186	0.575
0.220	0.217	0.001	0.562
0.282	0.159	0.213	0.345
0.225	0.324	0.246	0.205
0.133	0.334	0.314	0.219
0.220	0.268	0.342	0.170
0.133	0.269	0.399	0.199
>TGYGGTTKNSNB	4-TGYGGTTKNSNB	7.607592	-272.186213	0	T:368.0(5.85%),B:2667.0(1.26%),P:1e-118	Tpos:20.9,Tstd:12.3,Bpos:2123.0,Bstd:8000.1,StrandBias:1.6,Multiplicity:1.00
0.167	0.134	0.138	0.561
0.001	0.001	0.984	0.014
0.174	0.350	0.001	0.475
0.001	0.001	0.997	0.001
0.031	0.026	0.942	0.001
0.001	0.258	0.001	0.740
0.137	0.221	0.197	0.445
0.173	0.132	0.337	0.358
0.266	0.270	0.296	0.168
0.205	0.356	0.293	0.146
0.198	0.260	0.320	0.221
0.175	0.234	0.335	0.256
>AVAGGAAGTGGT	5-AVAGGAAGTGGT	10.930382	-107.149915	0	T:89.0(1.41%),B:354.6(0.17%),P:1e-46	Tpos:25.2,Tstd:12.0,Bpos:3005.7,Bstd:7899.3,StrandBias:0.1,Multiplicity:1.00
0.488	0.051	0.225	0.236
0.324	0.244	0.344	0.087
0.663	0.093	0.224	0.020
0.033	0.001	0.940	0.026
0.022	0.001	0.976	0.001
0.931	0.056	0.012	0.001
0.808	0.001	0.006	0.185
0.127	0.001	0.871	0.001
0.072	0.099	0.064	0.765
0.058	0.124	0.631	0.187
0.214	0.191	0.537	0.058
0.122	0.210	0.225	0.442
>TGTGGTTTYBNT	6-TGTGGTTTYBNT	9.729285	-91.192905	0	T:135.0(2.15%),B:1071.5(0.51%),P:1e-39	Tpos:31.8,Tstd:15.1,Bpos:6272.7,Bstd:14601.5,StrandBias:-0.6,Multiplicity:1.00
0.114	0.068	0.099	0.719
0.001	0.087	0.888	0.024
0.093	0.001	0.012	0.894
0.015	0.001	0.983	0.001
0.001	0.001	0.997	0.001
0.001	0.252	0.139	0.608
0.167	0.036	0.100	0.697
0.018	0.173	0.138	0.671
0.183	0.250	0.186	0.382
0.122	0.290	0.258	0.331
0.169	0.258	0.286	0.287
0.193	0.209	0.223	0.375
>VAGAGGAAGTGR	7-VAGAGGAAGTGR	9.315256	-85.763235	0	T:162.0(2.57%),B:1581.3(0.75%),P:1e-37	Tpos:20.9,Tstd:10.2,Bpos:2849.6,Bstd:8632.7,StrandBias:0.1,Multiplicity:1.00
0.283	0.323	0.323	0.072
0.492	0.001	0.274	0.233
0.108	0.280	0.611	0.001
0.500	0.295	0.204	0.001
0.179	0.021	0.764	0.036
0.029	0.020	0.950	0.001
0.878	0.085	0.018	0.019
0.761	0.001	0.089	0.149
0.136	0.095	0.768	0.001
0.105	0.145	0.141	0.609
0.231	0.179	0.443	0.146
0.353	0.124	0.413	0.110
>YTGCGGTTTCCN	8-YTGCGGTTTCCN	7.665112	-85.592782	0	T:201.0(3.19%),B:2292.8(1.08%),P:1e-37	Tpos:23.4,Tstd:11.2,Bpos:2722.2,Bstd:14515.8,StrandBias:-0.1,Multiplicity:1.00
0.169	0.364	0.211	0.255
0.113	0.133	0.130	0.624
0.072	0.130	0.694	0.104
0.117	0.593	0.120	0.170
0.149	0.112	0.587	0.152
0.089	0.141	0.686	0.084
0.070	0.181	0.126	0.623
0.082	0.142	0.119	0.657
0.112	0.137	0.157	0.594
0.086	0.673	0.123	0.118
0.115	0.636	0.089	0.160
0.220	0.271	0.249	0.260
>AAGAGGAAGTGR	9-AAGAGGAAGTGR	9.492716	-83.917048	0	T:175.0(2.78%),B:1839.9(0.87%),P:1e-36	Tpos:26.1,Tstd:11.1,Bpos:3152.3,Bstd:8886.2,StrandBias:-0.1,Multiplicity:1.00
0.467	0.121	0.298	0.114
0.428	0.037	0.267	0.269
0.083	0.262	0.589	0.066
0.583	0.157	0.217	0.043
0.087	0.001	0.895	0.017
0.023	0.001	0.975	0.001
0.958	0.033	0.008	0.001
0.894	0.001	0.001	0.104
0.184	0.101	0.714	0.001
0.097	0.137	0.097	0.669
0.217	0.132	0.443	0.207
0.233	0.199	0.368	0.200
>VYCACTTCCTCY	10-VYCACTTCCTCY	9.653432	-82.414227	0	T:168.0(2.67%),B:1737.8(0.82%),P:1e-35	Tpos:24.0,Tstd:11.0,Bpos:3149.7,Bstd:16811.1,StrandBias:-1.0,Multiplicity:1.00
0.344	0.284	0.259	0.112
0.138	0.410	0.140	0.312
0.180	0.601	0.064	0.155
0.595	0.161	0.147	0.097
0.001	0.736	0.133	0.130
0.110	0.016	0.001	0.873
0.018	0.001	0.028	0.953
0.001	0.997	0.001	0.001
0.001	0.905	0.001	0.093
0.005	0.104	0.222	0.669
0.035	0.549	0.298	0.118
0.247	0.296	0.059	0.398
>SAGGAAGTGVBN	11-SAGGAAGTGVBN	9.722102	-77.846894	0	T:67.0(1.06%),B:284.1(0.13%),P:1e-33	Tpos:26.1,Tstd:15.2,Bpos:978.3,Bstd:1983.4,StrandBias:1.6,Multiplicity:1.00
0.186	0.352	0.420	0.042
0.602	0.233	0.164	0.001
0.057	0.001	0.941	0.001
0.057	0.001	0.941	0.001
0.894	0.104	0.001	0.001
0.861	0.001	0.015	0.123
0.207	0.100	0.692	0.001
0.096	0.232	0.042	0.630
0.001	0.201	0.521	0.277
0.228	0.227	0.354	0.191
0.131	0.276	0.280	0.312
0.244	0.212	0.284	0.260
>TNCTGYGGTYDD	12-TNCTGYGGTYDD	8.754734	-71.834953	0	T:96.0(1.53%),B:694.8(0.33%),P:1e-31	Tpos:20.5,Tstd:14.2,Bpos:2541.5,Bstd:6576.5,StrandBias:-1.6,Multiplicity:1.00
0.224	0.149	0.210	0.417
0.289	0.225	0.226	0.260
0.001	0.486	0.203	0.310
0.001	0.001	0.001	0.997
0.001	0.001	0.997	0.001
0.068	0.522	0.001	0.409
0.001	0.001	0.997	0.001
0.001	0.001	0.997	0.001
0.001	0.206	0.211	0.582
0.104	0.326	0.097	0.473
0.317	0.167	0.283	0.233
0.216	0.168	0.341	0.274
>CACTTCCTBTTT	13-CACTTCCTBTTT	9.105176	-66.450460	0	T:173.0(2.75%),B:2113.2(1.00%),P:1e-28	Tpos:22.5,Tstd:12.0,Bpos:4693.9,Bstd:10453.1,StrandBias:-0.3,Multiplicity:1.00
0.175	0.405	0.191	0.228
0.549	0.104	0.235	0.112
0.007	0.625	0.206	0.162
0.101	0.028	0.001	0.870
0.001	0.024	0.051	0.924
0.027	0.933	0.007	0.033
0.045	0.861	0.001	0.093
0.061	0.194	0.168	0.577
0.080	0.391	0.284	0.245
0.148	0.311	0.069	0.472
0.070	0.304	0.061	0.565
0.154	0.195	0.133	0.518
>CAGGAAGTGRTD	14-CAGGAAGTGRTD	11.450050	-57.634341	0	T:38.0(0.60%),B:105.5(0.05%),P:1e-25	Tpos:26.3,Tstd:13.0,Bpos:3561.5,Bstd:9437.6,StrandBias:-0.3,Multiplicity:1.00
0.159	0.489	0.330	0.023
0.723	0.214	0.062	0.001
0.001	0.001	0.997	0.001
0.001	0.001	0.997	0.001
0.997	0.001	0.001	0.001
0.903	0.001	0.001	0.095
0.204	0.001	0.794	0.001
0.001	0.067	0.001	0.931
0.183	0.087	0.626	0.104
0.296	0.087	0.414	0.202
0.228	0.150	0.234	0.388
0.238	0.078	0.318	0.365
>NKYTGYGGTVDN	15-NKYTGYGGTVDN	8.913626	-57.024329	0	T:76.0(1.21%),B:552.9(0.26%),P:1e-24	Tpos:22.8,Tstd:14.6,Bpos:3453.3,Bstd:7539.1,StrandBias:0.5,Multiplicity:1.00
0.213	0.310	0.307	0.170
0.063	0.241	0.303	0.393
0.195	0.391	0.001	0.414
0.001	0.001	0.001	0.997
0.001	0.001	0.997	0.001
0.001	0.455	0.001	0.543
0.001	0.001	0.997	0.001
0.001	0.001	0.997	0.001
0.001	0.208	0.278	0.513
0.302	0.372	0.280	0.047
0.385	0.001	0.281	0.333
0.237	0.198	0.336	0.229
>GCRGGAWGTGGY	16-GCRGGAWGTGGY	10.562581	-50.419954	0	T:61.0(0.97%),B:403.5(0.19%),P:1e-21	Tpos:23.7,Tstd:12.1,Bpos:2431.7,Bstd:6035.2,StrandBias:-0.5,Multiplicity:1.00
0.232	0.104	0.483	0.181
0.201	0.442	0.219	0.139
0.413	0.220	0.365	0.001
0.188	0.001	0.810	0.001
0.001	0.001	0.997	0.001
0.590	0.197	0.001	0.212
0.531	0.001	0.001	0.467
0.001	0.033	0.965	0.001
0.017	0.091	0.001	0.891
0.001	0.001	0.756	0.242
0.001	0.192	0.806	0.001
0.001	0.364	0.142	0.493
>ACTTCCTCYTBH	17-ACTTCCTCYTBH	9.170468	-37.935599	0	T:124.0(1.97%),B:1741.1(0.82%),P:1e-16	Tpos:26.9,Tstd:11.9,Bpos:5197.2,Bstd:11302.5,StrandBias:-0.5,Multiplicity:1.00
0.630	0.082	0.273	0.015
0.001	0.530	0.200	0.269
0.087	0.001	0.001	0.911
0.001	0.001	0.001	0.997
0.001	0.997	0.001	0.001
0.001	0.858	0.001	0.140
0.030	0.218	0.242	0.510
0.046	0.459	0.285	0.210
0.208	0.363	0.001	0.428
0.150	0.186	0.234	0.430
0.001	0.299	0.306	0.395
0.211	0.353	0.142	0.294
>CTGTGGCTTCCK	18-CTGTGGCTTCCK	9.977350	-28.230061	0	T:29.0(0.46%),B:165.9(0.08%),P:1e-12	Tpos:27.8,Tstd:10.0,Bpos:2571.9,Bstd:6301.3,StrandBias:1.2,Multiplicity:1.00
0.141	0.444	0.184	0.230
0.229	0.096	0.167	0.508
0.001	0.303	0.695	0.001
0.131	0.227	0.129	0.513
0.001	0.001	0.808	0.190
0.222	0.001	0.761	0.016
0.001	0.528	0.097	0.374
0.001	0.266	0.001	0.732
0.001	0.001	0.292	0.706
0.001	0.841	0.102	0.056
0.204	0.550	0.001	0.245
0.100	0.133	0.371	0.397
>ASAGGAAGTGVN	19-ASAGGAAGTGVN	10.284068	-27.126348	0	T:44.0(0.70%),B:396.9(0.19%),P:1e-11	Tpos:23.8,Tstd:8.0,Bpos:2694.6,Bstd:7847.5,StrandBias:-1.8,Multiplicity:1.00
0.531	0.054	0.160	0.255
0.150	0.320	0.418	0.113
0.721	0.136	0.142	0.001
0.001	0.001	0.997	0.001
0.001	0.001	0.997	0.001
0.997	0.001	0.001	0.001
0.861	0.001	0.001	0.137
0.227	0.186	0.586	0.001
0.038	0.316	0.046	0.600
0.094	0.217	0.486	0.203
0.358	0.264	0.377	0.001
0.244	0.319	0.259	0.178
>YRCTTCCTSTTT	20-YRCTTCCTSTTT	10.338991	-22.764745	0	T:36.0(0.57%),B:321.0(0.15%),P:1e-9	Tpos:30.2,Tstd:10.8,Bpos:4045.2,Bstd:22781.9,StrandBias:0.7,Multiplicity:1.00
0.206	0.420	0.100	0.275
0.422	0.060	0.417	0.102
0.001	0.572	0.204	0.223
0.065	0.029	0.001	0.905
0.001	0.001	0.062	0.936
0.001	0.924	0.023	0.052
0.049	0.935	0.015	0.001
0.001	0.001	0.264	0.734
0.001	0.361	0.485	0.154
0.099	0.276	0.146	0.478
0.035	0.296	0.124	0.545
0.053	0.266	0.182	0.499
>ACTTCCTSTYYN	21-ACTTCCTSTYYN	9.220054	-18.665985	0	T:34.0(0.54%),B:344.4(0.16%),P:1e-8	Tpos:25.2,Tstd:10.1,Bpos:4087.0,Bstd:11181.5,StrandBias:-0.3,Multiplicity:1.00
0.452	0.109	0.301	0.138
0.001	0.623	0.145	0.231
0.157	0.001	0.001	0.841
0.001	0.001	0.001	0.997
0.001	0.997	0.001	0.001
0.001	0.961	0.001	0.037
0.045	0.259	0.189	0.507
0.073	0.420	0.290	0.217
0.205	0.294	0.023	0.478
0.166	0.263	0.204	0.366
0.204	0.270	0.172	0.354
0.218	0.328	0.256	0.198
>YTGTGGCTTDGN	22-YTGTGGCTTDGN	10.024285	-11.154863	0	T:87.0(1.38%),B:1784.6(0.84%),P:1e-4	Tpos:25.5,Tstd:11.2,Bpos:5399.8,Bstd:12631.3,StrandBias:-0.3,Multiplicity:1.00
0.001	0.431	0.001	0.567
0.001	0.001	0.001	0.997
0.001	0.001	0.997	0.001
0.001	0.245	0.001	0.753
0.001	0.001	0.997	0.001
0.001	0.001	0.997	0.001
0.001	0.577	0.421	0.001
0.020	0.141	0.001	0.838
0.316	0.001	0.106	0.577
0.296	0.052	0.279	0.373
0.001	0.187	0.648	0.164
0.231	0.302	0.251	0.215
>ATGGAATGGAAT	23-ATGGAATGGAAT	13.120575	-9.442098	0	T:9.0(0.14%),B:54.2(0.03%),P:1e-4	Tpos:26.6,Tstd:12.4,Bpos:15177.6,Bstd:8192.4,StrandBias:10.0,Multiplicity:1.11
0.967	0.001	0.031	0.001
0.027	0.001	0.001	0.971
0.001	0.001	0.997	0.001
0.001	0.034	0.922	0.043
0.997	0.001	0.001	0.001
0.997	0.001	0.001	0.001
0.029	0.001	0.001	0.969
0.001	0.050	0.920	0.029
0.001	0.043	0.913	0.043
0.997	0.001	0.001	0.001
0.997	0.001	0.001	0.001
0.065	0.024	0.001	0.910
>AWNNKHTGTGGT	24-AWNNKHTGTGGT	9.222297	-1.150910	0	T:1.0(0.02%),B:12.5(0.01%),P:1e0	Tpos:8.0,Tstd:0.0,Bpos:16284.7,Bstd:25079.3,StrandBias:10.0,Multiplicity:1.00
0.454	0.200	0.119	0.227
0.374	0.158	0.213	0.255
0.307	0.260	0.190	0.242
0.213	0.186	0.312	0.289
0.107	0.224	0.378	0.291
0.325	0.305	0.055	0.315
0.235	0.065	0.072	0.628
0.001	0.101	0.897	0.001
0.116	0.001	0.082	0.801
0.001	0.001	0.944	0.054
0.001	0.019	0.979	0.001
0.064	0.101	0.111	0.724
>CCRCARASVBVN	25-CCRCARASVBVN	8.981279	-0.098145	0	T:1.0(0.02%),B:80.6(0.04%),P:1e0	Tpos:41.0,Tstd:0.0,Bpos:1603.8,Bstd:4193.4,StrandBias:-10.0,Multiplicity:1.00
0.001	0.993	0.001	0.005
0.001	0.997	0.001	0.001
0.551	0.001	0.447	0.001
0.001	0.991	0.007	0.001
0.991	0.001	0.007	0.001
0.433	0.001	0.565	0.001
0.509	0.358	0.106	0.027
0.184	0.366	0.325	0.126
0.275	0.274	0.311	0.140
0.174	0.339	0.229	0.259
0.237	0.323	0.274	0.166
0.248	0.278	0.255	0.220
>AAACCRCA	1-AAACCRCA	6.964561	-1238.503695	0	T:1925.0(30.59%),B:17625.3(8.32%),P:1e-537	Tpos:25.5,Tstd:11.8,Bpos:16365.2,Bstd:78973.3,StrandBias:-0.1,Multiplicity:1.08
0.637	0.153	0.038	0.172
0.636	0.021	0.269	0.074
0.862	0.047	0.090	0.001
0.001	0.997	0.001	0.001
0.001	0.997	0.001	0.001
0.483	0.001	0.487	0.028
0.001	0.997	0.001	0.001
0.846	0.027	0.022	0.105
>AACCRCAR	2-AACCRCAR	6.369277	-1081.274497	0	T:1343.0(21.34%),B:9494.7(4.48%),P:1e-469	Tpos:26.2,Tstd:12.9,Bpos:1941.5,Bstd:6797.3,StrandBias:-0.3,Multiplicity:1.00
0.479	0.167	0.232	0.122
0.676	0.134	0.172	0.018
0.069	0.852	0.047	0.032
0.072	0.802	0.083	0.043
0.384	0.077	0.454	0.085
0.020	0.804	0.078	0.098
0.658	0.088	0.136	0.118
0.384	0.143	0.346	0.127
>TARCCACA	3-TARCCACA	6.441004	-760.520864	0	T:1307.0(20.77%),B:12448.3(5.87%),P:1e-330	Tpos:24.7,Tstd:12.0,Bpos:5112.0,Bstd:12969.1,StrandBias:-0.2,Multiplicity:1.03
0.282	0.145	0.053	0.520
0.462	0.106	0.188	0.245
0.500	0.104	0.372	0.024
0.018	0.859	0.034	0.089
0.126	0.756	0.062	0.056
0.586	0.051	0.200	0.163
0.106	0.786	0.053	0.055
0.660	0.130	0.110	0.100
>ACCRCAGA	4-ACCRCAGA	7.765913	-358.159582	0	T:707.0(11.24%),B:7231.7(3.41%),P:1e-155	Tpos:24.9,Tstd:13.5,Bpos:4016.5,Bstd:23243.6,StrandBias:-0.3,Multiplicity:1.01
0.883	0.033	0.079	0.005
0.027	0.952	0.007	0.014
0.036	0.962	0.001	0.001
0.499	0.001	0.440	0.060
0.004	0.949	0.042	0.005
0.808	0.036	0.112	0.044
0.272	0.080	0.522	0.126
0.485	0.186	0.213	0.115
>CTGTGGTT	5-CTGTGGTT	8.657288	-353.069499	0	T:616.0(9.79%),B:5693.4(2.69%),P:1e-153	Tpos:24.6,Tstd:11.4,Bpos:2856.2,Bstd:7746.1,StrandBias:0.4,Multiplicity:1.00
0.156	0.499	0.266	0.078
0.075	0.001	0.001	0.923
0.001	0.001	0.997	0.001
0.148	0.150	0.001	0.701
0.001	0.001	0.997	0.001
0.001	0.001	0.997	0.001
0.001	0.088	0.089	0.822
0.115	0.199	0.060	0.626
>TGCGGTTA	6-TGCGGTTA	6.696670	-305.767733	0	T:469.0(7.45%),B:3850.6(1.82%),P:1e-132	Tpos:27.8,Tstd:10.4,Bpos:1608.7,Bstd:5056.5,StrandBias:0.0,Multiplicity:1.00
0.180	0.129	0.253	0.438
0.224	0.039	0.689	0.048
0.143	0.548	0.001	0.308
0.001	0.001	0.892	0.106
0.001	0.026	0.972	0.001
0.039	0.192	0.008	0.761
0.207	0.041	0.166	0.586
0.547	0.001	0.275	0.177
>AAACCACA	7-AAACCACA	8.512415	-302.560571	0	T:794.0(12.62%),B:9880.3(4.66%),P:1e-131	Tpos:25.7,Tstd:12.0,Bpos:5476.2,Bstd:15704.2,StrandBias:-0.1,Multiplicity:1.01
0.795	0.001	0.003	0.201
0.997	0.001	0.001	0.001
0.731	0.267	0.001	0.001
0.001	0.997	0.001	0.001
0.001	0.997	0.001	0.001
0.840	0.001	0.001	0.158
0.001	0.997	0.001	0.001
0.431	0.257	0.110	0.202
>GTGGTTTY	8-GTGGTTTY	9.981650	-198.393908	0	T:477.0(7.58%),B:5540.1(2.61%),P:1e-86	Tpos:25.0,Tstd:13.5,Bpos:3876.0,Bstd:10679.6,StrandBias:-0.6,Multiplicity:1.02
0.001	0.001	0.997	0.001
0.001	0.001	0.001	0.997
0.001	0.001	0.997	0.001
0.001	0.001	0.997	0.001
0.001	0.001	0.001	0.997
0.001	0.001	0.001	0.997
0.001	0.001	0.001	0.997
0.093	0.337	0.174	0.395
>BTAACCAC	9-BTAACCAC	8.346556	-143.414475	0	T:248.0(3.94%),B:2247.0(1.06%),P:1e-62	Tpos:24.3,Tstd:13.4,Bpos:4736.8,Bstd:11502.4,StrandBias:-0.2,Multiplicity:1.02
0.141	0.330	0.200	0.330
0.265	0.110	0.016	0.609
0.542	0.122	0.139	0.197
0.845	0.013	0.141	0.001
0.001	0.989	0.001	0.009
0.014	0.967	0.018	0.001
0.762	0.014	0.189	0.035
0.029	0.959	0.006	0.006
>ACCACAGG	10-ACCACAGG	9.584000	-119.773559	0	T:402.0(6.39%),B:5661.1(2.67%),P:1e-52	Tpos:28.4,Tstd:13.5,Bpos:66435.6,Bstd:172892.0,StrandBias:-0.5,Multiplicity:1.00
0.997	0.001	0.001	0.001
0.001	0.997	0.001	0.001
0.001	0.997	0.001	0.001
0.997	0.001	0.001	0.001
0.001	0.997	0.001	0.001
0.997	0.001	0.001	0.001
0.258	0.001	0.740	0.001
0.001	0.001	0.875	0.123
>ACCACAAA	11-ACCACAAA	10.820382	-105.112703	0	T:246.0(3.91%),B:2795.3(1.32%),P:1e-45	Tpos:24.4,Tstd:14.0,Bpos:7902.1,Bstd:42461.8,StrandBias:-0.6,Multiplicity:1.03
0.997	0.001	0.001	0.001
0.001	0.997	0.001	0.001
0.001	0.997	0.001	0.001
0.997	0.001	0.001	0.001
0.001	0.997	0.001	0.001
0.997	0.001	0.001	0.001
0.932	0.001	0.001	0.066
0.834	0.001	0.001	0.164
>GGAAGTGG	12-GGAAGTGG	10.427564	-52.813404	0	T:309.0(4.91%),B:5555.7(2.62%),P:1e-22	Tpos:24.1,Tstd:14.9,Bpos:4302.9,Bstd:20670.0,StrandBias:0.5,Multiplicity:1.00
0.001	0.001	0.997	0.001
0.001	0.001	0.997	0.001
0.997	0.001	0.001	0.001
0.738	0.001	0.001	0.260
0.001	0.001	0.997	0.001
0.001	0.001	0.001	0.997
0.075	0.001	0.840	0.084
0.001	0.102	0.844	0.053
>ACCACADC	13-ACCACADC	8.521872	-51.425375	0	T:240.0(3.81%),B:3952.1(1.86%),P:1e-22	Tpos:26.9,Tstd:14.0,Bpos:4177.9,Bstd:11106.9,StrandBias:-0.2,Multiplicity:1.00
0.997	0.001	0.001	0.001
0.001	0.997	0.001	0.001
0.189	0.809	0.001	0.001
0.806	0.002	0.191	0.001
0.001	0.809	0.189	0.001
0.997	0.001	0.001	0.001
0.316	0.002	0.283	0.399
0.192	0.464	0.164	0.180
>AGGAAGTG	14-AGGAAGTG	10.439483	-46.925525	0	T:271.0(4.31%),B:4853.9(2.29%),P:1e-20	Tpos:25.8,Tstd:11.9,Bpos:3315.3,Bstd:8772.4,StrandBias:-0.1,Multiplicity:1.01
0.781	0.075	0.143	0.001
0.001	0.001	0.997	0.001
0.001	0.001	0.997	0.001
0.997	0.001	0.001	0.001
0.953	0.001	0.001	0.045
0.081	0.033	0.885	0.001
0.020	0.014	0.001	0.965
0.062	0.048	0.828	0.062
>CTGTGGTC	15-CTGTGGTC	10.415141	-41.949984	0	T:225.0(3.58%),B:3925.6(1.85%),P:1e-18	Tpos:26.5,Tstd:12.9,Bpos:2970.8,Bstd:7678.7,StrandBias:-0.2,Multiplicity:1.00
0.134	0.692	0.001	0.173
0.001	0.001	0.001	0.997
0.001	0.001	0.997	0.001
0.001	0.001	0.001	0.997
0.001	0.001	0.997	0.001
0.001	0.001	0.997	0.001
0.001	0.001	0.001	0.997
0.249	0.749	0.001	0.001
>SAGGAAGT	16-SAGGAAGT	7.575178	-23.145105	0	T:658.0(10.46%),B:17229.9(8.13%),P:1e-10	Tpos:24.1,Tstd:13.1,Bpos:3608.4,Bstd:22629.1,StrandBias:0.1,Multiplicity:1.02
0.220	0.446	0.326	0.007
0.484	0.271	0.228	0.017
0.045	0.015	0.928	0.012
0.001	0.001	0.984	0.014
0.954	0.018	0.001	0.027
0.884	0.011	0.001	0.104
0.196	0.097	0.706	0.001
0.012	0.221	0.031	0.736
>TTGCGYAA	17-TTGCGYAA	8.077315	-2.769309	0	T:20.0(0.32%),B:456.1(0.22%),P:1e-1	Tpos:25.1,Tstd:13.0,Bpos:1874.3,Bstd:6740.1,StrandBias:-0.2,Multiplicity:1.00
0.011	0.014	0.001	0.974
0.056	0.001	0.028	0.915
0.177	0.088	0.492	0.243
0.092	0.794	0.001	0.113
0.260	0.117	0.543	0.080
0.129	0.434	0.134	0.304
0.869	0.115	0.015	0.001
0.984	0.001	0.001	0.014
>TGCGGTSG	18-TGCGGTSG	9.298670	-2.002888	0	T:118.0(1.88%),B:3571.2(1.68%),P:1e0	Tpos:26.4,Tstd:11.2,Bpos:2377.1,Bstd:7186.9,StrandBias:0.1,Multiplicity:1.00
0.001	0.003	0.134	0.862
0.001	0.132	0.866	0.001
0.007	0.858	0.133	0.002
0.001	0.001	0.997	0.001
0.001	0.001	0.866	0.132
0.001	0.001	0.001	0.997
0.001	0.354	0.502	0.143
0.135	0.002	0.854	0.009
>CACCACAA	19-CACCACAA	10.885399	-0.632213	0	T:79.0(1.26%),B:2673.6(1.26%),P:1e0	Tpos:29.0,Tstd:11.4,Bpos:5152.0,Bstd:21231.5,StrandBias:0.7,Multiplicity:1.00
0.001	0.832	0.001	0.166
0.997	0.001	0.001	0.001
0.001	0.997	0.001	0.001
0.001	0.997	0.001	0.001
0.997	0.001	0.001	0.001
0.001	0.997	0.001	0.001
0.997	0.001	0.001	0.001
0.997	0.001	0.001	0.001
>TTCCTCTT	20-TTCCTCTT	10.466016	-0.052058	0	T:155.0(2.46%),B:5926.1(2.80%),P:1e0	Tpos:24.8,Tstd:12.1,Bpos:4631.5,Bstd:11798.0,StrandBias:-1.0,Multiplicity:1.00
0.001	0.001	0.001	0.997
0.001	0.001	0.001	0.997
0.001	0.997	0.001	0.001
0.001	0.997	0.001	0.001
0.001	0.001	0.001	0.997
0.001	0.997	0.001	0.001
0.001	0.001	0.001	0.997
0.048	0.238	0.167	0.547
>DACCACAY	21-DACCACAY	9.524008	-0.041214	0	T:31.0(0.49%),B:1397.0(0.66%),P:1e0	Tpos:28.8,Tstd:9.4,Bpos:7256.8,Bstd:14032.3,StrandBias:0.3,Multiplicity:1.00
0.288	0.004	0.287	0.421
0.997	0.001	0.001	0.001
0.001	0.997	0.001	0.001
0.001	0.997	0.001	0.001
0.997	0.001	0.001	0.001
0.001	0.997	0.001	0.001
0.997	0.001	0.001	0.001
0.003	0.370	0.122	0.505
>TCACTTCC	22-TCACTTCC	10.098321	-0.029029	0	T:96.0(1.53%),B:3893.6(1.84%),P:1e0	Tpos:21.2,Tstd:12.2,Bpos:4515.1,Bstd:10722.0,StrandBias:-0.4,Multiplicity:1.00
0.036	0.290	0.070	0.604
0.069	0.833	0.058	0.040
0.990	0.001	0.008	0.001
0.001	0.780	0.092	0.127
0.001	0.001	0.001	0.997
0.004	0.001	0.001	0.994
0.001	0.997	0.001	0.001
0.001	0.966	0.001	0.032
>TGTGGTAS	23-TGTGGTAS	9.028054	-0.003787	0	T:36.0(0.57%),B:1827.0(0.86%),P:1e0	Tpos:25.6,Tstd:11.2,Bpos:4789.6,Bstd:10958.7,StrandBias:0.5,Multiplicity:1.00
0.003	0.001	0.180	0.816
0.001	0.001	0.997	0.001
0.179	0.001	0.001	0.819
0.179	0.001	0.819	0.001
0.001	0.001	0.997	0.001
0.001	0.001	0.003	0.995
0.522	0.287	0.001	0.190
0.183	0.363	0.450	0.004
>YRKTTCCT	24-YRKTTCCT	8.968752	-0.000001	0	T:17.0(0.27%),B:1517.8(0.72%),P:1e0	Tpos:29.8,Tstd:14.1,Bpos:2640.9,Bstd:18677.9,StrandBias:1.3,Multiplicity:1.00
0.064	0.476	0.003	0.457
0.460	0.001	0.538	0.001
0.001	0.066	0.456	0.476
0.001	0.001	0.001	0.997
0.001	0.001	0.001	0.997
0.001	0.997	0.001	0.001
0.001	0.997	0.001	0.001
0.001	0.003	0.001	0.995
>AGAGGAAG	25-AGAGGAAG	7.752275	-0.000000	0	T:650.0(10.33%),B:26154.8(12.34%),P:1e0	Tpos:24.8,Tstd:13.2,Bpos:3803.5,Bstd:13578.2,StrandBias:-0.1,Multiplicity:1.02
0.833	0.001	0.093	0.073
0.012	0.254	0.705	0.029
0.891	0.036	0.072	0.001
0.001	0.001	0.997	0.001
0.001	0.001	0.997	0.001
0.997	0.001	0.001	0.001
0.984	0.001	0.001	0.014
0.163	0.042	0.794	0.001
