>AAGRGGAAGT	1-AAGRGGAAGT	9.495741	-204.993084	0	T:592.0(3.84%),B:2390.5(1.39%),P:1e-89	Tpos:50.1,Tstd:24.8,Bpos:2106.2,Bstd:5007.7,StrandBias:0.1,Multiplicity:1.07
0.677	0.068	0.185	0.070
0.692	0.009	0.172	0.127
0.152	0.173	0.669	0.006
0.470	0.102	0.379	0.049
0.077	0.002	0.917	0.004
0.042	0.011	0.944	0.003
0.976	0.017	0.001	0.006
0.988	0.004	0.001	0.007
0.041	0.117	0.828	0.014
0.025	0.120	0.013	0.842
>AGRGGAAGTG	2-AGRGGAAGTG	9.611254	-135.336785	0	T:375.0(2.43%),B:1475.1(0.86%),P:1e-58	Tpos:51.7,Tstd:27.1,Bpos:1311.7,Bstd:3920.6,StrandBias:-0.4,Multiplicity:1.03
0.533	0.001	0.271	0.195
0.208	0.264	0.527	0.001
0.443	0.217	0.339	0.001
0.001	0.001	0.997	0.001
0.001	0.001	0.997	0.001
0.965	0.033	0.001	0.001
0.997	0.001	0.001	0.001
0.160	0.076	0.763	0.001
0.001	0.235	0.181	0.583
0.186	0.085	0.537	0.192
>GAGGAAGTGH	3-GAGGAAGTGH	9.715268	-64.929344	0	T:136.0(0.88%),B:444.6(0.26%),P:1e-28	Tpos:53.8,Tstd:28.1,Bpos:3082.7,Bstd:6848.9,StrandBias:0.5,Multiplicity:1.02
0.177	0.249	0.526	0.048
0.482	0.170	0.314	0.034
0.001	0.001	0.997	0.001
0.034	0.001	0.964	0.001
0.897	0.067	0.001	0.035
0.930	0.001	0.001	0.068
0.147	0.111	0.741	0.001
0.001	0.214	0.201	0.584
0.166	0.117	0.683	0.034
0.345	0.206	0.186	0.263
>CTTCCYCYYT	4-CTTCCYCYYT	8.843032	-45.243246	0	T:332.0(2.15%),B:2072.1(1.21%),P:1e-19	Tpos:48.6,Tstd:27.0,Bpos:2246.9,Bstd:5094.0,StrandBias:0.0,Multiplicity:1.02
0.041	0.821	0.077	0.061
0.107	0.088	0.025	0.780
0.025	0.070	0.028	0.877
0.004	0.881	0.044	0.071
0.002	0.982	0.015	0.001
0.001	0.479	0.173	0.348
0.021	0.553	0.125	0.301
0.081	0.513	0.001	0.405
0.186	0.299	0.135	0.380
0.213	0.252	0.076	0.459
>YGWCACTTCC	5-YGWCACTTCC	11.014834	-20.218876	0	T:151.0(0.98%),B:965.7(0.56%),P:1e-8	Tpos:54.2,Tstd:28.1,Bpos:1522.0,Bstd:3992.0,StrandBias:-0.5,Multiplicity:1.00
0.001	0.483	0.001	0.515
0.001	0.153	0.523	0.323
0.434	0.001	0.001	0.564
0.001	0.997	0.001	0.001
0.736	0.087	0.176	0.001
0.001	0.997	0.001	0.001
0.146	0.001	0.001	0.852
0.001	0.001	0.001	0.997
0.001	0.997	0.001	0.001
0.001	0.997	0.001	0.001
>CACYAGRTGG	6-CACYAGRTGG	9.755492	-19.219965	0	T:328.0(2.13%),B:2571.9(1.50%),P:1e-8	Tpos:51.3,Tstd:25.8,Bpos:1511.2,Bstd:4956.8,StrandBias:-0.0,Multiplicity:1.01
0.040	0.958	0.001	0.001
0.858	0.001	0.140	0.001
0.001	0.613	0.365	0.021
0.133	0.365	0.001	0.501
0.997	0.001	0.001	0.001
0.081	0.066	0.852	0.001
0.520	0.001	0.474	0.005
0.083	0.001	0.324	0.592
0.001	0.001	0.997	0.001
0.063	0.001	0.767	0.169
>BACACTTCCY	7-BACACTTCCY	7.677310	-16.841106	0	T:48.0(0.31%),B:205.9(0.12%),P:1e-7	Tpos:53.9,Tstd:20.0,Bpos:1938.1,Bstd:4540.0,StrandBias:-1.1,Multiplicity:1.00
0.062	0.358	0.296	0.285
0.386	0.195	0.197	0.221
0.006	0.859	0.044	0.091
0.657	0.159	0.132	0.052
0.146	0.460	0.156	0.238
0.155	0.215	0.190	0.441
0.078	0.144	0.130	0.648
0.041	0.589	0.365	0.005
0.129	0.861	0.001	0.009
0.193	0.311	0.101	0.396
>ABCAGGTGRC	8-ABCAGGTGRC	9.777223	-8.058704	0	T:65.0(0.42%),B:444.6(0.26%),P:1e-3	Tpos:51.8,Tstd:25.1,Bpos:1252.6,Bstd:3458.7,StrandBias:-0.1,Multiplicity:1.00
0.616	0.252	0.112	0.020
0.160	0.297	0.333	0.209
0.040	0.877	0.071	0.012
0.927	0.004	0.007	0.062
0.016	0.206	0.496	0.283
0.186	0.033	0.778	0.003
0.003	0.009	0.044	0.944
0.003	0.009	0.975	0.013
0.365	0.097	0.382	0.156
0.022	0.743	0.140	0.095
>YGTGTGTGYG	9-YGTGTGTGYG	9.200020	-1.689722	0	T:123.0(0.80%),B:1253.8(0.73%),P:1e0	Tpos:54.4,Tstd:24.1,Bpos:1540.3,Bstd:5242.7,StrandBias:0.2,Multiplicity:1.15
0.127	0.454	0.001	0.418
0.368	0.018	0.613	0.001
0.001	0.291	0.001	0.707
0.345	0.001	0.653	0.001
0.001	0.362	0.001	0.636
0.194	0.001	0.804	0.001
0.001	0.314	0.001	0.684
0.379	0.001	0.619	0.001
0.001	0.499	0.001	0.499
0.307	0.009	0.680	0.004
>RCACGTGNCN	10-RCACGTGNCN	7.761425	-0.911312	0	T:8.0(0.05%),B:77.1(0.04%),P:1e0	Tpos:53.8,Tstd:14.1,Bpos:1396.8,Bstd:5780.8,StrandBias:2.8,Multiplicity:1.00
0.298	0.187	0.341	0.174
0.012	0.843	0.136	0.009
0.896	0.018	0.058	0.028
0.057	0.486	0.218	0.239
0.165	0.214	0.607	0.014
0.003	0.043	0.031	0.923
0.006	0.111	0.857	0.026
0.217	0.282	0.229	0.272
0.170	0.477	0.140	0.213
0.233	0.237	0.277	0.253
>ACTTCCCTYC	11-ACTTCCCTYC	8.866972	-0.826756	0	T:25.0(0.16%),B:265.8(0.15%),P:1e0	Tpos:50.3,Tstd:26.9,Bpos:1715.0,Bstd:6036.0,StrandBias:1.4,Multiplicity:1.00
0.536	0.245	0.187	0.032
0.020	0.785	0.025	0.170
0.084	0.165	0.078	0.673
0.254	0.034	0.129	0.583
0.024	0.845	0.125	0.006
0.306	0.648	0.044	0.002
0.192	0.512	0.019	0.277
0.115	0.312	0.071	0.502
0.014	0.475	0.044	0.467
0.131	0.613	0.086	0.170
>HBDCACDTGB	12-HBDCACDTGB	7.146311	-0.661702	0	T:29.0(0.19%),B:321.0(0.19%),P:1e0	Tpos:57.9,Tstd:27.7,Bpos:1707.2,Bstd:3649.6,StrandBias:0.5,Multiplicity:1.00
0.350	0.206	0.196	0.247
0.079	0.321	0.227	0.372
0.407	0.001	0.301	0.291
0.001	0.997	0.001	0.001
0.997	0.001	0.001	0.001
0.001	0.520	0.214	0.265
0.245	0.171	0.323	0.260
0.069	0.215	0.001	0.715
0.009	0.349	0.641	0.001
0.129	0.346	0.221	0.304
>CACRCACACA	13-CACRCACACA	9.981464	-0.413787	0	T:380.0(2.46%),B:4320.8(2.51%),P:1e0	Tpos:52.8,Tstd:27.7,Bpos:2316.7,Bstd:7351.0,StrandBias:-0.2,Multiplicity:1.14
0.013	0.983	0.001	0.003
0.746	0.001	0.252	0.001
0.001	0.616	0.001	0.382
0.515	0.001	0.483	0.001
0.001	0.834	0.001	0.164
0.849	0.001	0.149	0.001
0.001	0.643	0.001	0.355
0.600	0.001	0.398	0.001
0.001	0.700	0.001	0.298
0.797	0.001	0.201	0.001
>ACCACATTDC	14-ACCACATTDC	11.801440	-0.351388	0	T:8.0(0.05%),B:103.5(0.06%),P:1e0	Tpos:57.0,Tstd:31.8,Bpos:4186.7,Bstd:7973.1,StrandBias:-0.7,Multiplicity:1.00
0.997	0.001	0.001	0.001
0.001	0.997	0.001	0.001
0.001	0.997	0.001	0.001
0.997	0.001	0.001	0.001
0.001	0.997	0.001	0.001
0.997	0.001	0.001	0.001
0.001	0.373	0.001	0.625
0.001	0.179	0.261	0.559
0.257	0.001	0.370	0.372
0.001	0.997	0.001	0.001
>CRCACACACR	15-CRCACACACR	9.451441	-0.325514	0	T:362.0(2.35%),B:4156.6(2.42%),P:1e0	Tpos:46.4,Tstd:28.1,Bpos:2811.1,Bstd:6872.3,StrandBias:-0.5,Multiplicity:1.07
0.001	0.714	0.001	0.284
0.550	0.001	0.402	0.047
0.001	0.732	0.001	0.266
0.730	0.001	0.268	0.001
0.001	0.916	0.001	0.082
0.780	0.001	0.218	0.001
0.001	0.667	0.001	0.331
0.637	0.001	0.361	0.001
0.001	0.582	0.001	0.416
0.540	0.001	0.458	0.001
>CACATATGCA	16-CACATATGCA	10.527705	-0.317115	0	T:107.0(0.69%),B:1261.5(0.73%),P:1e0	Tpos:48.3,Tstd:23.9,Bpos:5498.4,Bstd:14847.6,StrandBias:0.2,Multiplicity:1.09
0.001	0.997	0.001	0.001
0.997	0.001	0.001	0.001
0.001	0.997	0.001	0.001
0.997	0.001	0.001	0.001
0.001	0.318	0.001	0.680
0.837	0.001	0.161	0.001
0.001	0.160	0.001	0.838
0.153	0.001	0.845	0.001
0.001	0.997	0.001	0.001
0.997	0.001	0.001	0.001
>NHRYRYGTGN	17-NHRYRYGTGN	6.542379	-0.267986	0	T:85.0(0.55%),B:1021.1(0.59%),P:1e0	Tpos:43.6,Tstd:25.9,Bpos:862.3,Bstd:3250.4,StrandBias:-0.3,Multiplicity:1.11
0.278	0.219	0.302	0.201
0.293	0.204	0.170	0.334
0.294	0.014	0.436	0.255
0.034	0.385	0.055	0.526
0.447	0.030	0.499	0.024
0.019	0.456	0.082	0.443
0.128	0.084	0.693	0.095
0.063	0.081	0.086	0.770
0.064	0.061	0.796	0.079
0.191	0.298	0.215	0.296
>NCACACWTGC	18-NCACACWTGC	9.641143	-0.152212	0	T:18.0(0.12%),B:253.6(0.15%),P:1e0	Tpos:56.5,Tstd:21.0,Bpos:2896.0,Bstd:8624.3,StrandBias:0.6,Multiplicity:1.00
0.266	0.217	0.283	0.234
0.037	0.541	0.039	0.383
0.655	0.008	0.095	0.242
0.059	0.872	0.040	0.029
0.825	0.072	0.082	0.021
0.030	0.867	0.060	0.043
0.545	0.032	0.021	0.402
0.045	0.080	0.066	0.809
0.061	0.293	0.641	0.005
0.054	0.830	0.062	0.054
>TGTGTGTGTG	19-TGTGTGTGTG	8.636463	-0.132404	0	T:279.0(1.81%),B:3329.4(1.94%),P:1e0	Tpos:46.8,Tstd:27.4,Bpos:1199.3,Bstd:6023.1,StrandBias:-1.7,Multiplicity:1.00
0.074	0.251	0.157	0.518
0.260	0.056	0.489	0.196
0.058	0.267	0.063	0.612
0.191	0.031	0.777	0.001
0.001	0.316	0.029	0.654
0.284	0.001	0.714	0.001
0.001	0.157	0.047	0.795
0.236	0.059	0.704	0.001
0.120	0.312	0.057	0.511
0.262	0.112	0.547	0.079
>RCACACACAC	20-RCACACACAC	9.649139	-0.124005	0	T:242.0(1.57%),B:2909.6(1.69%),P:1e0	Tpos:53.4,Tstd:25.4,Bpos:2323.2,Bstd:6072.2,StrandBias:-0.5,Multiplicity:1.11
0.450	0.001	0.379	0.170
0.001	0.777	0.001	0.221
0.761	0.001	0.237	0.001
0.001	0.625	0.001	0.373
0.610	0.001	0.388	0.001
0.001	0.769	0.001	0.229
0.737	0.001	0.261	0.001
0.001	0.748	0.001	0.250
0.578	0.001	0.383	0.038
0.001	0.595	0.165	0.239
>VNTGHSTCAY	21-VNTGHSTCAY	7.207109	-0.120492	0	T:16.0(0.10%),B:235.6(0.14%),P:1e0	Tpos:40.7,Tstd:19.8,Bpos:1958.1,Bstd:4957.0,StrandBias:0.0,Multiplicity:1.00
0.198	0.332	0.292	0.178
0.284	0.195	0.327	0.194
0.097	0.092	0.001	0.810
0.008	0.001	0.760	0.231
0.367	0.280	0.001	0.351
0.026	0.423	0.486	0.065
0.161	0.001	0.320	0.518
0.240	0.549	0.210	0.001
0.997	0.001	0.001	0.001
0.116	0.398	0.225	0.261
>NNRTGHSWSN	22-NNRTGHSWSN	6.017810	-0.006437	0	T:8.0(0.05%),B:190.5(0.11%),P:1e0	Tpos:39.6,Tstd:26.6,Bpos:2103.2,Bstd:6824.5,StrandBias:1.6,Multiplicity:1.00
0.274	0.254	0.239	0.233
0.225	0.290	0.290	0.195
0.304	0.247	0.448	0.001
0.001	0.001	0.001	0.997
0.001	0.145	0.853	0.001
0.320	0.250	0.050	0.380
0.001	0.508	0.490	0.001
0.378	0.001	0.181	0.439
0.001	0.484	0.514	0.001
0.297	0.259	0.204	0.239
>NCAYRTGCHN	23-NCAYRTGCHN	7.319721	-0.002222	0	T:15.0(0.10%),B:322.1(0.19%),P:1e0	Tpos:46.4,Tstd:25.4,Bpos:3278.5,Bstd:8047.2,StrandBias:0.8,Multiplicity:1.00
0.292	0.226	0.249	0.233
0.001	0.954	0.044	0.001
0.997	0.001	0.001	0.001
0.065	0.355	0.178	0.401
0.296	0.140	0.407	0.157
0.001	0.186	0.026	0.787
0.023	0.179	0.797	0.001
0.234	0.499	0.266	0.001
0.347	0.371	0.001	0.280
0.219	0.233	0.239	0.309
>VTGWSWVABG	24-VTGWSWVABG	6.849780	-0.000593	0	T:4.0(0.03%),B:157.2(0.09%),P:1e0	Tpos:56.2,Tstd:22.4,Bpos:1878.3,Bstd:6023.1,StrandBias:0.0,Multiplicity:1.00
0.322	0.296	0.351	0.030
0.070	0.079	0.085	0.766
0.067	0.086	0.816	0.031
0.424	0.125	0.038	0.413
0.041	0.460	0.469	0.031
0.417	0.050	0.062	0.471
0.297	0.277	0.399	0.027
0.728	0.080	0.124	0.068
0.027	0.359	0.238	0.376
0.234	0.220	0.401	0.145
>RGGAGGAAGK	25-RGGAGGAAGK	9.305452	-0.000217	0	T:71.0(0.46%),B:1178.7(0.69%),P:1e0	Tpos:56.1,Tstd:26.1,Bpos:1520.6,Bstd:5173.7,StrandBias:0.0,Multiplicity:1.01
0.396	0.039	0.397	0.168
0.282	0.001	0.481	0.237
0.280	0.235	0.439	0.047
0.554	0.043	0.381	0.022
0.011	0.001	0.960	0.028
0.065	0.020	0.913	0.002
0.744	0.146	0.071	0.039
0.866	0.035	0.029	0.070
0.001	0.091	0.877	0.031
0.075	0.019	0.456	0.450
>AAAGAGGAAGTG	1-AAAGAGGAAGTG	8.952825	-255.062544	0	T:744.0(4.82%),B:3027.6(1.76%),P:1e-110	Tpos:50.2,Tstd:24.9,Bpos:2334.6,Bstd:5390.6,StrandBias:0.1,Multiplicity:1.08
0.521	0.127	0.142	0.210
0.608	0.064	0.232	0.096
0.592	0.026	0.170	0.212
0.145	0.141	0.666	0.048
0.554	0.138	0.275	0.033
0.118	0.013	0.835	0.034
0.012	0.021	0.926	0.041
0.906	0.051	0.016	0.027
0.865	0.038	0.047	0.050
0.051	0.159	0.789	0.001
0.066	0.146	0.114	0.674
0.250	0.104	0.496	0.150
>CCACCAGGTGGC	2-CCACCAGGTGGC	11.115960	-86.545247	0	T:207.0(1.34%),B:741.1(0.43%),P:1e-37	Tpos:48.8,Tstd:23.9,Bpos:1117.7,Bstd:3636.5,StrandBias:-0.0,Multiplicity:1.00
0.123	0.739	0.090	0.048
0.068	0.875	0.056	0.001
0.873	0.044	0.064	0.019
0.056	0.715	0.191	0.038
0.075	0.705	0.029	0.191
0.835	0.018	0.001	0.146
0.001	0.019	0.941	0.039
0.337	0.057	0.605	0.001
0.001	0.021	0.170	0.808
0.001	0.001	0.997	0.001
0.028	0.001	0.820	0.151
0.083	0.899	0.001	0.017
>ACTACAAYTCCC	3-ACTACAAYTCCC	11.191462	-45.229201	0	T:214.0(1.39%),B:1132.6(0.66%),P:1e-19	Tpos:50.6,Tstd:24.5,Bpos:428.4,Bstd:1434.4,StrandBias:0.0,Multiplicity:1.06
0.852	0.076	0.071	0.001
0.093	0.860	0.046	0.001
0.049	0.127	0.059	0.765
0.778	0.086	0.058	0.078
0.046	0.952	0.001	0.001
0.736	0.120	0.143	0.001
0.457	0.244	0.104	0.195
0.063	0.477	0.077	0.384
0.064	0.021	0.034	0.881
0.077	0.911	0.001	0.011
0.001	0.952	0.046	0.001
0.001	0.952	0.001	0.046
>AGTTTCACTTCC	4-AGTTTCACTTCC	10.138917	-38.448971	0	T:55.0(0.36%),B:130.9(0.08%),P:1e-16	Tpos:46.2,Tstd:25.2,Bpos:2317.2,Bstd:5577.6,StrandBias:-0.8,Multiplicity:1.00
0.599	0.127	0.152	0.122
0.095	0.145	0.676	0.084
0.085	0.167	0.107	0.641
0.105	0.152	0.148	0.595
0.118	0.161	0.145	0.576
0.080	0.719	0.113	0.088
0.629	0.156	0.116	0.099
0.063	0.746	0.107	0.084
0.089	0.123	0.099	0.689
0.081	0.116	0.135	0.668
0.074	0.714	0.127	0.085
0.086	0.751	0.073	0.090
>GAGGAAGTGAGA	5-GAGGAAGTGAGA	14.991080	-20.564816	0	T:17.0(0.11%),B:20.9(0.01%),P:1e-8	Tpos:51.2,Tstd:31.6,Bpos:2087.8,Bstd:3708.0,StrandBias:1.0,Multiplicity:1.00
0.252	0.001	0.681	0.066
0.679	0.001	0.319	0.001
0.001	0.001	0.997	0.001
0.001	0.001	0.997	0.001
0.997	0.001	0.001	0.001
0.997	0.001	0.001	0.001
0.001	0.001	0.997	0.001
0.001	0.001	0.001	0.997
0.001	0.001	0.997	0.001
0.595	0.063	0.341	0.001
0.179	0.001	0.719	0.101
0.997	0.001	0.001	0.001
>ACWTCTGCYTTY	6-ACWTCTGCYTTY	10.767687	-20.050145	0	T:13.0(0.08%),B:9.5(0.01%),P:1e-8	Tpos:60.1,Tstd:23.6,Bpos:2888.9,Bstd:2835.8,StrandBias:0.7,Multiplicity:1.00
0.532	0.220	0.247	0.001
0.019	0.843	0.104	0.034
0.464	0.001	0.001	0.534
0.001	0.023	0.299	0.677
0.001	0.767	0.176	0.056
0.008	0.269	0.001	0.722
0.001	0.234	0.764	0.001
0.085	0.689	0.019	0.207
0.148	0.316	0.147	0.389
0.176	0.192	0.049	0.583
0.058	0.094	0.290	0.558
0.137	0.473	0.003	0.386
>CATGASWCAGCA	7-CATGASWCAGCA	9.717141	-14.282369	0	T:32.0(0.21%),B:119.0(0.07%),P:1e-6	Tpos:54.4,Tstd:25.8,Bpos:2721.1,Bstd:4872.3,StrandBias:1.2,Multiplicity:1.12
0.061	0.559	0.303	0.077
0.654	0.119	0.117	0.110
0.098	0.116	0.134	0.652
0.083	0.128	0.693	0.096
0.643	0.095	0.137	0.125
0.081	0.494	0.371	0.054
0.539	0.015	0.031	0.415
0.071	0.712	0.137	0.080
0.700	0.097	0.091	0.112
0.109	0.105	0.681	0.105
0.077	0.753	0.111	0.059
0.506	0.328	0.080	0.086
>SYCCCAGGGGAC	8-SYCCCAGGGGAC	11.272982	-12.697404	0	T:181.0(1.17%),B:1384.6(0.81%),P:1e-5	Tpos:49.9,Tstd:25.2,Bpos:1858.1,Bstd:6691.3,StrandBias:0.1,Multiplicity:1.01
0.110	0.329	0.377	0.184
0.187	0.417	0.001	0.395
0.001	0.997	0.001	0.001
0.001	0.733	0.001	0.265
0.001	0.997	0.001	0.001
0.589	0.001	0.001	0.409
0.313	0.001	0.653	0.033
0.001	0.001	0.997	0.001
0.001	0.001	0.997	0.001
0.001	0.001	0.997	0.001
0.997	0.001	0.001	0.001
0.207	0.434	0.233	0.127
>AGGGGAATTCCC	9-AGGGGAATTCCC	10.516470	-11.817883	0	T:37.0(0.24%),B:171.2(0.10%),P:1e-5	Tpos:55.8,Tstd:24.6,Bpos:2969.1,Bstd:6410.4,StrandBias:0.4,Multiplicity:1.00
0.677	0.089	0.120	0.114
0.097	0.064	0.761	0.078
0.059	0.066	0.822	0.053
0.058	0.060	0.814	0.068
0.100	0.081	0.760	0.059
0.722	0.102	0.103	0.073
0.684	0.109	0.098	0.109
0.121	0.102	0.130	0.647
0.062	0.090	0.091	0.757
0.049	0.772	0.088	0.091
0.081	0.816	0.054	0.049
0.089	0.768	0.059	0.084
>CAGCAGGWGGCA	10-CAGCAGGWGGCA	13.289854	-8.653470	0	T:17.0(0.11%),B:61.5(0.04%),P:1e-3	Tpos:61.8,Tstd:28.1,Bpos:2080.8,Bstd:4618.2,StrandBias:2.0,Multiplicity:1.00
0.102	0.771	0.092	0.035
0.865	0.008	0.098	0.029
0.052	0.175	0.711	0.062
0.105	0.703	0.136	0.056
0.928	0.001	0.001	0.070
0.056	0.040	0.812	0.092
0.220	0.050	0.666	0.064
0.345	0.001	0.212	0.442
0.101	0.032	0.767	0.100
0.058	0.060	0.803	0.079
0.063	0.841	0.088	0.008
0.920	0.001	0.076	0.003
>GGAARKBCMCTD	11-GGAARKBCMCTD	9.990666	-8.611221	0	T:33.0(0.21%),B:173.6(0.10%),P:1e-3	Tpos:54.3,Tstd:23.3,Bpos:2323.7,Bstd:5830.8,StrandBias:0.2,Multiplicity:1.00
0.001	0.001	0.997	0.001
0.001	0.176	0.822	0.001
0.795	0.001	0.203	0.001
0.970	0.001	0.028	0.001
0.510	0.001	0.369	0.120
0.101	0.196	0.391	0.312
0.141	0.350	0.239	0.269
0.350	0.648	0.001	0.001
0.494	0.504	0.001	0.001
0.001	0.997	0.001	0.001
0.262	0.224	0.080	0.434
0.200	0.184	0.277	0.339
>ACGTGGCACVTG	12-ACGTGGCACVTG	11.756721	-4.334427	0	T:19.0(0.12%),B:114.3(0.07%),P:1e-1	Tpos:55.3,Tstd:17.2,Bpos:1831.8,Bstd:4539.5,StrandBias:1.0,Multiplicity:1.00
0.949	0.042	0.008	0.001
0.146	0.616	0.051	0.187
0.017	0.067	0.899	0.017
0.086	0.001	0.001	0.912
0.001	0.049	0.821	0.129
0.150	0.097	0.704	0.049
0.001	0.992	0.006	0.001
0.979	0.019	0.001	0.001
0.060	0.668	0.211	0.061
0.281	0.351	0.330	0.039
0.048	0.001	0.001	0.950
0.098	0.135	0.722	0.045
>ATGTGACATGCA	13-ATGTGACATGCA	10.822315	-3.312887	0	T:2.0(0.01%),B:2.1(0.00%),P:1e-1	Tpos:7.0,Tstd:1.0,Bpos:8271.5,Bstd:4562.1,StrandBias:0.0,Multiplicity:1.00
0.600	0.108	0.228	0.064
0.097	0.099	0.149	0.655
0.070	0.082	0.707	0.141
0.151	0.066	0.098	0.685
0.069	0.129	0.729	0.073
0.558	0.178	0.179	0.085
0.214	0.470	0.031	0.284
0.564	0.096	0.250	0.090
0.113	0.081	0.123	0.683
0.065	0.104	0.765	0.066
0.090	0.751	0.084	0.075
0.614	0.197	0.077	0.112
>CACTTCCCTCTT	14-CACTTCCCTCTT	14.551687	-2.416288	0	T:4.0(0.03%),B:17.1(0.01%),P:1e-1	Tpos:44.5,Tstd:34.2,Bpos:3448.8,Bstd:8092.4,StrandBias:0.0,Multiplicity:1.00
0.001	0.997	0.001	0.001
0.633	0.365	0.001	0.001
0.001	0.997	0.001	0.001
0.001	0.001	0.001	0.997
0.001	0.001	0.001	0.997
0.001	0.997	0.001	0.001
0.001	0.997	0.001	0.001
0.001	0.579	0.001	0.419
0.001	0.125	0.001	0.873
0.001	0.997	0.001	0.001
0.216	0.135	0.001	0.648
0.001	0.385	0.001	0.613
>CACACACACACA	15-CACACACACACA	10.127606	-2.344477	0	T:300.0(1.94%),B:3082.0(1.79%),P:1e-1	Tpos:48.7,Tstd:25.4,Bpos:1963.0,Bstd:4948.8,StrandBias:0.1,Multiplicity:1.18
0.084	0.664	0.014	0.238
0.581	0.081	0.248	0.090
0.045	0.703	0.052	0.200
0.604	0.020	0.333	0.043
0.001	0.745	0.042	0.212
0.624	0.013	0.346	0.017
0.014	0.590	0.066	0.330
0.674	0.028	0.297	0.001
0.010	0.744	0.027	0.219
0.593	0.001	0.356	0.050
0.040	0.740	0.055	0.165
0.621	0.093	0.210	0.076
>CATBATGYVACA	16-CATBATGYVACA	7.795240	-2.223187	0	T:19.0(0.12%),B:151.7(0.09%),P:1e0	Tpos:48.6,Tstd:20.0,Bpos:3332.3,Bstd:5398.7,StrandBias:0.8,Multiplicity:1.00
0.178	0.573	0.178	0.071
0.576	0.209	0.070	0.145
0.065	0.250	0.230	0.456
0.078	0.319	0.295	0.308
0.453	0.189	0.221	0.137
0.123	0.092	0.183	0.602
0.029	0.113	0.801	0.057
0.082	0.321	0.154	0.444
0.346	0.344	0.236	0.075
0.564	0.202	0.139	0.095
0.065	0.757	0.138	0.040
0.435	0.218	0.084	0.263
>YGTGTGTGTGTG	17-YGTGTGTGTGTG	12.413929	-1.719392	0	T:216.0(1.40%),B:2248.1(1.31%),P:1e0	Tpos:51.1,Tstd:26.4,Bpos:3023.6,Bstd:9342.3,StrandBias:-0.6,Multiplicity:1.06
0.030	0.398	0.025	0.547
0.278	0.001	0.720	0.001
0.001	0.249	0.001	0.749
0.220	0.001	0.778	0.001
0.001	0.414	0.001	0.584
0.163	0.001	0.835	0.001
0.001	0.268	0.001	0.730
0.075	0.001	0.923	0.001
0.017	0.271	0.001	0.711
0.264	0.001	0.734	0.001
0.001	0.101	0.001	0.897
0.192	0.001	0.806	0.001
>CAYGTGCHCMAA	18-CAYGTGCHCMAA	10.261306	-1.674850	0	T:53.0(0.34%),B:514.9(0.30%),P:1e0	Tpos:50.3,Tstd:24.4,Bpos:1433.2,Bstd:3772.6,StrandBias:0.2,Multiplicity:1.00
0.001	0.786	0.212	0.001
0.704	0.294	0.001	0.001
0.001	0.541	0.001	0.457
0.001	0.012	0.986	0.001
0.001	0.001	0.001	0.997
0.001	0.001	0.997	0.001
0.058	0.825	0.116	0.001
0.308	0.216	0.143	0.333
0.044	0.549	0.363	0.044
0.262	0.401	0.087	0.250
0.611	0.267	0.079	0.043
0.652	0.199	0.057	0.092
>GTGTGTGTGTGT	19-GTGTGTGTGTGT	11.207339	-1.477456	0	T:225.0(1.46%),B:2374.1(1.38%),P:1e0	Tpos:54.3,Tstd:25.3,Bpos:2237.3,Bstd:5890.4,StrandBias:0.5,Multiplicity:1.25
0.188	0.020	0.780	0.012
0.032	0.231	0.017	0.720
0.126	0.015	0.830	0.029
0.009	0.318	0.010	0.663
0.287	0.017	0.679	0.017
0.038	0.356	0.016	0.590
0.216	0.143	0.615	0.026
0.010	0.276	0.034	0.680
0.202	0.035	0.752	0.011
0.024	0.294	0.029	0.653
0.277	0.010	0.681	0.032
0.014	0.222	0.164	0.600
>RCRCACACACAC	20-RCRCACACACAC	10.640839	-1.171315	0	T:265.0(1.72%),B:2854.9(1.66%),P:1e0	Tpos:55.1,Tstd:22.7,Bpos:2200.8,Bstd:6130.0,StrandBias:-0.5,Multiplicity:1.00
0.481	0.075	0.364	0.080
0.021	0.585	0.030	0.364
0.457	0.002	0.444	0.097
0.078	0.774	0.089	0.059
0.714	0.059	0.119	0.108
0.039	0.890	0.023	0.048
0.644	0.041	0.254	0.061
0.011	0.779	0.021	0.189
0.654	0.004	0.326	0.016
0.008	0.775	0.136	0.081
0.742	0.020	0.197	0.041
0.050	0.693	0.125	0.132
>TGTGTGTGTGTG	21-TGTGTGTGTGTG	12.371916	-1.004638	0	T:225.0(1.46%),B:2442.8(1.42%),P:1e0	Tpos:46.5,Tstd:26.5,Bpos:808.3,Bstd:1863.4,StrandBias:-10.0,Multiplicity:1.00
0.035	0.299	0.001	0.665
0.116	0.037	0.846	0.001
0.001	0.128	0.001	0.870
0.149	0.006	0.844	0.001
0.001	0.058	0.010	0.931
0.115	0.046	0.838	0.001
0.001	0.313	0.001	0.685
0.119	0.001	0.879	0.001
0.001	0.085	0.001	0.913
0.087	0.001	0.911	0.001
0.074	0.263	0.001	0.662
0.231	0.074	0.641	0.054
>GTGTGYGTGYGY	22-GTGTGYGTGYGY	9.617426	-0.936821	0	T:268.0(1.74%),B:2928.5(1.70%),P:1e0	Tpos:53.8,Tstd:23.7,Bpos:2456.0,Bstd:8558.2,StrandBias:-1.0,Multiplicity:1.00
0.329	0.071	0.564	0.036
0.086	0.195	0.066	0.653
0.266	0.014	0.693	0.027
0.029	0.216	0.051	0.704
0.332	0.047	0.587	0.034
0.035	0.388	0.042	0.535
0.323	0.028	0.615	0.034
0.039	0.394	0.017	0.550
0.310	0.028	0.631	0.031
0.047	0.417	0.045	0.490
0.332	0.031	0.585	0.052
0.041	0.389	0.042	0.528
>GGRAGGAAGGVR	23-GGRAGGAAGGVR	12.995795	-0.379415	0	T:8.0(0.05%),B:101.2(0.06%),P:1e0	Tpos:46.5,Tstd:27.7,Bpos:3631.1,Bstd:8146.1,StrandBias:-1.6,Multiplicity:1.00
0.316	0.001	0.677	0.006
0.001	0.001	0.997	0.001
0.547	0.001	0.451	0.001
0.647	0.001	0.351	0.001
0.001	0.001	0.997	0.001
0.001	0.001	0.997	0.001
0.997	0.001	0.001	0.001
0.997	0.001	0.001	0.001
0.001	0.001	0.997	0.001
0.001	0.001	0.602	0.396
0.345	0.278	0.376	0.001
0.493	0.114	0.392	0.001
>NNNVTGWSACAY	24-NNNVTGWSACAY	8.169449	-0.119178	0	T:4.0(0.03%),B:73.1(0.04%),P:1e0	Tpos:51.0,Tstd:24.7,Bpos:1915.7,Bstd:4469.1,StrandBias:0.0,Multiplicity:1.00
0.200	0.264	0.328	0.208
0.200	0.271	0.200	0.329
0.288	0.251	0.189	0.273
0.308	0.303	0.380	0.009
0.073	0.066	0.093	0.768
0.076	0.120	0.737	0.067
0.418	0.029	0.015	0.538
0.003	0.514	0.482	0.001
0.569	0.023	0.023	0.385
0.057	0.818	0.077	0.048
0.771	0.080	0.075	0.074
0.006	0.413	0.189	0.393
>TCTCTCTCTCTC	25-TCTCTCTCTCTC	13.003800	-0.026997	0	T:39.0(0.25%),B:584.0(0.34%),P:1e0	Tpos:47.2,Tstd:27.8,Bpos:3195.8,Bstd:6189.0,StrandBias:0.5,Multiplicity:1.08
0.099	0.109	0.095	0.697
0.202	0.796	0.001	0.001
0.169	0.001	0.219	0.611
0.001	0.890	0.108	0.001
0.001	0.079	0.003	0.917
0.001	0.996	0.002	0.001
0.123	0.083	0.001	0.793
0.001	0.980	0.018	0.001
0.036	0.189	0.019	0.756
0.056	0.942	0.001	0.001
0.131	0.127	0.024	0.718
0.058	0.874	0.067	0.001
>GRGGAAGT	1-GRGGAAGT	8.286505	-97.388256	0	T:762.0(4.94%),B:4835.3(2.81%),P:1e-42	Tpos:49.8,Tstd:26.7,Bpos:1813.7,Bstd:4876.0,StrandBias:0.1,Multiplicity:1.05
0.219	0.128	0.597	0.056
0.462	0.147	0.333	0.059
0.042	0.018	0.912	0.028
0.051	0.054	0.870	0.025
0.767	0.137	0.043	0.053
0.899	0.028	0.041	0.032
0.083	0.103	0.790	0.024
0.039	0.142	0.114	0.705
>AGGAAGTG	2-AGGAAGTG	10.462814	-65.117903	0	T:554.0(3.59%),B:3611.9(2.10%),P:1e-28	Tpos:50.5,Tstd:25.3,Bpos:1971.2,Bstd:5405.7,StrandBias:-0.0,Multiplicity:1.05
0.775	0.068	0.156	0.001
0.001	0.001	0.997	0.001
0.001	0.001	0.997	0.001
0.959	0.036	0.001	0.004
0.986	0.001	0.001	0.012
0.040	0.023	0.936	0.001
0.001	0.001	0.036	0.962
0.110	0.043	0.814	0.033
>GGAAGTGT	3-GGAAGTGT	7.994664	-27.234825	0	T:558.0(3.62%),B:4500.6(2.62%),P:1e-11	Tpos:54.0,Tstd:28.0,Bpos:1872.8,Bstd:5231.5,StrandBias:-0.0,Multiplicity:1.02
0.069	0.014	0.864	0.053
0.033	0.157	0.791	0.019
0.723	0.139	0.047	0.091
0.741	0.052	0.144	0.063
0.097	0.099	0.735	0.069
0.008	0.089	0.116	0.787
0.079	0.059	0.828	0.034
0.258	0.115	0.097	0.530
>KGCACGTG	4-KGCACGTG	8.833758	-0.220867	0	T:153.0(0.99%),B:1823.7(1.06%),P:1e0	Tpos:51.9,Tstd:28.4,Bpos:1116.0,Bstd:5181.8,StrandBias:-0.1,Multiplicity:1.03
0.221	0.098	0.271	0.410
0.086	0.074	0.569	0.271
0.001	0.997	0.001	0.001
0.997	0.001	0.001	0.001
0.001	0.679	0.001	0.319
0.329	0.001	0.669	0.001
0.001	0.001	0.001	0.997
0.001	0.001	0.997	0.001
>CACGTGRC	5-CACGTGRC	8.142142	-0.146925	0	T:356.0(2.31%),B:4201.2(2.45%),P:1e0	Tpos:49.0,Tstd:26.0,Bpos:819.7,Bstd:3448.0,StrandBias:-0.0,Multiplicity:1.09
0.044	0.884	0.035	0.037
0.894	0.001	0.050	0.055
0.035	0.667	0.118	0.180
0.224	0.093	0.660	0.023
0.044	0.028	0.024	0.904
0.028	0.016	0.926	0.030
0.280	0.117	0.423	0.180
0.042	0.643	0.158	0.157
>CAYRTGTN	6-CAYRTGTN	7.778676	-0.082773	0	T:143.0(0.93%),B:1790.3(1.04%),P:1e0	Tpos:50.6,Tstd:24.5,Bpos:1194.3,Bstd:5115.6,StrandBias:-0.1,Multiplicity:1.03
0.001	0.997	0.001	0.001
0.997	0.001	0.001	0.001
0.001	0.536	0.001	0.462
0.494	0.001	0.504	0.001
0.001	0.001	0.001	0.997
0.001	0.001	0.997	0.001
0.285	0.272	0.001	0.442
0.169	0.282	0.309	0.240
>CACACVWG	7-CACACVWG	7.476947	-0.026388	0	T:178.0(1.15%),B:2291.4(1.33%),P:1e0	Tpos:3.0,Tstd:0.0,Bpos:82.0,Bstd:171.8,StrandBias:-10.0,Multiplicity:1.00
0.001	0.667	0.029	0.303
0.997	0.001	0.001	0.001
0.001	0.997	0.001	0.001
0.997	0.001	0.001	0.001
0.001	0.604	0.030	0.365
0.365	0.246	0.274	0.115
0.330	0.158	0.046	0.466
0.117	0.246	0.397	0.241
>TKCCCYYT	8-TKCCCYYT	6.200797	-0.012213	0	T:406.0(2.63%),B:5055.8(2.94%),P:1e0	Tpos:49.2,Tstd:27.3,Bpos:2277.3,Bstd:5683.9,StrandBias:0.2,Multiplicity:1.03
0.030	0.163	0.050	0.757
0.093	0.088	0.387	0.432
0.044	0.690	0.060	0.206
0.001	0.825	0.001	0.173
0.116	0.495	0.053	0.336
0.107	0.426	0.155	0.313
0.106	0.416	0.087	0.392
0.188	0.266	0.056	0.489
>YRYGTGBH	9-YRYGTGBH	6.961018	-0.003055	0	T:259.0(1.68%),B:3416.7(1.99%),P:1e0	Tpos:53.5,Tstd:26.5,Bpos:2160.9,Bstd:5999.4,StrandBias:-0.1,Multiplicity:1.03
0.001	0.497	0.001	0.501
0.430	0.001	0.568	0.001
0.001	0.453	0.001	0.545
0.282	0.001	0.716	0.001
0.001	0.001	0.001	0.997
0.001	0.001	0.997	0.001
0.134	0.371	0.270	0.225
0.393	0.312	0.019	0.276
>WCACATGY	10-WCACATGY	8.181354	-0.000383	0	T:127.0(0.82%),B:1892.0(1.10%),P:1e0	Tpos:48.7,Tstd:24.6,Bpos:3055.3,Bstd:7350.7,StrandBias:-0.0,Multiplicity:1.10
0.568	0.001	0.001	0.430
0.001	0.644	0.001	0.354
0.649	0.001	0.349	0.001
0.001	0.997	0.001	0.001
0.656	0.001	0.342	0.001
0.001	0.314	0.001	0.684
0.086	0.001	0.912	0.001
0.001	0.563	0.001	0.435
>YRCAYRTC	11-YRCAYRTC	7.092413	-0.000016	0	T:19.0(0.12%),B:487.3(0.28%),P:1e0	Tpos:39.3,Tstd:30.4,Bpos:4812.4,Bstd:9091.7,StrandBias:0.3,Multiplicity:1.06
0.071	0.437	0.001	0.491
0.456	0.001	0.482	0.061
0.001	0.997	0.001	0.001
0.997	0.001	0.001	0.001
0.001	0.488	0.001	0.510
0.474	0.087	0.438	0.001
0.265	0.126	0.072	0.537
0.042	0.601	0.356	0.001
>CACACACA	12-CACACACA	8.383528	-0.000013	0	T:625.0(4.05%),B:8216.0(4.78%),P:1e0	Tpos:53.0,Tstd:26.1,Bpos:2256.9,Bstd:6380.3,StrandBias:-0.3,Multiplicity:1.29
0.001	0.958	0.016	0.025
0.925	0.026	0.030	0.019
0.001	0.965	0.015	0.019
0.934	0.024	0.041	0.001
0.001	0.968	0.011	0.020
0.961	0.001	0.037	0.001
0.001	0.966	0.001	0.032
0.864	0.001	0.093	0.042
>ACACACAY	13-ACACACAY	8.570666	-0.000005	0	T:542.0(3.51%),B:7277.6(4.24%),P:1e0	Tpos:50.8,Tstd:26.8,Bpos:3696.1,Bstd:7324.4,StrandBias:-0.2,Multiplicity:1.04
0.617	0.119	0.075	0.189
0.056	0.806	0.063	0.075
0.790	0.079	0.077	0.054
0.006	0.943	0.017	0.034
0.852	0.059	0.066	0.023
0.015	0.874	0.041	0.070
0.703	0.117	0.118	0.062
0.078	0.451	0.056	0.415
>TRCAYATS	14-TRCAYATS	7.043469	-0.000003	0	T:72.0(0.47%),B:1327.6(0.77%),P:1e0	Tpos:75.1,Tstd:10.5,Bpos:7516.1,Bstd:9968.5,StrandBias:-1.3,Multiplicity:1.00
0.001	0.410	0.001	0.588
0.539	0.001	0.423	0.037
0.001	0.997	0.001	0.001
0.997	0.001	0.001	0.001
0.128	0.425	0.001	0.446
0.491	0.272	0.237	0.001
0.001	0.308	0.108	0.583
0.001	0.318	0.456	0.225
>CACATAHG	15-CACATAHG	7.922383	-0.000001	0	T:41.0(0.27%),B:889.5(0.52%),P:1e0	Tpos:44.3,Tstd:24.3,Bpos:2467.7,Bstd:5143.2,StrandBias:0.5,Multiplicity:1.00
0.018	0.649	0.001	0.332
0.997	0.001	0.001	0.001
0.001	0.997	0.001	0.001
0.997	0.001	0.001	0.001
0.001	0.303	0.001	0.695
0.669	0.216	0.114	0.001
0.347	0.289	0.088	0.276
0.093	0.224	0.487	0.195
>CACAYRCR	16-CACAYRCR	7.227846	-0.000001	0	T:108.0(0.70%),B:1868.7(1.09%),P:1e0	Tpos:60.1,Tstd:33.3,Bpos:2628.5,Bstd:5646.8,StrandBias:0.0,Multiplicity:1.00
0.057	0.608	0.040	0.295
0.768	0.057	0.129	0.046
0.063	0.804	0.028	0.105
0.909	0.021	0.042	0.028
0.035	0.437	0.001	0.527
0.462	0.083	0.443	0.012
0.111	0.512	0.100	0.277
0.494	0.035	0.435	0.036
>RCACACAC	17-RCACACAC	9.945392	-0.000000	0	T:643.0(4.17%),B:8884.9(5.17%),P:1e0	Tpos:49.7,Tstd:27.8,Bpos:1936.0,Bstd:5527.1,StrandBias:0.0,Multiplicity:1.03
0.325	0.001	0.464	0.211
0.001	0.997	0.001	0.001
0.997	0.001	0.001	0.001
0.001	0.997	0.001	0.001
0.997	0.001	0.001	0.001
0.001	0.997	0.001	0.001
0.997	0.001	0.001	0.001
0.001	0.997	0.001	0.001
>TGTGRTTK	18-TGTGRTTK	8.143320	-0.000000	0	T:161.0(1.04%),B:2761.4(1.61%),P:1e0	Tpos:48.1,Tstd:28.8,Bpos:11820.3,Bstd:25714.6,StrandBias:0.4,Multiplicity:1.02
0.001	0.001	0.001	0.997
0.001	0.001	0.997	0.001
0.001	0.058	0.001	0.940
0.001	0.001	0.997	0.001
0.465	0.001	0.331	0.203
0.001	0.182	0.038	0.779
0.118	0.132	0.205	0.545
0.192	0.138	0.269	0.401
>DTTGTGTR	19-DTTGTGTR	7.688959	-0.000000	0	T:208.0(1.35%),B:4341.8(2.53%),P:1e0	Tpos:45.9,Tstd:24.8,Bpos:3199.1,Bstd:8677.5,StrandBias:0.3,Multiplicity:1.02
0.331	0.039	0.309	0.321
0.230	0.001	0.231	0.538
0.001	0.072	0.001	0.926
0.409	0.001	0.589	0.001
0.001	0.038	0.001	0.960
0.055	0.001	0.943	0.001
0.011	0.185	0.011	0.793
0.454	0.017	0.512	0.017
>GTGTGTHB	20-GTGTGTHB	7.107820	-0.000000	0	T:188.0(1.22%),B:3373.3(1.96%),P:1e0	Tpos:43.7,Tstd:31.9,Bpos:2464.3,Bstd:6071.3,StrandBias:-0.3,Multiplicity:1.03
0.257	0.001	0.741	0.001
0.001	0.001	0.001	0.997
0.001	0.001	0.997	0.001
0.001	0.381	0.001	0.617
0.392	0.001	0.606	0.001
0.231	0.001	0.001	0.767
0.258	0.297	0.118	0.327
0.182	0.210	0.342	0.267
>WTTRTGTG	21-WTTRTGTG	8.322143	-0.000000	0	T:79.0(0.51%),B:2300.2(1.34%),P:1e0	Tpos:49.7,Tstd:27.9,Bpos:4124.9,Bstd:12877.3,StrandBias:-0.2,Multiplicity:1.00
0.307	0.166	0.143	0.384
0.197	0.086	0.177	0.540
0.001	0.198	0.095	0.706
0.446	0.001	0.552	0.001
0.001	0.001	0.001	0.997
0.001	0.001	0.997	0.001
0.001	0.026	0.001	0.972
0.194	0.001	0.804	0.001
>SCTGTGTG	22-SCTGTGTG	8.568785	-0.000000	0	T:268.0(1.74%),B:4616.6(2.69%),P:1e0	Tpos:50.5,Tstd:27.0,Bpos:1500.2,Bstd:5077.9,StrandBias:0.2,Multiplicity:1.04
0.202	0.374	0.423	0.001
0.112	0.629	0.182	0.077
0.001	0.272	0.264	0.463
0.338	0.001	0.660	0.001
0.001	0.001	0.001	0.997
0.001	0.001	0.997	0.001
0.001	0.001	0.001	0.997
0.001	0.001	0.997	0.001
>ACAGGTGT	23-ACAGGTGT	8.236954	-0.000000	0	T:131.0(0.85%),B:2776.1(1.62%),P:1e0	Tpos:47.2,Tstd:27.2,Bpos:2501.9,Bstd:6679.1,StrandBias:-0.1,Multiplicity:1.01
0.700	0.100	0.100	0.100
0.100	0.700	0.100	0.100
0.700	0.100	0.100	0.100
0.100	0.100	0.700	0.100
0.100	0.100	0.700	0.100
0.100	0.100	0.100	0.700
0.100	0.100	0.700	0.100
0.100	0.100	0.100	0.700
>CACACCMM	24-CACACCMM	8.472022	-0.000000	0	T:144.0(0.93%),B:2858.4(1.66%),P:1e0	Tpos:47.4,Tstd:26.0,Bpos:2052.8,Bstd:5627.1,StrandBias:-0.1,Multiplicity:1.00
0.001	0.997	0.001	0.001
0.997	0.001	0.001	0.001
0.001	0.997	0.001	0.001
0.997	0.001	0.001	0.001
0.019	0.570	0.001	0.410
0.125	0.526	0.348	0.001
0.526	0.392	0.054	0.028
0.340	0.468	0.058	0.134
>GTGTGTRT	25-GTGTGTRT	3.833729	-0.000000	0	T:4515.0(29.26%),B:61620.3(35.87%),P:1e0	Tpos:50.7,Tstd:26.7,Bpos:3813.5,Bstd:10757.1,StrandBias:0.1,Multiplicity:1.26
0.164	0.189	0.482	0.165
0.001	0.103	0.289	0.607
0.224	0.001	0.774	0.001
0.001	0.001	0.001	0.997
0.001	0.001	0.997	0.001
0.001	0.412	0.001	0.586
0.555	0.001	0.443	0.001
0.206	0.001	0.001	0.792
