>AAGRGGAAGT	1-AAGRGGAAGT	9.495741	-204.993084	0	T:592.0(3.84%),B:2390.5(1.39%),P:1e-89	Tpos:50.1,Tstd:24.8,Bpos:2106.2,Bstd:5007.7,StrandBias:0.1,Multiplicity:1.07
0.677	0.068	0.185	0.070
0.692	0.009	0.172	0.127
0.152	0.173	0.669	0.006
0.470	0.102	0.379	0.049
0.077	0.002	0.917	0.004
0.042	0.011	0.944	0.003
0.976	0.017	0.001	0.006
0.988	0.004	0.001	0.007
0.041	0.117	0.828	0.014
0.025	0.120	0.013	0.842
>AGRGGAAGTG	2-AGRGGAAGTG	9.611254	-135.336785	0	T:375.0(2.43%),B:1475.1(0.86%),P:1e-58	Tpos:51.7,Tstd:27.1,Bpos:1311.7,Bstd:3920.6,StrandBias:-0.4,Multiplicity:1.03
0.533	0.001	0.271	0.195
0.208	0.264	0.527	0.001
0.443	0.217	0.339	0.001
0.001	0.001	0.997	0.001
0.001	0.001	0.997	0.001
0.965	0.033	0.001	0.001
0.997	0.001	0.001	0.001
0.160	0.076	0.763	0.001
0.001	0.235	0.181	0.583
0.186	0.085	0.537	0.192
>GAGGAAGTGH	3-GAGGAAGTGH	9.715268	-64.929344	0	T:136.0(0.88%),B:444.6(0.26%),P:1e-28	Tpos:53.8,Tstd:28.1,Bpos:3082.7,Bstd:6848.9,StrandBias:0.5,Multiplicity:1.02
0.177	0.249	0.526	0.048
0.482	0.170	0.314	0.034
0.001	0.001	0.997	0.001
0.034	0.001	0.964	0.001
0.897	0.067	0.001	0.035
0.930	0.001	0.001	0.068
0.147	0.111	0.741	0.001
0.001	0.214	0.201	0.584
0.166	0.117	0.683	0.034
0.345	0.206	0.186	0.263
>CTTCCYCYYT	4-CTTCCYCYYT	8.843032	-45.243246	0	T:332.0(2.15%),B:2072.1(1.21%),P:1e-19	Tpos:48.6,Tstd:27.0,Bpos:2246.9,Bstd:5094.0,StrandBias:0.0,Multiplicity:1.02
0.041	0.821	0.077	0.061
0.107	0.088	0.025	0.780
0.025	0.070	0.028	0.877
0.004	0.881	0.044	0.071
0.002	0.982	0.015	0.001
0.001	0.479	0.173	0.348
0.021	0.553	0.125	0.301
0.081	0.513	0.001	0.405
0.186	0.299	0.135	0.380
0.213	0.252	0.076	0.459
>YGWCACTTCC	5-YGWCACTTCC	11.014834	-20.218876	0	T:151.0(0.98%),B:965.7(0.56%),P:1e-8	Tpos:54.2,Tstd:28.1,Bpos:1522.0,Bstd:3992.0,StrandBias:-0.5,Multiplicity:1.00
0.001	0.483	0.001	0.515
0.001	0.153	0.523	0.323
0.434	0.001	0.001	0.564
0.001	0.997	0.001	0.001
0.736	0.087	0.176	0.001
0.001	0.997	0.001	0.001
0.146	0.001	0.001	0.852
0.001	0.001	0.001	0.997
0.001	0.997	0.001	0.001
0.001	0.997	0.001	0.001
>CACYAGRTGG	6-CACYAGRTGG	9.755492	-19.219965	0	T:328.0(2.13%),B:2571.9(1.50%),P:1e-8	Tpos:51.3,Tstd:25.8,Bpos:1511.2,Bstd:4956.8,StrandBias:-0.0,Multiplicity:1.01
0.040	0.958	0.001	0.001
0.858	0.001	0.140	0.001
0.001	0.613	0.365	0.021
0.133	0.365	0.001	0.501
0.997	0.001	0.001	0.001
0.081	0.066	0.852	0.001
0.520	0.001	0.474	0.005
0.083	0.001	0.324	0.592
0.001	0.001	0.997	0.001
0.063	0.001	0.767	0.169
>BACACTTCCY	7-BACACTTCCY	7.677310	-16.841106	0	T:48.0(0.31%),B:205.9(0.12%),P:1e-7	Tpos:53.9,Tstd:20.0,Bpos:1938.1,Bstd:4540.0,StrandBias:-1.1,Multiplicity:1.00
0.062	0.358	0.296	0.285
0.386	0.195	0.197	0.221
0.006	0.859	0.044	0.091
0.657	0.159	0.132	0.052
0.146	0.460	0.156	0.238
0.155	0.215	0.190	0.441
0.078	0.144	0.130	0.648
0.041	0.589	0.365	0.005
0.129	0.861	0.001	0.009
0.193	0.311	0.101	0.396
>ABCAGGTGRC	8-ABCAGGTGRC	9.777223	-8.058704	0	T:65.0(0.42%),B:444.6(0.26%),P:1e-3	Tpos:51.8,Tstd:25.1,Bpos:1252.6,Bstd:3458.7,StrandBias:-0.1,Multiplicity:1.00
0.616	0.252	0.112	0.020
0.160	0.297	0.333	0.209
0.040	0.877	0.071	0.012
0.927	0.004	0.007	0.062
0.016	0.206	0.496	0.283
0.186	0.033	0.778	0.003
0.003	0.009	0.044	0.944
0.003	0.009	0.975	0.013
0.365	0.097	0.382	0.156
0.022	0.743	0.140	0.095
>YGTGTGTGYG	9-YGTGTGTGYG	9.200020	-1.689722	0	T:123.0(0.80%),B:1253.8(0.73%),P:1e0	Tpos:54.4,Tstd:24.1,Bpos:1540.3,Bstd:5242.7,StrandBias:0.2,Multiplicity:1.15
0.127	0.454	0.001	0.418
0.368	0.018	0.613	0.001
0.001	0.291	0.001	0.707
0.345	0.001	0.653	0.001
0.001	0.362	0.001	0.636
0.194	0.001	0.804	0.001
0.001	0.314	0.001	0.684
0.379	0.001	0.619	0.001
0.001	0.499	0.001	0.499
0.307	0.009	0.680	0.004
>RCACGTGNCN	10-RCACGTGNCN	7.761425	-0.911312	0	T:8.0(0.05%),B:77.1(0.04%),P:1e0	Tpos:53.8,Tstd:14.1,Bpos:1396.8,Bstd:5780.8,StrandBias:2.8,Multiplicity:1.00
0.298	0.187	0.341	0.174
0.012	0.843	0.136	0.009
0.896	0.018	0.058	0.028
0.057	0.486	0.218	0.239
0.165	0.214	0.607	0.014
0.003	0.043	0.031	0.923
0.006	0.111	0.857	0.026
0.217	0.282	0.229	0.272
0.170	0.477	0.140	0.213
0.233	0.237	0.277	0.253
>ACTTCCCTYC	11-ACTTCCCTYC	8.866972	-0.826756	0	T:25.0(0.16%),B:265.8(0.15%),P:1e0	Tpos:50.3,Tstd:26.9,Bpos:1715.0,Bstd:6036.0,StrandBias:1.4,Multiplicity:1.00
0.536	0.245	0.187	0.032
0.020	0.785	0.025	0.170
0.084	0.165	0.078	0.673
0.254	0.034	0.129	0.583
0.024	0.845	0.125	0.006
0.306	0.648	0.044	0.002
0.192	0.512	0.019	0.277
0.115	0.312	0.071	0.502
0.014	0.475	0.044	0.467
0.131	0.613	0.086	0.170
>HBDCACDTGB	12-HBDCACDTGB	7.146311	-0.661702	0	T:29.0(0.19%),B:321.0(0.19%),P:1e0	Tpos:57.9,Tstd:27.7,Bpos:1707.2,Bstd:3649.6,StrandBias:0.5,Multiplicity:1.00
0.350	0.206	0.196	0.247
0.079	0.321	0.227	0.372
0.407	0.001	0.301	0.291
0.001	0.997	0.001	0.001
0.997	0.001	0.001	0.001
0.001	0.520	0.214	0.265
0.245	0.171	0.323	0.260
0.069	0.215	0.001	0.715
0.009	0.349	0.641	0.001
0.129	0.346	0.221	0.304
>CACRCACACA	13-CACRCACACA	9.981464	-0.413787	0	T:380.0(2.46%),B:4320.8(2.51%),P:1e0	Tpos:52.8,Tstd:27.7,Bpos:2316.7,Bstd:7351.0,StrandBias:-0.2,Multiplicity:1.14
0.013	0.983	0.001	0.003
0.746	0.001	0.252	0.001
0.001	0.616	0.001	0.382
0.515	0.001	0.483	0.001
0.001	0.834	0.001	0.164
0.849	0.001	0.149	0.001
0.001	0.643	0.001	0.355
0.600	0.001	0.398	0.001
0.001	0.700	0.001	0.298
0.797	0.001	0.201	0.001
>ACCACATTDC	14-ACCACATTDC	11.801440	-0.351388	0	T:8.0(0.05%),B:103.5(0.06%),P:1e0	Tpos:57.0,Tstd:31.8,Bpos:4186.7,Bstd:7973.1,StrandBias:-0.7,Multiplicity:1.00
0.997	0.001	0.001	0.001
0.001	0.997	0.001	0.001
0.001	0.997	0.001	0.001
0.997	0.001	0.001	0.001
0.001	0.997	0.001	0.001
0.997	0.001	0.001	0.001
0.001	0.373	0.001	0.625
0.001	0.179	0.261	0.559
0.257	0.001	0.370	0.372
0.001	0.997	0.001	0.001
>CRCACACACR	15-CRCACACACR	9.451441	-0.325514	0	T:362.0(2.35%),B:4156.6(2.42%),P:1e0	Tpos:46.4,Tstd:28.1,Bpos:2811.1,Bstd:6872.3,StrandBias:-0.5,Multiplicity:1.07
0.001	0.714	0.001	0.284
0.550	0.001	0.402	0.047
0.001	0.732	0.001	0.266
0.730	0.001	0.268	0.001
0.001	0.916	0.001	0.082
0.780	0.001	0.218	0.001
0.001	0.667	0.001	0.331
0.637	0.001	0.361	0.001
0.001	0.582	0.001	0.416
0.540	0.001	0.458	0.001
>CACATATGCA	16-CACATATGCA	10.527705	-0.317115	0	T:107.0(0.69%),B:1261.5(0.73%),P:1e0	Tpos:48.3,Tstd:23.9,Bpos:5498.4,Bstd:14847.6,StrandBias:0.2,Multiplicity:1.09
0.001	0.997	0.001	0.001
0.997	0.001	0.001	0.001
0.001	0.997	0.001	0.001
0.997	0.001	0.001	0.001
0.001	0.318	0.001	0.680
0.837	0.001	0.161	0.001
0.001	0.160	0.001	0.838
0.153	0.001	0.845	0.001
0.001	0.997	0.001	0.001
0.997	0.001	0.001	0.001
>NHRYRYGTGN	17-NHRYRYGTGN	6.542379	-0.267986	0	T:85.0(0.55%),B:1021.1(0.59%),P:1e0	Tpos:43.6,Tstd:25.9,Bpos:862.3,Bstd:3250.4,StrandBias:-0.3,Multiplicity:1.11
0.278	0.219	0.302	0.201
0.293	0.204	0.170	0.334
0.294	0.014	0.436	0.255
0.034	0.385	0.055	0.526
0.447	0.030	0.499	0.024
0.019	0.456	0.082	0.443
0.128	0.084	0.693	0.095
0.063	0.081	0.086	0.770
0.064	0.061	0.796	0.079
0.191	0.298	0.215	0.296
>NCACACWTGC	18-NCACACWTGC	9.641143	-0.152212	0	T:18.0(0.12%),B:253.6(0.15%),P:1e0	Tpos:56.5,Tstd:21.0,Bpos:2896.0,Bstd:8624.3,StrandBias:0.6,Multiplicity:1.00
0.266	0.217	0.283	0.234
0.037	0.541	0.039	0.383
0.655	0.008	0.095	0.242
0.059	0.872	0.040	0.029
0.825	0.072	0.082	0.021
0.030	0.867	0.060	0.043
0.545	0.032	0.021	0.402
0.045	0.080	0.066	0.809
0.061	0.293	0.641	0.005
0.054	0.830	0.062	0.054
>TGTGTGTGTG	19-TGTGTGTGTG	8.636463	-0.132404	0	T:279.0(1.81%),B:3329.4(1.94%),P:1e0	Tpos:46.8,Tstd:27.4,Bpos:1199.3,Bstd:6023.1,StrandBias:-1.7,Multiplicity:1.00
0.074	0.251	0.157	0.518
0.260	0.056	0.489	0.196
0.058	0.267	0.063	0.612
0.191	0.031	0.777	0.001
0.001	0.316	0.029	0.654
0.284	0.001	0.714	0.001
0.001	0.157	0.047	0.795
0.236	0.059	0.704	0.001
0.120	0.312	0.057	0.511
0.262	0.112	0.547	0.079
>RCACACACAC	20-RCACACACAC	9.649139	-0.124005	0	T:242.0(1.57%),B:2909.6(1.69%),P:1e0	Tpos:53.4,Tstd:25.4,Bpos:2323.2,Bstd:6072.2,StrandBias:-0.5,Multiplicity:1.11
0.450	0.001	0.379	0.170
0.001	0.777	0.001	0.221
0.761	0.001	0.237	0.001
0.001	0.625	0.001	0.373
0.610	0.001	0.388	0.001
0.001	0.769	0.001	0.229
0.737	0.001	0.261	0.001
0.001	0.748	0.001	0.250
0.578	0.001	0.383	0.038
0.001	0.595	0.165	0.239
>VNTGHSTCAY	21-VNTGHSTCAY	7.207109	-0.120492	0	T:16.0(0.10%),B:235.6(0.14%),P:1e0	Tpos:40.7,Tstd:19.8,Bpos:1958.1,Bstd:4957.0,StrandBias:0.0,Multiplicity:1.00
0.198	0.332	0.292	0.178
0.284	0.195	0.327	0.194
0.097	0.092	0.001	0.810
0.008	0.001	0.760	0.231
0.367	0.280	0.001	0.351
0.026	0.423	0.486	0.065
0.161	0.001	0.320	0.518
0.240	0.549	0.210	0.001
0.997	0.001	0.001	0.001
0.116	0.398	0.225	0.261
>NNRTGHSWSN	22-NNRTGHSWSN	6.017810	-0.006437	0	T:8.0(0.05%),B:190.5(0.11%),P:1e0	Tpos:39.6,Tstd:26.6,Bpos:2103.2,Bstd:6824.5,StrandBias:1.6,Multiplicity:1.00
0.274	0.254	0.239	0.233
0.225	0.290	0.290	0.195
0.304	0.247	0.448	0.001
0.001	0.001	0.001	0.997
0.001	0.145	0.853	0.001
0.320	0.250	0.050	0.380
0.001	0.508	0.490	0.001
0.378	0.001	0.181	0.439
0.001	0.484	0.514	0.001
0.297	0.259	0.204	0.239
>NCAYRTGCHN	23-NCAYRTGCHN	7.319721	-0.002222	0	T:15.0(0.10%),B:322.1(0.19%),P:1e0	Tpos:46.4,Tstd:25.4,Bpos:3278.5,Bstd:8047.2,StrandBias:0.8,Multiplicity:1.00
0.292	0.226	0.249	0.233
0.001	0.954	0.044	0.001
0.997	0.001	0.001	0.001
0.065	0.355	0.178	0.401
0.296	0.140	0.407	0.157
0.001	0.186	0.026	0.787
0.023	0.179	0.797	0.001
0.234	0.499	0.266	0.001
0.347	0.371	0.001	0.280
0.219	0.233	0.239	0.309
>VTGWSWVABG	24-VTGWSWVABG	6.849780	-0.000593	0	T:4.0(0.03%),B:157.2(0.09%),P:1e0	Tpos:56.2,Tstd:22.4,Bpos:1878.3,Bstd:6023.1,StrandBias:0.0,Multiplicity:1.00
0.322	0.296	0.351	0.030
0.070	0.079	0.085	0.766
0.067	0.086	0.816	0.031
0.424	0.125	0.038	0.413
0.041	0.460	0.469	0.031
0.417	0.050	0.062	0.471
0.297	0.277	0.399	0.027
0.728	0.080	0.124	0.068
0.027	0.359	0.238	0.376
0.234	0.220	0.401	0.145
>RGGAGGAAGK	25-RGGAGGAAGK	9.305452	-0.000217	0	T:71.0(0.46%),B:1178.7(0.69%),P:1e0	Tpos:56.1,Tstd:26.1,Bpos:1520.6,Bstd:5173.7,StrandBias:0.0,Multiplicity:1.01
0.396	0.039	0.397	0.168
0.282	0.001	0.481	0.237
0.280	0.235	0.439	0.047
0.554	0.043	0.381	0.022
0.011	0.001	0.960	0.028
0.065	0.020	0.913	0.002
0.744	0.146	0.071	0.039
0.866	0.035	0.029	0.070
0.001	0.091	0.877	0.031
0.075	0.019	0.456	0.450
