>AAAGAGGAAGTG	1-AAAGAGGAAGTG	8.952825	-255.062544	0	T:744.0(4.82%),B:3027.6(1.76%),P:1e-110	Tpos:50.2,Tstd:24.9,Bpos:2334.6,Bstd:5390.6,StrandBias:0.1,Multiplicity:1.08
0.521	0.127	0.142	0.210
0.608	0.064	0.232	0.096
0.592	0.026	0.170	0.212
0.145	0.141	0.666	0.048
0.554	0.138	0.275	0.033
0.118	0.013	0.835	0.034
0.012	0.021	0.926	0.041
0.906	0.051	0.016	0.027
0.865	0.038	0.047	0.050
0.051	0.159	0.789	0.001
0.066	0.146	0.114	0.674
0.250	0.104	0.496	0.150
>CCACCAGGTGGC	2-CCACCAGGTGGC	11.115960	-86.545247	0	T:207.0(1.34%),B:741.1(0.43%),P:1e-37	Tpos:48.8,Tstd:23.9,Bpos:1117.7,Bstd:3636.5,StrandBias:-0.0,Multiplicity:1.00
0.123	0.739	0.090	0.048
0.068	0.875	0.056	0.001
0.873	0.044	0.064	0.019
0.056	0.715	0.191	0.038
0.075	0.705	0.029	0.191
0.835	0.018	0.001	0.146
0.001	0.019	0.941	0.039
0.337	0.057	0.605	0.001
0.001	0.021	0.170	0.808
0.001	0.001	0.997	0.001
0.028	0.001	0.820	0.151
0.083	0.899	0.001	0.017
>ACTACAAYTCCC	3-ACTACAAYTCCC	11.191462	-45.229201	0	T:214.0(1.39%),B:1132.6(0.66%),P:1e-19	Tpos:50.6,Tstd:24.5,Bpos:428.4,Bstd:1434.4,StrandBias:0.0,Multiplicity:1.06
0.852	0.076	0.071	0.001
0.093	0.860	0.046	0.001
0.049	0.127	0.059	0.765
0.778	0.086	0.058	0.078
0.046	0.952	0.001	0.001
0.736	0.120	0.143	0.001
0.457	0.244	0.104	0.195
0.063	0.477	0.077	0.384
0.064	0.021	0.034	0.881
0.077	0.911	0.001	0.011
0.001	0.952	0.046	0.001
0.001	0.952	0.001	0.046
>AGTTTCACTTCC	4-AGTTTCACTTCC	10.138917	-38.448971	0	T:55.0(0.36%),B:130.9(0.08%),P:1e-16	Tpos:46.2,Tstd:25.2,Bpos:2317.2,Bstd:5577.6,StrandBias:-0.8,Multiplicity:1.00
0.599	0.127	0.152	0.122
0.095	0.145	0.676	0.084
0.085	0.167	0.107	0.641
0.105	0.152	0.148	0.595
0.118	0.161	0.145	0.576
0.080	0.719	0.113	0.088
0.629	0.156	0.116	0.099
0.063	0.746	0.107	0.084
0.089	0.123	0.099	0.689
0.081	0.116	0.135	0.668
0.074	0.714	0.127	0.085
0.086	0.751	0.073	0.090
>GAGGAAGTGAGA	5-GAGGAAGTGAGA	14.991080	-20.564816	0	T:17.0(0.11%),B:20.9(0.01%),P:1e-8	Tpos:51.2,Tstd:31.6,Bpos:2087.8,Bstd:3708.0,StrandBias:1.0,Multiplicity:1.00
0.252	0.001	0.681	0.066
0.679	0.001	0.319	0.001
0.001	0.001	0.997	0.001
0.001	0.001	0.997	0.001
0.997	0.001	0.001	0.001
0.997	0.001	0.001	0.001
0.001	0.001	0.997	0.001
0.001	0.001	0.001	0.997
0.001	0.001	0.997	0.001
0.595	0.063	0.341	0.001
0.179	0.001	0.719	0.101
0.997	0.001	0.001	0.001
>ACWTCTGCYTTY	6-ACWTCTGCYTTY	10.767687	-20.050145	0	T:13.0(0.08%),B:9.5(0.01%),P:1e-8	Tpos:60.1,Tstd:23.6,Bpos:2888.9,Bstd:2835.8,StrandBias:0.7,Multiplicity:1.00
0.532	0.220	0.247	0.001
0.019	0.843	0.104	0.034
0.464	0.001	0.001	0.534
0.001	0.023	0.299	0.677
0.001	0.767	0.176	0.056
0.008	0.269	0.001	0.722
0.001	0.234	0.764	0.001
0.085	0.689	0.019	0.207
0.148	0.316	0.147	0.389
0.176	0.192	0.049	0.583
0.058	0.094	0.290	0.558
0.137	0.473	0.003	0.386
>CATGASWCAGCA	7-CATGASWCAGCA	9.717141	-14.282369	0	T:32.0(0.21%),B:119.0(0.07%),P:1e-6	Tpos:54.4,Tstd:25.8,Bpos:2721.1,Bstd:4872.3,StrandBias:1.2,Multiplicity:1.12
0.061	0.559	0.303	0.077
0.654	0.119	0.117	0.110
0.098	0.116	0.134	0.652
0.083	0.128	0.693	0.096
0.643	0.095	0.137	0.125
0.081	0.494	0.371	0.054
0.539	0.015	0.031	0.415
0.071	0.712	0.137	0.080
0.700	0.097	0.091	0.112
0.109	0.105	0.681	0.105
0.077	0.753	0.111	0.059
0.506	0.328	0.080	0.086
>SYCCCAGGGGAC	8-SYCCCAGGGGAC	11.272982	-12.697404	0	T:181.0(1.17%),B:1384.6(0.81%),P:1e-5	Tpos:49.9,Tstd:25.2,Bpos:1858.1,Bstd:6691.3,StrandBias:0.1,Multiplicity:1.01
0.110	0.329	0.377	0.184
0.187	0.417	0.001	0.395
0.001	0.997	0.001	0.001
0.001	0.733	0.001	0.265
0.001	0.997	0.001	0.001
0.589	0.001	0.001	0.409
0.313	0.001	0.653	0.033
0.001	0.001	0.997	0.001
0.001	0.001	0.997	0.001
0.001	0.001	0.997	0.001
0.997	0.001	0.001	0.001
0.207	0.434	0.233	0.127
>AGGGGAATTCCC	9-AGGGGAATTCCC	10.516470	-11.817883	0	T:37.0(0.24%),B:171.2(0.10%),P:1e-5	Tpos:55.8,Tstd:24.6,Bpos:2969.1,Bstd:6410.4,StrandBias:0.4,Multiplicity:1.00
0.677	0.089	0.120	0.114
0.097	0.064	0.761	0.078
0.059	0.066	0.822	0.053
0.058	0.060	0.814	0.068
0.100	0.081	0.760	0.059
0.722	0.102	0.103	0.073
0.684	0.109	0.098	0.109
0.121	0.102	0.130	0.647
0.062	0.090	0.091	0.757
0.049	0.772	0.088	0.091
0.081	0.816	0.054	0.049
0.089	0.768	0.059	0.084
>CAGCAGGWGGCA	10-CAGCAGGWGGCA	13.289854	-8.653470	0	T:17.0(0.11%),B:61.5(0.04%),P:1e-3	Tpos:61.8,Tstd:28.1,Bpos:2080.8,Bstd:4618.2,StrandBias:2.0,Multiplicity:1.00
0.102	0.771	0.092	0.035
0.865	0.008	0.098	0.029
0.052	0.175	0.711	0.062
0.105	0.703	0.136	0.056
0.928	0.001	0.001	0.070
0.056	0.040	0.812	0.092
0.220	0.050	0.666	0.064
0.345	0.001	0.212	0.442
0.101	0.032	0.767	0.100
0.058	0.060	0.803	0.079
0.063	0.841	0.088	0.008
0.920	0.001	0.076	0.003
>GGAARKBCMCTD	11-GGAARKBCMCTD	9.990666	-8.611221	0	T:33.0(0.21%),B:173.6(0.10%),P:1e-3	Tpos:54.3,Tstd:23.3,Bpos:2323.7,Bstd:5830.8,StrandBias:0.2,Multiplicity:1.00
0.001	0.001	0.997	0.001
0.001	0.176	0.822	0.001
0.795	0.001	0.203	0.001
0.970	0.001	0.028	0.001
0.510	0.001	0.369	0.120
0.101	0.196	0.391	0.312
0.141	0.350	0.239	0.269
0.350	0.648	0.001	0.001
0.494	0.504	0.001	0.001
0.001	0.997	0.001	0.001
0.262	0.224	0.080	0.434
0.200	0.184	0.277	0.339
>ACGTGGCACVTG	12-ACGTGGCACVTG	11.756721	-4.334427	0	T:19.0(0.12%),B:114.3(0.07%),P:1e-1	Tpos:55.3,Tstd:17.2,Bpos:1831.8,Bstd:4539.5,StrandBias:1.0,Multiplicity:1.00
0.949	0.042	0.008	0.001
0.146	0.616	0.051	0.187
0.017	0.067	0.899	0.017
0.086	0.001	0.001	0.912
0.001	0.049	0.821	0.129
0.150	0.097	0.704	0.049
0.001	0.992	0.006	0.001
0.979	0.019	0.001	0.001
0.060	0.668	0.211	0.061
0.281	0.351	0.330	0.039
0.048	0.001	0.001	0.950
0.098	0.135	0.722	0.045
>ATGTGACATGCA	13-ATGTGACATGCA	10.822315	-3.312887	0	T:2.0(0.01%),B:2.1(0.00%),P:1e-1	Tpos:7.0,Tstd:1.0,Bpos:8271.5,Bstd:4562.1,StrandBias:0.0,Multiplicity:1.00
0.600	0.108	0.228	0.064
0.097	0.099	0.149	0.655
0.070	0.082	0.707	0.141
0.151	0.066	0.098	0.685
0.069	0.129	0.729	0.073
0.558	0.178	0.179	0.085
0.214	0.470	0.031	0.284
0.564	0.096	0.250	0.090
0.113	0.081	0.123	0.683
0.065	0.104	0.765	0.066
0.090	0.751	0.084	0.075
0.614	0.197	0.077	0.112
>CACTTCCCTCTT	14-CACTTCCCTCTT	14.551687	-2.416288	0	T:4.0(0.03%),B:17.1(0.01%),P:1e-1	Tpos:44.5,Tstd:34.2,Bpos:3448.8,Bstd:8092.4,StrandBias:0.0,Multiplicity:1.00
0.001	0.997	0.001	0.001
0.633	0.365	0.001	0.001
0.001	0.997	0.001	0.001
0.001	0.001	0.001	0.997
0.001	0.001	0.001	0.997
0.001	0.997	0.001	0.001
0.001	0.997	0.001	0.001
0.001	0.579	0.001	0.419
0.001	0.125	0.001	0.873
0.001	0.997	0.001	0.001
0.216	0.135	0.001	0.648
0.001	0.385	0.001	0.613
>CACACACACACA	15-CACACACACACA	10.127606	-2.344477	0	T:300.0(1.94%),B:3082.0(1.79%),P:1e-1	Tpos:48.7,Tstd:25.4,Bpos:1963.0,Bstd:4948.8,StrandBias:0.1,Multiplicity:1.18
0.084	0.664	0.014	0.238
0.581	0.081	0.248	0.090
0.045	0.703	0.052	0.200
0.604	0.020	0.333	0.043
0.001	0.745	0.042	0.212
0.624	0.013	0.346	0.017
0.014	0.590	0.066	0.330
0.674	0.028	0.297	0.001
0.010	0.744	0.027	0.219
0.593	0.001	0.356	0.050
0.040	0.740	0.055	0.165
0.621	0.093	0.210	0.076
>CATBATGYVACA	16-CATBATGYVACA	7.795240	-2.223187	0	T:19.0(0.12%),B:151.7(0.09%),P:1e0	Tpos:48.6,Tstd:20.0,Bpos:3332.3,Bstd:5398.7,StrandBias:0.8,Multiplicity:1.00
0.178	0.573	0.178	0.071
0.576	0.209	0.070	0.145
0.065	0.250	0.230	0.456
0.078	0.319	0.295	0.308
0.453	0.189	0.221	0.137
0.123	0.092	0.183	0.602
0.029	0.113	0.801	0.057
0.082	0.321	0.154	0.444
0.346	0.344	0.236	0.075
0.564	0.202	0.139	0.095
0.065	0.757	0.138	0.040
0.435	0.218	0.084	0.263
>YGTGTGTGTGTG	17-YGTGTGTGTGTG	12.413929	-1.719392	0	T:216.0(1.40%),B:2248.1(1.31%),P:1e0	Tpos:51.1,Tstd:26.4,Bpos:3023.6,Bstd:9342.3,StrandBias:-0.6,Multiplicity:1.06
0.030	0.398	0.025	0.547
0.278	0.001	0.720	0.001
0.001	0.249	0.001	0.749
0.220	0.001	0.778	0.001
0.001	0.414	0.001	0.584
0.163	0.001	0.835	0.001
0.001	0.268	0.001	0.730
0.075	0.001	0.923	0.001
0.017	0.271	0.001	0.711
0.264	0.001	0.734	0.001
0.001	0.101	0.001	0.897
0.192	0.001	0.806	0.001
>CAYGTGCHCMAA	18-CAYGTGCHCMAA	10.261306	-1.674850	0	T:53.0(0.34%),B:514.9(0.30%),P:1e0	Tpos:50.3,Tstd:24.4,Bpos:1433.2,Bstd:3772.6,StrandBias:0.2,Multiplicity:1.00
0.001	0.786	0.212	0.001
0.704	0.294	0.001	0.001
0.001	0.541	0.001	0.457
0.001	0.012	0.986	0.001
0.001	0.001	0.001	0.997
0.001	0.001	0.997	0.001
0.058	0.825	0.116	0.001
0.308	0.216	0.143	0.333
0.044	0.549	0.363	0.044
0.262	0.401	0.087	0.250
0.611	0.267	0.079	0.043
0.652	0.199	0.057	0.092
>GTGTGTGTGTGT	19-GTGTGTGTGTGT	11.207339	-1.477456	0	T:225.0(1.46%),B:2374.1(1.38%),P:1e0	Tpos:54.3,Tstd:25.3,Bpos:2237.3,Bstd:5890.4,StrandBias:0.5,Multiplicity:1.25
0.188	0.020	0.780	0.012
0.032	0.231	0.017	0.720
0.126	0.015	0.830	0.029
0.009	0.318	0.010	0.663
0.287	0.017	0.679	0.017
0.038	0.356	0.016	0.590
0.216	0.143	0.615	0.026
0.010	0.276	0.034	0.680
0.202	0.035	0.752	0.011
0.024	0.294	0.029	0.653
0.277	0.010	0.681	0.032
0.014	0.222	0.164	0.600
>RCRCACACACAC	20-RCRCACACACAC	10.640839	-1.171315	0	T:265.0(1.72%),B:2854.9(1.66%),P:1e0	Tpos:55.1,Tstd:22.7,Bpos:2200.8,Bstd:6130.0,StrandBias:-0.5,Multiplicity:1.00
0.481	0.075	0.364	0.080
0.021	0.585	0.030	0.364
0.457	0.002	0.444	0.097
0.078	0.774	0.089	0.059
0.714	0.059	0.119	0.108
0.039	0.890	0.023	0.048
0.644	0.041	0.254	0.061
0.011	0.779	0.021	0.189
0.654	0.004	0.326	0.016
0.008	0.775	0.136	0.081
0.742	0.020	0.197	0.041
0.050	0.693	0.125	0.132
>TGTGTGTGTGTG	21-TGTGTGTGTGTG	12.371916	-1.004638	0	T:225.0(1.46%),B:2442.8(1.42%),P:1e0	Tpos:46.5,Tstd:26.5,Bpos:808.3,Bstd:1863.4,StrandBias:-10.0,Multiplicity:1.00
0.035	0.299	0.001	0.665
0.116	0.037	0.846	0.001
0.001	0.128	0.001	0.870
0.149	0.006	0.844	0.001
0.001	0.058	0.010	0.931
0.115	0.046	0.838	0.001
0.001	0.313	0.001	0.685
0.119	0.001	0.879	0.001
0.001	0.085	0.001	0.913
0.087	0.001	0.911	0.001
0.074	0.263	0.001	0.662
0.231	0.074	0.641	0.054
>GTGTGYGTGYGY	22-GTGTGYGTGYGY	9.617426	-0.936821	0	T:268.0(1.74%),B:2928.5(1.70%),P:1e0	Tpos:53.8,Tstd:23.7,Bpos:2456.0,Bstd:8558.2,StrandBias:-1.0,Multiplicity:1.00
0.329	0.071	0.564	0.036
0.086	0.195	0.066	0.653
0.266	0.014	0.693	0.027
0.029	0.216	0.051	0.704
0.332	0.047	0.587	0.034
0.035	0.388	0.042	0.535
0.323	0.028	0.615	0.034
0.039	0.394	0.017	0.550
0.310	0.028	0.631	0.031
0.047	0.417	0.045	0.490
0.332	0.031	0.585	0.052
0.041	0.389	0.042	0.528
>GGRAGGAAGGVR	23-GGRAGGAAGGVR	12.995795	-0.379415	0	T:8.0(0.05%),B:101.2(0.06%),P:1e0	Tpos:46.5,Tstd:27.7,Bpos:3631.1,Bstd:8146.1,StrandBias:-1.6,Multiplicity:1.00
0.316	0.001	0.677	0.006
0.001	0.001	0.997	0.001
0.547	0.001	0.451	0.001
0.647	0.001	0.351	0.001
0.001	0.001	0.997	0.001
0.001	0.001	0.997	0.001
0.997	0.001	0.001	0.001
0.997	0.001	0.001	0.001
0.001	0.001	0.997	0.001
0.001	0.001	0.602	0.396
0.345	0.278	0.376	0.001
0.493	0.114	0.392	0.001
>NNNVTGWSACAY	24-NNNVTGWSACAY	8.169449	-0.119178	0	T:4.0(0.03%),B:73.1(0.04%),P:1e0	Tpos:51.0,Tstd:24.7,Bpos:1915.7,Bstd:4469.1,StrandBias:0.0,Multiplicity:1.00
0.200	0.264	0.328	0.208
0.200	0.271	0.200	0.329
0.288	0.251	0.189	0.273
0.308	0.303	0.380	0.009
0.073	0.066	0.093	0.768
0.076	0.120	0.737	0.067
0.418	0.029	0.015	0.538
0.003	0.514	0.482	0.001
0.569	0.023	0.023	0.385
0.057	0.818	0.077	0.048
0.771	0.080	0.075	0.074
0.006	0.413	0.189	0.393
>TCTCTCTCTCTC	25-TCTCTCTCTCTC	13.003800	-0.026997	0	T:39.0(0.25%),B:584.0(0.34%),P:1e0	Tpos:47.2,Tstd:27.8,Bpos:3195.8,Bstd:6189.0,StrandBias:0.5,Multiplicity:1.08
0.099	0.109	0.095	0.697
0.202	0.796	0.001	0.001
0.169	0.001	0.219	0.611
0.001	0.890	0.108	0.001
0.001	0.079	0.003	0.917
0.001	0.996	0.002	0.001
0.123	0.083	0.001	0.793
0.001	0.980	0.018	0.001
0.036	0.189	0.019	0.756
0.056	0.942	0.001	0.001
0.131	0.127	0.024	0.718
0.058	0.874	0.067	0.001
