>GRGGAAGT	1-GRGGAAGT	8.286505	-97.388256	0	T:762.0(4.94%),B:4835.3(2.81%),P:1e-42	Tpos:49.8,Tstd:26.7,Bpos:1813.7,Bstd:4876.0,StrandBias:0.1,Multiplicity:1.05
0.219	0.128	0.597	0.056
0.462	0.147	0.333	0.059
0.042	0.018	0.912	0.028
0.051	0.054	0.870	0.025
0.767	0.137	0.043	0.053
0.899	0.028	0.041	0.032
0.083	0.103	0.790	0.024
0.039	0.142	0.114	0.705
>AGGAAGTG	2-AGGAAGTG	10.462814	-65.117903	0	T:554.0(3.59%),B:3611.9(2.10%),P:1e-28	Tpos:50.5,Tstd:25.3,Bpos:1971.2,Bstd:5405.7,StrandBias:-0.0,Multiplicity:1.05
0.775	0.068	0.156	0.001
0.001	0.001	0.997	0.001
0.001	0.001	0.997	0.001
0.959	0.036	0.001	0.004
0.986	0.001	0.001	0.012
0.040	0.023	0.936	0.001
0.001	0.001	0.036	0.962
0.110	0.043	0.814	0.033
>GGAAGTGT	3-GGAAGTGT	7.994664	-27.234825	0	T:558.0(3.62%),B:4500.6(2.62%),P:1e-11	Tpos:54.0,Tstd:28.0,Bpos:1872.8,Bstd:5231.5,StrandBias:-0.0,Multiplicity:1.02
0.069	0.014	0.864	0.053
0.033	0.157	0.791	0.019
0.723	0.139	0.047	0.091
0.741	0.052	0.144	0.063
0.097	0.099	0.735	0.069
0.008	0.089	0.116	0.787
0.079	0.059	0.828	0.034
0.258	0.115	0.097	0.530
>KGCACGTG	4-KGCACGTG	8.833758	-0.220867	0	T:153.0(0.99%),B:1823.7(1.06%),P:1e0	Tpos:51.9,Tstd:28.4,Bpos:1116.0,Bstd:5181.8,StrandBias:-0.1,Multiplicity:1.03
0.221	0.098	0.271	0.410
0.086	0.074	0.569	0.271
0.001	0.997	0.001	0.001
0.997	0.001	0.001	0.001
0.001	0.679	0.001	0.319
0.329	0.001	0.669	0.001
0.001	0.001	0.001	0.997
0.001	0.001	0.997	0.001
>CACGTGRC	5-CACGTGRC	8.142142	-0.146925	0	T:356.0(2.31%),B:4201.2(2.45%),P:1e0	Tpos:49.0,Tstd:26.0,Bpos:819.7,Bstd:3448.0,StrandBias:-0.0,Multiplicity:1.09
0.044	0.884	0.035	0.037
0.894	0.001	0.050	0.055
0.035	0.667	0.118	0.180
0.224	0.093	0.660	0.023
0.044	0.028	0.024	0.904
0.028	0.016	0.926	0.030
0.280	0.117	0.423	0.180
0.042	0.643	0.158	0.157
>CAYRTGTN	6-CAYRTGTN	7.778676	-0.082773	0	T:143.0(0.93%),B:1790.3(1.04%),P:1e0	Tpos:50.6,Tstd:24.5,Bpos:1194.3,Bstd:5115.6,StrandBias:-0.1,Multiplicity:1.03
0.001	0.997	0.001	0.001
0.997	0.001	0.001	0.001
0.001	0.536	0.001	0.462
0.494	0.001	0.504	0.001
0.001	0.001	0.001	0.997
0.001	0.001	0.997	0.001
0.285	0.272	0.001	0.442
0.169	0.282	0.309	0.240
>CACACVWG	7-CACACVWG	7.476947	-0.026388	0	T:178.0(1.15%),B:2291.4(1.33%),P:1e0	Tpos:3.0,Tstd:0.0,Bpos:82.0,Bstd:171.8,StrandBias:-10.0,Multiplicity:1.00
0.001	0.667	0.029	0.303
0.997	0.001	0.001	0.001
0.001	0.997	0.001	0.001
0.997	0.001	0.001	0.001
0.001	0.604	0.030	0.365
0.365	0.246	0.274	0.115
0.330	0.158	0.046	0.466
0.117	0.246	0.397	0.241
>TKCCCYYT	8-TKCCCYYT	6.200797	-0.012213	0	T:406.0(2.63%),B:5055.8(2.94%),P:1e0	Tpos:49.2,Tstd:27.3,Bpos:2277.3,Bstd:5683.9,StrandBias:0.2,Multiplicity:1.03
0.030	0.163	0.050	0.757
0.093	0.088	0.387	0.432
0.044	0.690	0.060	0.206
0.001	0.825	0.001	0.173
0.116	0.495	0.053	0.336
0.107	0.426	0.155	0.313
0.106	0.416	0.087	0.392
0.188	0.266	0.056	0.489
>YRYGTGBH	9-YRYGTGBH	6.961018	-0.003055	0	T:259.0(1.68%),B:3416.7(1.99%),P:1e0	Tpos:53.5,Tstd:26.5,Bpos:2160.9,Bstd:5999.4,StrandBias:-0.1,Multiplicity:1.03
0.001	0.497	0.001	0.501
0.430	0.001	0.568	0.001
0.001	0.453	0.001	0.545
0.282	0.001	0.716	0.001
0.001	0.001	0.001	0.997
0.001	0.001	0.997	0.001
0.134	0.371	0.270	0.225
0.393	0.312	0.019	0.276
>WCACATGY	10-WCACATGY	8.181354	-0.000383	0	T:127.0(0.82%),B:1892.0(1.10%),P:1e0	Tpos:48.7,Tstd:24.6,Bpos:3055.3,Bstd:7350.7,StrandBias:-0.0,Multiplicity:1.10
0.568	0.001	0.001	0.430
0.001	0.644	0.001	0.354
0.649	0.001	0.349	0.001
0.001	0.997	0.001	0.001
0.656	0.001	0.342	0.001
0.001	0.314	0.001	0.684
0.086	0.001	0.912	0.001
0.001	0.563	0.001	0.435
>YRCAYRTC	11-YRCAYRTC	7.092413	-0.000016	0	T:19.0(0.12%),B:487.3(0.28%),P:1e0	Tpos:39.3,Tstd:30.4,Bpos:4812.4,Bstd:9091.7,StrandBias:0.3,Multiplicity:1.06
0.071	0.437	0.001	0.491
0.456	0.001	0.482	0.061
0.001	0.997	0.001	0.001
0.997	0.001	0.001	0.001
0.001	0.488	0.001	0.510
0.474	0.087	0.438	0.001
0.265	0.126	0.072	0.537
0.042	0.601	0.356	0.001
>CACACACA	12-CACACACA	8.383528	-0.000013	0	T:625.0(4.05%),B:8216.0(4.78%),P:1e0	Tpos:53.0,Tstd:26.1,Bpos:2256.9,Bstd:6380.3,StrandBias:-0.3,Multiplicity:1.29
0.001	0.958	0.016	0.025
0.925	0.026	0.030	0.019
0.001	0.965	0.015	0.019
0.934	0.024	0.041	0.001
0.001	0.968	0.011	0.020
0.961	0.001	0.037	0.001
0.001	0.966	0.001	0.032
0.864	0.001	0.093	0.042
>ACACACAY	13-ACACACAY	8.570666	-0.000005	0	T:542.0(3.51%),B:7277.6(4.24%),P:1e0	Tpos:50.8,Tstd:26.8,Bpos:3696.1,Bstd:7324.4,StrandBias:-0.2,Multiplicity:1.04
0.617	0.119	0.075	0.189
0.056	0.806	0.063	0.075
0.790	0.079	0.077	0.054
0.006	0.943	0.017	0.034
0.852	0.059	0.066	0.023
0.015	0.874	0.041	0.070
0.703	0.117	0.118	0.062
0.078	0.451	0.056	0.415
>TRCAYATS	14-TRCAYATS	7.043469	-0.000003	0	T:72.0(0.47%),B:1327.6(0.77%),P:1e0	Tpos:75.1,Tstd:10.5,Bpos:7516.1,Bstd:9968.5,StrandBias:-1.3,Multiplicity:1.00
0.001	0.410	0.001	0.588
0.539	0.001	0.423	0.037
0.001	0.997	0.001	0.001
0.997	0.001	0.001	0.001
0.128	0.425	0.001	0.446
0.491	0.272	0.237	0.001
0.001	0.308	0.108	0.583
0.001	0.318	0.456	0.225
>CACATAHG	15-CACATAHG	7.922383	-0.000001	0	T:41.0(0.27%),B:889.5(0.52%),P:1e0	Tpos:44.3,Tstd:24.3,Bpos:2467.7,Bstd:5143.2,StrandBias:0.5,Multiplicity:1.00
0.018	0.649	0.001	0.332
0.997	0.001	0.001	0.001
0.001	0.997	0.001	0.001
0.997	0.001	0.001	0.001
0.001	0.303	0.001	0.695
0.669	0.216	0.114	0.001
0.347	0.289	0.088	0.276
0.093	0.224	0.487	0.195
>CACAYRCR	16-CACAYRCR	7.227846	-0.000001	0	T:108.0(0.70%),B:1868.7(1.09%),P:1e0	Tpos:60.1,Tstd:33.3,Bpos:2628.5,Bstd:5646.8,StrandBias:0.0,Multiplicity:1.00
0.057	0.608	0.040	0.295
0.768	0.057	0.129	0.046
0.063	0.804	0.028	0.105
0.909	0.021	0.042	0.028
0.035	0.437	0.001	0.527
0.462	0.083	0.443	0.012
0.111	0.512	0.100	0.277
0.494	0.035	0.435	0.036
>RCACACAC	17-RCACACAC	9.945392	-0.000000	0	T:643.0(4.17%),B:8884.9(5.17%),P:1e0	Tpos:49.7,Tstd:27.8,Bpos:1936.0,Bstd:5527.1,StrandBias:0.0,Multiplicity:1.03
0.325	0.001	0.464	0.211
0.001	0.997	0.001	0.001
0.997	0.001	0.001	0.001
0.001	0.997	0.001	0.001
0.997	0.001	0.001	0.001
0.001	0.997	0.001	0.001
0.997	0.001	0.001	0.001
0.001	0.997	0.001	0.001
>TGTGRTTK	18-TGTGRTTK	8.143320	-0.000000	0	T:161.0(1.04%),B:2761.4(1.61%),P:1e0	Tpos:48.1,Tstd:28.8,Bpos:11820.3,Bstd:25714.6,StrandBias:0.4,Multiplicity:1.02
0.001	0.001	0.001	0.997
0.001	0.001	0.997	0.001
0.001	0.058	0.001	0.940
0.001	0.001	0.997	0.001
0.465	0.001	0.331	0.203
0.001	0.182	0.038	0.779
0.118	0.132	0.205	0.545
0.192	0.138	0.269	0.401
>DTTGTGTR	19-DTTGTGTR	7.688959	-0.000000	0	T:208.0(1.35%),B:4341.8(2.53%),P:1e0	Tpos:45.9,Tstd:24.8,Bpos:3199.1,Bstd:8677.5,StrandBias:0.3,Multiplicity:1.02
0.331	0.039	0.309	0.321
0.230	0.001	0.231	0.538
0.001	0.072	0.001	0.926
0.409	0.001	0.589	0.001
0.001	0.038	0.001	0.960
0.055	0.001	0.943	0.001
0.011	0.185	0.011	0.793
0.454	0.017	0.512	0.017
>GTGTGTHB	20-GTGTGTHB	7.107820	-0.000000	0	T:188.0(1.22%),B:3373.3(1.96%),P:1e0	Tpos:43.7,Tstd:31.9,Bpos:2464.3,Bstd:6071.3,StrandBias:-0.3,Multiplicity:1.03
0.257	0.001	0.741	0.001
0.001	0.001	0.001	0.997
0.001	0.001	0.997	0.001
0.001	0.381	0.001	0.617
0.392	0.001	0.606	0.001
0.231	0.001	0.001	0.767
0.258	0.297	0.118	0.327
0.182	0.210	0.342	0.267
>WTTRTGTG	21-WTTRTGTG	8.322143	-0.000000	0	T:79.0(0.51%),B:2300.2(1.34%),P:1e0	Tpos:49.7,Tstd:27.9,Bpos:4124.9,Bstd:12877.3,StrandBias:-0.2,Multiplicity:1.00
0.307	0.166	0.143	0.384
0.197	0.086	0.177	0.540
0.001	0.198	0.095	0.706
0.446	0.001	0.552	0.001
0.001	0.001	0.001	0.997
0.001	0.001	0.997	0.001
0.001	0.026	0.001	0.972
0.194	0.001	0.804	0.001
>SCTGTGTG	22-SCTGTGTG	8.568785	-0.000000	0	T:268.0(1.74%),B:4616.6(2.69%),P:1e0	Tpos:50.5,Tstd:27.0,Bpos:1500.2,Bstd:5077.9,StrandBias:0.2,Multiplicity:1.04
0.202	0.374	0.423	0.001
0.112	0.629	0.182	0.077
0.001	0.272	0.264	0.463
0.338	0.001	0.660	0.001
0.001	0.001	0.001	0.997
0.001	0.001	0.997	0.001
0.001	0.001	0.001	0.997
0.001	0.001	0.997	0.001
>ACAGGTGT	23-ACAGGTGT	8.236954	-0.000000	0	T:131.0(0.85%),B:2776.1(1.62%),P:1e0	Tpos:47.2,Tstd:27.2,Bpos:2501.9,Bstd:6679.1,StrandBias:-0.1,Multiplicity:1.01
0.700	0.100	0.100	0.100
0.100	0.700	0.100	0.100
0.700	0.100	0.100	0.100
0.100	0.100	0.700	0.100
0.100	0.100	0.700	0.100
0.100	0.100	0.100	0.700
0.100	0.100	0.700	0.100
0.100	0.100	0.100	0.700
>CACACCMM	24-CACACCMM	8.472022	-0.000000	0	T:144.0(0.93%),B:2858.4(1.66%),P:1e0	Tpos:47.4,Tstd:26.0,Bpos:2052.8,Bstd:5627.1,StrandBias:-0.1,Multiplicity:1.00
0.001	0.997	0.001	0.001
0.997	0.001	0.001	0.001
0.001	0.997	0.001	0.001
0.997	0.001	0.001	0.001
0.019	0.570	0.001	0.410
0.125	0.526	0.348	0.001
0.526	0.392	0.054	0.028
0.340	0.468	0.058	0.134
>GTGTGTRT	25-GTGTGTRT	3.833729	-0.000000	0	T:4515.0(29.26%),B:61620.3(35.87%),P:1e0	Tpos:50.7,Tstd:26.7,Bpos:3813.5,Bstd:10757.1,StrandBias:0.1,Multiplicity:1.26
0.164	0.189	0.482	0.165
0.001	0.103	0.289	0.607
0.224	0.001	0.774	0.001
0.001	0.001	0.001	0.997
0.001	0.001	0.997	0.001
0.001	0.412	0.001	0.586
0.555	0.001	0.443	0.001
0.206	0.001	0.001	0.792
