>GGAATGGAAT	1-GGAATGGAAT	12.747005	-63.578307	0	T:25.0(9.06%),B:629.2(0.31%),P:1e-27	Tpos:207.9,Tstd:206.5,Bpos:16238.2,Bstd:25898.0,StrandBias:2.1,Multiplicity:10.72
0.001	0.385	0.536	0.078
0.059	0.001	0.939	0.001
0.997	0.001	0.001	0.001
0.953	0.001	0.045	0.001
0.001	0.001	0.001	0.997
0.001	0.001	0.997	0.001
0.012	0.001	0.986	0.001
0.997	0.001	0.001	0.001
0.979	0.019	0.001	0.001
0.001	0.001	0.001	0.997
>ATCGAATGGA	2-ATCGAATGGA	8.698129	-60.989504	0	T:24.0(8.70%),B:606.8(0.30%),P:1e-26	Tpos:152.8,Tstd:113.9,Bpos:15617.4,Bstd:38994.0,StrandBias:3.2,Multiplicity:2.07
0.602	0.136	0.137	0.125
0.035	0.120	0.016	0.829
0.065	0.560	0.310	0.065
0.090	0.119	0.665	0.126
0.836	0.049	0.049	0.066
0.720	0.029	0.119	0.132
0.025	0.129	0.061	0.785
0.112	0.298	0.516	0.074
0.145	0.050	0.732	0.073
0.757	0.067	0.092	0.084
>GAATGGAATC	3-GAATGGAATC	9.839206	-42.701394	0	T:25.0(9.06%),B:1531.6(0.75%),P:1e-18	Tpos:147.7,Tstd:113.5,Bpos:13260.6,Bstd:31952.7,StrandBias:1.4,Multiplicity:1.74
0.098	0.083	0.767	0.052
0.841	0.027	0.045	0.087
0.699	0.059	0.201	0.041
0.042	0.100	0.024	0.834
0.086	0.050	0.718	0.146
0.017	0.040	0.920	0.023
0.881	0.014	0.043	0.062
0.855	0.102	0.033	0.010
0.030	0.021	0.023	0.926
0.031	0.566	0.359	0.044
>AATGGAATCA	4-AATGGAATCA	10.517483	-41.542345	0	T:28.0(10.14%),B:2185.2(1.06%),P:1e-18	Tpos:175.3,Tstd:124.6,Bpos:16142.3,Bstd:50604.3,StrandBias:0.7,Multiplicity:2.12
0.934	0.014	0.016	0.036
0.902	0.001	0.082	0.015
0.026	0.031	0.017	0.926
0.058	0.034	0.777	0.131
0.031	0.001	0.967	0.001
0.965	0.001	0.016	0.018
0.968	0.016	0.015	0.001
0.020	0.001	0.012	0.967
0.026	0.926	0.001	0.047
0.963	0.019	0.001	0.017
>CAACCCGAGT	5-CAACCCGAGT	11.247034	-34.688852	0	T:9.0(3.26%),B:63.0(0.03%),P:1e-15	Tpos:149.8,Tstd:60.3,Bpos:10267.5,Bstd:39945.1,StrandBias:1.0,Multiplicity:1.12
0.001	0.997	0.001	0.001
0.997	0.001	0.001	0.001
0.997	0.001	0.001	0.001
0.001	0.997	0.001	0.001
0.001	0.773	0.120	0.106
0.055	0.886	0.001	0.058
0.059	0.001	0.869	0.071
0.997	0.001	0.001	0.001
0.001	0.001	0.997	0.001
0.001	0.001	0.086	0.912
>TCCRTTCGAT	6-TCCRTTCGAT	11.418312	-25.950908	0	T:5.0(1.81%),B:8.4(0.00%),P:1e-11	Tpos:246.0,Tstd:47.5,Bpos:6406.1,Bstd:8850.0,StrandBias:-1.0,Multiplicity:1.00
0.069	0.076	0.001	0.854
0.080	0.705	0.148	0.067
0.106	0.731	0.087	0.076
0.289	0.069	0.428	0.214
0.001	0.001	0.001	0.997
0.001	0.001	0.001	0.997
0.158	0.770	0.001	0.071
0.134	0.077	0.788	0.001
0.859	0.001	0.001	0.139
0.005	0.001	0.105	0.889
>ATTCCGTTCG	7-ATTCCGTTCG	4.841159	-23.565495	0	T:27.0(9.78%),B:4288.5(2.09%),P:1e-10	Tpos:156.4,Tstd:135.3,Bpos:13958.7,Bstd:53784.7,StrandBias:-1.6,Multiplicity:2.81
0.997	0.001	0.001	0.001
0.027	0.001	0.001	0.971
0.001	0.001	0.001	0.997
0.001	0.997	0.001	0.001
0.001	0.871	0.001	0.127
0.155	0.001	0.843	0.001
0.001	0.001	0.001	0.997
0.001	0.001	0.001	0.997
0.001	0.997	0.001	0.001
0.001	0.001	0.997	0.001
>ATGGAATCAT	8-ATGGAATCAT	9.856200	-15.544621	0	T:16.0(5.80%),B:2337.7(1.14%),P:1e-6	Tpos:195.9,Tstd:118.6,Bpos:46897.5,Bstd:126328.5,StrandBias:1.3,Multiplicity:1.55
0.850	0.001	0.148	0.001
0.029	0.099	0.001	0.871
0.148	0.001	0.850	0.001
0.019	0.037	0.868	0.076
0.921	0.001	0.041	0.037
0.927	0.001	0.042	0.030
0.023	0.001	0.034	0.942
0.001	0.963	0.035	0.001
0.952	0.046	0.001	0.001
0.001	0.001	0.001	0.997
>ADGMAGAVAD	9-ADGMAGAVAD	4.275848	-12.642518	0	T:256.0(92.75%),B:171097.7(83.34%),P:1e-5	Tpos:124.3,Tstd:159.2,Bpos:13840.9,Bstd:50792.5,StrandBias:-0.3,Multiplicity:1.55
0.599	0.001	0.001	0.399
0.360	0.001	0.360	0.279
0.359	0.001	0.639	0.001
0.359	0.399	0.001	0.240
0.997	0.001	0.001	0.001
0.160	0.239	0.480	0.121
0.519	0.001	0.120	0.360
0.201	0.319	0.321	0.160
0.440	0.280	0.001	0.279
0.320	0.161	0.240	0.280
>TTAAATGGAA	10-TTAAATGGAA	4.293242	-12.515737	0	T:189.0(68.48%),B:113037.7(55.06%),P:1e-5	Tpos:127.2,Tstd:124.6,Bpos:15760.2,Bstd:54949.3,StrandBias:0.0,Multiplicity:1.61
0.033	0.042	0.077	0.848
0.036	0.018	0.112	0.834
0.966	0.032	0.001	0.001
0.755	0.073	0.039	0.133
0.924	0.024	0.041	0.011
0.159	0.033	0.021	0.787
0.100	0.043	0.724	0.133
0.082	0.100	0.733	0.085
0.763	0.040	0.126	0.071
0.816	0.100	0.050	0.034
>WNTKWGTTWT	11-WNTKWGTTWT	3.654788	-12.329968	0	T:257.0(93.12%),B:172454.4(84.00%),P:1e-5	Tpos:149.1,Tstd:180.4,Bpos:14538.2,Bstd:51524.5,StrandBias:0.1,Multiplicity:1.87
0.346	0.173	0.096	0.385
0.308	0.212	0.173	0.307
0.193	0.192	0.192	0.423
0.058	0.173	0.346	0.423
0.461	0.001	0.173	0.365
0.001	0.423	0.575	0.001
0.001	0.384	0.001	0.614
0.288	0.250	0.001	0.461
0.403	0.077	0.001	0.519
0.327	0.096	0.096	0.481
>VYWCAWAGAT	12-VYWCAWAGAT	4.665022	-11.852741	0	T:171.0(61.96%),B:100087.1(48.75%),P:1e-5	Tpos:161.1,Tstd:192.6,Bpos:19511.6,Bstd:68918.2,StrandBias:-0.1,Multiplicity:1.12
0.329	0.274	0.288	0.109
0.150	0.329	0.082	0.438
0.424	0.137	0.069	0.370
0.041	0.781	0.137	0.041
0.727	0.123	0.027	0.123
0.452	0.082	0.123	0.342
0.466	0.055	0.178	0.301
0.055	0.219	0.493	0.233
0.630	0.041	0.028	0.301
0.329	0.082	0.068	0.521
>DAAATCAAAD	13-DAAATCAAAD	3.452920	-11.145812	0	T:248.0(89.86%),B:164963.0(80.35%),P:1e-4	Tpos:154.2,Tstd:196.3,Bpos:15051.4,Bstd:53581.3,StrandBias:0.1,Multiplicity:1.44
0.352	0.179	0.234	0.235
0.650	0.128	0.080	0.142
0.585	0.136	0.151	0.128
0.555	0.130	0.167	0.148
0.166	0.148	0.162	0.524
0.171	0.483	0.185	0.162
0.593	0.147	0.092	0.168
0.544	0.142	0.163	0.151
0.595	0.110	0.142	0.153
0.323	0.172	0.211	0.293
>TTTTTYTHAW	14-TTTTTYTHAW	4.133133	-10.666328	0	T:238.0(86.23%),B:156363.3(76.16%),P:1e-4	Tpos:108.8,Tstd:98.3,Bpos:14545.4,Bstd:52582.9,StrandBias:0.0,Multiplicity:1.53
0.312	0.132	0.066	0.491
0.261	0.148	0.016	0.575
0.344	0.066	0.017	0.573
0.049	0.230	0.082	0.639
0.001	0.213	0.146	0.640
0.016	0.425	0.230	0.328
0.213	0.295	0.001	0.491
0.328	0.327	0.132	0.213
0.476	0.229	0.001	0.294
0.345	0.179	0.115	0.361
>ATTGAATGGA	15-ATTGAATGGA	4.486737	-8.026559	0	T:163.0(59.06%),B:99838.9(48.63%),P:1e-3	Tpos:160.6,Tstd:167.9,Bpos:17472.1,Bstd:61960.9,StrandBias:0.4,Multiplicity:2.03
0.845	0.036	0.079	0.040
0.092	0.041	0.051	0.816
0.054	0.110	0.179	0.657
0.088	0.010	0.849	0.053
0.766	0.097	0.036	0.101
0.851	0.047	0.019	0.083
0.104	0.057	0.051	0.788
0.075	0.001	0.821	0.103
0.066	0.071	0.753	0.110
0.864	0.015	0.057	0.064
>GWGTKADRWT	16-GWGTKADRWT	3.769656	-8.004648	0	T:261.0(94.57%),B:181393.0(88.36%),P:1e-3	Tpos:131.5,Tstd:157.4,Bpos:15199.3,Bstd:56573.3,StrandBias:-0.1,Multiplicity:1.71
0.264	0.263	0.472	0.001
0.471	0.001	0.160	0.368
0.106	0.106	0.525	0.263
0.316	0.001	0.160	0.523
0.001	0.262	0.318	0.419
0.734	0.053	0.212	0.001
0.316	0.001	0.317	0.367
0.368	0.210	0.421	0.001
0.525	0.001	0.001	0.473
0.368	0.001	0.001	0.630
>TTTTWAADWW	17-TTTTWAADWW	2.847072	-7.087384	0	T:188.0(68.12%),B:120580.0(58.73%),P:1e-3	Tpos:121.3,Tstd:121.5,Bpos:15923.9,Bstd:52745.6,StrandBias:-0.1,Multiplicity:1.90
0.371	0.001	0.001	0.627
0.001	0.001	0.001	0.997
0.249	0.001	0.001	0.749
0.377	0.001	0.001	0.621
0.501	0.001	0.001	0.497
0.873	0.001	0.001	0.125
0.935	0.001	0.002	0.062
0.376	0.126	0.248	0.250
0.252	0.186	0.190	0.371
0.374	0.124	0.188	0.314
>TAAKKRSARA	18-TAAKKRSARA	-4.172067	-7.022782	0	T:270.0(97.83%),B:192031.7(93.54%),P:1e-3	Tpos:161.2,Tstd:221.1,Bpos:16072.9,Bstd:59830.8,StrandBias:-0.3,Multiplicity:1.72
0.001	0.001	0.001	0.997
0.937	0.001	0.001	0.061
0.990	0.001	0.008	0.001
0.061	0.001	0.473	0.464
0.001	0.001	0.534	0.464
0.526	0.001	0.465	0.008
0.001	0.465	0.464	0.070
0.990	0.001	0.001	0.008
0.464	0.001	0.534	0.001
0.936	0.001	0.001	0.062
>AARAAAWWWT	19-AARAAAWWWT	3.959285	-4.999122	0	T:221.0(80.07%),B:150855.4(73.48%),P:1e-2	Tpos:121.1,Tstd:139.1,Bpos:15324.7,Bstd:53908.8,StrandBias:0.1,Multiplicity:1.50
0.534	0.070	0.105	0.291
0.524	0.116	0.151	0.209
0.372	0.151	0.302	0.174
0.640	0.267	0.012	0.081
0.524	0.244	0.186	0.046
0.501	0.174	0.081	0.244
0.396	0.163	0.081	0.360
0.395	0.082	0.023	0.500
0.442	0.046	0.081	0.430
0.093	0.023	0.163	0.721
>AGAAGGCAGT	20-AGAAGGCAGT	2.512553	-4.992931	0	T:276.0(100.00%),B:201615.7(98.21%),P:1e-2	Tpos:136.4,Tstd:168.2,Bpos:12124.4,Bstd:46123.8,StrandBias:-0.0,Multiplicity:2.36
0.700	0.100	0.100	0.100
0.100	0.100	0.700	0.100
0.700	0.100	0.100	0.100
0.700	0.100	0.100	0.100
0.100	0.100	0.700	0.100
0.100	0.100	0.700	0.100
0.100	0.700	0.100	0.100
0.700	0.100	0.100	0.100
0.100	0.100	0.700	0.100
0.100	0.100	0.100	0.700
>WTWWTHTTTT	21-WTWWTHTTTT	4.823622	-4.603579	0	T:197.0(71.38%),B:132589.5(64.58%),P:1e-1	Tpos:109.9,Tstd:110.0,Bpos:15652.2,Bstd:54458.2,StrandBias:-0.1,Multiplicity:1.59
0.433	0.067	0.117	0.383
0.300	0.083	0.050	0.567
0.367	0.133	0.133	0.367
0.366	0.100	0.133	0.400
0.101	0.233	0.133	0.533
0.300	0.283	0.067	0.350
0.267	0.100	0.083	0.550
0.016	0.083	0.001	0.900
0.001	0.066	0.016	0.917
0.200	0.083	0.117	0.600
>ATGAYMAWAN	22-ATGAYMAWAN	5.602490	-0.700778	0	T:10.0(3.62%),B:7161.8(3.49%),P:1e0	Tpos:108.0,Tstd:0.0,Bpos:15094.9,Bstd:52711.4,StrandBias:10.0,Multiplicity:1.00
0.420	0.140	0.180	0.260
0.001	0.119	0.340	0.540
0.001	0.280	0.560	0.159
0.539	0.040	0.040	0.381
0.060	0.361	0.200	0.380
0.460	0.340	0.080	0.120
0.440	0.161	0.220	0.180
0.360	0.200	0.120	0.321
0.620	0.040	0.060	0.280
0.280	0.180	0.220	0.320
>MTAAGAATGD	23-MTAAGAATGD	6.147866	-0.162154	0	T:16.0(5.80%),B:14838.8(7.23%),P:1e0	Tpos:106.0,Tstd:37.2,Bpos:92902.6,Bstd:177460.3,StrandBias:2.8,Multiplicity:1.00
0.283	0.369	0.196	0.152
0.196	0.130	0.043	0.631
0.542	0.153	0.196	0.109
0.652	0.022	0.131	0.195
0.065	0.282	0.588	0.065
0.608	0.239	0.152	0.001
0.457	0.217	0.087	0.239
0.131	0.065	0.152	0.652
0.087	0.152	0.718	0.043
0.239	0.196	0.218	0.347
>NNNNNNNNNN	24-NNNNNNNNNN	nan	0.000000	0	T:0.0(0.00%),B:0.0(0.00%),P:1e0	Tpos:0.0,Tstd:0.0,Bpos:0.0,Bstd:0.0,StrandBias:0.0,Multiplicity:1.00
nan	nan	nan	nan
nan	nan	nan	nan
nan	nan	nan	nan
nan	nan	nan	nan
nan	nan	nan	nan
nan	nan	nan	nan
nan	nan	nan	nan
nan	nan	nan	nan
nan	nan	nan	nan
nan	nan	nan	nan
>NNNNNNNNNN	25-NNNNNNNNNN	nan	0.000000	0	T:0.0(0.00%),B:0.0(0.00%),P:1e0	Tpos:0.0,Tstd:0.0,Bpos:0.0,Bstd:0.0,StrandBias:0.0,Multiplicity:1.00
nan	nan	nan	nan
nan	nan	nan	nan
nan	nan	nan	nan
nan	nan	nan	nan
nan	nan	nan	nan
nan	nan	nan	nan
nan	nan	nan	nan
nan	nan	nan	nan
nan	nan	nan	nan
nan	nan	nan	nan
>ATGGAATGGAAT	1-ATGGAATGGAAT	14.911993	-88.471444	0	T:21.0(7.61%),B:89.2(0.04%),P:1e-38	Tpos:211.9,Tstd:208.5,Bpos:17032.0,Bstd:21401.6,StrandBias:2.0,Multiplicity:4.76
0.997	0.001	0.001	0.001
0.001	0.001	0.001	0.997
0.001	0.199	0.799	0.001
0.001	0.001	0.997	0.001
0.997	0.001	0.001	0.001
0.997	0.001	0.001	0.001
0.001	0.001	0.001	0.997
0.001	0.074	0.924	0.001
0.001	0.001	0.997	0.001
0.997	0.001	0.001	0.001
0.997	0.001	0.001	0.001
0.001	0.001	0.001	0.997
>TCGAATGGAATC	2-TCGAATGGAATC	10.134259	-87.406570	0	T:25.0(9.06%),B:230.1(0.11%),P:1e-37	Tpos:171.9,Tstd:124.5,Bpos:15313.8,Bstd:28953.1,StrandBias:2.4,Multiplicity:2.90
0.090	0.076	0.048	0.786
0.118	0.464	0.292	0.125
0.145	0.193	0.546	0.116
0.852	0.061	0.039	0.048
0.585	0.136	0.118	0.161
0.098	0.054	0.058	0.790
0.117	0.238	0.482	0.163
0.116	0.137	0.685	0.062
0.840	0.053	0.035	0.072
0.634	0.050	0.121	0.195
0.083	0.067	0.045	0.805
0.126	0.532	0.256	0.086
>GAMTCGAATGGA	3-GAMTCGAATGGA	11.049721	-78.022675	0	T:24.0(8.70%),B:287.9(0.14%),P:1e-33	Tpos:153.7,Tstd:92.9,Bpos:17122.3,Bstd:24014.8,StrandBias:2.7,Multiplicity:1.25
0.105	0.073	0.772	0.050
0.872	0.039	0.052	0.037
0.415	0.384	0.124	0.077
0.036	0.152	0.011	0.801
0.066	0.511	0.306	0.117
0.173	0.052	0.706	0.069
0.882	0.036	0.050	0.032
0.791	0.017	0.156	0.036
0.106	0.041	0.038	0.815
0.070	0.042	0.795	0.093
0.073	0.035	0.825	0.067
0.849	0.055	0.066	0.030
>CAACCCGAGTGG	4-CAACCCGAGTGG	15.734580	-39.733602	0	T:6.0(2.17%),B:0.5(0.00%),P:1e-17	Tpos:206.3,Tstd:39.7,Bpos:812.0,Bstd:0.0,StrandBias:-1.0,Multiplicity:1.00
0.001	0.782	0.001	0.216
0.997	0.001	0.001	0.001
0.997	0.001	0.001	0.001
0.001	0.997	0.001	0.001
0.001	0.806	0.001	0.192
0.001	0.997	0.001	0.001
0.001	0.001	0.806	0.192
0.997	0.001	0.001	0.001
0.001	0.001	0.997	0.001
0.001	0.001	0.001	0.997
0.001	0.001	0.997	0.001
0.001	0.001	0.819	0.179
>ATYGAATGGAAT	5-ATYGAATGGAAT	9.860183	-38.679116	0	T:26.0(9.42%),B:2025.4(0.99%),P:1e-16	Tpos:166.4,Tstd:98.6,Bpos:14328.9,Bstd:52529.2,StrandBias:1.7,Multiplicity:2.27
0.785	0.001	0.132	0.082
0.051	0.101	0.029	0.819
0.072	0.407	0.169	0.352
0.084	0.115	0.700	0.101
0.850	0.086	0.063	0.001
0.892	0.022	0.056	0.030
0.044	0.024	0.034	0.898
0.021	0.034	0.858	0.087
0.157	0.023	0.753	0.067
0.919	0.024	0.056	0.001
0.512	0.306	0.092	0.090
0.083	0.101	0.001	0.815
>MATGGAATSGWA	6-MATGGAATSGWA	9.028511	-38.289119	0	T:26.0(9.42%),B:2059.2(1.00%),P:1e-16	Tpos:169.8,Tstd:140.8,Bpos:13693.3,Bstd:40647.3,StrandBias:1.8,Multiplicity:2.09
0.415	0.322	0.169	0.094
0.769	0.113	0.080	0.038
0.069	0.056	0.100	0.775
0.193	0.085	0.506	0.216
0.061	0.100	0.754	0.085
0.787	0.044	0.168	0.001
0.710	0.113	0.136	0.041
0.035	0.192	0.001	0.772
0.094	0.378	0.436	0.092
0.357	0.044	0.515	0.084
0.415	0.001	0.023	0.561
0.424	0.218	0.162	0.196
>CAAATGGAATCA	7-CAAATGGAATCA	11.669795	-34.546403	0	T:16.0(5.80%),B:621.7(0.30%),P:1e-15	Tpos:174.5,Tstd:105.9,Bpos:14272.1,Bstd:50653.1,StrandBias:1.1,Multiplicity:1.33
0.001	0.997	0.001	0.001
0.438	0.184	0.241	0.137
0.938	0.056	0.002	0.004
0.872	0.001	0.126	0.001
0.078	0.001	0.080	0.841
0.148	0.001	0.698	0.153
0.082	0.040	0.770	0.108
0.941	0.001	0.001	0.057
0.943	0.055	0.001	0.001
0.001	0.001	0.098	0.900
0.189	0.716	0.001	0.094
0.950	0.001	0.048	0.001
>TCATCGAATGGA	8-TCATCGAATGGA	11.058455	-29.675085	0	T:14.0(5.07%),B:574.3(0.28%),P:1e-12	Tpos:138.2,Tstd:115.7,Bpos:12765.1,Bstd:39944.4,StrandBias:1.7,Multiplicity:2.08
0.051	0.001	0.051	0.897
0.043	0.835	0.031	0.091
0.790	0.001	0.090	0.119
0.080	0.082	0.026	0.812
0.058	0.804	0.001	0.137
0.252	0.001	0.683	0.064
0.926	0.001	0.042	0.031
0.963	0.001	0.035	0.001
0.155	0.052	0.051	0.742
0.042	0.001	0.846	0.111
0.204	0.088	0.707	0.001
0.997	0.001	0.001	0.001
>CATCATCRAATG	9-CATCATCRAATG	12.256908	-22.243920	0	T:11.0(3.99%),B:515.3(0.25%),P:1e-9	Tpos:167.3,Tstd:97.7,Bpos:13344.3,Bstd:44974.0,StrandBias:1.8,Multiplicity:1.00
0.001	0.997	0.001	0.001
0.997	0.001	0.001	0.001
0.001	0.013	0.001	0.985
0.001	0.997	0.001	0.001
0.854	0.144	0.001	0.001
0.014	0.001	0.169	0.816
0.334	0.664	0.001	0.001
0.492	0.001	0.363	0.144
0.651	0.001	0.179	0.169
0.997	0.001	0.001	0.001
0.001	0.001	0.001	0.997
0.001	0.001	0.700	0.298
>AATGGAACGGAA	10-AATGGAACGGAA	14.257152	-20.918922	0	T:5.0(1.81%),B:27.0(0.01%),P:1e-9	Tpos:103.4,Tstd:82.4,Bpos:20236.1,Bstd:24996.4,StrandBias:2.0,Multiplicity:1.00
0.997	0.001	0.001	0.001
0.997	0.001	0.001	0.001
0.200	0.200	0.001	0.599
0.199	0.001	0.799	0.001
0.001	0.001	0.799	0.199
0.997	0.001	0.001	0.001
0.997	0.001	0.001	0.001
0.001	0.997	0.001	0.001
0.001	0.001	0.997	0.001
0.001	0.001	0.997	0.001
0.997	0.001	0.001	0.001
0.997	0.001	0.001	0.001
>GGAGGTTGGGTC	11-GGAGGTTGGGTC	14.152604	-19.366541	0	T:5.0(1.81%),B:38.2(0.02%),P:1e-8	Tpos:100.4,Tstd:47.6,Bpos:12387.0,Bstd:44837.9,StrandBias:2.0,Multiplicity:1.00
0.001	0.001	0.997	0.001
0.001	0.202	0.595	0.202
0.997	0.001	0.001	0.001
0.001	0.001	0.997	0.001
0.001	0.178	0.820	0.001
0.001	0.001	0.001	0.997
0.001	0.001	0.001	0.997
0.001	0.001	0.997	0.001
0.001	0.001	0.997	0.001
0.001	0.001	0.997	0.001
0.001	0.001	0.001	0.997
0.001	0.810	0.001	0.188
>CATTGCTGGATT	12-CATTGCTGGATT	13.867528	-15.567256	0	T:6.0(2.17%),B:170.9(0.08%),P:1e-6	Tpos:91.0,Tstd:47.3,Bpos:14806.6,Bstd:52432.1,StrandBias:1.0,Multiplicity:1.00
0.001	0.997	0.001	0.001
0.997	0.001	0.001	0.001
0.001	0.175	0.001	0.823
0.001	0.001	0.001	0.997
0.001	0.001	0.997	0.001
0.001	0.810	0.001	0.188
0.181	0.001	0.001	0.817
0.001	0.001	0.859	0.139
0.001	0.001	0.847	0.151
0.997	0.001	0.001	0.001
0.001	0.001	0.001	0.997
0.001	0.001	0.001	0.997
>TTGACACTTTCA	13-TTGACACTTTCA	10.510772	-10.244976	0	T:12.0(4.35%),B:2098.7(1.02%),P:1e-4	Tpos:94.2,Tstd:45.5,Bpos:13573.8,Bstd:47626.0,StrandBias:-0.2,Multiplicity:1.08
0.001	0.001	0.001	0.997
0.139	0.001	0.001	0.859
0.097	0.168	0.734	0.001
0.887	0.001	0.109	0.003
0.106	0.892	0.001	0.001
0.890	0.001	0.001	0.108
0.001	0.766	0.001	0.232
0.097	0.229	0.175	0.499
0.121	0.001	0.001	0.877
0.144	0.092	0.001	0.763
0.064	0.858	0.001	0.077
0.997	0.001	0.001	0.001
>TGATTMCATATG	14-TGATTMCATATG	13.121733	-7.834976	0	T:4.0(1.45%),B:247.3(0.12%),P:1e-3	Tpos:188.0,Tstd:100.2,Bpos:12613.2,Bstd:41054.0,StrandBias:0.0,Multiplicity:1.50
0.001	0.001	0.001	0.997
0.001	0.001	0.773	0.225
0.997	0.001	0.001	0.001
0.001	0.001	0.381	0.617
0.001	0.001	0.381	0.617
0.322	0.452	0.001	0.225
0.001	0.997	0.001	0.001
0.997	0.001	0.001	0.001
0.001	0.001	0.001	0.997
0.677	0.001	0.321	0.001
0.001	0.001	0.001	0.997
0.001	0.001	0.997	0.001
>AAAACATGGATA	15-AAAACATGGATA	13.191284	-5.196005	0	T:4.0(1.45%),B:515.9(0.25%),P:1e-2	Tpos:132.8,Tstd:47.3,Bpos:17396.8,Bstd:65072.7,StrandBias:2.3,Multiplicity:1.50
0.701	0.001	0.001	0.297
0.486	0.307	0.206	0.001
0.997	0.001	0.001	0.001
0.997	0.001	0.001	0.001
0.001	0.997	0.001	0.001
0.997	0.001	0.001	0.001
0.001	0.001	0.001	0.997
0.001	0.001	0.758	0.240
0.001	0.001	0.997	0.001
0.997	0.001	0.001	0.001
0.393	0.001	0.001	0.605
0.758	0.001	0.001	0.240
>TATTTGATGTAC	16-TATTTGATGTAC	11.679766	-3.416471	0	T:2.0(0.72%),B:208.6(0.10%),P:1e-1	Tpos:311.6,Tstd:111.5,Bpos:15233.3,Bstd:51302.7,StrandBias:3.3,Multiplicity:5.50
0.001	0.001	0.132	0.866
0.863	0.003	0.001	0.133
0.247	0.001	0.001	0.751
0.012	0.110	0.357	0.521
0.114	0.001	0.001	0.884
0.100	0.142	0.480	0.277
0.989	0.006	0.001	0.004
0.099	0.001	0.001	0.899
0.141	0.158	0.602	0.099
0.161	0.100	0.001	0.738
0.633	0.268	0.004	0.095
0.227	0.768	0.001	0.004
>TCGAATGG	1-TCGAATGG	8.236954	-30.141306	0	T:14.0(5.07%),B:554.9(0.27%),P:1e-13	Tpos:114.5,Tstd:88.1,Bpos:11901.0,Bstd:44701.4,StrandBias:10.0,Multiplicity:1.44
0.100	0.100	0.100	0.700
0.100	0.700	0.100	0.100
0.100	0.100	0.700	0.100
0.700	0.100	0.100	0.100
0.700	0.100	0.100	0.100
0.100	0.100	0.100	0.700
0.100	0.100	0.700	0.100
0.100	0.100	0.700	0.100
>TCGAACGG	2-TCGAACGG	8.891797	-24.573190	0	T:7.0(2.54%),B:73.8(0.04%),P:1e-10	Tpos:201.8,Tstd:106.4,Bpos:22168.4,Bstd:86418.5,StrandBias:1.0,Multiplicity:1.20
0.083	0.086	0.049	0.782
0.093	0.657	0.053	0.197
0.159	0.048	0.755	0.038
0.722	0.075	0.058	0.145
0.788	0.066	0.084	0.062
0.001	0.659	0.080	0.260
0.089	0.016	0.844	0.051
0.012	0.032	0.904	0.052
>ATCGAATC	3-ATCGAATC	8.239117	-24.142720	0	T:15.0(5.43%),B:1060.1(0.52%),P:1e-10	Tpos:173.5,Tstd:133.0,Bpos:11044.7,Bstd:43430.6,StrandBias:2.0,Multiplicity:1.43
0.763	0.043	0.120	0.074
0.020	0.057	0.016	0.907
0.028	0.669	0.260	0.043
0.178	0.045	0.765	0.012
0.861	0.045	0.029	0.065
0.760	0.122	0.078	0.040
0.059	0.125	0.056	0.760
0.099	0.519	0.328	0.054
>GAATGGAA	4-GAATGGAA	10.957273	-19.116802	0	T:29.0(10.51%),B:6035.6(2.94%),P:1e-8	Tpos:203.7,Tstd:206.2,Bpos:14074.7,Bstd:39053.1,StrandBias:2.0,Multiplicity:12.10
0.001	0.001	0.997	0.001
0.997	0.001	0.001	0.001
0.997	0.001	0.001	0.001
0.001	0.001	0.001	0.997
0.001	0.104	0.894	0.001
0.001	0.001	0.997	0.001
0.997	0.001	0.001	0.001
0.997	0.001	0.001	0.001
>ATTTGTGT	5-ATTTGTGT	0.095092	-15.096879	0	T:268.0(97.10%),B:182062.8(88.68%),P:1e-6	Tpos:131.7,Tstd:138.3,Bpos:15329.1,Bstd:55713.0,StrandBias:-0.4,Multiplicity:1.52
0.678	0.001	0.001	0.320
0.001	0.001	0.001	0.997
0.001	0.001	0.001	0.997
0.001	0.001	0.001	0.997
0.001	0.362	0.636	0.001
0.365	0.001	0.001	0.633
0.001	0.362	0.636	0.001
0.362	0.001	0.001	0.636
>TTAGATTC	6-TTAGATTC	-0.353703	-13.560889	0	T:208.0(75.36%),B:126916.9(61.82%),P:1e-5	Tpos:126.6,Tstd:140.7,Bpos:14530.1,Bstd:51879.9,StrandBias:0.0,Multiplicity:1.75
0.111	0.111	0.001	0.777
0.001	0.001	0.110	0.888
0.888	0.001	0.001	0.110
0.001	0.001	0.997	0.001
0.997	0.001	0.001	0.001
0.001	0.001	0.001	0.997
0.001	0.001	0.001	0.997
0.001	0.997	0.001	0.001
>TTBWTTBW	7-TTBWTTBW	3.073545	-12.653340	0	T:261.0(94.57%),B:176308.1(85.88%),P:1e-5	Tpos:144.4,Tstd:203.4,Bpos:19455.4,Bstd:68998.4,StrandBias:-0.2,Multiplicity:1.57
0.196	0.174	0.141	0.489
0.141	0.001	0.271	0.587
0.033	0.283	0.304	0.380
0.326	0.217	0.022	0.435
0.239	0.196	0.087	0.478
0.141	0.152	0.185	0.522
0.022	0.294	0.337	0.348
0.370	0.163	0.109	0.359
>GWAASATW	8-GWAASATW	3.157318	-12.083344	0	T:247.0(89.49%),B:162902.3(79.35%),P:1e-5	Tpos:126.5,Tstd:125.9,Bpos:16861.6,Bstd:61022.8,StrandBias:-0.1,Multiplicity:1.50
0.117	0.194	0.490	0.199
0.347	0.138	0.097	0.418
0.495	0.082	0.092	0.331
0.593	0.107	0.173	0.127
0.041	0.444	0.490	0.025
0.495	0.117	0.087	0.301
0.128	0.133	0.102	0.637
0.459	0.056	0.087	0.398
>ATGGAATC	9-ATGGAATC	4.298338	-11.887154	0	T:177.0(64.13%),B:104599.6(50.95%),P:1e-5	Tpos:145.3,Tstd:124.7,Bpos:16383.5,Bstd:58722.0,StrandBias:0.4,Multiplicity:1.92
0.611	0.043	0.319	0.027
0.068	0.087	0.001	0.844
0.111	0.154	0.609	0.126
0.001	0.073	0.912	0.014
0.826	0.001	0.095	0.078
0.834	0.123	0.001	0.042
0.044	0.070	0.016	0.870
0.312	0.508	0.036	0.144
>ATTCCATT	10-ATTCCATT	8.554034	-11.596311	0	T:34.0(12.32%),B:11180.9(5.45%),P:1e-5	Tpos:155.6,Tstd:122.2,Bpos:17563.4,Bstd:62789.3,StrandBias:-1.4,Multiplicity:2.66
0.940	0.001	0.058	0.001
0.012	0.022	0.092	0.874
0.020	0.008	0.025	0.947
0.001	0.946	0.018	0.035
0.033	0.907	0.001	0.059
0.823	0.001	0.175	0.001
0.001	0.273	0.012	0.714
0.017	0.014	0.020	0.949
>TATTTGAT	11-TATTTGAT	1.130389	-10.770043	0	T:209.0(75.72%),B:131462.6(64.03%),P:1e-4	Tpos:145.8,Tstd:163.4,Bpos:15664.6,Bstd:54068.8,StrandBias:0.1,Multiplicity:2.01
0.071	0.142	0.001	0.786
0.997	0.001	0.001	0.001
0.071	0.071	0.001	0.857
0.001	0.001	0.001	0.997
0.071	0.001	0.071	0.857
0.001	0.001	0.997	0.001
0.997	0.001	0.001	0.001
0.001	0.001	0.001	0.997
>AWWCTBTW	12-AWWCTBTW	4.261222	-9.382690	0	T:243.0(88.04%),B:162563.2(79.18%),P:1e-4	Tpos:145.5,Tstd:202.6,Bpos:14638.7,Bstd:52344.0,StrandBias:0.2,Multiplicity:1.64
0.628	0.001	0.001	0.370
0.479	0.037	0.001	0.482
0.407	0.001	0.222	0.370
0.001	0.777	0.221	0.001
0.369	0.001	0.001	0.629
0.037	0.259	0.370	0.334
0.371	0.001	0.074	0.554
0.482	0.073	0.001	0.443
>HTAATTGA	13-HTAATTGA	3.638209	-8.905129	0	T:205.0(74.28%),B:130985.2(63.80%),P:1e-3	Tpos:112.5,Tstd:78.7,Bpos:15721.5,Bstd:54343.3,StrandBias:0.1,Multiplicity:1.75
0.288	0.227	0.155	0.330
0.266	0.059	0.122	0.553
0.468	0.113	0.141	0.279
0.588	0.062	0.092	0.258
0.231	0.065	0.096	0.608
0.185	0.090	0.118	0.607
0.129	0.132	0.457	0.282
0.432	0.169	0.213	0.186
>TTWTWTTW	14-TTWTWTTW	3.212934	-8.474439	0	T:246.0(89.13%),B:166516.6(81.11%),P:1e-3	Tpos:116.6,Tstd:116.4,Bpos:15057.4,Bstd:52990.9,StrandBias:-0.1,Multiplicity:1.72
0.227	0.085	0.136	0.552
0.175	0.104	0.156	0.565
0.350	0.150	0.136	0.364
0.136	0.221	0.162	0.481
0.338	0.195	0.058	0.409
0.234	0.221	0.078	0.467
0.052	0.156	0.071	0.721
0.286	0.110	0.188	0.416
>ATAATAAT	15-ATAATAAT	0.132561	-7.198925	0	T:216.0(78.26%),B:142720.6(69.52%),P:1e-3	Tpos:137.7,Tstd:151.2,Bpos:15343.3,Bstd:52184.6,StrandBias:0.1,Multiplicity:1.80
0.782	0.001	0.001	0.216
0.001	0.001	0.001	0.997
0.976	0.001	0.001	0.022
0.799	0.001	0.006	0.194
0.029	0.001	0.001	0.969
0.997	0.001	0.001	0.001
0.611	0.001	0.001	0.387
0.216	0.001	0.001	0.782
>TCTCTTTT	16-TCTCTTTT	-5.599146	-7.102213	0	T:268.0(97.10%),B:189717.2(92.41%),P:1e-3	Tpos:141.2,Tstd:191.1,Bpos:14128.1,Bstd:52314.5,StrandBias:0.2,Multiplicity:1.74
0.001	0.066	0.001	0.932
0.001	0.997	0.001	0.001
0.001	0.001	0.001	0.997
0.001	0.997	0.001	0.001
0.001	0.001	0.001	0.997
0.001	0.001	0.001	0.997
0.001	0.001	0.001	0.997
0.132	0.001	0.001	0.866
>VSACWGTG	17-VSACWGTG	-2.389762	-5.105131	0	T:276.0(100.00%),B:201533.4(98.17%),P:1e-2	Tpos:150.6,Tstd:179.8,Bpos:11626.3,Bstd:43013.9,StrandBias:0.3,Multiplicity:1.84
0.275	0.358	0.365	0.001
0.001	0.461	0.537	0.001
0.997	0.001	0.001	0.001
0.001	0.627	0.371	0.001
0.537	0.001	0.001	0.461
0.179	0.275	0.545	0.001
0.185	0.001	0.001	0.813
0.178	0.001	0.820	0.001
>AWKTTTTT	18-AWKTTTTT	2.317266	-4.460484	0	T:223.0(80.80%),B:153588.5(74.81%),P:1e-1	Tpos:106.6,Tstd:117.1,Bpos:14957.3,Bstd:52475.2,StrandBias:0.1,Multiplicity:1.59
0.901	0.001	0.001	0.097
0.394	0.001	0.197	0.408
0.098	0.100	0.405	0.397
0.395	0.011	0.001	0.593
0.199	0.001	0.001	0.799
0.001	0.001	0.001	0.997
0.001	0.001	0.001	0.997
0.097	0.001	0.001	0.901
>TTAAAAAC	19-TTAAAAAC	-9.121788	-2.977030	0	T:276.0(100.00%),B:203094.6(98.93%),P:1e-1	Tpos:172.0,Tstd:214.1,Bpos:16778.9,Bstd:61645.4,StrandBias:0.5,Multiplicity:1.68
0.132	0.001	0.001	0.866
0.001	0.016	0.001	0.982
0.984	0.014	0.001	0.001
0.997	0.001	0.001	0.001
0.884	0.114	0.001	0.001
0.984	0.001	0.001	0.014
0.867	0.017	0.115	0.001
0.001	0.997	0.001	0.001
>ACATGCTT	20-ACATGCTT	2.399224	-1.338661	0	T:276.0(100.00%),B:204304.6(99.52%),P:1e0	Tpos:140.8,Tstd:182.9,Bpos:13366.7,Bstd:49735.4,StrandBias:0.0,Multiplicity:3.00
0.700	0.100	0.100	0.100
0.100	0.700	0.100	0.100
0.700	0.100	0.100	0.100
0.100	0.100	0.100	0.700
0.100	0.100	0.700	0.100
0.100	0.700	0.100	0.100
0.100	0.100	0.100	0.700
0.100	0.100	0.100	0.700
>GCGTCAGG	21-GCGTCAGG	10.494344	-0.811005	0	T:1.0(0.36%),B:436.2(0.21%),P:1e0	Tpos:17.0,Tstd:0.0,Bpos:22174.4,Bstd:45380.4,StrandBias:10.0,Multiplicity:1.00
0.001	0.001	0.984	0.014
0.001	0.868	0.130	0.001
0.001	0.001	0.997	0.001
0.002	0.001	0.130	0.867
0.001	0.867	0.115	0.017
0.866	0.001	0.001	0.132
0.001	0.001	0.997	0.001
0.001	0.001	0.997	0.001
>CCATCADC	22-CCATCADC	6.152749	-0.286688	0	T:29.0(10.51%),B:23935.9(11.66%),P:1e0	Tpos:252.8,Tstd:168.6,Bpos:9231.7,Bstd:25751.4,StrandBias:2.3,Multiplicity:1.20
0.083	0.500	0.167	0.250
0.083	0.751	0.083	0.083
0.751	0.083	0.083	0.083
0.082	0.001	0.001	0.916
0.001	0.667	0.166	0.166
0.666	0.250	0.001	0.083
0.250	0.167	0.333	0.250
0.167	0.500	0.250	0.083
>GKAGGGTA	23-GKAGGGTA	-2.832737	-0.178741	0	T:276.0(100.00%),B:205165.5(99.94%),P:1e0	Tpos:147.2,Tstd:184.7,Bpos:12351.0,Bstd:48307.8,StrandBias:-0.1,Multiplicity:1.73
0.001	0.001	0.805	0.193
0.001	0.194	0.392	0.414
0.582	0.001	0.026	0.391
0.387	0.001	0.611	0.001
0.001	0.001	0.997	0.001
0.391	0.001	0.607	0.001
0.387	0.001	0.001	0.611
0.583	0.194	0.197	0.026
>AAGTCATA	24-AAGTCATA	-6.042031	-0.089073	0	T:267.0(96.74%),B:200798.2(97.81%),P:1e0	Tpos:162.8,Tstd:181.5,Bpos:13376.5,Bstd:48811.1,StrandBias:-0.3,Multiplicity:1.86
0.666	0.001	0.001	0.332
0.666	0.001	0.332	0.001
0.001	0.332	0.666	0.001
0.001	0.001	0.001	0.997
0.001	0.997	0.001	0.001
0.997	0.001	0.001	0.001
0.001	0.001	0.001	0.997
0.997	0.001	0.001	0.001
>AAGAGGAA	25-AAGAGGAA	-1.492596	0.000000	0	T:276.0(100.00%),B:205298.6(100.00%),P:1e0	Tpos:159.2,Tstd:184.0,Bpos:12130.5,Bstd:46941.2,StrandBias:-0.2,Multiplicity:2.05
0.700	0.100	0.100	0.100
0.700	0.100	0.100	0.100
0.100	0.100	0.700	0.100
0.700	0.100	0.100	0.100
0.100	0.100	0.700	0.100
0.100	0.100	0.700	0.100
0.700	0.100	0.100	0.100
0.700	0.100	0.100	0.100
