>ATGGAATGGAAT	1-ATGGAATGGAAT	14.911993	-88.471444	0	T:21.0(7.61%),B:89.2(0.04%),P:1e-38	Tpos:211.9,Tstd:208.5,Bpos:17032.0,Bstd:21401.6,StrandBias:2.0,Multiplicity:4.76
0.997	0.001	0.001	0.001
0.001	0.001	0.001	0.997
0.001	0.199	0.799	0.001
0.001	0.001	0.997	0.001
0.997	0.001	0.001	0.001
0.997	0.001	0.001	0.001
0.001	0.001	0.001	0.997
0.001	0.074	0.924	0.001
0.001	0.001	0.997	0.001
0.997	0.001	0.001	0.001
0.997	0.001	0.001	0.001
0.001	0.001	0.001	0.997
>TCGAATGGAATC	2-TCGAATGGAATC	10.134259	-87.406570	0	T:25.0(9.06%),B:230.1(0.11%),P:1e-37	Tpos:171.9,Tstd:124.5,Bpos:15313.8,Bstd:28953.1,StrandBias:2.4,Multiplicity:2.90
0.090	0.076	0.048	0.786
0.118	0.464	0.292	0.125
0.145	0.193	0.546	0.116
0.852	0.061	0.039	0.048
0.585	0.136	0.118	0.161
0.098	0.054	0.058	0.790
0.117	0.238	0.482	0.163
0.116	0.137	0.685	0.062
0.840	0.053	0.035	0.072
0.634	0.050	0.121	0.195
0.083	0.067	0.045	0.805
0.126	0.532	0.256	0.086
>GAMTCGAATGGA	3-GAMTCGAATGGA	11.049721	-78.022675	0	T:24.0(8.70%),B:287.9(0.14%),P:1e-33	Tpos:153.7,Tstd:92.9,Bpos:17122.3,Bstd:24014.8,StrandBias:2.7,Multiplicity:1.25
0.105	0.073	0.772	0.050
0.872	0.039	0.052	0.037
0.415	0.384	0.124	0.077
0.036	0.152	0.011	0.801
0.066	0.511	0.306	0.117
0.173	0.052	0.706	0.069
0.882	0.036	0.050	0.032
0.791	0.017	0.156	0.036
0.106	0.041	0.038	0.815
0.070	0.042	0.795	0.093
0.073	0.035	0.825	0.067
0.849	0.055	0.066	0.030
>CAACCCGAGTGG	4-CAACCCGAGTGG	15.734580	-39.733602	0	T:6.0(2.17%),B:0.5(0.00%),P:1e-17	Tpos:206.3,Tstd:39.7,Bpos:812.0,Bstd:0.0,StrandBias:-1.0,Multiplicity:1.00
0.001	0.782	0.001	0.216
0.997	0.001	0.001	0.001
0.997	0.001	0.001	0.001
0.001	0.997	0.001	0.001
0.001	0.806	0.001	0.192
0.001	0.997	0.001	0.001
0.001	0.001	0.806	0.192
0.997	0.001	0.001	0.001
0.001	0.001	0.997	0.001
0.001	0.001	0.001	0.997
0.001	0.001	0.997	0.001
0.001	0.001	0.819	0.179
>ATYGAATGGAAT	5-ATYGAATGGAAT	9.860183	-38.679116	0	T:26.0(9.42%),B:2025.4(0.99%),P:1e-16	Tpos:166.4,Tstd:98.6,Bpos:14328.9,Bstd:52529.2,StrandBias:1.7,Multiplicity:2.27
0.785	0.001	0.132	0.082
0.051	0.101	0.029	0.819
0.072	0.407	0.169	0.352
0.084	0.115	0.700	0.101
0.850	0.086	0.063	0.001
0.892	0.022	0.056	0.030
0.044	0.024	0.034	0.898
0.021	0.034	0.858	0.087
0.157	0.023	0.753	0.067
0.919	0.024	0.056	0.001
0.512	0.306	0.092	0.090
0.083	0.101	0.001	0.815
>MATGGAATSGWA	6-MATGGAATSGWA	9.028511	-38.289119	0	T:26.0(9.42%),B:2059.2(1.00%),P:1e-16	Tpos:169.8,Tstd:140.8,Bpos:13693.3,Bstd:40647.3,StrandBias:1.8,Multiplicity:2.09
0.415	0.322	0.169	0.094
0.769	0.113	0.080	0.038
0.069	0.056	0.100	0.775
0.193	0.085	0.506	0.216
0.061	0.100	0.754	0.085
0.787	0.044	0.168	0.001
0.710	0.113	0.136	0.041
0.035	0.192	0.001	0.772
0.094	0.378	0.436	0.092
0.357	0.044	0.515	0.084
0.415	0.001	0.023	0.561
0.424	0.218	0.162	0.196
>CAAATGGAATCA	7-CAAATGGAATCA	11.669795	-34.546403	0	T:16.0(5.80%),B:621.7(0.30%),P:1e-15	Tpos:174.5,Tstd:105.9,Bpos:14272.1,Bstd:50653.1,StrandBias:1.1,Multiplicity:1.33
0.001	0.997	0.001	0.001
0.438	0.184	0.241	0.137
0.938	0.056	0.002	0.004
0.872	0.001	0.126	0.001
0.078	0.001	0.080	0.841
0.148	0.001	0.698	0.153
0.082	0.040	0.770	0.108
0.941	0.001	0.001	0.057
0.943	0.055	0.001	0.001
0.001	0.001	0.098	0.900
0.189	0.716	0.001	0.094
0.950	0.001	0.048	0.001
>TCATCGAATGGA	8-TCATCGAATGGA	11.058455	-29.675085	0	T:14.0(5.07%),B:574.3(0.28%),P:1e-12	Tpos:138.2,Tstd:115.7,Bpos:12765.1,Bstd:39944.4,StrandBias:1.7,Multiplicity:2.08
0.051	0.001	0.051	0.897
0.043	0.835	0.031	0.091
0.790	0.001	0.090	0.119
0.080	0.082	0.026	0.812
0.058	0.804	0.001	0.137
0.252	0.001	0.683	0.064
0.926	0.001	0.042	0.031
0.963	0.001	0.035	0.001
0.155	0.052	0.051	0.742
0.042	0.001	0.846	0.111
0.204	0.088	0.707	0.001
0.997	0.001	0.001	0.001
>CATCATCRAATG	9-CATCATCRAATG	12.256908	-22.243920	0	T:11.0(3.99%),B:515.3(0.25%),P:1e-9	Tpos:167.3,Tstd:97.7,Bpos:13344.3,Bstd:44974.0,StrandBias:1.8,Multiplicity:1.00
0.001	0.997	0.001	0.001
0.997	0.001	0.001	0.001
0.001	0.013	0.001	0.985
0.001	0.997	0.001	0.001
0.854	0.144	0.001	0.001
0.014	0.001	0.169	0.816
0.334	0.664	0.001	0.001
0.492	0.001	0.363	0.144
0.651	0.001	0.179	0.169
0.997	0.001	0.001	0.001
0.001	0.001	0.001	0.997
0.001	0.001	0.700	0.298
>AATGGAACGGAA	10-AATGGAACGGAA	14.257152	-20.918922	0	T:5.0(1.81%),B:27.0(0.01%),P:1e-9	Tpos:103.4,Tstd:82.4,Bpos:20236.1,Bstd:24996.4,StrandBias:2.0,Multiplicity:1.00
0.997	0.001	0.001	0.001
0.997	0.001	0.001	0.001
0.200	0.200	0.001	0.599
0.199	0.001	0.799	0.001
0.001	0.001	0.799	0.199
0.997	0.001	0.001	0.001
0.997	0.001	0.001	0.001
0.001	0.997	0.001	0.001
0.001	0.001	0.997	0.001
0.001	0.001	0.997	0.001
0.997	0.001	0.001	0.001
0.997	0.001	0.001	0.001
>GGAGGTTGGGTC	11-GGAGGTTGGGTC	14.152604	-19.366541	0	T:5.0(1.81%),B:38.2(0.02%),P:1e-8	Tpos:100.4,Tstd:47.6,Bpos:12387.0,Bstd:44837.9,StrandBias:2.0,Multiplicity:1.00
0.001	0.001	0.997	0.001
0.001	0.202	0.595	0.202
0.997	0.001	0.001	0.001
0.001	0.001	0.997	0.001
0.001	0.178	0.820	0.001
0.001	0.001	0.001	0.997
0.001	0.001	0.001	0.997
0.001	0.001	0.997	0.001
0.001	0.001	0.997	0.001
0.001	0.001	0.997	0.001
0.001	0.001	0.001	0.997
0.001	0.810	0.001	0.188
>CATTGCTGGATT	12-CATTGCTGGATT	13.867528	-15.567256	0	T:6.0(2.17%),B:170.9(0.08%),P:1e-6	Tpos:91.0,Tstd:47.3,Bpos:14806.6,Bstd:52432.1,StrandBias:1.0,Multiplicity:1.00
0.001	0.997	0.001	0.001
0.997	0.001	0.001	0.001
0.001	0.175	0.001	0.823
0.001	0.001	0.001	0.997
0.001	0.001	0.997	0.001
0.001	0.810	0.001	0.188
0.181	0.001	0.001	0.817
0.001	0.001	0.859	0.139
0.001	0.001	0.847	0.151
0.997	0.001	0.001	0.001
0.001	0.001	0.001	0.997
0.001	0.001	0.001	0.997
>TTGACACTTTCA	13-TTGACACTTTCA	10.510772	-10.244976	0	T:12.0(4.35%),B:2098.7(1.02%),P:1e-4	Tpos:94.2,Tstd:45.5,Bpos:13573.8,Bstd:47626.0,StrandBias:-0.2,Multiplicity:1.08
0.001	0.001	0.001	0.997
0.139	0.001	0.001	0.859
0.097	0.168	0.734	0.001
0.887	0.001	0.109	0.003
0.106	0.892	0.001	0.001
0.890	0.001	0.001	0.108
0.001	0.766	0.001	0.232
0.097	0.229	0.175	0.499
0.121	0.001	0.001	0.877
0.144	0.092	0.001	0.763
0.064	0.858	0.001	0.077
0.997	0.001	0.001	0.001
>TGATTMCATATG	14-TGATTMCATATG	13.121733	-7.834976	0	T:4.0(1.45%),B:247.3(0.12%),P:1e-3	Tpos:188.0,Tstd:100.2,Bpos:12613.2,Bstd:41054.0,StrandBias:0.0,Multiplicity:1.50
0.001	0.001	0.001	0.997
0.001	0.001	0.773	0.225
0.997	0.001	0.001	0.001
0.001	0.001	0.381	0.617
0.001	0.001	0.381	0.617
0.322	0.452	0.001	0.225
0.001	0.997	0.001	0.001
0.997	0.001	0.001	0.001
0.001	0.001	0.001	0.997
0.677	0.001	0.321	0.001
0.001	0.001	0.001	0.997
0.001	0.001	0.997	0.001
>AAAACATGGATA	15-AAAACATGGATA	13.191284	-5.196005	0	T:4.0(1.45%),B:515.9(0.25%),P:1e-2	Tpos:132.8,Tstd:47.3,Bpos:17396.8,Bstd:65072.7,StrandBias:2.3,Multiplicity:1.50
0.701	0.001	0.001	0.297
0.486	0.307	0.206	0.001
0.997	0.001	0.001	0.001
0.997	0.001	0.001	0.001
0.001	0.997	0.001	0.001
0.997	0.001	0.001	0.001
0.001	0.001	0.001	0.997
0.001	0.001	0.758	0.240
0.001	0.001	0.997	0.001
0.997	0.001	0.001	0.001
0.393	0.001	0.001	0.605
0.758	0.001	0.001	0.240
>TATTTGATGTAC	16-TATTTGATGTAC	11.679766	-3.416471	0	T:2.0(0.72%),B:208.6(0.10%),P:1e-1	Tpos:311.6,Tstd:111.5,Bpos:15233.3,Bstd:51302.7,StrandBias:3.3,Multiplicity:5.50
0.001	0.001	0.132	0.866
0.863	0.003	0.001	0.133
0.247	0.001	0.001	0.751
0.012	0.110	0.357	0.521
0.114	0.001	0.001	0.884
0.100	0.142	0.480	0.277
0.989	0.006	0.001	0.004
0.099	0.001	0.001	0.899
0.141	0.158	0.602	0.099
0.161	0.100	0.001	0.738
0.633	0.268	0.004	0.095
0.227	0.768	0.001	0.004
