>GGAATGGAAT	1-GGAATGGAAT	12.747005	-63.578307	0	T:25.0(9.06%),B:629.2(0.31%),P:1e-27	Tpos:207.9,Tstd:206.5,Bpos:16238.2,Bstd:25898.0,StrandBias:2.1,Multiplicity:10.72
0.001	0.385	0.536	0.078
0.059	0.001	0.939	0.001
0.997	0.001	0.001	0.001
0.953	0.001	0.045	0.001
0.001	0.001	0.001	0.997
0.001	0.001	0.997	0.001
0.012	0.001	0.986	0.001
0.997	0.001	0.001	0.001
0.979	0.019	0.001	0.001
0.001	0.001	0.001	0.997
>ATCGAATGGA	2-ATCGAATGGA	8.698129	-60.989504	0	T:24.0(8.70%),B:606.8(0.30%),P:1e-26	Tpos:152.8,Tstd:113.9,Bpos:15617.4,Bstd:38994.0,StrandBias:3.2,Multiplicity:2.07
0.602	0.136	0.137	0.125
0.035	0.120	0.016	0.829
0.065	0.560	0.310	0.065
0.090	0.119	0.665	0.126
0.836	0.049	0.049	0.066
0.720	0.029	0.119	0.132
0.025	0.129	0.061	0.785
0.112	0.298	0.516	0.074
0.145	0.050	0.732	0.073
0.757	0.067	0.092	0.084
>GAATGGAATC	3-GAATGGAATC	9.839206	-42.701394	0	T:25.0(9.06%),B:1531.6(0.75%),P:1e-18	Tpos:147.7,Tstd:113.5,Bpos:13260.6,Bstd:31952.7,StrandBias:1.4,Multiplicity:1.74
0.098	0.083	0.767	0.052
0.841	0.027	0.045	0.087
0.699	0.059	0.201	0.041
0.042	0.100	0.024	0.834
0.086	0.050	0.718	0.146
0.017	0.040	0.920	0.023
0.881	0.014	0.043	0.062
0.855	0.102	0.033	0.010
0.030	0.021	0.023	0.926
0.031	0.566	0.359	0.044
>AATGGAATCA	4-AATGGAATCA	10.517483	-41.542345	0	T:28.0(10.14%),B:2185.2(1.06%),P:1e-18	Tpos:175.3,Tstd:124.6,Bpos:16142.3,Bstd:50604.3,StrandBias:0.7,Multiplicity:2.12
0.934	0.014	0.016	0.036
0.902	0.001	0.082	0.015
0.026	0.031	0.017	0.926
0.058	0.034	0.777	0.131
0.031	0.001	0.967	0.001
0.965	0.001	0.016	0.018
0.968	0.016	0.015	0.001
0.020	0.001	0.012	0.967
0.026	0.926	0.001	0.047
0.963	0.019	0.001	0.017
>CAACCCGAGT	5-CAACCCGAGT	11.247034	-34.688852	0	T:9.0(3.26%),B:63.0(0.03%),P:1e-15	Tpos:149.8,Tstd:60.3,Bpos:10267.5,Bstd:39945.1,StrandBias:1.0,Multiplicity:1.12
0.001	0.997	0.001	0.001
0.997	0.001	0.001	0.001
0.997	0.001	0.001	0.001
0.001	0.997	0.001	0.001
0.001	0.773	0.120	0.106
0.055	0.886	0.001	0.058
0.059	0.001	0.869	0.071
0.997	0.001	0.001	0.001
0.001	0.001	0.997	0.001
0.001	0.001	0.086	0.912
>TCCRTTCGAT	6-TCCRTTCGAT	11.418312	-25.950908	0	T:5.0(1.81%),B:8.4(0.00%),P:1e-11	Tpos:246.0,Tstd:47.5,Bpos:6406.1,Bstd:8850.0,StrandBias:-1.0,Multiplicity:1.00
0.069	0.076	0.001	0.854
0.080	0.705	0.148	0.067
0.106	0.731	0.087	0.076
0.289	0.069	0.428	0.214
0.001	0.001	0.001	0.997
0.001	0.001	0.001	0.997
0.158	0.770	0.001	0.071
0.134	0.077	0.788	0.001
0.859	0.001	0.001	0.139
0.005	0.001	0.105	0.889
>ATTCCGTTCG	7-ATTCCGTTCG	4.841159	-23.565495	0	T:27.0(9.78%),B:4288.5(2.09%),P:1e-10	Tpos:156.4,Tstd:135.3,Bpos:13958.7,Bstd:53784.7,StrandBias:-1.6,Multiplicity:2.81
0.997	0.001	0.001	0.001
0.027	0.001	0.001	0.971
0.001	0.001	0.001	0.997
0.001	0.997	0.001	0.001
0.001	0.871	0.001	0.127
0.155	0.001	0.843	0.001
0.001	0.001	0.001	0.997
0.001	0.001	0.001	0.997
0.001	0.997	0.001	0.001
0.001	0.001	0.997	0.001
>ATGGAATCAT	8-ATGGAATCAT	9.856200	-15.544621	0	T:16.0(5.80%),B:2337.7(1.14%),P:1e-6	Tpos:195.9,Tstd:118.6,Bpos:46897.5,Bstd:126328.5,StrandBias:1.3,Multiplicity:1.55
0.850	0.001	0.148	0.001
0.029	0.099	0.001	0.871
0.148	0.001	0.850	0.001
0.019	0.037	0.868	0.076
0.921	0.001	0.041	0.037
0.927	0.001	0.042	0.030
0.023	0.001	0.034	0.942
0.001	0.963	0.035	0.001
0.952	0.046	0.001	0.001
0.001	0.001	0.001	0.997
>ADGMAGAVAD	9-ADGMAGAVAD	4.275848	-12.642518	0	T:256.0(92.75%),B:171097.7(83.34%),P:1e-5	Tpos:124.3,Tstd:159.2,Bpos:13840.9,Bstd:50792.5,StrandBias:-0.3,Multiplicity:1.55
0.599	0.001	0.001	0.399
0.360	0.001	0.360	0.279
0.359	0.001	0.639	0.001
0.359	0.399	0.001	0.240
0.997	0.001	0.001	0.001
0.160	0.239	0.480	0.121
0.519	0.001	0.120	0.360
0.201	0.319	0.321	0.160
0.440	0.280	0.001	0.279
0.320	0.161	0.240	0.280
>TTAAATGGAA	10-TTAAATGGAA	4.293242	-12.515737	0	T:189.0(68.48%),B:113037.7(55.06%),P:1e-5	Tpos:127.2,Tstd:124.6,Bpos:15760.2,Bstd:54949.3,StrandBias:0.0,Multiplicity:1.61
0.033	0.042	0.077	0.848
0.036	0.018	0.112	0.834
0.966	0.032	0.001	0.001
0.755	0.073	0.039	0.133
0.924	0.024	0.041	0.011
0.159	0.033	0.021	0.787
0.100	0.043	0.724	0.133
0.082	0.100	0.733	0.085
0.763	0.040	0.126	0.071
0.816	0.100	0.050	0.034
>WNTKWGTTWT	11-WNTKWGTTWT	3.654788	-12.329968	0	T:257.0(93.12%),B:172454.4(84.00%),P:1e-5	Tpos:149.1,Tstd:180.4,Bpos:14538.2,Bstd:51524.5,StrandBias:0.1,Multiplicity:1.87
0.346	0.173	0.096	0.385
0.308	0.212	0.173	0.307
0.193	0.192	0.192	0.423
0.058	0.173	0.346	0.423
0.461	0.001	0.173	0.365
0.001	0.423	0.575	0.001
0.001	0.384	0.001	0.614
0.288	0.250	0.001	0.461
0.403	0.077	0.001	0.519
0.327	0.096	0.096	0.481
>VYWCAWAGAT	12-VYWCAWAGAT	4.665022	-11.852741	0	T:171.0(61.96%),B:100087.1(48.75%),P:1e-5	Tpos:161.1,Tstd:192.6,Bpos:19511.6,Bstd:68918.2,StrandBias:-0.1,Multiplicity:1.12
0.329	0.274	0.288	0.109
0.150	0.329	0.082	0.438
0.424	0.137	0.069	0.370
0.041	0.781	0.137	0.041
0.727	0.123	0.027	0.123
0.452	0.082	0.123	0.342
0.466	0.055	0.178	0.301
0.055	0.219	0.493	0.233
0.630	0.041	0.028	0.301
0.329	0.082	0.068	0.521
>DAAATCAAAD	13-DAAATCAAAD	3.452920	-11.145812	0	T:248.0(89.86%),B:164963.0(80.35%),P:1e-4	Tpos:154.2,Tstd:196.3,Bpos:15051.4,Bstd:53581.3,StrandBias:0.1,Multiplicity:1.44
0.352	0.179	0.234	0.235
0.650	0.128	0.080	0.142
0.585	0.136	0.151	0.128
0.555	0.130	0.167	0.148
0.166	0.148	0.162	0.524
0.171	0.483	0.185	0.162
0.593	0.147	0.092	0.168
0.544	0.142	0.163	0.151
0.595	0.110	0.142	0.153
0.323	0.172	0.211	0.293
>TTTTTYTHAW	14-TTTTTYTHAW	4.133133	-10.666328	0	T:238.0(86.23%),B:156363.3(76.16%),P:1e-4	Tpos:108.8,Tstd:98.3,Bpos:14545.4,Bstd:52582.9,StrandBias:0.0,Multiplicity:1.53
0.312	0.132	0.066	0.491
0.261	0.148	0.016	0.575
0.344	0.066	0.017	0.573
0.049	0.230	0.082	0.639
0.001	0.213	0.146	0.640
0.016	0.425	0.230	0.328
0.213	0.295	0.001	0.491
0.328	0.327	0.132	0.213
0.476	0.229	0.001	0.294
0.345	0.179	0.115	0.361
>ATTGAATGGA	15-ATTGAATGGA	4.486737	-8.026559	0	T:163.0(59.06%),B:99838.9(48.63%),P:1e-3	Tpos:160.6,Tstd:167.9,Bpos:17472.1,Bstd:61960.9,StrandBias:0.4,Multiplicity:2.03
0.845	0.036	0.079	0.040
0.092	0.041	0.051	0.816
0.054	0.110	0.179	0.657
0.088	0.010	0.849	0.053
0.766	0.097	0.036	0.101
0.851	0.047	0.019	0.083
0.104	0.057	0.051	0.788
0.075	0.001	0.821	0.103
0.066	0.071	0.753	0.110
0.864	0.015	0.057	0.064
>GWGTKADRWT	16-GWGTKADRWT	3.769656	-8.004648	0	T:261.0(94.57%),B:181393.0(88.36%),P:1e-3	Tpos:131.5,Tstd:157.4,Bpos:15199.3,Bstd:56573.3,StrandBias:-0.1,Multiplicity:1.71
0.264	0.263	0.472	0.001
0.471	0.001	0.160	0.368
0.106	0.106	0.525	0.263
0.316	0.001	0.160	0.523
0.001	0.262	0.318	0.419
0.734	0.053	0.212	0.001
0.316	0.001	0.317	0.367
0.368	0.210	0.421	0.001
0.525	0.001	0.001	0.473
0.368	0.001	0.001	0.630
>TTTTWAADWW	17-TTTTWAADWW	2.847072	-7.087384	0	T:188.0(68.12%),B:120580.0(58.73%),P:1e-3	Tpos:121.3,Tstd:121.5,Bpos:15923.9,Bstd:52745.6,StrandBias:-0.1,Multiplicity:1.90
0.371	0.001	0.001	0.627
0.001	0.001	0.001	0.997
0.249	0.001	0.001	0.749
0.377	0.001	0.001	0.621
0.501	0.001	0.001	0.497
0.873	0.001	0.001	0.125
0.935	0.001	0.002	0.062
0.376	0.126	0.248	0.250
0.252	0.186	0.190	0.371
0.374	0.124	0.188	0.314
>TAAKKRSARA	18-TAAKKRSARA	-4.172067	-7.022782	0	T:270.0(97.83%),B:192031.7(93.54%),P:1e-3	Tpos:161.2,Tstd:221.1,Bpos:16072.9,Bstd:59830.8,StrandBias:-0.3,Multiplicity:1.72
0.001	0.001	0.001	0.997
0.937	0.001	0.001	0.061
0.990	0.001	0.008	0.001
0.061	0.001	0.473	0.464
0.001	0.001	0.534	0.464
0.526	0.001	0.465	0.008
0.001	0.465	0.464	0.070
0.990	0.001	0.001	0.008
0.464	0.001	0.534	0.001
0.936	0.001	0.001	0.062
>AARAAAWWWT	19-AARAAAWWWT	3.959285	-4.999122	0	T:221.0(80.07%),B:150855.4(73.48%),P:1e-2	Tpos:121.1,Tstd:139.1,Bpos:15324.7,Bstd:53908.8,StrandBias:0.1,Multiplicity:1.50
0.534	0.070	0.105	0.291
0.524	0.116	0.151	0.209
0.372	0.151	0.302	0.174
0.640	0.267	0.012	0.081
0.524	0.244	0.186	0.046
0.501	0.174	0.081	0.244
0.396	0.163	0.081	0.360
0.395	0.082	0.023	0.500
0.442	0.046	0.081	0.430
0.093	0.023	0.163	0.721
>AGAAGGCAGT	20-AGAAGGCAGT	2.512553	-4.992931	0	T:276.0(100.00%),B:201615.7(98.21%),P:1e-2	Tpos:136.4,Tstd:168.2,Bpos:12124.4,Bstd:46123.8,StrandBias:-0.0,Multiplicity:2.36
0.700	0.100	0.100	0.100
0.100	0.100	0.700	0.100
0.700	0.100	0.100	0.100
0.700	0.100	0.100	0.100
0.100	0.100	0.700	0.100
0.100	0.100	0.700	0.100
0.100	0.700	0.100	0.100
0.700	0.100	0.100	0.100
0.100	0.100	0.700	0.100
0.100	0.100	0.100	0.700
>WTWWTHTTTT	21-WTWWTHTTTT	4.823622	-4.603579	0	T:197.0(71.38%),B:132589.5(64.58%),P:1e-1	Tpos:109.9,Tstd:110.0,Bpos:15652.2,Bstd:54458.2,StrandBias:-0.1,Multiplicity:1.59
0.433	0.067	0.117	0.383
0.300	0.083	0.050	0.567
0.367	0.133	0.133	0.367
0.366	0.100	0.133	0.400
0.101	0.233	0.133	0.533
0.300	0.283	0.067	0.350
0.267	0.100	0.083	0.550
0.016	0.083	0.001	0.900
0.001	0.066	0.016	0.917
0.200	0.083	0.117	0.600
>ATGAYMAWAN	22-ATGAYMAWAN	5.602490	-0.700778	0	T:10.0(3.62%),B:7161.8(3.49%),P:1e0	Tpos:108.0,Tstd:0.0,Bpos:15094.9,Bstd:52711.4,StrandBias:10.0,Multiplicity:1.00
0.420	0.140	0.180	0.260
0.001	0.119	0.340	0.540
0.001	0.280	0.560	0.159
0.539	0.040	0.040	0.381
0.060	0.361	0.200	0.380
0.460	0.340	0.080	0.120
0.440	0.161	0.220	0.180
0.360	0.200	0.120	0.321
0.620	0.040	0.060	0.280
0.280	0.180	0.220	0.320
>MTAAGAATGD	23-MTAAGAATGD	6.147866	-0.162154	0	T:16.0(5.80%),B:14838.8(7.23%),P:1e0	Tpos:106.0,Tstd:37.2,Bpos:92902.6,Bstd:177460.3,StrandBias:2.8,Multiplicity:1.00
0.283	0.369	0.196	0.152
0.196	0.130	0.043	0.631
0.542	0.153	0.196	0.109
0.652	0.022	0.131	0.195
0.065	0.282	0.588	0.065
0.608	0.239	0.152	0.001
0.457	0.217	0.087	0.239
0.131	0.065	0.152	0.652
0.087	0.152	0.718	0.043
0.239	0.196	0.218	0.347
>NNNNNNNNNN	24-NNNNNNNNNN	nan	0.000000	0	T:0.0(0.00%),B:0.0(0.00%),P:1e0	Tpos:0.0,Tstd:0.0,Bpos:0.0,Bstd:0.0,StrandBias:0.0,Multiplicity:1.00
nan	nan	nan	nan
nan	nan	nan	nan
nan	nan	nan	nan
nan	nan	nan	nan
nan	nan	nan	nan
nan	nan	nan	nan
nan	nan	nan	nan
nan	nan	nan	nan
nan	nan	nan	nan
nan	nan	nan	nan
>NNNNNNNNNN	25-NNNNNNNNNN	nan	0.000000	0	T:0.0(0.00%),B:0.0(0.00%),P:1e0	Tpos:0.0,Tstd:0.0,Bpos:0.0,Bstd:0.0,StrandBias:0.0,Multiplicity:1.00
nan	nan	nan	nan
nan	nan	nan	nan
nan	nan	nan	nan
nan	nan	nan	nan
nan	nan	nan	nan
nan	nan	nan	nan
nan	nan	nan	nan
nan	nan	nan	nan
nan	nan	nan	nan
nan	nan	nan	nan
