>TCGAATGG	1-TCGAATGG	8.236954	-30.141306	0	T:14.0(5.07%),B:554.9(0.27%),P:1e-13	Tpos:114.5,Tstd:88.1,Bpos:11901.0,Bstd:44701.4,StrandBias:10.0,Multiplicity:1.44
0.100	0.100	0.100	0.700
0.100	0.700	0.100	0.100
0.100	0.100	0.700	0.100
0.700	0.100	0.100	0.100
0.700	0.100	0.100	0.100
0.100	0.100	0.100	0.700
0.100	0.100	0.700	0.100
0.100	0.100	0.700	0.100
>TCGAACGG	2-TCGAACGG	8.891797	-24.573190	0	T:7.0(2.54%),B:73.8(0.04%),P:1e-10	Tpos:201.8,Tstd:106.4,Bpos:22168.4,Bstd:86418.5,StrandBias:1.0,Multiplicity:1.20
0.083	0.086	0.049	0.782
0.093	0.657	0.053	0.197
0.159	0.048	0.755	0.038
0.722	0.075	0.058	0.145
0.788	0.066	0.084	0.062
0.001	0.659	0.080	0.260
0.089	0.016	0.844	0.051
0.012	0.032	0.904	0.052
>ATCGAATC	3-ATCGAATC	8.239117	-24.142720	0	T:15.0(5.43%),B:1060.1(0.52%),P:1e-10	Tpos:173.5,Tstd:133.0,Bpos:11044.7,Bstd:43430.6,StrandBias:2.0,Multiplicity:1.43
0.763	0.043	0.120	0.074
0.020	0.057	0.016	0.907
0.028	0.669	0.260	0.043
0.178	0.045	0.765	0.012
0.861	0.045	0.029	0.065
0.760	0.122	0.078	0.040
0.059	0.125	0.056	0.760
0.099	0.519	0.328	0.054
>GAATGGAA	4-GAATGGAA	10.957273	-19.116802	0	T:29.0(10.51%),B:6035.6(2.94%),P:1e-8	Tpos:203.7,Tstd:206.2,Bpos:14074.7,Bstd:39053.1,StrandBias:2.0,Multiplicity:12.10
0.001	0.001	0.997	0.001
0.997	0.001	0.001	0.001
0.997	0.001	0.001	0.001
0.001	0.001	0.001	0.997
0.001	0.104	0.894	0.001
0.001	0.001	0.997	0.001
0.997	0.001	0.001	0.001
0.997	0.001	0.001	0.001
>ATTTGTGT	5-ATTTGTGT	0.095092	-15.096879	0	T:268.0(97.10%),B:182062.8(88.68%),P:1e-6	Tpos:131.7,Tstd:138.3,Bpos:15329.1,Bstd:55713.0,StrandBias:-0.4,Multiplicity:1.52
0.678	0.001	0.001	0.320
0.001	0.001	0.001	0.997
0.001	0.001	0.001	0.997
0.001	0.001	0.001	0.997
0.001	0.362	0.636	0.001
0.365	0.001	0.001	0.633
0.001	0.362	0.636	0.001
0.362	0.001	0.001	0.636
>TTAGATTC	6-TTAGATTC	-0.353703	-13.560889	0	T:208.0(75.36%),B:126916.9(61.82%),P:1e-5	Tpos:126.6,Tstd:140.7,Bpos:14530.1,Bstd:51879.9,StrandBias:0.0,Multiplicity:1.75
0.111	0.111	0.001	0.777
0.001	0.001	0.110	0.888
0.888	0.001	0.001	0.110
0.001	0.001	0.997	0.001
0.997	0.001	0.001	0.001
0.001	0.001	0.001	0.997
0.001	0.001	0.001	0.997
0.001	0.997	0.001	0.001
>TTBWTTBW	7-TTBWTTBW	3.073545	-12.653340	0	T:261.0(94.57%),B:176308.1(85.88%),P:1e-5	Tpos:144.4,Tstd:203.4,Bpos:19455.4,Bstd:68998.4,StrandBias:-0.2,Multiplicity:1.57
0.196	0.174	0.141	0.489
0.141	0.001	0.271	0.587
0.033	0.283	0.304	0.380
0.326	0.217	0.022	0.435
0.239	0.196	0.087	0.478
0.141	0.152	0.185	0.522
0.022	0.294	0.337	0.348
0.370	0.163	0.109	0.359
>GWAASATW	8-GWAASATW	3.157318	-12.083344	0	T:247.0(89.49%),B:162902.3(79.35%),P:1e-5	Tpos:126.5,Tstd:125.9,Bpos:16861.6,Bstd:61022.8,StrandBias:-0.1,Multiplicity:1.50
0.117	0.194	0.490	0.199
0.347	0.138	0.097	0.418
0.495	0.082	0.092	0.331
0.593	0.107	0.173	0.127
0.041	0.444	0.490	0.025
0.495	0.117	0.087	0.301
0.128	0.133	0.102	0.637
0.459	0.056	0.087	0.398
>ATGGAATC	9-ATGGAATC	4.298338	-11.887154	0	T:177.0(64.13%),B:104599.6(50.95%),P:1e-5	Tpos:145.3,Tstd:124.7,Bpos:16383.5,Bstd:58722.0,StrandBias:0.4,Multiplicity:1.92
0.611	0.043	0.319	0.027
0.068	0.087	0.001	0.844
0.111	0.154	0.609	0.126
0.001	0.073	0.912	0.014
0.826	0.001	0.095	0.078
0.834	0.123	0.001	0.042
0.044	0.070	0.016	0.870
0.312	0.508	0.036	0.144
>ATTCCATT	10-ATTCCATT	8.554034	-11.596311	0	T:34.0(12.32%),B:11180.9(5.45%),P:1e-5	Tpos:155.6,Tstd:122.2,Bpos:17563.4,Bstd:62789.3,StrandBias:-1.4,Multiplicity:2.66
0.940	0.001	0.058	0.001
0.012	0.022	0.092	0.874
0.020	0.008	0.025	0.947
0.001	0.946	0.018	0.035
0.033	0.907	0.001	0.059
0.823	0.001	0.175	0.001
0.001	0.273	0.012	0.714
0.017	0.014	0.020	0.949
>TATTTGAT	11-TATTTGAT	1.130389	-10.770043	0	T:209.0(75.72%),B:131462.6(64.03%),P:1e-4	Tpos:145.8,Tstd:163.4,Bpos:15664.6,Bstd:54068.8,StrandBias:0.1,Multiplicity:2.01
0.071	0.142	0.001	0.786
0.997	0.001	0.001	0.001
0.071	0.071	0.001	0.857
0.001	0.001	0.001	0.997
0.071	0.001	0.071	0.857
0.001	0.001	0.997	0.001
0.997	0.001	0.001	0.001
0.001	0.001	0.001	0.997
>AWWCTBTW	12-AWWCTBTW	4.261222	-9.382690	0	T:243.0(88.04%),B:162563.2(79.18%),P:1e-4	Tpos:145.5,Tstd:202.6,Bpos:14638.7,Bstd:52344.0,StrandBias:0.2,Multiplicity:1.64
0.628	0.001	0.001	0.370
0.479	0.037	0.001	0.482
0.407	0.001	0.222	0.370
0.001	0.777	0.221	0.001
0.369	0.001	0.001	0.629
0.037	0.259	0.370	0.334
0.371	0.001	0.074	0.554
0.482	0.073	0.001	0.443
>HTAATTGA	13-HTAATTGA	3.638209	-8.905129	0	T:205.0(74.28%),B:130985.2(63.80%),P:1e-3	Tpos:112.5,Tstd:78.7,Bpos:15721.5,Bstd:54343.3,StrandBias:0.1,Multiplicity:1.75
0.288	0.227	0.155	0.330
0.266	0.059	0.122	0.553
0.468	0.113	0.141	0.279
0.588	0.062	0.092	0.258
0.231	0.065	0.096	0.608
0.185	0.090	0.118	0.607
0.129	0.132	0.457	0.282
0.432	0.169	0.213	0.186
>TTWTWTTW	14-TTWTWTTW	3.212934	-8.474439	0	T:246.0(89.13%),B:166516.6(81.11%),P:1e-3	Tpos:116.6,Tstd:116.4,Bpos:15057.4,Bstd:52990.9,StrandBias:-0.1,Multiplicity:1.72
0.227	0.085	0.136	0.552
0.175	0.104	0.156	0.565
0.350	0.150	0.136	0.364
0.136	0.221	0.162	0.481
0.338	0.195	0.058	0.409
0.234	0.221	0.078	0.467
0.052	0.156	0.071	0.721
0.286	0.110	0.188	0.416
>ATAATAAT	15-ATAATAAT	0.132561	-7.198925	0	T:216.0(78.26%),B:142720.6(69.52%),P:1e-3	Tpos:137.7,Tstd:151.2,Bpos:15343.3,Bstd:52184.6,StrandBias:0.1,Multiplicity:1.80
0.782	0.001	0.001	0.216
0.001	0.001	0.001	0.997
0.976	0.001	0.001	0.022
0.799	0.001	0.006	0.194
0.029	0.001	0.001	0.969
0.997	0.001	0.001	0.001
0.611	0.001	0.001	0.387
0.216	0.001	0.001	0.782
>TCTCTTTT	16-TCTCTTTT	-5.599146	-7.102213	0	T:268.0(97.10%),B:189717.2(92.41%),P:1e-3	Tpos:141.2,Tstd:191.1,Bpos:14128.1,Bstd:52314.5,StrandBias:0.2,Multiplicity:1.74
0.001	0.066	0.001	0.932
0.001	0.997	0.001	0.001
0.001	0.001	0.001	0.997
0.001	0.997	0.001	0.001
0.001	0.001	0.001	0.997
0.001	0.001	0.001	0.997
0.001	0.001	0.001	0.997
0.132	0.001	0.001	0.866
>VSACWGTG	17-VSACWGTG	-2.389762	-5.105131	0	T:276.0(100.00%),B:201533.4(98.17%),P:1e-2	Tpos:150.6,Tstd:179.8,Bpos:11626.3,Bstd:43013.9,StrandBias:0.3,Multiplicity:1.84
0.275	0.358	0.365	0.001
0.001	0.461	0.537	0.001
0.997	0.001	0.001	0.001
0.001	0.627	0.371	0.001
0.537	0.001	0.001	0.461
0.179	0.275	0.545	0.001
0.185	0.001	0.001	0.813
0.178	0.001	0.820	0.001
>AWKTTTTT	18-AWKTTTTT	2.317266	-4.460484	0	T:223.0(80.80%),B:153588.5(74.81%),P:1e-1	Tpos:106.6,Tstd:117.1,Bpos:14957.3,Bstd:52475.2,StrandBias:0.1,Multiplicity:1.59
0.901	0.001	0.001	0.097
0.394	0.001	0.197	0.408
0.098	0.100	0.405	0.397
0.395	0.011	0.001	0.593
0.199	0.001	0.001	0.799
0.001	0.001	0.001	0.997
0.001	0.001	0.001	0.997
0.097	0.001	0.001	0.901
>TTAAAAAC	19-TTAAAAAC	-9.121788	-2.977030	0	T:276.0(100.00%),B:203094.6(98.93%),P:1e-1	Tpos:172.0,Tstd:214.1,Bpos:16778.9,Bstd:61645.4,StrandBias:0.5,Multiplicity:1.68
0.132	0.001	0.001	0.866
0.001	0.016	0.001	0.982
0.984	0.014	0.001	0.001
0.997	0.001	0.001	0.001
0.884	0.114	0.001	0.001
0.984	0.001	0.001	0.014
0.867	0.017	0.115	0.001
0.001	0.997	0.001	0.001
>ACATGCTT	20-ACATGCTT	2.399224	-1.338661	0	T:276.0(100.00%),B:204304.6(99.52%),P:1e0	Tpos:140.8,Tstd:182.9,Bpos:13366.7,Bstd:49735.4,StrandBias:0.0,Multiplicity:3.00
0.700	0.100	0.100	0.100
0.100	0.700	0.100	0.100
0.700	0.100	0.100	0.100
0.100	0.100	0.100	0.700
0.100	0.100	0.700	0.100
0.100	0.700	0.100	0.100
0.100	0.100	0.100	0.700
0.100	0.100	0.100	0.700
>GCGTCAGG	21-GCGTCAGG	10.494344	-0.811005	0	T:1.0(0.36%),B:436.2(0.21%),P:1e0	Tpos:17.0,Tstd:0.0,Bpos:22174.4,Bstd:45380.4,StrandBias:10.0,Multiplicity:1.00
0.001	0.001	0.984	0.014
0.001	0.868	0.130	0.001
0.001	0.001	0.997	0.001
0.002	0.001	0.130	0.867
0.001	0.867	0.115	0.017
0.866	0.001	0.001	0.132
0.001	0.001	0.997	0.001
0.001	0.001	0.997	0.001
>CCATCADC	22-CCATCADC	6.152749	-0.286688	0	T:29.0(10.51%),B:23935.9(11.66%),P:1e0	Tpos:252.8,Tstd:168.6,Bpos:9231.7,Bstd:25751.4,StrandBias:2.3,Multiplicity:1.20
0.083	0.500	0.167	0.250
0.083	0.751	0.083	0.083
0.751	0.083	0.083	0.083
0.082	0.001	0.001	0.916
0.001	0.667	0.166	0.166
0.666	0.250	0.001	0.083
0.250	0.167	0.333	0.250
0.167	0.500	0.250	0.083
>GKAGGGTA	23-GKAGGGTA	-2.832737	-0.178741	0	T:276.0(100.00%),B:205165.5(99.94%),P:1e0	Tpos:147.2,Tstd:184.7,Bpos:12351.0,Bstd:48307.8,StrandBias:-0.1,Multiplicity:1.73
0.001	0.001	0.805	0.193
0.001	0.194	0.392	0.414
0.582	0.001	0.026	0.391
0.387	0.001	0.611	0.001
0.001	0.001	0.997	0.001
0.391	0.001	0.607	0.001
0.387	0.001	0.001	0.611
0.583	0.194	0.197	0.026
>AAGTCATA	24-AAGTCATA	-6.042031	-0.089073	0	T:267.0(96.74%),B:200798.2(97.81%),P:1e0	Tpos:162.8,Tstd:181.5,Bpos:13376.5,Bstd:48811.1,StrandBias:-0.3,Multiplicity:1.86
0.666	0.001	0.001	0.332
0.666	0.001	0.332	0.001
0.001	0.332	0.666	0.001
0.001	0.001	0.001	0.997
0.001	0.997	0.001	0.001
0.997	0.001	0.001	0.001
0.001	0.001	0.001	0.997
0.997	0.001	0.001	0.001
>AAGAGGAA	25-AAGAGGAA	-1.492596	0.000000	0	T:276.0(100.00%),B:205298.6(100.00%),P:1e0	Tpos:159.2,Tstd:184.0,Bpos:12130.5,Bstd:46941.2,StrandBias:-0.2,Multiplicity:2.05
0.700	0.100	0.100	0.100
0.700	0.100	0.100	0.100
0.100	0.100	0.700	0.100
0.700	0.100	0.100	0.100
0.100	0.100	0.700	0.100
0.100	0.100	0.700	0.100
0.700	0.100	0.100	0.100
0.700	0.100	0.100	0.100
