>GGAAWTCCCC	1-GGAAWTCCCC	8.504622	-626.724326	0	T:1045.0(4.73%),B:2031.9(1.08%),P:1e-272	Tpos:49.2,Tstd:24.1,Bpos:1905.4,Bstd:5450.0,StrandBias:0.0,Multiplicity:1.01
0.032	0.038	0.890	0.040
0.171	0.039	0.757	0.033
0.559	0.046	0.348	0.047
0.726	0.120	0.034	0.120
0.478	0.064	0.105	0.353
0.183	0.165	0.113	0.539
0.060	0.610	0.086	0.244
0.066	0.882	0.021	0.031
0.048	0.902	0.033	0.017
0.139	0.657	0.056	0.148
>GGAAABYCCC	2-GGAAABYCCC	8.365844	-552.057485	0	T:954.0(4.32%),B:1918.8(1.02%),P:1e-239	Tpos:52.7,Tstd:25.5,Bpos:2476.1,Bstd:6770.3,StrandBias:0.0,Multiplicity:1.00
0.115	0.172	0.645	0.068
0.076	0.049	0.734	0.141
0.684	0.064	0.172	0.080
0.828	0.112	0.004	0.056
0.812	0.061	0.095	0.032
0.106	0.267	0.263	0.363
0.219	0.407	0.026	0.348
0.293	0.626	0.006	0.075
0.053	0.892	0.039	0.016
0.102	0.787	0.055	0.056
>GGAATTCCCC	3-GGAATTCCCC	6.981912	-432.507831	0	T:1411.0(6.39%),B:4614.4(2.45%),P:1e-187	Tpos:50.9,Tstd:25.1,Bpos:2757.2,Bstd:6954.5,StrandBias:0.0,Multiplicity:1.01
0.049	0.123	0.794	0.034
0.210	0.041	0.549	0.200
0.644	0.110	0.145	0.101
0.678	0.113	0.062	0.147
0.293	0.098	0.072	0.537
0.176	0.223	0.073	0.528
0.089	0.505	0.097	0.309
0.061	0.811	0.121	0.007
0.100	0.878	0.019	0.003
0.199	0.519	0.062	0.220
>GATGAGTCAT	4-GATGAGTCAT	7.691953	-422.900644	0	T:1449.0(6.56%),B:4876.6(2.59%),P:1e-183	Tpos:50.5,Tstd:25.4,Bpos:2644.3,Bstd:6938.2,StrandBias:0.0,Multiplicity:1.09
0.144	0.177	0.533	0.146
0.543	0.226	0.190	0.041
0.005	0.011	0.014	0.970
0.005	0.018	0.941	0.036
0.939	0.018	0.014	0.029
0.032	0.309	0.618	0.041
0.012	0.008	0.012	0.968
0.026	0.951	0.019	0.004
0.983	0.004	0.008	0.005
0.026	0.227	0.190	0.557
>GGGAARTBCC	5-GGGAARTBCC	7.636351	-130.775972	0	T:268.0(1.21%),B:629.2(0.33%),P:1e-56	Tpos:45.3,Tstd:25.4,Bpos:1019.4,Bstd:3118.4,StrandBias:0.1,Multiplicity:1.00
0.144	0.124	0.546	0.186
0.015	0.030	0.900	0.055
0.151	0.133	0.683	0.033
0.525	0.096	0.304	0.075
0.844	0.028	0.097	0.031
0.473	0.144	0.344	0.039
0.133	0.205	0.186	0.476
0.109	0.320	0.257	0.314
0.272	0.438	0.200	0.090
0.240	0.579	0.136	0.045
>GGGTTTTCCC	6-GGGTTTTCCC	9.296549	-87.798820	0	T:171.0(0.77%),B:387.0(0.21%),P:1e-38	Tpos:50.6,Tstd:27.4,Bpos:2357.6,Bstd:5544.7,StrandBias:-0.2,Multiplicity:1.00
0.042	0.022	0.824	0.112
0.029	0.080	0.666	0.225
0.229	0.117	0.492	0.161
0.174	0.211	0.163	0.452
0.262	0.028	0.027	0.683
0.040	0.156	0.052	0.752
0.044	0.370	0.031	0.555
0.020	0.805	0.006	0.169
0.042	0.928	0.014	0.016
0.178	0.600	0.015	0.207
>GGGGAAGTSM	7-GGGGAAGTSM	8.330599	-63.820545	0	T:348.0(1.58%),B:1466.2(0.78%),P:1e-27	Tpos:50.9,Tstd:24.6,Bpos:1623.3,Bstd:4567.6,StrandBias:0.1,Multiplicity:1.03
0.197	0.204	0.552	0.047
0.348	0.086	0.531	0.035
0.038	0.013	0.936	0.013
0.047	0.059	0.866	0.028
0.671	0.165	0.093	0.071
0.872	0.022	0.069	0.037
0.265	0.139	0.595	0.001
0.001	0.170	0.269	0.560
0.175	0.342	0.380	0.103
0.363	0.343	0.146	0.148
>NCAYGTGAYN	8-NCAYGTGAYN	8.396405	-37.305661	0	T:817.0(3.70%),B:5057.9(2.69%),P:1e-16	Tpos:49.7,Tstd:25.2,Bpos:5717.3,Bstd:18679.2,StrandBias:0.1,Multiplicity:1.04
0.311	0.211	0.180	0.298
0.001	0.997	0.001	0.001
0.997	0.001	0.001	0.001
0.001	0.548	0.001	0.450
0.313	0.050	0.636	0.001
0.001	0.001	0.001	0.997
0.001	0.001	0.997	0.001
0.543	0.069	0.387	0.001
0.001	0.529	0.001	0.469
0.326	0.188	0.184	0.302
>DGRGGAAGTG	9-DGRGGAAGTG	9.744553	-32.492737	0	T:117.0(0.53%),B:413.0(0.22%),P:1e-14	Tpos:45.3,Tstd:24.6,Bpos:1933.0,Bstd:6287.3,StrandBias:0.6,Multiplicity:1.00
0.402	0.080	0.253	0.265
0.091	0.186	0.667	0.056
0.474	0.053	0.439	0.034
0.054	0.047	0.866	0.033
0.044	0.069	0.865	0.022
0.737	0.109	0.120	0.034
0.718	0.070	0.077	0.135
0.119	0.102	0.778	0.001
0.085	0.101	0.087	0.727
0.246	0.051	0.571	0.132
>AGTCACGTGV	10-AGTCACGTGV	9.267181	-32.323051	0	T:334.0(1.51%),B:1758.8(0.93%),P:1e-14	Tpos:50.5,Tstd:25.1,Bpos:1168.3,Bstd:4198.9,StrandBias:-0.2,Multiplicity:1.03
0.511	0.115	0.184	0.190
0.173	0.178	0.608	0.041
0.001	0.214	0.203	0.582
0.001	0.997	0.001	0.001
0.997	0.001	0.001	0.001
0.001	0.834	0.001	0.164
0.375	0.001	0.623	0.001
0.001	0.001	0.001	0.997
0.001	0.001	0.997	0.001
0.302	0.305	0.271	0.122
>AYTTCCCCTY	11-AYTTCCCCTY	8.396368	-28.380688	0	T:76.0(0.34%),B:227.5(0.12%),P:1e-12	Tpos:44.0,Tstd:26.5,Bpos:1853.8,Bstd:4950.6,StrandBias:-0.5,Multiplicity:1.01
0.586	0.209	0.154	0.051
0.204	0.415	0.115	0.266
0.140	0.069	0.085	0.706
0.023	0.171	0.097	0.709
0.030	0.630	0.167	0.173
0.025	0.930	0.034	0.011
0.076	0.651	0.091	0.182
0.099	0.559	0.109	0.233
0.233	0.257	0.060	0.451
0.160	0.290	0.189	0.361
>AGGGGAAGTC	12-AGGGGAAGTC	9.983930	-20.819120	0	T:210.0(0.95%),B:1109.6(0.59%),P:1e-9	Tpos:49.7,Tstd:25.0,Bpos:2543.3,Bstd:7934.7,StrandBias:-0.1,Multiplicity:1.00
0.596	0.001	0.347	0.056
0.068	0.083	0.820	0.029
0.380	0.028	0.591	0.001
0.001	0.001	0.997	0.001
0.025	0.001	0.973	0.001
0.953	0.045	0.001	0.001
0.945	0.001	0.001	0.053
0.223	0.278	0.434	0.065
0.001	0.326	0.101	0.572
0.094	0.579	0.215	0.112
>GCACGTGACN	13-GCACGTGACN	9.823878	-9.788892	0	T:93.0(0.42%),B:498.1(0.26%),P:1e-4	Tpos:44.0,Tstd:21.1,Bpos:1297.9,Bstd:7136.3,StrandBias:-0.4,Multiplicity:1.05
0.034	0.092	0.573	0.301
0.001	0.997	0.001	0.001
0.997	0.001	0.001	0.001
0.001	0.760	0.001	0.238
0.159	0.001	0.839	0.001
0.001	0.001	0.001	0.997
0.001	0.001	0.997	0.001
0.545	0.105	0.219	0.131
0.001	0.488	0.253	0.258
0.214	0.347	0.241	0.198
>NDNNCACRTG	14-NDNNCACRTG	7.339362	-8.191704	0	T:227.0(1.03%),B:1500.5(0.80%),P:1e-3	Tpos:49.7,Tstd:26.1,Bpos:1231.9,Bstd:4010.5,StrandBias:0.1,Multiplicity:1.03
0.219	0.276	0.275	0.231
0.317	0.157	0.306	0.220
0.284	0.292	0.275	0.150
0.228	0.274	0.205	0.293
0.001	0.832	0.166	0.001
0.997	0.001	0.001	0.001
0.086	0.494	0.134	0.286
0.483	0.001	0.515	0.001
0.001	0.001	0.001	0.997
0.001	0.001	0.997	0.001
>CTCATGTGAC	15-CTCATGTGAC	10.420904	-8.169965	0	T:25.0(0.11%),B:89.1(0.05%),P:1e-3	Tpos:57.3,Tstd:21.6,Bpos:1685.7,Bstd:2784.3,StrandBias:-0.2,Multiplicity:1.00
0.156	0.586	0.203	0.055
0.208	0.161	0.232	0.399
0.001	0.997	0.001	0.001
0.865	0.006	0.081	0.048
0.001	0.265	0.001	0.733
0.001	0.001	0.997	0.001
0.161	0.001	0.001	0.837
0.001	0.188	0.810	0.001
0.655	0.001	0.187	0.157
0.001	0.489	0.176	0.334
>RGGGGAAGTN	16-RGGGGAAGTN	10.393871	-5.103673	0	T:22.0(0.10%),B:97.2(0.05%),P:1e-2	Tpos:38.0,Tstd:18.9,Bpos:4327.0,Bstd:13265.6,StrandBias:-1.0,Multiplicity:1.00
0.505	0.001	0.493	0.001
0.208	0.029	0.762	0.001
0.153	0.160	0.648	0.039
0.001	0.001	0.997	0.001
0.001	0.001	0.997	0.001
0.997	0.001	0.001	0.001
0.997	0.001	0.001	0.001
0.200	0.001	0.798	0.001
0.001	0.279	0.183	0.537
0.295	0.282	0.183	0.241
>TGTGTGTGTG	17-TGTGTGTGTG	9.396028	-1.464964	0	T:485.0(2.20%),B:3988.6(2.12%),P:1e0	Tpos:55.2,Tstd:18.5,Bpos:2181.1,Bstd:5982.5,StrandBias:-0.2,Multiplicity:1.00
0.238	0.051	0.013	0.698
0.197	0.014	0.784	0.005
0.149	0.112	0.128	0.611
0.237	0.074	0.649	0.040
0.068	0.133	0.084	0.715
0.176	0.001	0.797	0.026
0.149	0.138	0.246	0.467
0.253	0.078	0.665	0.004
0.089	0.084	0.113	0.714
0.108	0.045	0.795	0.052
>BGTGTGTGTR	18-BGTGTGTGTR	7.614774	-0.262596	0	T:447.0(2.02%),B:3947.7(2.10%),P:1e0	Tpos:50.7,Tstd:28.5,Bpos:2669.3,Bstd:7521.5,StrandBias:0.1,Multiplicity:1.21
0.059	0.299	0.258	0.385
0.324	0.093	0.528	0.055
0.089	0.287	0.079	0.545
0.254	0.094	0.642	0.010
0.001	0.200	0.155	0.644
0.206	0.018	0.767	0.009
0.202	0.167	0.135	0.496
0.209	0.001	0.789	0.001
0.236	0.116	0.165	0.483
0.375	0.096	0.366	0.163
>CACATACACA	19-CACATACACA	9.123363	-0.220581	0	T:153.0(0.69%),B:1397.8(0.74%),P:1e0	Tpos:51.9,Tstd:26.8,Bpos:3892.7,Bstd:8810.1,StrandBias:0.4,Multiplicity:1.14
0.001	0.997	0.001	0.001
0.997	0.001	0.001	0.001
0.001	0.997	0.001	0.001
0.997	0.001	0.001	0.001
0.001	0.003	0.001	0.995
0.989	0.001	0.009	0.001
0.001	0.997	0.001	0.001
0.997	0.001	0.001	0.001
0.001	0.997	0.001	0.001
0.997	0.001	0.001	0.001
>CACACACACA	20-CACACACACA	8.913775	-0.211004	0	T:524.0(2.37%),B:4644.3(2.47%),P:1e0	Tpos:46.2,Tstd:26.7,Bpos:2632.4,Bstd:9968.6,StrandBias:-0.6,Multiplicity:1.00
0.097	0.512	0.124	0.267
0.590	0.186	0.110	0.114
0.016	0.747	0.024	0.213
0.695	0.123	0.181	0.001
0.052	0.769	0.001	0.178
0.694	0.115	0.177	0.014
0.001	0.822	0.001	0.176
0.710	0.071	0.169	0.050
0.010	0.791	0.019	0.180
0.582	0.069	0.200	0.149
>GTGTGTGTGT	21-GTGTGTGTGT	9.379445	-0.126320	0	T:705.0(3.19%),B:6288.5(3.34%),P:1e0	Tpos:52.3,Tstd:26.6,Bpos:2140.9,Bstd:7488.0,StrandBias:0.1,Multiplicity:1.18
0.135	0.058	0.773	0.034
0.081	0.083	0.066	0.770
0.086	0.029	0.868	0.017
0.049	0.097	0.069	0.785
0.084	0.033	0.862	0.021
0.037	0.065	0.112	0.786
0.082	0.026	0.877	0.015
0.085	0.101	0.085	0.729
0.089	0.039	0.852	0.020
0.100	0.100	0.100	0.700
>TGTGTGTGTG	22-TGTGTGTGTG	9.061585	-0.119043	0	T:429.0(1.94%),B:3882.8(2.06%),P:1e0	Tpos:67.5,Tstd:21.7,Bpos:3805.6,Bstd:10518.3,StrandBias:-1.4,Multiplicity:1.00
0.153	0.124	0.106	0.617
0.235	0.012	0.750	0.003
0.116	0.172	0.107	0.605
0.198	0.001	0.800	0.001
0.077	0.121	0.137	0.665
0.078	0.029	0.880	0.013
0.107	0.107	0.147	0.639
0.301	0.037	0.607	0.055
0.176	0.115	0.162	0.547
0.225	0.083	0.596	0.096
>BRYGTGTGTG	23-BRYGTGTGTG	9.883076	-0.113917	0	T:668.0(3.03%),B:5979.1(3.18%),P:1e0	Tpos:48.4,Tstd:26.7,Bpos:2082.6,Bstd:6746.4,StrandBias:0.3,Multiplicity:1.09
0.064	0.347	0.221	0.368
0.388	0.001	0.500	0.111
0.001	0.512	0.001	0.486
0.366	0.001	0.632	0.001
0.001	0.001	0.001	0.997
0.001	0.001	0.997	0.001
0.001	0.001	0.001	0.997
0.001	0.009	0.989	0.001
0.265	0.001	0.043	0.691
0.001	0.124	0.813	0.062
>GTGTGTGTGT	24-GTGTGTGTGT	8.414747	-0.105804	0	T:547.0(2.48%),B:4930.4(2.62%),P:1e0	Tpos:48.1,Tstd:27.7,Bpos:1532.4,Bstd:3892.0,StrandBias:0.3,Multiplicity:1.03
0.153	0.077	0.664	0.106
0.109	0.190	0.064	0.637
0.120	0.053	0.826	0.001
0.086	0.137	0.116	0.661
0.162	0.048	0.781	0.009
0.084	0.173	0.145	0.598
0.133	0.055	0.794	0.018
0.096	0.126	0.171	0.607
0.311	0.071	0.531	0.087
0.188	0.089	0.184	0.539
>HYACACACAY	25-HYACACACAY	7.236902	-0.013373	0	T:484.0(2.19%),B:4571.3(2.43%),P:1e0	Tpos:67.2,Tstd:14.8,Bpos:5454.4,Bstd:6686.4,StrandBias:0.0,Multiplicity:1.00
0.349	0.248	0.186	0.217
0.197	0.369	0.155	0.279
0.416	0.155	0.199	0.230
0.001	0.743	0.049	0.207
0.515	0.174	0.146	0.165
0.031	0.846	0.025	0.098
0.591	0.204	0.166	0.039
0.001	0.837	0.026	0.136
0.473	0.142	0.210	0.175
0.001	0.506	0.061	0.432
