>ATGAGTCA	1-ATGAGTCA	9.005314	-382.904794	0	T:1488.0(6.74%),B:5362.3(2.85%),P:1e-166	Tpos:50.3,Tstd:26.1,Bpos:2833.3,Bstd:7319.9,StrandBias:0.0,Multiplicity:1.09
0.566	0.218	0.190	0.026
0.001	0.001	0.001	0.997
0.001	0.001	0.982	0.016
0.980	0.005	0.001	0.014
0.020	0.262	0.695	0.023
0.001	0.001	0.001	0.997
0.011	0.987	0.001	0.001
0.997	0.001	0.001	0.001
>AATTCCCC	2-AATTCCCC	7.677462	-90.409832	0	T:936.0(4.24%),B:4887.0(2.60%),P:1e-39	Tpos:48.9,Tstd:26.1,Bpos:2536.7,Bstd:8352.2,StrandBias:-0.1,Multiplicity:1.02
0.735	0.039	0.205	0.021
0.541	0.255	0.035	0.169
0.238	0.042	0.074	0.646
0.031	0.185	0.043	0.741
0.016	0.799	0.001	0.184
0.001	0.997	0.001	0.001
0.009	0.826	0.026	0.139
0.090	0.714	0.006	0.190
>GGGGAART	3-GGGGAART	7.342273	-63.794884	0	T:1312.0(5.94%),B:8017.1(4.26%),P:1e-27	Tpos:49.0,Tstd:27.1,Bpos:2488.2,Bstd:6250.3,StrandBias:0.0,Multiplicity:1.02
0.167	0.057	0.661	0.115
0.203	0.050	0.687	0.060
0.002	0.014	0.966	0.018
0.075	0.046	0.859	0.020
0.820	0.028	0.115	0.037
0.912	0.036	0.035	0.017
0.386	0.079	0.398	0.137
0.047	0.128	0.114	0.711
>GGAAAYCC	4-GGAAAYCC	8.142735	-25.659561	0	T:572.0(2.59%),B:3564.9(1.89%),P:1e-11	Tpos:48.3,Tstd:26.7,Bpos:2507.8,Bstd:7316.8,StrandBias:-0.0,Multiplicity:1.00
0.001	0.002	0.996	0.001
0.264	0.048	0.674	0.014
0.809	0.018	0.163	0.010
0.992	0.001	0.004	0.003
0.625	0.050	0.221	0.104
0.146	0.285	0.158	0.410
0.047	0.647	0.121	0.185
0.097	0.845	0.036	0.022
>GGAAGTGA	5-GGAAGTGA	8.681811	-3.270548	0	T:425.0(1.93%),B:3302.5(1.76%),P:1e-1	Tpos:50.5,Tstd:26.7,Bpos:2102.6,Bstd:5414.6,StrandBias:-0.0,Multiplicity:1.03
0.023	0.011	0.932	0.034
0.036	0.169	0.769	0.026
0.785	0.074	0.056	0.085
0.775	0.015	0.071	0.139
0.161	0.026	0.812	0.001
0.001	0.036	0.205	0.758
0.093	0.168	0.673	0.066
0.498	0.183	0.146	0.173
>RGGGGAAD	6-RGGGGAAD	6.060032	-2.053427	0	T:204.0(0.92%),B:1594.4(0.85%),P:1e0	Tpos:48.3,Tstd:27.4,Bpos:3033.0,Bstd:8000.0,StrandBias:-0.3,Multiplicity:1.00
0.413	0.074	0.342	0.171
0.204	0.047	0.503	0.246
0.036	0.050	0.906	0.008
0.001	0.101	0.830	0.068
0.301	0.103	0.516	0.080
0.538	0.030	0.380	0.052
0.427	0.109	0.250	0.214
0.341	0.104	0.203	0.353
>GGGAAATC	7-GGGAAATC	9.642947	-1.857291	0	T:173.0(0.78%),B:1355.9(0.72%),P:1e0	Tpos:50.4,Tstd:26.8,Bpos:2436.4,Bstd:5430.6,StrandBias:0.0,Multiplicity:1.01
0.317	0.002	0.680	0.001
0.001	0.001	0.997	0.001
0.001	0.307	0.691	0.001
0.997	0.001	0.001	0.001
0.997	0.001	0.001	0.001
0.869	0.001	0.129	0.001
0.001	0.009	0.129	0.861
0.006	0.675	0.318	0.001
>AAGGGGAA	8-AAGGGGAA	8.664318	-0.747797	0	T:374.0(1.69%),B:3173.2(1.69%),P:1e0	Tpos:52.0,Tstd:26.4,Bpos:2725.8,Bstd:6272.3,StrandBias:-0.4,Multiplicity:1.03
0.558	0.166	0.164	0.112
0.547	0.035	0.275	0.143
0.103	0.067	0.786	0.044
0.140	0.055	0.756	0.049
0.021	0.010	0.967	0.002
0.186	0.029	0.767	0.018
0.773	0.057	0.147	0.023
0.850	0.015	0.060	0.075
>CACGTGTB	9-CACGTGTB	6.823387	-0.377817	0	T:2738.0(12.40%),B:23549.6(12.51%),P:1e0	Tpos:50.5,Tstd:25.8,Bpos:2348.0,Bstd:6841.9,StrandBias:0.0,Multiplicity:1.15
0.001	0.997	0.001	0.001
0.997	0.001	0.001	0.001
0.001	0.600	0.001	0.398
0.010	0.001	0.988	0.001
0.001	0.001	0.001	0.997
0.001	0.001	0.997	0.001
0.128	0.303	0.001	0.568
0.123	0.282	0.303	0.293
>GYGTGTGT	10-GYGTGTGT	8.492607	-0.050139	0	T:248.0(1.12%),B:2352.8(1.25%),P:1e0	Tpos:50.4,Tstd:28.2,Bpos:1559.0,Bstd:6463.5,StrandBias:-0.4,Multiplicity:1.00
0.408	0.001	0.590	0.001
0.001	0.543	0.001	0.455
0.142	0.001	0.856	0.001
0.001	0.001	0.001	0.997
0.001	0.001	0.997	0.001
0.089	0.210	0.063	0.638
0.051	0.302	0.608	0.039
0.294	0.001	0.001	0.704
>YSCATGTG	11-YSCATGTG	9.382058	-0.006212	0	T:279.0(1.26%),B:2768.0(1.47%),P:1e0	Tpos:48.4,Tstd:24.9,Bpos:3390.0,Bstd:9032.3,StrandBias:-0.2,Multiplicity:1.02
0.001	0.316	0.254	0.429
0.254	0.315	0.430	0.001
0.001	0.997	0.001	0.001
0.997	0.001	0.001	0.001
0.001	0.001	0.001	0.997
0.001	0.001	0.997	0.001
0.001	0.001	0.001	0.997
0.001	0.001	0.997	0.001
>GAATTCCC	12-GAATTCCC	6.067173	-0.000043	0	T:2587.0(11.72%),B:23775.6(12.64%),P:1e0	Tpos:49.9,Tstd:26.0,Bpos:2977.8,Bstd:8128.2,StrandBias:0.1,Multiplicity:1.04
0.189	0.090	0.691	0.030
0.768	0.076	0.112	0.044
0.507	0.241	0.056	0.196
0.239	0.040	0.133	0.588
0.074	0.063	0.080	0.783
0.021	0.739	0.030	0.210
0.019	0.975	0.005	0.001
0.004	0.949	0.017	0.030
>NGCATGTG	13-NGCATGTG	9.553753	-0.000007	0	T:75.0(0.34%),B:1031.8(0.55%),P:1e0	Tpos:50.1,Tstd:32.1,Bpos:1471.0,Bstd:6727.0,StrandBias:-0.2,Multiplicity:1.00
0.196	0.324	0.251	0.228
0.045	0.162	0.676	0.117
0.001	0.997	0.001	0.001
0.997	0.001	0.001	0.001
0.001	0.001	0.001	0.997
0.001	0.001	0.997	0.001
0.001	0.001	0.001	0.997
0.001	0.001	0.997	0.001
>GTGTGTGT	14-GTGTGTGT	10.487151	-0.000007	0	T:695.0(3.15%),B:6990.5(3.71%),P:1e0	Tpos:50.7,Tstd:28.6,Bpos:2514.1,Bstd:7303.6,StrandBias:0.1,Multiplicity:1.28
0.047	0.021	0.931	0.001
0.020	0.053	0.037	0.890
0.020	0.001	0.978	0.001
0.001	0.031	0.056	0.912
0.016	0.001	0.982	0.001
0.019	0.035	0.052	0.894
0.013	0.001	0.985	0.001
0.032	0.057	0.055	0.856
>TGTGTGTG	15-TGTGTGTG	8.732567	-0.000001	0	T:789.0(3.57%),B:7993.8(4.25%),P:1e0	Tpos:49.9,Tstd:29.0,Bpos:2683.8,Bstd:9481.4,StrandBias:0.2,Multiplicity:1.06
0.113	0.210	0.082	0.595
0.156	0.001	0.805	0.038
0.004	0.146	0.069	0.781
0.105	0.001	0.875	0.019
0.058	0.101	0.180	0.661
0.104	0.051	0.813	0.032
0.139	0.082	0.104	0.675
0.100	0.043	0.797	0.060
>NTSACACA	16-NTSACACA	6.457930	-0.000000	0	T:162.0(0.73%),B:2018.5(1.07%),P:1e0	Tpos:49.9,Tstd:28.4,Bpos:2588.0,Bstd:5845.0,StrandBias:-0.3,Multiplicity:1.00
0.153	0.276	0.289	0.282
0.177	0.202	0.016	0.605
0.098	0.358	0.364	0.180
0.493	0.086	0.193	0.228
0.021	0.977	0.001	0.001
0.665	0.012	0.195	0.128
0.026	0.765	0.144	0.065
0.624	0.133	0.136	0.107
>GTGTGTGT	17-GTGTGTGT	8.367215	-0.000000	0	T:872.0(3.95%),B:8967.8(4.77%),P:1e0	Tpos:50.1,Tstd:26.2,Bpos:2791.1,Bstd:8034.8,StrandBias:0.2,Multiplicity:1.07
0.174	0.053	0.667	0.106
0.020	0.110	0.056	0.814
0.052	0.012	0.929	0.007
0.043	0.059	0.107	0.791
0.031	0.030	0.929	0.010
0.048	0.034	0.101	0.817
0.131	0.064	0.769	0.036
0.282	0.060	0.114	0.544
>CACACAAG	18-CACACAAG	9.358541	-0.000000	0	T:103.0(0.47%),B:1944.6(1.03%),P:1e0	Tpos:51.8,Tstd:26.3,Bpos:3535.9,Bstd:9968.8,StrandBias:-0.2,Multiplicity:1.02
0.001	0.997	0.001	0.001
0.997	0.001	0.001	0.001
0.001	0.997	0.001	0.001
0.997	0.001	0.001	0.001
0.001	0.798	0.001	0.200
0.694	0.148	0.052	0.106
0.525	0.357	0.040	0.078
0.001	0.225	0.616	0.158
>NVTRTGTG	19-NVTRTGTG	6.735268	-0.000000	0	T:995.0(4.51%),B:10342.3(5.50%),P:1e0	Tpos:3.0,Tstd:0.0,Bpos:2538.1,Bstd:7051.1,StrandBias:-10.0,Multiplicity:1.00
0.239	0.213	0.234	0.314
0.265	0.251	0.373	0.110
0.001	0.332	0.001	0.666
0.431	0.001	0.567	0.001
0.001	0.001	0.001	0.997
0.229	0.001	0.769	0.001
0.046	0.001	0.121	0.832
0.233	0.001	0.598	0.168
>RTGTGTDT	20-RTGTGTDT	7.284187	-0.000000	0	T:202.0(0.92%),B:2959.2(1.57%),P:1e0	Tpos:76.0,Tstd:0.0,Bpos:1970.6,Bstd:3595.2,StrandBias:10.0,Multiplicity:1.00
0.451	0.061	0.472	0.016
0.001	0.124	0.141	0.734
0.227	0.001	0.771	0.001
0.001	0.101	0.141	0.757
0.200	0.001	0.798	0.001
0.105	0.132	0.001	0.762
0.374	0.134	0.247	0.245
0.305	0.063	0.126	0.506
>TGTGKDAD	21-TGTGKDAD	6.930522	-0.000000	0	T:627.0(2.84%),B:10209.6(5.43%),P:1e0	Tpos:52.5,Tstd:27.9,Bpos:8615.7,Bstd:25038.1,StrandBias:-0.0,Multiplicity:1.02
0.065	0.007	0.135	0.793
0.054	0.001	0.944	0.001
0.001	0.012	0.060	0.927
0.015	0.001	0.983	0.001
0.026	0.132	0.380	0.461
0.349	0.151	0.286	0.214
0.563	0.126	0.124	0.187
0.318	0.037	0.271	0.374
>GTGTGTGT	22-GTGTGTGT	6.946852	-0.000000	0	T:1840.0(8.34%),B:20079.7(10.67%),P:1e0	Tpos:49.4,Tstd:26.2,Bpos:2482.8,Bstd:7449.8,StrandBias:-0.0,Multiplicity:1.12
0.354	0.042	0.553	0.051
0.061	0.087	0.106	0.746
0.038	0.019	0.937	0.006
0.020	0.068	0.067	0.845
0.052	0.016	0.920	0.012
0.047	0.068	0.106	0.779
0.117	0.056	0.782	0.045
0.077	0.145	0.141	0.637
>TGTGTGTR	23-TGTGTGTR	4.828140	-0.000000	0	T:2268.0(10.27%),B:29659.9(15.76%),P:1e0	Tpos:49.5,Tstd:27.5,Bpos:4396.8,Bstd:9220.4,StrandBias:0.1,Multiplicity:1.11
0.003	0.003	0.006	0.988
0.060	0.001	0.938	0.001
0.001	0.001	0.001	0.997
0.133	0.001	0.865	0.001
0.001	0.001	0.001	0.997
0.161	0.001	0.837	0.001
0.001	0.262	0.001	0.736
0.360	0.105	0.369	0.165
>ATGTGBNA	24-ATGTGBNA	5.080578	-0.000000	0	T:4199.0(19.02%),B:48281.0(25.66%),P:1e0	Tpos:50.4,Tstd:27.8,Bpos:4799.9,Bstd:16250.6,StrandBias:-0.1,Multiplicity:1.07
0.615	0.012	0.345	0.028
0.061	0.211	0.127	0.601
0.174	0.047	0.778	0.001
0.149	0.012	0.054	0.785
0.015	0.001	0.868	0.116
0.081	0.279	0.274	0.366
0.328	0.263	0.184	0.226
0.427	0.252	0.089	0.232
>GCTGTGTG	25-GCTGTGTG	6.139734	0.000000	0	T:1753.0(7.94%),B:25210.8(13.40%),P:1e0	Tpos:52.1,Tstd:27.6,Bpos:2577.0,Bstd:8091.9,StrandBias:0.1,Multiplicity:1.03
0.120	0.199	0.476	0.205
0.003	0.920	0.006	0.071
0.001	0.001	0.001	0.997
0.062	0.001	0.936	0.001
0.001	0.001	0.001	0.997
0.018	0.001	0.980	0.001
0.001	0.001	0.001	0.997
0.084	0.001	0.914	0.001
