>GGAAWTCCCC	1-GGAAWTCCCC	8.504622	-626.724326	0	T:1045.0(4.73%),B:2031.9(1.08%),P:1e-272	Tpos:49.2,Tstd:24.1,Bpos:1905.4,Bstd:5450.0,StrandBias:0.0,Multiplicity:1.01
0.032	0.038	0.890	0.040
0.171	0.039	0.757	0.033
0.559	0.046	0.348	0.047
0.726	0.120	0.034	0.120
0.478	0.064	0.105	0.353
0.183	0.165	0.113	0.539
0.060	0.610	0.086	0.244
0.066	0.882	0.021	0.031
0.048	0.902	0.033	0.017
0.139	0.657	0.056	0.148
>GGAAABYCCC	2-GGAAABYCCC	8.365844	-552.057485	0	T:954.0(4.32%),B:1918.8(1.02%),P:1e-239	Tpos:52.7,Tstd:25.5,Bpos:2476.1,Bstd:6770.3,StrandBias:0.0,Multiplicity:1.00
0.115	0.172	0.645	0.068
0.076	0.049	0.734	0.141
0.684	0.064	0.172	0.080
0.828	0.112	0.004	0.056
0.812	0.061	0.095	0.032
0.106	0.267	0.263	0.363
0.219	0.407	0.026	0.348
0.293	0.626	0.006	0.075
0.053	0.892	0.039	0.016
0.102	0.787	0.055	0.056
>GGAATTCCCC	3-GGAATTCCCC	6.981912	-432.507831	0	T:1411.0(6.39%),B:4614.4(2.45%),P:1e-187	Tpos:50.9,Tstd:25.1,Bpos:2757.2,Bstd:6954.5,StrandBias:0.0,Multiplicity:1.01
0.049	0.123	0.794	0.034
0.210	0.041	0.549	0.200
0.644	0.110	0.145	0.101
0.678	0.113	0.062	0.147
0.293	0.098	0.072	0.537
0.176	0.223	0.073	0.528
0.089	0.505	0.097	0.309
0.061	0.811	0.121	0.007
0.100	0.878	0.019	0.003
0.199	0.519	0.062	0.220
>GATGAGTCAT	4-GATGAGTCAT	7.691953	-422.900644	0	T:1449.0(6.56%),B:4876.6(2.59%),P:1e-183	Tpos:50.5,Tstd:25.4,Bpos:2644.3,Bstd:6938.2,StrandBias:0.0,Multiplicity:1.09
0.144	0.177	0.533	0.146
0.543	0.226	0.190	0.041
0.005	0.011	0.014	0.970
0.005	0.018	0.941	0.036
0.939	0.018	0.014	0.029
0.032	0.309	0.618	0.041
0.012	0.008	0.012	0.968
0.026	0.951	0.019	0.004
0.983	0.004	0.008	0.005
0.026	0.227	0.190	0.557
>GGGAARTBCC	5-GGGAARTBCC	7.636351	-130.775972	0	T:268.0(1.21%),B:629.2(0.33%),P:1e-56	Tpos:45.3,Tstd:25.4,Bpos:1019.4,Bstd:3118.4,StrandBias:0.1,Multiplicity:1.00
0.144	0.124	0.546	0.186
0.015	0.030	0.900	0.055
0.151	0.133	0.683	0.033
0.525	0.096	0.304	0.075
0.844	0.028	0.097	0.031
0.473	0.144	0.344	0.039
0.133	0.205	0.186	0.476
0.109	0.320	0.257	0.314
0.272	0.438	0.200	0.090
0.240	0.579	0.136	0.045
>GGGTTTTCCC	6-GGGTTTTCCC	9.296549	-87.798820	0	T:171.0(0.77%),B:387.0(0.21%),P:1e-38	Tpos:50.6,Tstd:27.4,Bpos:2357.6,Bstd:5544.7,StrandBias:-0.2,Multiplicity:1.00
0.042	0.022	0.824	0.112
0.029	0.080	0.666	0.225
0.229	0.117	0.492	0.161
0.174	0.211	0.163	0.452
0.262	0.028	0.027	0.683
0.040	0.156	0.052	0.752
0.044	0.370	0.031	0.555
0.020	0.805	0.006	0.169
0.042	0.928	0.014	0.016
0.178	0.600	0.015	0.207
>GGGGAAGTSM	7-GGGGAAGTSM	8.330599	-63.820545	0	T:348.0(1.58%),B:1466.2(0.78%),P:1e-27	Tpos:50.9,Tstd:24.6,Bpos:1623.3,Bstd:4567.6,StrandBias:0.1,Multiplicity:1.03
0.197	0.204	0.552	0.047
0.348	0.086	0.531	0.035
0.038	0.013	0.936	0.013
0.047	0.059	0.866	0.028
0.671	0.165	0.093	0.071
0.872	0.022	0.069	0.037
0.265	0.139	0.595	0.001
0.001	0.170	0.269	0.560
0.175	0.342	0.380	0.103
0.363	0.343	0.146	0.148
>NCAYGTGAYN	8-NCAYGTGAYN	8.396405	-37.305661	0	T:817.0(3.70%),B:5057.9(2.69%),P:1e-16	Tpos:49.7,Tstd:25.2,Bpos:5717.3,Bstd:18679.2,StrandBias:0.1,Multiplicity:1.04
0.311	0.211	0.180	0.298
0.001	0.997	0.001	0.001
0.997	0.001	0.001	0.001
0.001	0.548	0.001	0.450
0.313	0.050	0.636	0.001
0.001	0.001	0.001	0.997
0.001	0.001	0.997	0.001
0.543	0.069	0.387	0.001
0.001	0.529	0.001	0.469
0.326	0.188	0.184	0.302
>DGRGGAAGTG	9-DGRGGAAGTG	9.744553	-32.492737	0	T:117.0(0.53%),B:413.0(0.22%),P:1e-14	Tpos:45.3,Tstd:24.6,Bpos:1933.0,Bstd:6287.3,StrandBias:0.6,Multiplicity:1.00
0.402	0.080	0.253	0.265
0.091	0.186	0.667	0.056
0.474	0.053	0.439	0.034
0.054	0.047	0.866	0.033
0.044	0.069	0.865	0.022
0.737	0.109	0.120	0.034
0.718	0.070	0.077	0.135
0.119	0.102	0.778	0.001
0.085	0.101	0.087	0.727
0.246	0.051	0.571	0.132
>AGTCACGTGV	10-AGTCACGTGV	9.267181	-32.323051	0	T:334.0(1.51%),B:1758.8(0.93%),P:1e-14	Tpos:50.5,Tstd:25.1,Bpos:1168.3,Bstd:4198.9,StrandBias:-0.2,Multiplicity:1.03
0.511	0.115	0.184	0.190
0.173	0.178	0.608	0.041
0.001	0.214	0.203	0.582
0.001	0.997	0.001	0.001
0.997	0.001	0.001	0.001
0.001	0.834	0.001	0.164
0.375	0.001	0.623	0.001
0.001	0.001	0.001	0.997
0.001	0.001	0.997	0.001
0.302	0.305	0.271	0.122
>AYTTCCCCTY	11-AYTTCCCCTY	8.396368	-28.380688	0	T:76.0(0.34%),B:227.5(0.12%),P:1e-12	Tpos:44.0,Tstd:26.5,Bpos:1853.8,Bstd:4950.6,StrandBias:-0.5,Multiplicity:1.01
0.586	0.209	0.154	0.051
0.204	0.415	0.115	0.266
0.140	0.069	0.085	0.706
0.023	0.171	0.097	0.709
0.030	0.630	0.167	0.173
0.025	0.930	0.034	0.011
0.076	0.651	0.091	0.182
0.099	0.559	0.109	0.233
0.233	0.257	0.060	0.451
0.160	0.290	0.189	0.361
>AGGGGAAGTC	12-AGGGGAAGTC	9.983930	-20.819120	0	T:210.0(0.95%),B:1109.6(0.59%),P:1e-9	Tpos:49.7,Tstd:25.0,Bpos:2543.3,Bstd:7934.7,StrandBias:-0.1,Multiplicity:1.00
0.596	0.001	0.347	0.056
0.068	0.083	0.820	0.029
0.380	0.028	0.591	0.001
0.001	0.001	0.997	0.001
0.025	0.001	0.973	0.001
0.953	0.045	0.001	0.001
0.945	0.001	0.001	0.053
0.223	0.278	0.434	0.065
0.001	0.326	0.101	0.572
0.094	0.579	0.215	0.112
>GCACGTGACN	13-GCACGTGACN	9.823878	-9.788892	0	T:93.0(0.42%),B:498.1(0.26%),P:1e-4	Tpos:44.0,Tstd:21.1,Bpos:1297.9,Bstd:7136.3,StrandBias:-0.4,Multiplicity:1.05
0.034	0.092	0.573	0.301
0.001	0.997	0.001	0.001
0.997	0.001	0.001	0.001
0.001	0.760	0.001	0.238
0.159	0.001	0.839	0.001
0.001	0.001	0.001	0.997
0.001	0.001	0.997	0.001
0.545	0.105	0.219	0.131
0.001	0.488	0.253	0.258
0.214	0.347	0.241	0.198
>NDNNCACRTG	14-NDNNCACRTG	7.339362	-8.191704	0	T:227.0(1.03%),B:1500.5(0.80%),P:1e-3	Tpos:49.7,Tstd:26.1,Bpos:1231.9,Bstd:4010.5,StrandBias:0.1,Multiplicity:1.03
0.219	0.276	0.275	0.231
0.317	0.157	0.306	0.220
0.284	0.292	0.275	0.150
0.228	0.274	0.205	0.293
0.001	0.832	0.166	0.001
0.997	0.001	0.001	0.001
0.086	0.494	0.134	0.286
0.483	0.001	0.515	0.001
0.001	0.001	0.001	0.997
0.001	0.001	0.997	0.001
>CTCATGTGAC	15-CTCATGTGAC	10.420904	-8.169965	0	T:25.0(0.11%),B:89.1(0.05%),P:1e-3	Tpos:57.3,Tstd:21.6,Bpos:1685.7,Bstd:2784.3,StrandBias:-0.2,Multiplicity:1.00
0.156	0.586	0.203	0.055
0.208	0.161	0.232	0.399
0.001	0.997	0.001	0.001
0.865	0.006	0.081	0.048
0.001	0.265	0.001	0.733
0.001	0.001	0.997	0.001
0.161	0.001	0.001	0.837
0.001	0.188	0.810	0.001
0.655	0.001	0.187	0.157
0.001	0.489	0.176	0.334
>RGGGGAAGTN	16-RGGGGAAGTN	10.393871	-5.103673	0	T:22.0(0.10%),B:97.2(0.05%),P:1e-2	Tpos:38.0,Tstd:18.9,Bpos:4327.0,Bstd:13265.6,StrandBias:-1.0,Multiplicity:1.00
0.505	0.001	0.493	0.001
0.208	0.029	0.762	0.001
0.153	0.160	0.648	0.039
0.001	0.001	0.997	0.001
0.001	0.001	0.997	0.001
0.997	0.001	0.001	0.001
0.997	0.001	0.001	0.001
0.200	0.001	0.798	0.001
0.001	0.279	0.183	0.537
0.295	0.282	0.183	0.241
>TGTGTGTGTG	17-TGTGTGTGTG	9.396028	-1.464964	0	T:485.0(2.20%),B:3988.6(2.12%),P:1e0	Tpos:55.2,Tstd:18.5,Bpos:2181.1,Bstd:5982.5,StrandBias:-0.2,Multiplicity:1.00
0.238	0.051	0.013	0.698
0.197	0.014	0.784	0.005
0.149	0.112	0.128	0.611
0.237	0.074	0.649	0.040
0.068	0.133	0.084	0.715
0.176	0.001	0.797	0.026
0.149	0.138	0.246	0.467
0.253	0.078	0.665	0.004
0.089	0.084	0.113	0.714
0.108	0.045	0.795	0.052
>BGTGTGTGTR	18-BGTGTGTGTR	7.614774	-0.262596	0	T:447.0(2.02%),B:3947.7(2.10%),P:1e0	Tpos:50.7,Tstd:28.5,Bpos:2669.3,Bstd:7521.5,StrandBias:0.1,Multiplicity:1.21
0.059	0.299	0.258	0.385
0.324	0.093	0.528	0.055
0.089	0.287	0.079	0.545
0.254	0.094	0.642	0.010
0.001	0.200	0.155	0.644
0.206	0.018	0.767	0.009
0.202	0.167	0.135	0.496
0.209	0.001	0.789	0.001
0.236	0.116	0.165	0.483
0.375	0.096	0.366	0.163
>CACATACACA	19-CACATACACA	9.123363	-0.220581	0	T:153.0(0.69%),B:1397.8(0.74%),P:1e0	Tpos:51.9,Tstd:26.8,Bpos:3892.7,Bstd:8810.1,StrandBias:0.4,Multiplicity:1.14
0.001	0.997	0.001	0.001
0.997	0.001	0.001	0.001
0.001	0.997	0.001	0.001
0.997	0.001	0.001	0.001
0.001	0.003	0.001	0.995
0.989	0.001	0.009	0.001
0.001	0.997	0.001	0.001
0.997	0.001	0.001	0.001
0.001	0.997	0.001	0.001
0.997	0.001	0.001	0.001
>CACACACACA	20-CACACACACA	8.913775	-0.211004	0	T:524.0(2.37%),B:4644.3(2.47%),P:1e0	Tpos:46.2,Tstd:26.7,Bpos:2632.4,Bstd:9968.6,StrandBias:-0.6,Multiplicity:1.00
0.097	0.512	0.124	0.267
0.590	0.186	0.110	0.114
0.016	0.747	0.024	0.213
0.695	0.123	0.181	0.001
0.052	0.769	0.001	0.178
0.694	0.115	0.177	0.014
0.001	0.822	0.001	0.176
0.710	0.071	0.169	0.050
0.010	0.791	0.019	0.180
0.582	0.069	0.200	0.149
>GTGTGTGTGT	21-GTGTGTGTGT	9.379445	-0.126320	0	T:705.0(3.19%),B:6288.5(3.34%),P:1e0	Tpos:52.3,Tstd:26.6,Bpos:2140.9,Bstd:7488.0,StrandBias:0.1,Multiplicity:1.18
0.135	0.058	0.773	0.034
0.081	0.083	0.066	0.770
0.086	0.029	0.868	0.017
0.049	0.097	0.069	0.785
0.084	0.033	0.862	0.021
0.037	0.065	0.112	0.786
0.082	0.026	0.877	0.015
0.085	0.101	0.085	0.729
0.089	0.039	0.852	0.020
0.100	0.100	0.100	0.700
>TGTGTGTGTG	22-TGTGTGTGTG	9.061585	-0.119043	0	T:429.0(1.94%),B:3882.8(2.06%),P:1e0	Tpos:67.5,Tstd:21.7,Bpos:3805.6,Bstd:10518.3,StrandBias:-1.4,Multiplicity:1.00
0.153	0.124	0.106	0.617
0.235	0.012	0.750	0.003
0.116	0.172	0.107	0.605
0.198	0.001	0.800	0.001
0.077	0.121	0.137	0.665
0.078	0.029	0.880	0.013
0.107	0.107	0.147	0.639
0.301	0.037	0.607	0.055
0.176	0.115	0.162	0.547
0.225	0.083	0.596	0.096
>BRYGTGTGTG	23-BRYGTGTGTG	9.883076	-0.113917	0	T:668.0(3.03%),B:5979.1(3.18%),P:1e0	Tpos:48.4,Tstd:26.7,Bpos:2082.6,Bstd:6746.4,StrandBias:0.3,Multiplicity:1.09
0.064	0.347	0.221	0.368
0.388	0.001	0.500	0.111
0.001	0.512	0.001	0.486
0.366	0.001	0.632	0.001
0.001	0.001	0.001	0.997
0.001	0.001	0.997	0.001
0.001	0.001	0.001	0.997
0.001	0.009	0.989	0.001
0.265	0.001	0.043	0.691
0.001	0.124	0.813	0.062
>GTGTGTGTGT	24-GTGTGTGTGT	8.414747	-0.105804	0	T:547.0(2.48%),B:4930.4(2.62%),P:1e0	Tpos:48.1,Tstd:27.7,Bpos:1532.4,Bstd:3892.0,StrandBias:0.3,Multiplicity:1.03
0.153	0.077	0.664	0.106
0.109	0.190	0.064	0.637
0.120	0.053	0.826	0.001
0.086	0.137	0.116	0.661
0.162	0.048	0.781	0.009
0.084	0.173	0.145	0.598
0.133	0.055	0.794	0.018
0.096	0.126	0.171	0.607
0.311	0.071	0.531	0.087
0.188	0.089	0.184	0.539
>HYACACACAY	25-HYACACACAY	7.236902	-0.013373	0	T:484.0(2.19%),B:4571.3(2.43%),P:1e0	Tpos:67.2,Tstd:14.8,Bpos:5454.4,Bstd:6686.4,StrandBias:0.0,Multiplicity:1.00
0.349	0.248	0.186	0.217
0.197	0.369	0.155	0.279
0.416	0.155	0.199	0.230
0.001	0.743	0.049	0.207
0.515	0.174	0.146	0.165
0.031	0.846	0.025	0.098
0.591	0.204	0.166	0.039
0.001	0.837	0.026	0.136
0.473	0.142	0.210	0.175
0.001	0.506	0.061	0.432
>GGGRAADYCCCY	1-GGGRAADYCCCY	8.853267	-686.144877	0	T:1356.0(6.14%),B:3102.7(1.65%),P:1e-297	Tpos:49.9,Tstd:24.8,Bpos:1693.3,Bstd:5252.0,StrandBias:0.1,Multiplicity:1.01
0.083	0.133	0.535	0.249
0.113	0.001	0.885	0.001
0.001	0.001	0.997	0.001
0.479	0.051	0.469	0.001
0.899	0.074	0.026	0.001
0.714	0.184	0.087	0.015
0.217	0.169	0.345	0.269
0.121	0.430	0.083	0.366
0.241	0.682	0.076	0.001
0.006	0.992	0.001	0.001
0.225	0.586	0.131	0.058
0.187	0.227	0.216	0.370
>NGGGGAATTCCC	2-NGGGGAATTCCC	7.583759	-596.151292	0	T:1466.0(6.64%),B:3992.2(2.12%),P:1e-258	Tpos:49.4,Tstd:24.4,Bpos:1986.7,Bstd:6087.7,StrandBias:-0.1,Multiplicity:1.02
0.298	0.220	0.244	0.237
0.198	0.160	0.445	0.197
0.018	0.021	0.843	0.118
0.002	0.001	0.915	0.082
0.234	0.055	0.636	0.075
0.488	0.122	0.298	0.092
0.495	0.112	0.111	0.282
0.306	0.107	0.115	0.472
0.116	0.233	0.111	0.540
0.071	0.586	0.017	0.326
0.034	0.950	0.013	0.003
0.153	0.716	0.055	0.076
>VGGGRAAVYCCC	3-VGGGRAAVYCCC	9.065090	-566.796330	0	T:1078.0(4.88%),B:2374.6(1.26%),P:1e-246	Tpos:49.6,Tstd:25.9,Bpos:2361.5,Bstd:6308.9,StrandBias:-0.3,Multiplicity:1.01
0.279	0.196	0.344	0.181
0.115	0.086	0.548	0.251
0.117	0.001	0.881	0.001
0.001	0.001	0.997	0.001
0.413	0.095	0.407	0.085
0.997	0.001	0.001	0.001
0.909	0.001	0.089	0.001
0.350	0.271	0.216	0.162
0.168	0.449	0.001	0.382
0.313	0.547	0.129	0.011
0.047	0.935	0.017	0.001
0.208	0.608	0.107	0.077
>NNVTGASTCAYN	4-NNVTGASTCAYN	9.245058	-438.548636	0	T:1244.0(5.64%),B:3724.9(1.98%),P:1e-190	Tpos:50.6,Tstd:24.9,Bpos:2418.1,Bstd:6339.4,StrandBias:0.0,Multiplicity:1.08
0.216	0.304	0.249	0.231
0.207	0.193	0.312	0.288
0.307	0.278	0.414	0.001
0.001	0.001	0.001	0.997
0.001	0.001	0.997	0.001
0.997	0.001	0.001	0.001
0.001	0.526	0.472	0.001
0.001	0.001	0.001	0.997
0.001	0.997	0.001	0.001
0.997	0.001	0.001	0.001
0.001	0.398	0.243	0.358
0.251	0.281	0.206	0.263
>CACHAGRKGGHR	5-CACHAGRKGGHR	10.340055	-111.794609	0	T:335.0(1.52%),B:1037.0(0.55%),P:1e-48	Tpos:53.1,Tstd:26.1,Bpos:2035.1,Bstd:6516.7,StrandBias:0.1,Multiplicity:1.02
0.029	0.969	0.001	0.001
0.693	0.096	0.104	0.107
0.001	0.584	0.340	0.075
0.293	0.306	0.048	0.353
0.859	0.001	0.074	0.066
0.124	0.001	0.874	0.001
0.456	0.001	0.519	0.024
0.049	0.001	0.527	0.423
0.001	0.001	0.997	0.001
0.104	0.001	0.797	0.098
0.272	0.362	0.140	0.226
0.550	0.001	0.447	0.002
>GCCACCTGGTGG	6-GCCACCTGGTGG	10.996393	-90.784788	0	T:240.0(1.09%),B:686.2(0.36%),P:1e-39	Tpos:48.5,Tstd:24.7,Bpos:1496.7,Bstd:5231.7,StrandBias:-0.1,Multiplicity:1.02
0.121	0.034	0.745	0.100
0.062	0.879	0.014	0.045
0.001	0.997	0.001	0.001
0.633	0.338	0.001	0.028
0.001	0.699	0.037	0.263
0.008	0.833	0.029	0.130
0.215	0.022	0.036	0.727
0.280	0.052	0.445	0.224
0.086	0.107	0.753	0.054
0.017	0.089	0.110	0.784
0.001	0.074	0.924	0.001
0.014	0.038	0.828	0.120
>AAAGRGGAAGTG	7-AAAGRGGAAGTG	9.970908	-61.439863	0	T:200.0(0.91%),B:656.6(0.35%),P:1e-26	Tpos:48.5,Tstd:24.2,Bpos:2681.6,Bstd:6583.2,StrandBias:0.1,Multiplicity:1.04
0.472	0.159	0.254	0.114
0.490	0.137	0.297	0.076
0.538	0.039	0.234	0.189
0.134	0.214	0.585	0.067
0.423	0.190	0.340	0.047
0.031	0.009	0.924	0.036
0.002	0.040	0.955	0.003
0.968	0.010	0.011	0.011
0.844	0.021	0.010	0.125
0.176	0.089	0.731	0.004
0.063	0.186	0.182	0.569
0.172	0.159	0.494	0.175
>NNRTCACGTGAY	8-NNRTCACGTGAY	9.062803	-49.665955	0	T:558.0(2.53%),B:2986.9(1.59%),P:1e-21	Tpos:50.7,Tstd:24.4,Bpos:1919.4,Bstd:5339.8,StrandBias:0.1,Multiplicity:1.06
0.282	0.246	0.250	0.222
0.207	0.177	0.307	0.310
0.356	0.191	0.452	0.001
0.001	0.224	0.311	0.463
0.001	0.997	0.001	0.001
0.997	0.001	0.001	0.001
0.001	0.584	0.001	0.414
0.329	0.001	0.669	0.001
0.001	0.001	0.001	0.997
0.001	0.001	0.997	0.001
0.671	0.306	0.022	0.001
0.001	0.528	0.024	0.447
>TGCCAYCTGSTG	9-TGCCAYCTGSTG	9.494203	-46.757184	0	T:140.0(0.63%),B:440.4(0.23%),P:1e-20	Tpos:49.5,Tstd:27.8,Bpos:1393.0,Bstd:3192.9,StrandBias:0.3,Multiplicity:1.00
0.041	0.291	0.010	0.658
0.103	0.100	0.581	0.216
0.164	0.576	0.130	0.130
0.153	0.689	0.030	0.128
0.534	0.329	0.013	0.124
0.107	0.424	0.023	0.446
0.173	0.637	0.095	0.095
0.201	0.034	0.018	0.747
0.133	0.068	0.577	0.222
0.074	0.351	0.443	0.131
0.064	0.091	0.089	0.756
0.107	0.077	0.680	0.136
>AGTTTCACTTCC	10-AGTTTCACTTCC	11.519163	-28.651628	0	T:89.0(0.40%),B:291.5(0.15%),P:1e-12	Tpos:51.7,Tstd:25.2,Bpos:2491.8,Bstd:5573.3,StrandBias:-0.0,Multiplicity:1.04
0.508	0.098	0.121	0.273
0.092	0.205	0.648	0.055
0.045	0.120	0.078	0.757
0.026	0.143	0.161	0.670
0.026	0.152	0.048	0.774
0.001	0.973	0.025	0.001
0.884	0.096	0.001	0.019
0.001	0.980	0.018	0.001
0.027	0.018	0.001	0.954
0.001	0.038	0.043	0.918
0.001	0.956	0.034	0.009
0.001	0.974	0.001	0.024
>GGGAAGTGTAGT	11-GGGAAGTGTAGT	7.999462	-7.503692	0	T:186.0(0.84%),B:1214.9(0.65%),P:1e-3	Tpos:50.1,Tstd:24.2,Bpos:1016.1,Bstd:4460.0,StrandBias:0.2,Multiplicity:1.04
0.001	0.001	0.997	0.001
0.001	0.001	0.997	0.001
0.001	0.001	0.997	0.001
0.997	0.001	0.001	0.001
0.997	0.001	0.001	0.001
0.001	0.001	0.733	0.265
0.001	0.001	0.001	0.997
0.001	0.001	0.997	0.001
0.001	0.001	0.001	0.997
0.815	0.001	0.183	0.001
0.001	0.001	0.997	0.001
0.001	0.001	0.001	0.997
>GYTSCCATGRSA	12-GYTSCCATGRSA	10.271756	-3.871702	0	T:37.0(0.17%),B:213.3(0.11%),P:1e-1	Tpos:50.2,Tstd:25.8,Bpos:1838.9,Bstd:4745.6,StrandBias:-0.1,Multiplicity:1.00
0.243	0.080	0.676	0.001
0.110	0.309	0.145	0.437
0.056	0.001	0.006	0.937
0.162	0.303	0.410	0.125
0.001	0.689	0.001	0.309
0.001	0.869	0.001	0.129
0.588	0.293	0.001	0.118
0.172	0.001	0.177	0.650
0.116	0.001	0.846	0.037
0.359	0.023	0.492	0.126
0.090	0.322	0.458	0.130
0.700	0.015	0.129	0.156
>VYTTCCYCHNNB	13-VYTTCCYCHNNB	9.321770	-2.964084	0	T:5.0(0.02%),B:15.3(0.01%),P:1e-1	Tpos:73.0,Tstd:4.0,Bpos:3789.0,Bstd:5874.3,StrandBias:10.0,Multiplicity:1.00
0.411	0.278	0.310	0.001
0.001	0.395	0.231	0.373
0.001	0.001	0.001	0.997
0.001	0.090	0.001	0.908
0.001	0.997	0.001	0.001
0.001	0.997	0.001	0.001
0.001	0.563	0.001	0.435
0.001	0.730	0.001	0.268
0.276	0.386	0.001	0.337
0.199	0.268	0.250	0.282
0.199	0.286	0.226	0.288
0.001	0.354	0.304	0.341
>ACACRYRCACAY	14-ACACRYRCACAY	9.414272	-2.434684	0	T:461.0(2.09%),B:3672.8(1.95%),P:1e-1	Tpos:56.9,Tstd:24.9,Bpos:4999.1,Bstd:9280.4,StrandBias:-0.4,Multiplicity:1.09
0.512	0.067	0.083	0.338
0.062	0.750	0.087	0.101
0.738	0.099	0.083	0.080
0.031	0.613	0.035	0.321
0.476	0.066	0.402	0.056
0.037	0.497	0.041	0.425
0.449	0.150	0.365	0.035
0.054	0.546	0.047	0.353
0.680	0.110	0.137	0.073
0.064	0.748	0.093	0.095
0.692	0.108	0.096	0.104
0.055	0.543	0.005	0.397
>CACACACACACR	15-CACACACACACR	10.204482	-2.031178	0	T:526.0(2.38%),B:4255.9(2.26%),P:1e0	Tpos:62.2,Tstd:24.0,Bpos:1705.4,Bstd:7841.9,StrandBias:-0.7,Multiplicity:1.00
0.033	0.821	0.017	0.129
0.658	0.044	0.248	0.050
0.003	0.786	0.012	0.199
0.716	0.122	0.132	0.030
0.001	0.924	0.002	0.073
0.822	0.058	0.094	0.026
0.001	0.815	0.025	0.159
0.606	0.093	0.209	0.092
0.027	0.769	0.047	0.157
0.763	0.032	0.106	0.099
0.021	0.640	0.061	0.278
0.438	0.062	0.342	0.157
>CACACACACACA	16-CACACACACACA	10.189417	-1.836137	0	T:551.0(2.50%),B:4488.2(2.39%),P:1e0	Tpos:50.9,Tstd:25.4,Bpos:3717.6,Bstd:10310.2,StrandBias:-0.0,Multiplicity:1.20
0.014	0.799	0.034	0.153
0.676	0.114	0.085	0.125
0.003	0.771	0.001	0.225
0.767	0.065	0.139	0.029
0.001	0.789	0.017	0.193
0.772	0.104	0.095	0.029
0.001	0.740	0.014	0.245
0.659	0.098	0.183	0.060
0.023	0.804	0.017	0.156
0.835	0.029	0.112	0.024
0.001	0.834	0.001	0.164
0.814	0.020	0.147	0.019
>TGTGTGTGTGTG	17-TGTGTGTGTGTG	10.935522	-1.672772	0	T:381.0(1.73%),B:3092.3(1.64%),P:1e0	Tpos:51.0,Tstd:28.2,Bpos:2507.5,Bstd:6970.0,StrandBias:0.2,Multiplicity:1.29
0.091	0.180	0.086	0.643
0.151	0.171	0.677	0.001
0.058	0.167	0.068	0.707
0.154	0.013	0.832	0.001
0.098	0.117	0.080	0.705
0.198	0.053	0.748	0.001
0.111	0.174	0.068	0.647
0.252	0.027	0.720	0.001
0.082	0.122	0.163	0.633
0.130	0.106	0.756	0.008
0.080	0.142	0.097	0.681
0.143	0.096	0.691	0.070
>ACACACACACAC	18-ACACACACACAC	9.680725	-1.100372	0	T:668.0(3.03%),B:5592.3(2.97%),P:1e0	Tpos:51.1,Tstd:26.2,Bpos:2000.1,Bstd:6549.1,StrandBias:0.1,Multiplicity:1.08
0.596	0.195	0.166	0.043
0.044	0.723	0.042	0.191
0.712	0.125	0.125	0.038
0.013	0.822	0.022	0.143
0.733	0.105	0.129	0.033
0.004	0.825	0.033	0.138
0.758	0.033	0.126	0.083
0.009	0.841	0.022	0.128
0.730	0.087	0.155	0.028
0.012	0.873	0.018	0.097
0.715	0.056	0.142	0.087
0.047	0.757	0.040	0.156
>GTGTGTGTGTGT	19-GTGTGTGTGTGT	11.222750	-1.094594	0	T:385.0(1.74%),B:3204.7(1.70%),P:1e0	Tpos:49.5,Tstd:25.0,Bpos:2090.0,Bstd:7445.2,StrandBias:0.1,Multiplicity:1.13
0.084	0.104	0.746	0.066
0.098	0.087	0.092	0.723
0.126	0.062	0.793	0.019
0.107	0.095	0.100	0.698
0.124	0.074	0.787	0.015
0.093	0.109	0.108	0.690
0.135	0.019	0.833	0.013
0.086	0.090	0.090	0.734
0.142	0.032	0.816	0.010
0.113	0.099	0.080	0.708
0.095	0.092	0.757	0.056
0.107	0.084	0.091	0.718
>CACACACACACA	20-CACACACACACA	10.057091	-0.951999	0	T:487.0(2.21%),B:4091.2(2.17%),P:1e0	Tpos:65.3,Tstd:22.9,Bpos:2224.3,Bstd:6433.0,StrandBias:-1.0,Multiplicity:1.00
0.009	0.784	0.083	0.124
0.664	0.069	0.189	0.078
0.035	0.809	0.056	0.100
0.602	0.155	0.132	0.111
0.050	0.651	0.055	0.244
0.864	0.062	0.073	0.001
0.030	0.796	0.052	0.122
0.656	0.116	0.115	0.113
0.040	0.717	0.060	0.183
0.664	0.060	0.162	0.114
0.019	0.701	0.080	0.200
0.619	0.080	0.177	0.124
>ACACACACACAC	21-ACACACACACAC	12.308868	-0.945137	0	T:359.0(1.63%),B:3009.5(1.60%),P:1e0	Tpos:52.8,Tstd:19.7,Bpos:2483.6,Bstd:7142.8,StrandBias:-0.4,Multiplicity:1.00
0.859	0.039	0.038	0.064
0.014	0.847	0.052	0.087
0.745	0.065	0.105	0.085
0.004	0.865	0.016	0.115
0.822	0.026	0.105	0.047
0.020	0.828	0.029	0.123
0.784	0.058	0.110	0.048
0.005	0.848	0.022	0.125
0.767	0.049	0.076	0.108
0.017	0.846	0.031	0.106
0.790	0.068	0.072	0.070
0.001	0.951	0.001	0.047
>GAWGGAAGGATG	22-GAWGGAAGGATG	14.549279	-0.799881	0	T:6.0(0.03%),B:45.8(0.02%),P:1e0	Tpos:42.4,Tstd:27.4,Bpos:4490.0,Bstd:7089.0,StrandBias:-0.7,Multiplicity:1.33
0.001	0.001	0.997	0.001
0.738	0.001	0.260	0.001
0.452	0.001	0.001	0.546
0.001	0.001	0.997	0.001
0.001	0.001	0.997	0.001
0.685	0.001	0.313	0.001
0.721	0.001	0.001	0.277
0.001	0.001	0.997	0.001
0.001	0.154	0.844	0.001
0.923	0.001	0.075	0.001
0.001	0.001	0.001	0.997
0.016	0.001	0.982	0.001
>GCRTGTGTGTGT	23-GCRTGTGTGTGT	10.667910	-0.462405	0	T:389.0(1.76%),B:3371.3(1.79%),P:1e0	Tpos:47.5,Tstd:27.0,Bpos:2626.8,Bstd:7345.7,StrandBias:0.4,Multiplicity:1.00
0.108	0.100	0.703	0.089
0.100	0.450	0.180	0.270
0.407	0.068	0.446	0.079
0.204	0.132	0.108	0.556
0.067	0.077	0.854	0.002
0.024	0.096	0.047	0.833
0.001	0.001	0.994	0.004
0.022	0.005	0.184	0.789
0.001	0.019	0.944	0.036
0.118	0.077	0.168	0.637
0.027	0.114	0.812	0.047
0.146	0.131	0.170	0.553
>TTCCAYCCWCCC	24-TTCCAYCCWCCC	11.896588	-0.320003	0	T:3.0(0.01%),B:32.8(0.02%),P:1e0	Tpos:60.7,Tstd:7.1,Bpos:1599.3,Bstd:3840.3,StrandBias:1.0,Multiplicity:1.00
0.215	0.312	0.005	0.469
0.346	0.001	0.011	0.642
0.061	0.625	0.128	0.186
0.001	0.997	0.001	0.001
0.555	0.098	0.001	0.346
0.001	0.517	0.113	0.369
0.001	0.997	0.001	0.001
0.001	0.985	0.001	0.013
0.502	0.045	0.001	0.452
0.079	0.594	0.006	0.321
0.010	0.775	0.071	0.144
0.001	0.716	0.050	0.233
>GWGGGAGGARGD	25-GWGGGAGGARGD	12.268695	-0.166552	0	T:38.0(0.17%),B:380.3(0.20%),P:1e0	Tpos:49.3,Tstd:26.7,Bpos:2069.0,Bstd:4684.6,StrandBias:0.4,Multiplicity:1.03
0.030	0.062	0.892	0.016
0.446	0.001	0.019	0.534
0.036	0.025	0.904	0.035
0.045	0.025	0.904	0.026
0.115	0.085	0.768	0.032
0.869	0.011	0.003	0.117
0.051	0.001	0.947	0.001
0.016	0.065	0.869	0.050
0.560	0.001	0.210	0.229
0.503	0.013	0.359	0.125
0.091	0.080	0.723	0.106
0.243	0.036	0.372	0.349
>ATGAGTCA	1-ATGAGTCA	9.005314	-382.904794	0	T:1488.0(6.74%),B:5362.3(2.85%),P:1e-166	Tpos:50.3,Tstd:26.1,Bpos:2833.3,Bstd:7319.9,StrandBias:0.0,Multiplicity:1.09
0.566	0.218	0.190	0.026
0.001	0.001	0.001	0.997
0.001	0.001	0.982	0.016
0.980	0.005	0.001	0.014
0.020	0.262	0.695	0.023
0.001	0.001	0.001	0.997
0.011	0.987	0.001	0.001
0.997	0.001	0.001	0.001
>AATTCCCC	2-AATTCCCC	7.677462	-90.409832	0	T:936.0(4.24%),B:4887.0(2.60%),P:1e-39	Tpos:48.9,Tstd:26.1,Bpos:2536.7,Bstd:8352.2,StrandBias:-0.1,Multiplicity:1.02
0.735	0.039	0.205	0.021
0.541	0.255	0.035	0.169
0.238	0.042	0.074	0.646
0.031	0.185	0.043	0.741
0.016	0.799	0.001	0.184
0.001	0.997	0.001	0.001
0.009	0.826	0.026	0.139
0.090	0.714	0.006	0.190
>GGGGAART	3-GGGGAART	7.342273	-63.794884	0	T:1312.0(5.94%),B:8017.1(4.26%),P:1e-27	Tpos:49.0,Tstd:27.1,Bpos:2488.2,Bstd:6250.3,StrandBias:0.0,Multiplicity:1.02
0.167	0.057	0.661	0.115
0.203	0.050	0.687	0.060
0.002	0.014	0.966	0.018
0.075	0.046	0.859	0.020
0.820	0.028	0.115	0.037
0.912	0.036	0.035	0.017
0.386	0.079	0.398	0.137
0.047	0.128	0.114	0.711
>GGAAAYCC	4-GGAAAYCC	8.142735	-25.659561	0	T:572.0(2.59%),B:3564.9(1.89%),P:1e-11	Tpos:48.3,Tstd:26.7,Bpos:2507.8,Bstd:7316.8,StrandBias:-0.0,Multiplicity:1.00
0.001	0.002	0.996	0.001
0.264	0.048	0.674	0.014
0.809	0.018	0.163	0.010
0.992	0.001	0.004	0.003
0.625	0.050	0.221	0.104
0.146	0.285	0.158	0.410
0.047	0.647	0.121	0.185
0.097	0.845	0.036	0.022
>GGAAGTGA	5-GGAAGTGA	8.681811	-3.270548	0	T:425.0(1.93%),B:3302.5(1.76%),P:1e-1	Tpos:50.5,Tstd:26.7,Bpos:2102.6,Bstd:5414.6,StrandBias:-0.0,Multiplicity:1.03
0.023	0.011	0.932	0.034
0.036	0.169	0.769	0.026
0.785	0.074	0.056	0.085
0.775	0.015	0.071	0.139
0.161	0.026	0.812	0.001
0.001	0.036	0.205	0.758
0.093	0.168	0.673	0.066
0.498	0.183	0.146	0.173
>RGGGGAAD	6-RGGGGAAD	6.060032	-2.053427	0	T:204.0(0.92%),B:1594.4(0.85%),P:1e0	Tpos:48.3,Tstd:27.4,Bpos:3033.0,Bstd:8000.0,StrandBias:-0.3,Multiplicity:1.00
0.413	0.074	0.342	0.171
0.204	0.047	0.503	0.246
0.036	0.050	0.906	0.008
0.001	0.101	0.830	0.068
0.301	0.103	0.516	0.080
0.538	0.030	0.380	0.052
0.427	0.109	0.250	0.214
0.341	0.104	0.203	0.353
>GGGAAATC	7-GGGAAATC	9.642947	-1.857291	0	T:173.0(0.78%),B:1355.9(0.72%),P:1e0	Tpos:50.4,Tstd:26.8,Bpos:2436.4,Bstd:5430.6,StrandBias:0.0,Multiplicity:1.01
0.317	0.002	0.680	0.001
0.001	0.001	0.997	0.001
0.001	0.307	0.691	0.001
0.997	0.001	0.001	0.001
0.997	0.001	0.001	0.001
0.869	0.001	0.129	0.001
0.001	0.009	0.129	0.861
0.006	0.675	0.318	0.001
>AAGGGGAA	8-AAGGGGAA	8.664318	-0.747797	0	T:374.0(1.69%),B:3173.2(1.69%),P:1e0	Tpos:52.0,Tstd:26.4,Bpos:2725.8,Bstd:6272.3,StrandBias:-0.4,Multiplicity:1.03
0.558	0.166	0.164	0.112
0.547	0.035	0.275	0.143
0.103	0.067	0.786	0.044
0.140	0.055	0.756	0.049
0.021	0.010	0.967	0.002
0.186	0.029	0.767	0.018
0.773	0.057	0.147	0.023
0.850	0.015	0.060	0.075
>CACGTGTB	9-CACGTGTB	6.823387	-0.377817	0	T:2738.0(12.40%),B:23549.6(12.51%),P:1e0	Tpos:50.5,Tstd:25.8,Bpos:2348.0,Bstd:6841.9,StrandBias:0.0,Multiplicity:1.15
0.001	0.997	0.001	0.001
0.997	0.001	0.001	0.001
0.001	0.600	0.001	0.398
0.010	0.001	0.988	0.001
0.001	0.001	0.001	0.997
0.001	0.001	0.997	0.001
0.128	0.303	0.001	0.568
0.123	0.282	0.303	0.293
>GYGTGTGT	10-GYGTGTGT	8.492607	-0.050139	0	T:248.0(1.12%),B:2352.8(1.25%),P:1e0	Tpos:50.4,Tstd:28.2,Bpos:1559.0,Bstd:6463.5,StrandBias:-0.4,Multiplicity:1.00
0.408	0.001	0.590	0.001
0.001	0.543	0.001	0.455
0.142	0.001	0.856	0.001
0.001	0.001	0.001	0.997
0.001	0.001	0.997	0.001
0.089	0.210	0.063	0.638
0.051	0.302	0.608	0.039
0.294	0.001	0.001	0.704
>YSCATGTG	11-YSCATGTG	9.382058	-0.006212	0	T:279.0(1.26%),B:2768.0(1.47%),P:1e0	Tpos:48.4,Tstd:24.9,Bpos:3390.0,Bstd:9032.3,StrandBias:-0.2,Multiplicity:1.02
0.001	0.316	0.254	0.429
0.254	0.315	0.430	0.001
0.001	0.997	0.001	0.001
0.997	0.001	0.001	0.001
0.001	0.001	0.001	0.997
0.001	0.001	0.997	0.001
0.001	0.001	0.001	0.997
0.001	0.001	0.997	0.001
>GAATTCCC	12-GAATTCCC	6.067173	-0.000043	0	T:2587.0(11.72%),B:23775.6(12.64%),P:1e0	Tpos:49.9,Tstd:26.0,Bpos:2977.8,Bstd:8128.2,StrandBias:0.1,Multiplicity:1.04
0.189	0.090	0.691	0.030
0.768	0.076	0.112	0.044
0.507	0.241	0.056	0.196
0.239	0.040	0.133	0.588
0.074	0.063	0.080	0.783
0.021	0.739	0.030	0.210
0.019	0.975	0.005	0.001
0.004	0.949	0.017	0.030
>NGCATGTG	13-NGCATGTG	9.553753	-0.000007	0	T:75.0(0.34%),B:1031.8(0.55%),P:1e0	Tpos:50.1,Tstd:32.1,Bpos:1471.0,Bstd:6727.0,StrandBias:-0.2,Multiplicity:1.00
0.196	0.324	0.251	0.228
0.045	0.162	0.676	0.117
0.001	0.997	0.001	0.001
0.997	0.001	0.001	0.001
0.001	0.001	0.001	0.997
0.001	0.001	0.997	0.001
0.001	0.001	0.001	0.997
0.001	0.001	0.997	0.001
>GTGTGTGT	14-GTGTGTGT	10.487151	-0.000007	0	T:695.0(3.15%),B:6990.5(3.71%),P:1e0	Tpos:50.7,Tstd:28.6,Bpos:2514.1,Bstd:7303.6,StrandBias:0.1,Multiplicity:1.28
0.047	0.021	0.931	0.001
0.020	0.053	0.037	0.890
0.020	0.001	0.978	0.001
0.001	0.031	0.056	0.912
0.016	0.001	0.982	0.001
0.019	0.035	0.052	0.894
0.013	0.001	0.985	0.001
0.032	0.057	0.055	0.856
>TGTGTGTG	15-TGTGTGTG	8.732567	-0.000001	0	T:789.0(3.57%),B:7993.8(4.25%),P:1e0	Tpos:49.9,Tstd:29.0,Bpos:2683.8,Bstd:9481.4,StrandBias:0.2,Multiplicity:1.06
0.113	0.210	0.082	0.595
0.156	0.001	0.805	0.038
0.004	0.146	0.069	0.781
0.105	0.001	0.875	0.019
0.058	0.101	0.180	0.661
0.104	0.051	0.813	0.032
0.139	0.082	0.104	0.675
0.100	0.043	0.797	0.060
>NTSACACA	16-NTSACACA	6.457930	-0.000000	0	T:162.0(0.73%),B:2018.5(1.07%),P:1e0	Tpos:49.9,Tstd:28.4,Bpos:2588.0,Bstd:5845.0,StrandBias:-0.3,Multiplicity:1.00
0.153	0.276	0.289	0.282
0.177	0.202	0.016	0.605
0.098	0.358	0.364	0.180
0.493	0.086	0.193	0.228
0.021	0.977	0.001	0.001
0.665	0.012	0.195	0.128
0.026	0.765	0.144	0.065
0.624	0.133	0.136	0.107
>GTGTGTGT	17-GTGTGTGT	8.367215	-0.000000	0	T:872.0(3.95%),B:8967.8(4.77%),P:1e0	Tpos:50.1,Tstd:26.2,Bpos:2791.1,Bstd:8034.8,StrandBias:0.2,Multiplicity:1.07
0.174	0.053	0.667	0.106
0.020	0.110	0.056	0.814
0.052	0.012	0.929	0.007
0.043	0.059	0.107	0.791
0.031	0.030	0.929	0.010
0.048	0.034	0.101	0.817
0.131	0.064	0.769	0.036
0.282	0.060	0.114	0.544
>CACACAAG	18-CACACAAG	9.358541	-0.000000	0	T:103.0(0.47%),B:1944.6(1.03%),P:1e0	Tpos:51.8,Tstd:26.3,Bpos:3535.9,Bstd:9968.8,StrandBias:-0.2,Multiplicity:1.02
0.001	0.997	0.001	0.001
0.997	0.001	0.001	0.001
0.001	0.997	0.001	0.001
0.997	0.001	0.001	0.001
0.001	0.798	0.001	0.200
0.694	0.148	0.052	0.106
0.525	0.357	0.040	0.078
0.001	0.225	0.616	0.158
>NVTRTGTG	19-NVTRTGTG	6.735268	-0.000000	0	T:995.0(4.51%),B:10342.3(5.50%),P:1e0	Tpos:3.0,Tstd:0.0,Bpos:2538.1,Bstd:7051.1,StrandBias:-10.0,Multiplicity:1.00
0.239	0.213	0.234	0.314
0.265	0.251	0.373	0.110
0.001	0.332	0.001	0.666
0.431	0.001	0.567	0.001
0.001	0.001	0.001	0.997
0.229	0.001	0.769	0.001
0.046	0.001	0.121	0.832
0.233	0.001	0.598	0.168
>RTGTGTDT	20-RTGTGTDT	7.284187	-0.000000	0	T:202.0(0.92%),B:2959.2(1.57%),P:1e0	Tpos:76.0,Tstd:0.0,Bpos:1970.6,Bstd:3595.2,StrandBias:10.0,Multiplicity:1.00
0.451	0.061	0.472	0.016
0.001	0.124	0.141	0.734
0.227	0.001	0.771	0.001
0.001	0.101	0.141	0.757
0.200	0.001	0.798	0.001
0.105	0.132	0.001	0.762
0.374	0.134	0.247	0.245
0.305	0.063	0.126	0.506
>TGTGKDAD	21-TGTGKDAD	6.930522	-0.000000	0	T:627.0(2.84%),B:10209.6(5.43%),P:1e0	Tpos:52.5,Tstd:27.9,Bpos:8615.7,Bstd:25038.1,StrandBias:-0.0,Multiplicity:1.02
0.065	0.007	0.135	0.793
0.054	0.001	0.944	0.001
0.001	0.012	0.060	0.927
0.015	0.001	0.983	0.001
0.026	0.132	0.380	0.461
0.349	0.151	0.286	0.214
0.563	0.126	0.124	0.187
0.318	0.037	0.271	0.374
>GTGTGTGT	22-GTGTGTGT	6.946852	-0.000000	0	T:1840.0(8.34%),B:20079.7(10.67%),P:1e0	Tpos:49.4,Tstd:26.2,Bpos:2482.8,Bstd:7449.8,StrandBias:-0.0,Multiplicity:1.12
0.354	0.042	0.553	0.051
0.061	0.087	0.106	0.746
0.038	0.019	0.937	0.006
0.020	0.068	0.067	0.845
0.052	0.016	0.920	0.012
0.047	0.068	0.106	0.779
0.117	0.056	0.782	0.045
0.077	0.145	0.141	0.637
>TGTGTGTR	23-TGTGTGTR	4.828140	-0.000000	0	T:2268.0(10.27%),B:29659.9(15.76%),P:1e0	Tpos:49.5,Tstd:27.5,Bpos:4396.8,Bstd:9220.4,StrandBias:0.1,Multiplicity:1.11
0.003	0.003	0.006	0.988
0.060	0.001	0.938	0.001
0.001	0.001	0.001	0.997
0.133	0.001	0.865	0.001
0.001	0.001	0.001	0.997
0.161	0.001	0.837	0.001
0.001	0.262	0.001	0.736
0.360	0.105	0.369	0.165
>ATGTGBNA	24-ATGTGBNA	5.080578	-0.000000	0	T:4199.0(19.02%),B:48281.0(25.66%),P:1e0	Tpos:50.4,Tstd:27.8,Bpos:4799.9,Bstd:16250.6,StrandBias:-0.1,Multiplicity:1.07
0.615	0.012	0.345	0.028
0.061	0.211	0.127	0.601
0.174	0.047	0.778	0.001
0.149	0.012	0.054	0.785
0.015	0.001	0.868	0.116
0.081	0.279	0.274	0.366
0.328	0.263	0.184	0.226
0.427	0.252	0.089	0.232
>GCTGTGTG	25-GCTGTGTG	6.139734	0.000000	0	T:1753.0(7.94%),B:25210.8(13.40%),P:1e0	Tpos:52.1,Tstd:27.6,Bpos:2577.0,Bstd:8091.9,StrandBias:0.1,Multiplicity:1.03
0.120	0.199	0.476	0.205
0.003	0.920	0.006	0.071
0.001	0.001	0.001	0.997
0.062	0.001	0.936	0.001
0.001	0.001	0.001	0.997
0.018	0.001	0.980	0.001
0.001	0.001	0.001	0.997
0.084	0.001	0.914	0.001
