>GGGRAADYCCCY	1-GGGRAADYCCCY	8.853267	-686.144877	0	T:1356.0(6.14%),B:3102.7(1.65%),P:1e-297	Tpos:49.9,Tstd:24.8,Bpos:1693.3,Bstd:5252.0,StrandBias:0.1,Multiplicity:1.01
0.083	0.133	0.535	0.249
0.113	0.001	0.885	0.001
0.001	0.001	0.997	0.001
0.479	0.051	0.469	0.001
0.899	0.074	0.026	0.001
0.714	0.184	0.087	0.015
0.217	0.169	0.345	0.269
0.121	0.430	0.083	0.366
0.241	0.682	0.076	0.001
0.006	0.992	0.001	0.001
0.225	0.586	0.131	0.058
0.187	0.227	0.216	0.370
>NGGGGAATTCCC	2-NGGGGAATTCCC	7.583759	-596.151292	0	T:1466.0(6.64%),B:3992.2(2.12%),P:1e-258	Tpos:49.4,Tstd:24.4,Bpos:1986.7,Bstd:6087.7,StrandBias:-0.1,Multiplicity:1.02
0.298	0.220	0.244	0.237
0.198	0.160	0.445	0.197
0.018	0.021	0.843	0.118
0.002	0.001	0.915	0.082
0.234	0.055	0.636	0.075
0.488	0.122	0.298	0.092
0.495	0.112	0.111	0.282
0.306	0.107	0.115	0.472
0.116	0.233	0.111	0.540
0.071	0.586	0.017	0.326
0.034	0.950	0.013	0.003
0.153	0.716	0.055	0.076
>VGGGRAAVYCCC	3-VGGGRAAVYCCC	9.065090	-566.796330	0	T:1078.0(4.88%),B:2374.6(1.26%),P:1e-246	Tpos:49.6,Tstd:25.9,Bpos:2361.5,Bstd:6308.9,StrandBias:-0.3,Multiplicity:1.01
0.279	0.196	0.344	0.181
0.115	0.086	0.548	0.251
0.117	0.001	0.881	0.001
0.001	0.001	0.997	0.001
0.413	0.095	0.407	0.085
0.997	0.001	0.001	0.001
0.909	0.001	0.089	0.001
0.350	0.271	0.216	0.162
0.168	0.449	0.001	0.382
0.313	0.547	0.129	0.011
0.047	0.935	0.017	0.001
0.208	0.608	0.107	0.077
>NNVTGASTCAYN	4-NNVTGASTCAYN	9.245058	-438.548636	0	T:1244.0(5.64%),B:3724.9(1.98%),P:1e-190	Tpos:50.6,Tstd:24.9,Bpos:2418.1,Bstd:6339.4,StrandBias:0.0,Multiplicity:1.08
0.216	0.304	0.249	0.231
0.207	0.193	0.312	0.288
0.307	0.278	0.414	0.001
0.001	0.001	0.001	0.997
0.001	0.001	0.997	0.001
0.997	0.001	0.001	0.001
0.001	0.526	0.472	0.001
0.001	0.001	0.001	0.997
0.001	0.997	0.001	0.001
0.997	0.001	0.001	0.001
0.001	0.398	0.243	0.358
0.251	0.281	0.206	0.263
>CACHAGRKGGHR	5-CACHAGRKGGHR	10.340055	-111.794609	0	T:335.0(1.52%),B:1037.0(0.55%),P:1e-48	Tpos:53.1,Tstd:26.1,Bpos:2035.1,Bstd:6516.7,StrandBias:0.1,Multiplicity:1.02
0.029	0.969	0.001	0.001
0.693	0.096	0.104	0.107
0.001	0.584	0.340	0.075
0.293	0.306	0.048	0.353
0.859	0.001	0.074	0.066
0.124	0.001	0.874	0.001
0.456	0.001	0.519	0.024
0.049	0.001	0.527	0.423
0.001	0.001	0.997	0.001
0.104	0.001	0.797	0.098
0.272	0.362	0.140	0.226
0.550	0.001	0.447	0.002
>GCCACCTGGTGG	6-GCCACCTGGTGG	10.996393	-90.784788	0	T:240.0(1.09%),B:686.2(0.36%),P:1e-39	Tpos:48.5,Tstd:24.7,Bpos:1496.7,Bstd:5231.7,StrandBias:-0.1,Multiplicity:1.02
0.121	0.034	0.745	0.100
0.062	0.879	0.014	0.045
0.001	0.997	0.001	0.001
0.633	0.338	0.001	0.028
0.001	0.699	0.037	0.263
0.008	0.833	0.029	0.130
0.215	0.022	0.036	0.727
0.280	0.052	0.445	0.224
0.086	0.107	0.753	0.054
0.017	0.089	0.110	0.784
0.001	0.074	0.924	0.001
0.014	0.038	0.828	0.120
>AAAGRGGAAGTG	7-AAAGRGGAAGTG	9.970908	-61.439863	0	T:200.0(0.91%),B:656.6(0.35%),P:1e-26	Tpos:48.5,Tstd:24.2,Bpos:2681.6,Bstd:6583.2,StrandBias:0.1,Multiplicity:1.04
0.472	0.159	0.254	0.114
0.490	0.137	0.297	0.076
0.538	0.039	0.234	0.189
0.134	0.214	0.585	0.067
0.423	0.190	0.340	0.047
0.031	0.009	0.924	0.036
0.002	0.040	0.955	0.003
0.968	0.010	0.011	0.011
0.844	0.021	0.010	0.125
0.176	0.089	0.731	0.004
0.063	0.186	0.182	0.569
0.172	0.159	0.494	0.175
>NNRTCACGTGAY	8-NNRTCACGTGAY	9.062803	-49.665955	0	T:558.0(2.53%),B:2986.9(1.59%),P:1e-21	Tpos:50.7,Tstd:24.4,Bpos:1919.4,Bstd:5339.8,StrandBias:0.1,Multiplicity:1.06
0.282	0.246	0.250	0.222
0.207	0.177	0.307	0.310
0.356	0.191	0.452	0.001
0.001	0.224	0.311	0.463
0.001	0.997	0.001	0.001
0.997	0.001	0.001	0.001
0.001	0.584	0.001	0.414
0.329	0.001	0.669	0.001
0.001	0.001	0.001	0.997
0.001	0.001	0.997	0.001
0.671	0.306	0.022	0.001
0.001	0.528	0.024	0.447
>TGCCAYCTGSTG	9-TGCCAYCTGSTG	9.494203	-46.757184	0	T:140.0(0.63%),B:440.4(0.23%),P:1e-20	Tpos:49.5,Tstd:27.8,Bpos:1393.0,Bstd:3192.9,StrandBias:0.3,Multiplicity:1.00
0.041	0.291	0.010	0.658
0.103	0.100	0.581	0.216
0.164	0.576	0.130	0.130
0.153	0.689	0.030	0.128
0.534	0.329	0.013	0.124
0.107	0.424	0.023	0.446
0.173	0.637	0.095	0.095
0.201	0.034	0.018	0.747
0.133	0.068	0.577	0.222
0.074	0.351	0.443	0.131
0.064	0.091	0.089	0.756
0.107	0.077	0.680	0.136
>AGTTTCACTTCC	10-AGTTTCACTTCC	11.519163	-28.651628	0	T:89.0(0.40%),B:291.5(0.15%),P:1e-12	Tpos:51.7,Tstd:25.2,Bpos:2491.8,Bstd:5573.3,StrandBias:-0.0,Multiplicity:1.04
0.508	0.098	0.121	0.273
0.092	0.205	0.648	0.055
0.045	0.120	0.078	0.757
0.026	0.143	0.161	0.670
0.026	0.152	0.048	0.774
0.001	0.973	0.025	0.001
0.884	0.096	0.001	0.019
0.001	0.980	0.018	0.001
0.027	0.018	0.001	0.954
0.001	0.038	0.043	0.918
0.001	0.956	0.034	0.009
0.001	0.974	0.001	0.024
>GGGAAGTGTAGT	11-GGGAAGTGTAGT	7.999462	-7.503692	0	T:186.0(0.84%),B:1214.9(0.65%),P:1e-3	Tpos:50.1,Tstd:24.2,Bpos:1016.1,Bstd:4460.0,StrandBias:0.2,Multiplicity:1.04
0.001	0.001	0.997	0.001
0.001	0.001	0.997	0.001
0.001	0.001	0.997	0.001
0.997	0.001	0.001	0.001
0.997	0.001	0.001	0.001
0.001	0.001	0.733	0.265
0.001	0.001	0.001	0.997
0.001	0.001	0.997	0.001
0.001	0.001	0.001	0.997
0.815	0.001	0.183	0.001
0.001	0.001	0.997	0.001
0.001	0.001	0.001	0.997
>GYTSCCATGRSA	12-GYTSCCATGRSA	10.271756	-3.871702	0	T:37.0(0.17%),B:213.3(0.11%),P:1e-1	Tpos:50.2,Tstd:25.8,Bpos:1838.9,Bstd:4745.6,StrandBias:-0.1,Multiplicity:1.00
0.243	0.080	0.676	0.001
0.110	0.309	0.145	0.437
0.056	0.001	0.006	0.937
0.162	0.303	0.410	0.125
0.001	0.689	0.001	0.309
0.001	0.869	0.001	0.129
0.588	0.293	0.001	0.118
0.172	0.001	0.177	0.650
0.116	0.001	0.846	0.037
0.359	0.023	0.492	0.126
0.090	0.322	0.458	0.130
0.700	0.015	0.129	0.156
>VYTTCCYCHNNB	13-VYTTCCYCHNNB	9.321770	-2.964084	0	T:5.0(0.02%),B:15.3(0.01%),P:1e-1	Tpos:73.0,Tstd:4.0,Bpos:3789.0,Bstd:5874.3,StrandBias:10.0,Multiplicity:1.00
0.411	0.278	0.310	0.001
0.001	0.395	0.231	0.373
0.001	0.001	0.001	0.997
0.001	0.090	0.001	0.908
0.001	0.997	0.001	0.001
0.001	0.997	0.001	0.001
0.001	0.563	0.001	0.435
0.001	0.730	0.001	0.268
0.276	0.386	0.001	0.337
0.199	0.268	0.250	0.282
0.199	0.286	0.226	0.288
0.001	0.354	0.304	0.341
>ACACRYRCACAY	14-ACACRYRCACAY	9.414272	-2.434684	0	T:461.0(2.09%),B:3672.8(1.95%),P:1e-1	Tpos:56.9,Tstd:24.9,Bpos:4999.1,Bstd:9280.4,StrandBias:-0.4,Multiplicity:1.09
0.512	0.067	0.083	0.338
0.062	0.750	0.087	0.101
0.738	0.099	0.083	0.080
0.031	0.613	0.035	0.321
0.476	0.066	0.402	0.056
0.037	0.497	0.041	0.425
0.449	0.150	0.365	0.035
0.054	0.546	0.047	0.353
0.680	0.110	0.137	0.073
0.064	0.748	0.093	0.095
0.692	0.108	0.096	0.104
0.055	0.543	0.005	0.397
>CACACACACACR	15-CACACACACACR	10.204482	-2.031178	0	T:526.0(2.38%),B:4255.9(2.26%),P:1e0	Tpos:62.2,Tstd:24.0,Bpos:1705.4,Bstd:7841.9,StrandBias:-0.7,Multiplicity:1.00
0.033	0.821	0.017	0.129
0.658	0.044	0.248	0.050
0.003	0.786	0.012	0.199
0.716	0.122	0.132	0.030
0.001	0.924	0.002	0.073
0.822	0.058	0.094	0.026
0.001	0.815	0.025	0.159
0.606	0.093	0.209	0.092
0.027	0.769	0.047	0.157
0.763	0.032	0.106	0.099
0.021	0.640	0.061	0.278
0.438	0.062	0.342	0.157
>CACACACACACA	16-CACACACACACA	10.189417	-1.836137	0	T:551.0(2.50%),B:4488.2(2.39%),P:1e0	Tpos:50.9,Tstd:25.4,Bpos:3717.6,Bstd:10310.2,StrandBias:-0.0,Multiplicity:1.20
0.014	0.799	0.034	0.153
0.676	0.114	0.085	0.125
0.003	0.771	0.001	0.225
0.767	0.065	0.139	0.029
0.001	0.789	0.017	0.193
0.772	0.104	0.095	0.029
0.001	0.740	0.014	0.245
0.659	0.098	0.183	0.060
0.023	0.804	0.017	0.156
0.835	0.029	0.112	0.024
0.001	0.834	0.001	0.164
0.814	0.020	0.147	0.019
>TGTGTGTGTGTG	17-TGTGTGTGTGTG	10.935522	-1.672772	0	T:381.0(1.73%),B:3092.3(1.64%),P:1e0	Tpos:51.0,Tstd:28.2,Bpos:2507.5,Bstd:6970.0,StrandBias:0.2,Multiplicity:1.29
0.091	0.180	0.086	0.643
0.151	0.171	0.677	0.001
0.058	0.167	0.068	0.707
0.154	0.013	0.832	0.001
0.098	0.117	0.080	0.705
0.198	0.053	0.748	0.001
0.111	0.174	0.068	0.647
0.252	0.027	0.720	0.001
0.082	0.122	0.163	0.633
0.130	0.106	0.756	0.008
0.080	0.142	0.097	0.681
0.143	0.096	0.691	0.070
>ACACACACACAC	18-ACACACACACAC	9.680725	-1.100372	0	T:668.0(3.03%),B:5592.3(2.97%),P:1e0	Tpos:51.1,Tstd:26.2,Bpos:2000.1,Bstd:6549.1,StrandBias:0.1,Multiplicity:1.08
0.596	0.195	0.166	0.043
0.044	0.723	0.042	0.191
0.712	0.125	0.125	0.038
0.013	0.822	0.022	0.143
0.733	0.105	0.129	0.033
0.004	0.825	0.033	0.138
0.758	0.033	0.126	0.083
0.009	0.841	0.022	0.128
0.730	0.087	0.155	0.028
0.012	0.873	0.018	0.097
0.715	0.056	0.142	0.087
0.047	0.757	0.040	0.156
>GTGTGTGTGTGT	19-GTGTGTGTGTGT	11.222750	-1.094594	0	T:385.0(1.74%),B:3204.7(1.70%),P:1e0	Tpos:49.5,Tstd:25.0,Bpos:2090.0,Bstd:7445.2,StrandBias:0.1,Multiplicity:1.13
0.084	0.104	0.746	0.066
0.098	0.087	0.092	0.723
0.126	0.062	0.793	0.019
0.107	0.095	0.100	0.698
0.124	0.074	0.787	0.015
0.093	0.109	0.108	0.690
0.135	0.019	0.833	0.013
0.086	0.090	0.090	0.734
0.142	0.032	0.816	0.010
0.113	0.099	0.080	0.708
0.095	0.092	0.757	0.056
0.107	0.084	0.091	0.718
>CACACACACACA	20-CACACACACACA	10.057091	-0.951999	0	T:487.0(2.21%),B:4091.2(2.17%),P:1e0	Tpos:65.3,Tstd:22.9,Bpos:2224.3,Bstd:6433.0,StrandBias:-1.0,Multiplicity:1.00
0.009	0.784	0.083	0.124
0.664	0.069	0.189	0.078
0.035	0.809	0.056	0.100
0.602	0.155	0.132	0.111
0.050	0.651	0.055	0.244
0.864	0.062	0.073	0.001
0.030	0.796	0.052	0.122
0.656	0.116	0.115	0.113
0.040	0.717	0.060	0.183
0.664	0.060	0.162	0.114
0.019	0.701	0.080	0.200
0.619	0.080	0.177	0.124
>ACACACACACAC	21-ACACACACACAC	12.308868	-0.945137	0	T:359.0(1.63%),B:3009.5(1.60%),P:1e0	Tpos:52.8,Tstd:19.7,Bpos:2483.6,Bstd:7142.8,StrandBias:-0.4,Multiplicity:1.00
0.859	0.039	0.038	0.064
0.014	0.847	0.052	0.087
0.745	0.065	0.105	0.085
0.004	0.865	0.016	0.115
0.822	0.026	0.105	0.047
0.020	0.828	0.029	0.123
0.784	0.058	0.110	0.048
0.005	0.848	0.022	0.125
0.767	0.049	0.076	0.108
0.017	0.846	0.031	0.106
0.790	0.068	0.072	0.070
0.001	0.951	0.001	0.047
>GAWGGAAGGATG	22-GAWGGAAGGATG	14.549279	-0.799881	0	T:6.0(0.03%),B:45.8(0.02%),P:1e0	Tpos:42.4,Tstd:27.4,Bpos:4490.0,Bstd:7089.0,StrandBias:-0.7,Multiplicity:1.33
0.001	0.001	0.997	0.001
0.738	0.001	0.260	0.001
0.452	0.001	0.001	0.546
0.001	0.001	0.997	0.001
0.001	0.001	0.997	0.001
0.685	0.001	0.313	0.001
0.721	0.001	0.001	0.277
0.001	0.001	0.997	0.001
0.001	0.154	0.844	0.001
0.923	0.001	0.075	0.001
0.001	0.001	0.001	0.997
0.016	0.001	0.982	0.001
>GCRTGTGTGTGT	23-GCRTGTGTGTGT	10.667910	-0.462405	0	T:389.0(1.76%),B:3371.3(1.79%),P:1e0	Tpos:47.5,Tstd:27.0,Bpos:2626.8,Bstd:7345.7,StrandBias:0.4,Multiplicity:1.00
0.108	0.100	0.703	0.089
0.100	0.450	0.180	0.270
0.407	0.068	0.446	0.079
0.204	0.132	0.108	0.556
0.067	0.077	0.854	0.002
0.024	0.096	0.047	0.833
0.001	0.001	0.994	0.004
0.022	0.005	0.184	0.789
0.001	0.019	0.944	0.036
0.118	0.077	0.168	0.637
0.027	0.114	0.812	0.047
0.146	0.131	0.170	0.553
>TTCCAYCCWCCC	24-TTCCAYCCWCCC	11.896588	-0.320003	0	T:3.0(0.01%),B:32.8(0.02%),P:1e0	Tpos:60.7,Tstd:7.1,Bpos:1599.3,Bstd:3840.3,StrandBias:1.0,Multiplicity:1.00
0.215	0.312	0.005	0.469
0.346	0.001	0.011	0.642
0.061	0.625	0.128	0.186
0.001	0.997	0.001	0.001
0.555	0.098	0.001	0.346
0.001	0.517	0.113	0.369
0.001	0.997	0.001	0.001
0.001	0.985	0.001	0.013
0.502	0.045	0.001	0.452
0.079	0.594	0.006	0.321
0.010	0.775	0.071	0.144
0.001	0.716	0.050	0.233
>GWGGGAGGARGD	25-GWGGGAGGARGD	12.268695	-0.166552	0	T:38.0(0.17%),B:380.3(0.20%),P:1e0	Tpos:49.3,Tstd:26.7,Bpos:2069.0,Bstd:4684.6,StrandBias:0.4,Multiplicity:1.03
0.030	0.062	0.892	0.016
0.446	0.001	0.019	0.534
0.036	0.025	0.904	0.035
0.045	0.025	0.904	0.026
0.115	0.085	0.768	0.032
0.869	0.011	0.003	0.117
0.051	0.001	0.947	0.001
0.016	0.065	0.869	0.050
0.560	0.001	0.210	0.229
0.503	0.013	0.359	0.125
0.091	0.080	0.723	0.106
0.243	0.036	0.372	0.349
