>TTTGATATTTTA	10-TTTGATATTTTA,BestGuess:TCF7L1/MA1421.1/Jaspar(0.780)	1.834811	-18.723535	0	T:907.0(97.84%),B:222559.7(93.86%),P:1e-8
0.127	0.043	0.065	0.765
0.064	0.022	0.128	0.786
0.042	0.021	0.212	0.725
0.106	0.106	0.787	0.001
0.576	0.127	0.191	0.106
0.148	0.170	0.149	0.533
0.576	0.127	0.148	0.149
0.042	0.107	0.128	0.723
0.021	0.106	0.106	0.767
0.042	0.064	0.276	0.618
0.085	0.191	0.149	0.575
0.575	0.107	0.212	0.106
