>GTGAGGCA	1-GTGAGGCA	-3.111076	-911.785265	0	T:14886.0(96.47%),B:150921.5(85.95%),P:1e-395	Tpos:123.1,Tstd:98.7,Bpos:3048.0,Bstd:10987.0,StrandBias:-0.0,Multiplicity:1.74
0.024	0.010	0.965	0.001
0.253	0.001	0.033	0.713
0.001	0.001	0.997	0.001
0.997	0.001	0.001	0.001
0.001	0.001	0.997	0.001
0.001	0.001	0.997	0.001
0.001	0.997	0.001	0.001
0.997	0.001	0.001	0.001
>AGGGGAGG	2-AGGGGAGG	3.835722	-838.885676	0	T:14200.0(92.02%),B:139909.7(79.68%),P:1e-364	Tpos:129.3,Tstd:104.5,Bpos:1517.0,Bstd:5656.0,StrandBias:0.0,Multiplicity:1.69
0.492	0.083	0.246	0.178
0.113	0.076	0.734	0.077
0.177	0.101	0.606	0.116
0.130	0.139	0.519	0.212
0.164	0.084	0.672	0.080
0.508	0.073	0.328	0.091
0.183	0.035	0.671	0.111
0.085	0.053	0.797	0.065
>GAGGCAGG	3-GAGGCAGG	4.345134	-810.535881	0	T:15007.0(97.25%),B:154755.7(88.13%),P:1e-352	Tpos:128.4,Tstd:101.8,Bpos:1490.6,Bstd:5473.0,StrandBias:0.0,Multiplicity:4.20
0.100	0.100	0.700	0.100
0.700	0.100	0.100	0.100
0.100	0.100	0.700	0.100
0.100	0.100	0.700	0.100
0.100	0.700	0.100	0.100
0.700	0.100	0.100	0.100
0.100	0.100	0.700	0.100
0.100	0.100	0.700	0.100
>CYCWRRMH	4-CYCWRRMH	-0.366152	-671.736146	0	T:15238.0(98.75%),B:161714.5(92.10%),P:1e-291	Tpos:123.0,Tstd:99.1,Bpos:4182.5,Bstd:13707.4,StrandBias:-0.0,Multiplicity:1.57
0.001	0.997	0.001	0.001
0.205	0.405	0.001	0.389
0.001	0.997	0.001	0.001
0.494	0.001	0.001	0.504
0.427	0.001	0.327	0.245
0.350	0.114	0.342	0.193
0.489	0.509	0.001	0.001
0.249	0.365	0.001	0.385
>GGGGGGGG	5-GGGGGGGG	3.166972	-624.110222	0	T:14866.0(96.34%),B:154722.2(88.11%),P:1e-271	Tpos:126.6,Tstd:102.2,Bpos:2118.7,Bstd:7921.9,StrandBias:0.0,Multiplicity:1.55
0.190	0.184	0.422	0.204
0.293	0.017	0.455	0.235
0.203	0.110	0.607	0.080
0.235	0.029	0.536	0.200
0.261	0.001	0.460	0.278
0.035	0.001	0.790	0.174
0.239	0.076	0.440	0.245
0.271	0.115	0.498	0.116
>CCTCAGGG	6-CCTCAGGG	3.535052	-593.304631	0	T:14016.0(90.83%),B:141212.8(80.42%),P:1e-257	Tpos:124.3,Tstd:99.3,Bpos:3136.1,Bstd:11530.3,StrandBias:-0.0,Multiplicity:1.58
0.274	0.573	0.001	0.152
0.067	0.898	0.034	0.001
0.321	0.199	0.001	0.480
0.103	0.571	0.287	0.039
0.699	0.001	0.007	0.293
0.070	0.001	0.838	0.091
0.241	0.001	0.591	0.167
0.001	0.236	0.695	0.068
>GSADGTGT	7-GSADGTGT	4.056718	-578.219417	0	T:11607.0(75.22%),B:108605.7(61.85%),P:1e-251	Tpos:122.6,Tstd:96.6,Bpos:3631.4,Bstd:13089.7,StrandBias:0.0,Multiplicity:1.69
0.251	0.086	0.468	0.195
0.097	0.346	0.440	0.117
0.540	0.040	0.307	0.113
0.284	0.106	0.256	0.354
0.099	0.052	0.840	0.009
0.027	0.070	0.081	0.822
0.062	0.035	0.864	0.039
0.131	0.057	0.069	0.743
>RSCWGNCY	8-RSCWGNCY	3.673096	-556.445756	0	T:14887.0(96.47%),B:156161.9(88.93%),P:1e-241	Tpos:121.8,Tstd:98.5,Bpos:2727.7,Bstd:9250.0,StrandBias:0.0,Multiplicity:1.63
0.340	0.001	0.419	0.240
0.107	0.429	0.462	0.001
0.311	0.486	0.058	0.146
0.541	0.001	0.001	0.457
0.001	0.001	0.679	0.319
0.213	0.290	0.270	0.227
0.063	0.847	0.001	0.089
0.249	0.336	0.001	0.414
>CCCCCCHY	9-CCCCCCHY	2.696033	-497.863182	0	T:15320.0(99.28%),B:166033.7(94.56%),P:1e-216	Tpos:125.1,Tstd:100.3,Bpos:3643.6,Bstd:13030.5,StrandBias:-0.1,Multiplicity:1.56
0.175	0.545	0.059	0.221
0.231	0.498	0.022	0.248
0.230	0.494	0.062	0.215
0.001	0.795	0.001	0.203
0.147	0.509	0.001	0.343
0.238	0.512	0.001	0.249
0.239	0.355	0.170	0.236
0.219	0.381	0.142	0.258
>WGDGKCCY	10-WGDGKCCY	3.639135	-451.487577	0	T:14598.0(94.60%),B:152961.0(87.11%),P:1e-196	Tpos:124.3,Tstd:100.1,Bpos:2963.9,Bstd:10614.5,StrandBias:-0.0,Multiplicity:1.54
0.443	0.001	0.144	0.413
0.033	0.294	0.672	0.001
0.390	0.001	0.258	0.351
0.051	0.001	0.661	0.287
0.195	0.130	0.359	0.316
0.016	0.616	0.192	0.176
0.015	0.649	0.001	0.335
0.172	0.468	0.040	0.320
>GNHHHWDN	11-GNHHHWDN	2.609645	-389.550665	0	T:15282.0(99.03%),B:166566.1(94.86%),P:1e-169	Tpos:125.2,Tstd:101.0,Bpos:4640.7,Bstd:12121.0,StrandBias:0.0,Multiplicity:1.74
0.001	0.001	0.997	0.001
0.217	0.238	0.301	0.244
0.386	0.280	0.022	0.312
0.326	0.393	0.001	0.280
0.380	0.283	0.001	0.336
0.438	0.001	0.041	0.520
0.385	0.001	0.246	0.368
0.233	0.206	0.268	0.293
>YHTGSTGC	12-YHTGSTGC	3.127099	-360.033989	0	T:15119.0(97.98%),B:163621.1(93.18%),P:1e-156	Tpos:122.9,Tstd:98.1,Bpos:3303.8,Bstd:11454.5,StrandBias:-0.0,Multiplicity:1.50
0.199	0.361	0.163	0.277
0.256	0.323	0.165	0.256
0.033	0.001	0.001	0.965
0.090	0.142	0.510	0.258
0.157	0.383	0.278	0.182
0.366	0.001	0.001	0.632
0.109	0.272	0.469	0.150
0.212	0.371	0.212	0.204
>SWGCTHWG	13-SWGCTHWG	2.623001	-284.695392	0	T:15166.0(98.28%),B:165737.8(94.39%),P:1e-123	Tpos:120.9,Tstd:98.3,Bpos:4894.7,Bstd:14023.0,StrandBias:0.0,Multiplicity:1.71
0.183	0.346	0.326	0.144
0.554	0.001	0.001	0.444
0.173	0.001	0.615	0.211
0.196	0.550	0.001	0.253
0.290	0.225	0.001	0.484
0.265	0.364	0.121	0.250
0.525	0.001	0.001	0.473
0.069	0.233	0.621	0.077
>DGCAGGTG	14-DGCAGGTG	0.376354	-236.192650	0	T:11229.0(72.77%),B:112892.0(64.29%),P:1e-102	Tpos:124.5,Tstd:98.5,Bpos:1690.2,Bstd:6582.7,StrandBias:0.0,Multiplicity:1.66
0.290	0.001	0.403	0.306
0.001	0.001	0.997	0.001
0.001	0.997	0.001	0.001
0.997	0.001	0.001	0.001
0.056	0.001	0.942	0.001
0.001	0.001	0.997	0.001
0.001	0.001	0.001	0.997
0.001	0.001	0.997	0.001
>ACACACAC	15-ACACACAC	1.469613	-235.882963	0	T:9132.0(59.18%),B:88084.4(50.16%),P:1e-102	Tpos:124.4,Tstd:95.7,Bpos:2283.8,Bstd:8141.3,StrandBias:-0.1,Multiplicity:1.84
0.856	0.029	0.088	0.027
0.001	0.967	0.016	0.016
0.924	0.016	0.036	0.024
0.001	0.977	0.001	0.021
0.944	0.018	0.037	0.001
0.001	0.967	0.001	0.031
0.914	0.001	0.066	0.019
0.001	0.946	0.001	0.052
>AARGAAAA	16-AARGAAAA	-16.552685	-143.289295	0	T:15420.0(99.93%),B:173436.9(98.77%),P:1e-62	Tpos:124.4,Tstd:102.1,Bpos:5599.6,Bstd:14396.5,StrandBias:-0.0,Multiplicity:1.75
0.997	0.001	0.001	0.001
0.997	0.001	0.001	0.001
0.366	0.001	0.511	0.122
0.001	0.001	0.997	0.001
0.706	0.001	0.001	0.292
0.997	0.001	0.001	0.001
0.997	0.001	0.001	0.001
0.997	0.001	0.001	0.001
>TTGMWTAY	17-TTGMWTAY	6.903577	-1.917911	0	T:180.0(1.17%),B:1882.0(1.07%),P:1e0	Tpos:106.3,Tstd:63.6,Bpos:8841.2,Bstd:14539.5,StrandBias:-10.0,Multiplicity:1.00
0.001	0.237	0.235	0.527
0.001	0.001	0.072	0.926
0.237	0.300	0.462	0.001
0.316	0.457	0.227	0.001
0.529	0.001	0.008	0.462
0.310	0.001	0.001	0.688
0.983	0.015	0.001	0.001
0.001	0.462	0.066	0.472
>TKMCGWAC	18-TKMCGWAC	7.105112	-1.156205	0	T:28.0(0.18%),B:286.0(0.16%),P:1e0	Tpos:299.0,Tstd:0.0,Bpos:239.0,Bstd:298.9,StrandBias:10.0,Multiplicity:1.00
0.001	0.001	0.001	0.997
0.046	0.001	0.499	0.454
0.454	0.309	0.001	0.235
0.272	0.500	0.227	0.001
0.227	0.006	0.492	0.274
0.492	0.001	0.047	0.460
0.997	0.001	0.001	0.001
0.038	0.682	0.052	0.228
>ACGTGACC	19-ACGTGACC	0.453314	-0.084230	0	T:15431.0(100.00%),B:175592.7(100.00%),P:1e0	Tpos:136.7,Tstd:106.4,Bpos:691.2,Bstd:3775.0,StrandBias:0.0,Multiplicity:3.19
0.700	0.100	0.100	0.100
0.100	0.700	0.100	0.100
0.100	0.100	0.700	0.100
0.100	0.100	0.100	0.700
0.100	0.100	0.700	0.100
0.700	0.100	0.100	0.100
0.100	0.700	0.100	0.100
0.100	0.700	0.100	0.100
>TTCCDTAB	20-TTCCDTAB	6.952060	-0.031551	0	T:41.0(0.27%),B:617.2(0.35%),P:1e0	Tpos:80.0,Tstd:0.0,Bpos:1140.6,Bstd:1590.9,StrandBias:10.0,Multiplicity:1.00
0.322	0.001	0.001	0.676
0.001	0.001	0.066	0.932
0.345	0.632	0.001	0.022
0.382	0.611	0.001	0.006
0.339	0.008	0.316	0.338
0.089	0.294	0.001	0.616
0.910	0.088	0.001	0.001
0.022	0.345	0.316	0.317
>GTGMAWAW	21-GTGMAWAW	8.989884	-0.000000	0	T:398.0(2.58%),B:5862.1(3.34%),P:1e0	Tpos:139.2,Tstd:186.6,Bpos:3822.3,Bstd:6535.1,StrandBias:-1.6,Multiplicity:1.00
0.001	0.001	0.997	0.001
0.001	0.001	0.001	0.997
0.001	0.001	0.997	0.001
0.499	0.499	0.001	0.001
0.997	0.001	0.001	0.001
0.499	0.001	0.001	0.499
0.997	0.001	0.001	0.001
0.499	0.001	0.001	0.499
>KTTTKGAA	22-KTTTKGAA	6.014096	-0.000000	0	T:218.0(1.41%),B:5197.6(2.96%),P:1e0	Tpos:179.4,Tstd:151.5,Bpos:3435.0,Bstd:4662.9,StrandBias:-2.0,Multiplicity:1.00
0.208	0.146	0.278	0.368
0.213	0.070	0.283	0.434
0.213	0.214	0.001	0.572
0.283	0.144	0.001	0.572
0.010	0.001	0.562	0.427
0.001	0.139	0.791	0.069
0.642	0.213	0.001	0.144
0.642	0.075	0.144	0.139
>WTNWACMG	23-WTNWACMG	5.314722	-0.000000	0	T:729.0(4.72%),B:11185.0(6.37%),P:1e0	Tpos:140.2,Tstd:103.2,Bpos:6752.4,Bstd:17182.6,StrandBias:1.6,Multiplicity:1.00
0.517	0.001	0.007	0.475
0.001	0.001	0.001	0.997
0.293	0.227	0.248	0.231
0.495	0.001	0.001	0.503
0.475	0.045	0.228	0.252
0.227	0.503	0.001	0.269
0.517	0.481	0.001	0.001
0.252	0.289	0.458	0.001
>NSCGCCGR	24-NSCGCCGR	-14.271757	0.000000	0	T:15431.0(100.00%),B:175593.7(100.00%),P:1e0	Tpos:128.5,Tstd:104.2,Bpos:1466.1,Bstd:6742.8,StrandBias:0.0,Multiplicity:1.53
0.277	0.304	0.231	0.187
0.169	0.446	0.384	0.001
0.001	0.997	0.001	0.001
0.294	0.001	0.498	0.206
0.001	0.676	0.322	0.001
0.001	0.580	0.001	0.418
0.001	0.001	0.997	0.001
0.267	0.215	0.411	0.107
>NNNNNNNN	25-NNNNNNNN	-nan	0.000000	0	T:0.0(0.00%),B:0.0(0.00%),P:1e0	Tpos:0.0,Tstd:0.0,Bpos:0.0,Bstd:0.0,StrandBias:0.0,Multiplicity:1.00
-nan	-nan	-nan	-nan
-nan	-nan	-nan	-nan
-nan	-nan	-nan	-nan
-nan	-nan	-nan	-nan
-nan	-nan	-nan	-nan
-nan	-nan	-nan	-nan
-nan	-nan	-nan	-nan
-nan	-nan	-nan	-nan
