>BNVACTTCCY	1-BNVACTTCCY	4.187630	-1117.846592	0	T:12597.0(81.63%),B:111746.0(63.64%),P:1e-485	Tpos:126.3,Tstd:102.1,Bpos:2658.4,Bstd:9138.0,StrandBias:-0.1,Multiplicity:1.64
0.157	0.204	0.333	0.305
0.182	0.238	0.287	0.293
0.212	0.354	0.268	0.166
0.489	0.207	0.213	0.091
0.026	0.684	0.037	0.253
0.087	0.041	0.011	0.861
0.008	0.040	0.026	0.926
0.001	0.754	0.058	0.187
0.049	0.939	0.001	0.011
0.050	0.451	0.045	0.454
>TTCCCHRGNN	2-TTCCCHRGNN	0.607655	-890.494975	0	T:12971.0(84.06%),B:120669.1(68.72%),P:1e-386	Tpos:127.2,Tstd:100.9,Bpos:2318.4,Bstd:8703.4,StrandBias:-0.0,Multiplicity:1.55
0.001	0.001	0.001	0.997
0.001	0.001	0.001	0.997
0.001	0.997	0.001	0.001
0.001	0.997	0.001	0.001
0.001	0.686	0.001	0.312
0.253	0.304	0.137	0.305
0.434	0.112	0.453	0.001
0.223	0.167	0.412	0.198
0.216	0.204	0.337	0.243
0.202	0.312	0.271	0.216
>RRRDGAGRRR	3-RRRDGAGRRR	4.015027	-829.464994	0	T:13324.0(86.35%),B:126741.1(72.18%),P:1e-360	Tpos:128.0,Tstd:104.0,Bpos:2162.8,Bstd:7828.5,StrandBias:0.0,Multiplicity:1.63
0.401	0.126	0.334	0.140
0.438	0.045	0.373	0.144
0.391	0.153	0.401	0.055
0.348	0.005	0.392	0.256
0.001	0.282	0.682	0.035
0.487	0.001	0.302	0.210
0.001	0.211	0.787	0.001
0.420	0.087	0.287	0.206
0.315	0.155	0.390	0.141
0.367	0.118	0.326	0.189
>VTSHCWCMYB	4-VTSHCWCMYB	3.984963	-779.791930	0	T:13981.0(90.60%),B:137404.5(78.25%),P:1e-338	Tpos:123.6,Tstd:99.3,Bpos:2256.1,Bstd:8065.9,StrandBias:-0.0,Multiplicity:1.60
0.259	0.383	0.238	0.120
0.333	0.124	0.002	0.541
0.082	0.415	0.465	0.038
0.260	0.403	0.020	0.317
0.103	0.788	0.083	0.026
0.435	0.191	0.001	0.373
0.001	0.663	0.127	0.209
0.307	0.431	0.002	0.260
0.151	0.341	0.105	0.403
0.144	0.318	0.218	0.320
>GAAAGAAGGA	5-GAAAGAAGGA	-4.931992	-758.476308	0	T:12586.0(81.56%),B:117736.3(67.05%),P:1e-329	Tpos:124.1,Tstd:99.6,Bpos:3302.0,Bstd:10328.8,StrandBias:0.0,Multiplicity:1.62
0.040	0.001	0.958	0.001
0.991	0.005	0.003	0.001
0.996	0.001	0.002	0.001
0.947	0.001	0.051	0.001
0.006	0.001	0.992	0.001
0.779	0.040	0.051	0.130
0.997	0.001	0.001	0.001
0.001	0.001	0.958	0.040
0.001	0.001	0.997	0.001
0.975	0.003	0.020	0.002
>AAGRGGAAGT	6-AAGRGGAAGT	3.502397	-744.273649	0	T:10157.0(65.82%),B:87477.6(49.82%),P:1e-323	Tpos:126.1,Tstd:98.1,Bpos:3648.4,Bstd:12754.2,StrandBias:-0.0,Multiplicity:1.94
0.655	0.064	0.199	0.082
0.716	0.013	0.160	0.111
0.143	0.212	0.625	0.020
0.473	0.128	0.359	0.040
0.088	0.001	0.907	0.004
0.037	0.006	0.953	0.004
0.981	0.010	0.001	0.008
0.992	0.001	0.001	0.006
0.053	0.098	0.840	0.009
0.014	0.094	0.034	0.858
>ACTGAGTCAW	7-ACTGAGTCAW	3.184566	-517.691089	0	T:12665.0(82.08%),B:123645.1(70.42%),P:1e-224	Tpos:121.5,Tstd:95.8,Bpos:4581.8,Bstd:14313.1,StrandBias:-0.0,Multiplicity:1.68
0.503	0.187	0.144	0.166
0.127	0.581	0.200	0.092
0.096	0.089	0.067	0.748
0.092	0.092	0.744	0.072
0.653	0.122	0.124	0.101
0.150	0.111	0.555	0.184
0.113	0.115	0.158	0.614
0.131	0.556	0.128	0.185
0.549	0.223	0.120	0.108
0.409	0.071	0.085	0.434
>AATGCAAATT	8-AATGCAAATT	2.332501	-468.418558	0	T:13100.0(84.89%),B:130600.4(74.38%),P:1e-203	Tpos:118.2,Tstd:95.0,Bpos:6113.8,Bstd:15751.4,StrandBias:-0.0,Multiplicity:1.87
0.572	0.122	0.149	0.157
0.552	0.149	0.149	0.150
0.144	0.012	0.194	0.650
0.023	0.177	0.650	0.150
0.136	0.607	0.130	0.127
0.647	0.202	0.001	0.150
0.596	0.123	0.140	0.141
0.556	0.131	0.152	0.161
0.143	0.107	0.131	0.619
0.108	0.143	0.178	0.571
>ACAASCTSNC	9-ACAASCTSNC	2.876437	-439.676759	0	T:15251.0(98.83%),B:165158.5(94.06%),P:1e-190	Tpos:124.6,Tstd:99.9,Bpos:2048.2,Bstd:8240.9,StrandBias:-0.0,Multiplicity:1.52
0.740	0.079	0.093	0.088
0.138	0.404	0.219	0.239
0.461	0.195	0.114	0.231
0.638	0.094	0.065	0.203
0.035	0.494	0.374	0.098
0.016	0.940	0.033	0.011
0.363	0.038	0.011	0.588
0.033	0.495	0.467	0.005
0.274	0.238	0.224	0.264
0.134	0.477	0.135	0.254
>YDYRCAYRTG	10-YDYRCAYRTG	3.733902	-263.137143	0	T:9295.0(60.24%),B:89057.2(50.72%),P:1e-114	Tpos:126.4,Tstd:97.4,Bpos:2168.6,Bstd:7540.2,StrandBias:0.0,Multiplicity:1.92
0.079	0.397	0.057	0.466
0.307	0.019	0.379	0.294
0.045	0.466	0.030	0.459
0.448	0.065	0.449	0.038
0.073	0.780	0.088	0.059
0.535	0.045	0.375	0.045
0.039	0.430	0.039	0.492
0.477	0.047	0.448	0.028
0.022	0.360	0.048	0.570
0.273	0.074	0.595	0.058
>TCAGTWTCWB	11-TCAGTWTCWB	0.723028	-260.879402	0	T:15417.0(99.91%),B:171881.1(97.89%),P:1e-113	Tpos:126.8,Tstd:101.2,Bpos:1855.9,Bstd:7097.2,StrandBias:-0.0,Multiplicity:1.63
0.001	0.001	0.163	0.835
0.059	0.793	0.074	0.074
0.457	0.001	0.263	0.280
0.001	0.147	0.851	0.001
0.001	0.361	0.080	0.558
0.405	0.236	0.045	0.314
0.044	0.060	0.045	0.851
0.001	0.688	0.179	0.132
0.515	0.001	0.045	0.439
0.118	0.237	0.289	0.356
>TTGCTGTGTG	12-TTGCTGTGTG	2.512553	-252.098350	0	T:15417.0(99.91%),B:171988.5(97.95%),P:1e-109	Tpos:126.9,Tstd:100.6,Bpos:2596.0,Bstd:10373.4,StrandBias:0.0,Multiplicity:2.77
0.100	0.100	0.100	0.700
0.100	0.100	0.100	0.700
0.100	0.100	0.700	0.100
0.100	0.700	0.100	0.100
0.100	0.100	0.100	0.700
0.100	0.100	0.700	0.100
0.100	0.100	0.100	0.700
0.100	0.100	0.700	0.100
0.100	0.100	0.100	0.700
0.100	0.100	0.700	0.100
>TTCCGCTTCC	13-TTCCGCTTCC	6.404373	-194.492625	0	T:5230.0(33.89%),B:46445.9(26.45%),P:1e-84	Tpos:119.7,Tstd:104.2,Bpos:426.2,Bstd:912.4,StrandBias:-1.0,Multiplicity:1.00
0.100	0.100	0.100	0.700
0.100	0.100	0.100	0.700
0.100	0.700	0.100	0.100
0.100	0.700	0.100	0.100
0.100	0.100	0.700	0.100
0.100	0.700	0.100	0.100
0.100	0.100	0.100	0.700
0.100	0.100	0.100	0.700
0.100	0.700	0.100	0.100
0.100	0.700	0.100	0.100
>GCAGGGCTGT	14-GCAGGGCTGT	2.512553	-141.130276	0	T:15424.0(99.95%),B:173606.5(98.87%),P:1e-61	Tpos:133.0,Tstd:107.2,Bpos:1058.4,Bstd:5083.2,StrandBias:0.0,Multiplicity:2.09
0.100	0.100	0.700	0.100
0.100	0.700	0.100	0.100
0.700	0.100	0.100	0.100
0.100	0.100	0.700	0.100
0.100	0.100	0.700	0.100
0.100	0.100	0.700	0.100
0.100	0.700	0.100	0.100
0.100	0.100	0.100	0.700
0.100	0.100	0.700	0.100
0.100	0.100	0.100	0.700
>TACAACTCCC	15-TACAACTCCC	10.296193	-45.609000	0	T:101.0(0.65%),B:356.7(0.20%),P:1e-19	Tpos:100.0,Tstd:0.0,Bpos:472.0,Bstd:0.0,StrandBias:-10.0,Multiplicity:1.00
0.100	0.100	0.100	0.700
0.700	0.100	0.100	0.100
0.100	0.700	0.100	0.100
0.700	0.100	0.100	0.100
0.700	0.100	0.100	0.100
0.100	0.700	0.100	0.100
0.100	0.100	0.100	0.700
0.100	0.700	0.100	0.100
0.100	0.700	0.100	0.100
0.100	0.700	0.100	0.100
>GYAAMTGCTB	16-GYAAMTGCTB	5.933437	-29.077944	0	T:4071.0(26.38%),B:41721.3(23.76%),P:1e-12	Tpos:106.5,Tstd:69.9,Bpos:1979.7,Bstd:5443.0,StrandBias:0.3,Multiplicity:1.00
0.369	0.001	0.629	0.001
0.001	0.401	0.185	0.413
0.628	0.001	0.185	0.186
0.773	0.221	0.005	0.001
0.566	0.432	0.001	0.001
0.217	0.216	0.001	0.566
0.031	0.185	0.599	0.185
0.001	0.968	0.001	0.030
0.001	0.400	0.001	0.598
0.001	0.371	0.381	0.247
>CACACACAGA	17-CACACACAGA	0.566642	-4.296330	0	T:15431.0(100.00%),B:175542.7(99.97%),P:1e-1	Tpos:152.2,Tstd:111.8,Bpos:18256.7,Bstd:38130.2,StrandBias:-0.3,Multiplicity:1.00
0.100	0.700	0.100	0.100
0.700	0.100	0.100	0.100
0.100	0.700	0.100	0.100
0.700	0.100	0.100	0.100
0.100	0.700	0.100	0.100
0.700	0.100	0.100	0.100
0.100	0.700	0.100	0.100
0.700	0.100	0.100	0.100
0.100	0.100	0.700	0.100
0.700	0.100	0.100	0.100
>CCCTTGGGGC	18-CCCTTGGGGC	0.566642	-1.288910	0	T:15428.0(99.98%),B:175536.4(99.97%),P:1e0	Tpos:131.8,Tstd:103.9,Bpos:1123.0,Bstd:4915.4,StrandBias:0.0,Multiplicity:1.93
0.100	0.700	0.100	0.100
0.100	0.700	0.100	0.100
0.100	0.700	0.100	0.100
0.100	0.100	0.100	0.700
0.100	0.100	0.100	0.700
0.100	0.100	0.700	0.100
0.100	0.100	0.700	0.100
0.100	0.100	0.700	0.100
0.100	0.100	0.700	0.100
0.100	0.700	0.100	0.100
>TTCCAAGCAG	19-TTCCAAGCAG	13.832898	-0.422172	0	T:13.0(0.08%),B:161.9(0.09%),P:1e0	Tpos:81.0,Tstd:0.0,Bpos:0.0,Bstd:0.0,StrandBias:-10.0,Multiplicity:1.00
0.001	0.001	0.001	0.997
0.001	0.001	0.001	0.997
0.001	0.997	0.001	0.001
0.001	0.997	0.001	0.001
0.997	0.001	0.001	0.001
0.997	0.001	0.001	0.001
0.001	0.001	0.997	0.001
0.001	0.997	0.001	0.001
0.997	0.001	0.001	0.001
0.001	0.001	0.997	0.001
>GCAAAGGCCT	20-GCAAAGGCCT	13.832898	-0.299102	0	T:17.0(0.11%),B:222.3(0.13%),P:1e0	Tpos:258.0,Tstd:0.0,Bpos:496.0,Bstd:0.0,StrandBias:10.0,Multiplicity:1.00
0.001	0.001	0.997	0.001
0.001	0.997	0.001	0.001
0.997	0.001	0.001	0.001
0.997	0.001	0.001	0.001
0.997	0.001	0.001	0.001
0.001	0.001	0.997	0.001
0.001	0.001	0.997	0.001
0.001	0.997	0.001	0.001
0.001	0.997	0.001	0.001
0.001	0.001	0.001	0.997
>ACACGGGTAG	21-ACACGGGTAG	13.832898	-0.223996	0	T:2.0(0.01%),B:35.0(0.02%),P:1e0	Tpos:412.0,Tstd:0.0,Bpos:0.0,Bstd:0.0,StrandBias:10.0,Multiplicity:1.00
0.997	0.001	0.001	0.001
0.001	0.997	0.001	0.001
0.997	0.001	0.001	0.001
0.001	0.997	0.001	0.001
0.001	0.001	0.997	0.001
0.001	0.001	0.997	0.001
0.001	0.001	0.997	0.001
0.001	0.001	0.001	0.997
0.997	0.001	0.001	0.001
0.001	0.001	0.997	0.001
>AAATGCAAAT	22-AAATGCAAAT	6.404373	-0.140539	0	T:1782.0(11.55%),B:20805.1(11.85%),P:1e0	Tpos:91.5,Tstd:39.5,Bpos:5433.5,Bstd:8130.8,StrandBias:-10.0,Multiplicity:1.00
0.700	0.100	0.100	0.100
0.700	0.100	0.100	0.100
0.700	0.100	0.100	0.100
0.100	0.100	0.100	0.700
0.100	0.100	0.700	0.100
0.100	0.700	0.100	0.100
0.700	0.100	0.100	0.100
0.700	0.100	0.100	0.100
0.700	0.100	0.100	0.100
0.100	0.100	0.100	0.700
>GCAAACACWG	23-GCAAACACWG	9.107054	-0.000030	0	T:125.0(0.81%),B:2012.7(1.15%),P:1e0	Tpos:73.4,Tstd:57.0,Bpos:2240.1,Bstd:2682.1,StrandBias:-2.0,Multiplicity:1.00
0.153	0.171	0.541	0.135
0.270	0.594	0.001	0.135
0.576	0.288	0.135	0.001
0.846	0.001	0.018	0.135
0.864	0.001	0.134	0.001
0.001	0.997	0.001	0.001
0.997	0.001	0.001	0.001
0.001	0.729	0.135	0.135
0.441	0.001	0.001	0.557
0.001	0.135	0.693	0.171
>NNNNNNNNNN	24-NNNNNNNNNN	-nan	0.000000	0	T:0.0(0.00%),B:0.0(0.00%),P:1e0	Tpos:0.0,Tstd:0.0,Bpos:0.0,Bstd:0.0,StrandBias:0.0,Multiplicity:1.00
-nan	-nan	-nan	-nan
-nan	-nan	-nan	-nan
-nan	-nan	-nan	-nan
-nan	-nan	-nan	-nan
-nan	-nan	-nan	-nan
-nan	-nan	-nan	-nan
-nan	-nan	-nan	-nan
-nan	-nan	-nan	-nan
-nan	-nan	-nan	-nan
-nan	-nan	-nan	-nan
>CGCGCACACA	25-CGCGCACACA	-3.325178	0.000000	0	T:15431.0(100.00%),B:175593.7(100.00%),P:1e0	Tpos:125.9,Tstd:105.2,Bpos:3710.3,Bstd:12642.5,StrandBias:-0.0,Multiplicity:1.53
0.100	0.700	0.100	0.100
0.100	0.100	0.700	0.100
0.100	0.700	0.100	0.100
0.100	0.100	0.700	0.100
0.100	0.700	0.100	0.100
0.700	0.100	0.100	0.100
0.100	0.700	0.100	0.100
0.700	0.100	0.100	0.100
0.100	0.700	0.100	0.100
0.700	0.100	0.100	0.100
>AAAGAGGAAGTG	1-AAAGAGGAAGTG	4.149155	-964.098029	0	T:10752.0(69.68%),B:90607.7(51.60%),P:1e-418	Tpos:124.4,Tstd:96.2,Bpos:2730.9,Bstd:9359.8,StrandBias:0.0,Multiplicity:1.94
0.525	0.084	0.214	0.177
0.549	0.112	0.233	0.106
0.575	0.049	0.188	0.188
0.176	0.202	0.549	0.073
0.538	0.064	0.348	0.050
0.061	0.008	0.925	0.006
0.001	0.007	0.991	0.001
0.902	0.053	0.001	0.044
0.897	0.040	0.003	0.060
0.084	0.112	0.798	0.006
0.046	0.095	0.080	0.779
0.255	0.162	0.462	0.121
>GAGAGAGAGAGR	2-GAGAGAGAGAGR	-0.519408	-932.139482	0	T:13580.0(88.00%),B:128778.3(73.34%),P:1e-404	Tpos:127.3,Tstd:104.2,Bpos:2279.9,Bstd:8388.0,StrandBias:0.1,Multiplicity:1.64
0.207	0.243	0.452	0.098
0.813	0.001	0.185	0.001
0.001	0.001	0.997	0.001
0.656	0.001	0.342	0.001
0.028	0.026	0.945	0.001
0.882	0.001	0.116	0.001
0.124	0.001	0.874	0.001
0.686	0.001	0.312	0.001
0.153	0.001	0.845	0.001
0.656	0.001	0.295	0.048
0.021	0.039	0.939	0.001
0.370	0.129	0.452	0.049
>YCTCTSTCTCTC	3-YCTCTSTCTCTC	2.524548	-906.979105	0	T:14901.0(96.57%),B:151284.4(86.16%),P:1e-393	Tpos:124.2,Tstd:99.0,Bpos:3302.0,Bstd:11610.3,StrandBias:-0.1,Multiplicity:1.63
0.057	0.402	0.207	0.334
0.040	0.844	0.024	0.092
0.059	0.035	0.034	0.872
0.048	0.688	0.240	0.024
0.253	0.084	0.113	0.550
0.129	0.457	0.402	0.011
0.087	0.056	0.189	0.668
0.080	0.694	0.131	0.095
0.123	0.113	0.163	0.601
0.008	0.790	0.097	0.105
0.097	0.032	0.016	0.855
0.024	0.481	0.325	0.169
>YCTCWSCWGYCC	4-YCTCWSCWGYCC	3.662820	-674.674796	0	T:15016.0(97.31%),B:156851.7(89.33%),P:1e-293	Tpos:122.9,Tstd:98.3,Bpos:2355.6,Bstd:7634.4,StrandBias:-0.1,Multiplicity:1.58
0.112	0.397	0.122	0.369
0.190	0.559	0.162	0.089
0.122	0.280	0.002	0.596
0.094	0.605	0.182	0.119
0.488	0.123	0.001	0.389
0.044	0.337	0.408	0.211
0.067	0.788	0.105	0.040
0.467	0.016	0.009	0.508
0.027	0.336	0.506	0.131
0.138	0.390	0.076	0.397
0.215	0.510	0.199	0.076
0.234	0.500	0.051	0.215
>CGCGCACACACA	5-CGCGCACACACA	2.625881	-582.544707	0	T:15091.0(97.80%),B:159699.8(90.95%),P:1e-252	Tpos:130.7,Tstd:102.3,Bpos:1542.5,Bstd:6714.5,StrandBias:-0.0,Multiplicity:2.69
0.100	0.700	0.100	0.100
0.100	0.100	0.700	0.100
0.100	0.700	0.100	0.100
0.100	0.100	0.700	0.100
0.100	0.700	0.100	0.100
0.700	0.100	0.100	0.100
0.100	0.700	0.100	0.100
0.700	0.100	0.100	0.100
0.100	0.700	0.100	0.100
0.700	0.100	0.100	0.100
0.100	0.700	0.100	0.100
0.700	0.100	0.100	0.100
>GTGGGGGAGGGG	6-GTGGGGGAGGGG	2.625881	-372.341438	0	T:15348.0(99.46%),B:168410.9(95.91%),P:1e-161	Tpos:133.7,Tstd:108.7,Bpos:1403.4,Bstd:7269.4,StrandBias:0.0,Multiplicity:1.88
0.100	0.100	0.700	0.100
0.100	0.100	0.100	0.700
0.100	0.100	0.700	0.100
0.100	0.100	0.700	0.100
0.100	0.100	0.700	0.100
0.100	0.100	0.700	0.100
0.100	0.100	0.700	0.100
0.700	0.100	0.100	0.100
0.100	0.100	0.700	0.100
0.100	0.100	0.700	0.100
0.100	0.100	0.700	0.100
0.100	0.100	0.700	0.100
>CCACCAGGTGGC	7-CCACCAGGTGGC	3.683799	-362.160933	0	T:10005.0(64.84%),B:94385.3(53.75%),P:1e-157	Tpos:126.1,Tstd:99.7,Bpos:1734.6,Bstd:6718.0,StrandBias:-0.0,Multiplicity:1.60
0.160	0.554	0.155	0.131
0.058	0.940	0.001	0.001
0.594	0.337	0.033	0.036
0.106	0.536	0.149	0.209
0.029	0.672	0.052	0.247
0.593	0.001	0.024	0.382
0.147	0.011	0.694	0.148
0.169	0.090	0.738	0.003
0.001	0.046	0.215	0.738
0.002	0.001	0.996	0.001
0.095	0.026	0.747	0.132
0.088	0.780	0.009	0.123
>VACACACACACN	8-VACACACACACN	3.706002	-315.871386	0	T:11439.0(74.13%),B:113003.0(64.35%),P:1e-137	Tpos:126.2,Tstd:98.8,Bpos:2655.4,Bstd:9935.2,StrandBias:-0.0,Multiplicity:1.55
0.225	0.289	0.321	0.165
0.567	0.172	0.130	0.131
0.122	0.666	0.142	0.070
0.624	0.161	0.096	0.119
0.113	0.687	0.130	0.070
0.630	0.148	0.099	0.123
0.106	0.678	0.145	0.071
0.587	0.185	0.086	0.142
0.097	0.692	0.141	0.070
0.603	0.176	0.093	0.128
0.116	0.640	0.151	0.093
0.304	0.279	0.201	0.217
>GCAGCTGCCAGG	9-GCAGCTGCCAGG	-10.271709	-244.069863	0	T:15357.0(99.52%),B:170370.0(97.03%),P:1e-105	Tpos:125.4,Tstd:100.7,Bpos:2299.0,Bstd:9582.6,StrandBias:0.0,Multiplicity:1.64
0.001	0.001	0.997	0.001
0.001	0.700	0.298	0.001
0.997	0.001	0.001	0.001
0.001	0.001	0.997	0.001
0.001	0.663	0.335	0.001
0.245	0.132	0.212	0.412
0.001	0.349	0.649	0.001
0.001	0.997	0.001	0.001
0.001	0.997	0.001	0.001
0.682	0.001	0.001	0.316
0.001	0.001	0.997	0.001
0.001	0.001	0.690	0.308
>CACACACACACA	10-CACACACACACA	1.568204	-229.870587	0	T:9079.0(58.84%),B:87681.0(49.93%),P:1e-99	Tpos:126.5,Tstd:96.9,Bpos:2211.6,Bstd:7719.9,StrandBias:-0.0,Multiplicity:1.83
0.038	0.680	0.030	0.252
0.644	0.001	0.284	0.071
0.016	0.638	0.010	0.336
0.587	0.006	0.304	0.103
0.001	0.800	0.019	0.180
0.618	0.017	0.328	0.037
0.001	0.797	0.046	0.156
0.622	0.001	0.376	0.001
0.001	0.746	0.033	0.220
0.607	0.001	0.373	0.019
0.001	0.831	0.001	0.167
0.616	0.020	0.290	0.074
>ACTACAAYTCCC	11-ACTACAAYTCCC	9.694215	-131.584558	0	T:485.0(3.14%),B:2304.3(1.31%),P:1e-57	Tpos:145.4,Tstd:106.9,Bpos:994.8,Bstd:4863.3,StrandBias:0.0,Multiplicity:1.20
0.953	0.029	0.017	0.001
0.001	0.955	0.010	0.034
0.045	0.334	0.001	0.620
0.637	0.086	0.131	0.146
0.001	0.981	0.001	0.017
0.649	0.077	0.066	0.208
0.443	0.197	0.081	0.279
0.119	0.328	0.182	0.371
0.024	0.333	0.120	0.523
0.164	0.603	0.202	0.031
0.001	0.975	0.023	0.001
0.068	0.930	0.001	0.001
>ATSMYTKSWKYT	12-ATSMYTKSWKYT	1.254845	-118.683836	0	T:15429.0(99.99%),B:174084.0(99.14%),P:1e-51	Tpos:119.2,Tstd:96.9,Bpos:5698.9,Bstd:14236.2,StrandBias:0.0,Multiplicity:1.83
0.462	0.164	0.252	0.122
0.098	0.054	0.137	0.711
0.073	0.420	0.440	0.067
0.488	0.404	0.068	0.040
0.063	0.428	0.034	0.475
0.115	0.058	0.118	0.709
0.064	0.028	0.457	0.450
0.088	0.467	0.388	0.058
0.392	0.160	0.018	0.429
0.062	0.209	0.320	0.409
0.081	0.378	0.066	0.474
0.213	0.194	0.202	0.391
>GCGCGCGCACAC	13-GCGCGCGCACAC	0.000000	-90.402664	0	T:15424.0(99.95%),B:174234.5(99.23%),P:1e-39
0.100	0.100	0.700	0.100
0.100	0.700	0.100	0.100
0.100	0.100	0.700	0.100
0.100	0.700	0.100	0.100
0.100	0.100	0.700	0.100
0.100	0.700	0.100	0.100
0.100	0.100	0.700	0.100
0.100	0.700	0.100	0.100
0.700	0.100	0.100	0.100
0.100	0.700	0.100	0.100
0.700	0.100	0.100	0.100
0.100	0.700	0.100	0.100
>CCATCCATCCAT	14-CCATCCATCCAT	0.000000	-51.212565	0	T:15431.0(100.00%),B:174986.6(99.65%),P:1e-22
0.100	0.700	0.100	0.100
0.100	0.700	0.100	0.100
0.700	0.100	0.100	0.100
0.100	0.100	0.100	0.700
0.100	0.700	0.100	0.100
0.100	0.700	0.100	0.100
0.700	0.100	0.100	0.100
0.100	0.100	0.100	0.700
0.100	0.700	0.100	0.100
0.100	0.700	0.100	0.100
0.700	0.100	0.100	0.100
0.100	0.100	0.100	0.700
>GTGTGTGAGTGT	15-GTGTGTGAGTGT	0.000000	-50.874528	0	T:15431.0(100.00%),B:174990.5(99.66%),P:1e-22
0.100	0.100	0.700	0.100
0.100	0.100	0.100	0.700
0.100	0.100	0.700	0.100
0.100	0.100	0.100	0.700
0.100	0.100	0.700	0.100
0.100	0.100	0.100	0.700
0.100	0.100	0.700	0.100
0.700	0.100	0.100	0.100
0.100	0.100	0.700	0.100
0.100	0.100	0.100	0.700
0.100	0.100	0.700	0.100
0.100	0.100	0.100	0.700
>TGCGCGCGTGTG	16-TGCGCGCGTGTG	0.000000	-36.303413	0	T:15430.0(99.99%),B:175119.7(99.73%),P:1e-15
0.100	0.100	0.100	0.700
0.100	0.100	0.700	0.100
0.100	0.700	0.100	0.100
0.100	0.100	0.700	0.100
0.100	0.700	0.100	0.100
0.100	0.100	0.700	0.100
0.100	0.700	0.100	0.100
0.100	0.100	0.700	0.100
0.100	0.100	0.100	0.700
0.100	0.100	0.700	0.100
0.100	0.100	0.100	0.700
0.100	0.100	0.700	0.100
>CTACATTTCCCA	17-CTACATTTCCCA	0.000000	-25.374101	0	T:15431.0(100.00%),B:175292.9(99.83%),P:1e-11
0.100	0.700	0.100	0.100
0.100	0.100	0.100	0.700
0.700	0.100	0.100	0.100
0.100	0.700	0.100	0.100
0.700	0.100	0.100	0.100
0.100	0.100	0.100	0.700
0.100	0.100	0.100	0.700
0.100	0.100	0.100	0.700
0.100	0.700	0.100	0.100
0.100	0.700	0.100	0.100
0.100	0.700	0.100	0.100
0.700	0.100	0.100	0.100
>TTCCCACATTCA	18-TTCCCACATTCA	0.000000	-22.141193	0	T:15430.0(99.99%),B:175292.5(99.83%),P:1e-9
0.100	0.100	0.100	0.700
0.100	0.100	0.100	0.700
0.100	0.700	0.100	0.100
0.100	0.700	0.100	0.100
0.100	0.700	0.100	0.100
0.700	0.100	0.100	0.100
0.100	0.700	0.100	0.100
0.700	0.100	0.100	0.100
0.100	0.100	0.100	0.700
0.100	0.100	0.100	0.700
0.100	0.700	0.100	0.100
0.700	0.100	0.100	0.100
>CGTGCGTGTGTG	19-CGTGCGTGTGTG	0.000000	-17.775360	0	T:15430.0(99.99%),B:175346.3(99.86%),P:1e-7
0.100	0.700	0.100	0.100
0.100	0.100	0.700	0.100
0.100	0.100	0.100	0.700
0.100	0.100	0.700	0.100
0.100	0.700	0.100	0.100
0.100	0.100	0.700	0.100
0.100	0.100	0.100	0.700
0.100	0.100	0.700	0.100
0.100	0.100	0.100	0.700
0.100	0.100	0.700	0.100
0.100	0.100	0.100	0.700
0.100	0.100	0.700	0.100
>CACACGCACACA	20-CACACGCACACA	0.000000	-17.533980	0	T:15430.0(99.99%),B:175349.3(99.86%),P:1e-7
0.100	0.700	0.100	0.100
0.700	0.100	0.100	0.100
0.100	0.700	0.100	0.100
0.700	0.100	0.100	0.100
0.100	0.700	0.100	0.100
0.100	0.100	0.700	0.100
0.100	0.700	0.100	0.100
0.700	0.100	0.100	0.100
0.100	0.700	0.100	0.100
0.700	0.100	0.100	0.100
0.100	0.700	0.100	0.100
0.700	0.100	0.100	0.100
>CCTTCCTCCTCC	21-CCTTCCTCCTCC	0.000000	-5.544035	0	T:15430.0(99.99%),B:175502.9(99.95%),P:1e-2
0.100	0.700	0.100	0.100
0.100	0.700	0.100	0.100
0.100	0.100	0.100	0.700
0.100	0.100	0.100	0.700
0.100	0.700	0.100	0.100
0.100	0.700	0.100	0.100
0.100	0.100	0.100	0.700
0.100	0.700	0.100	0.100
0.100	0.700	0.100	0.100
0.100	0.100	0.100	0.700
0.100	0.700	0.100	0.100
0.100	0.700	0.100	0.100
>TCTCCCTCCTCC	22-TCTCCCTCCTCC	0.000000	-5.395038	0	T:15430.0(99.99%),B:175504.9(99.95%),P:1e-2
0.100	0.100	0.100	0.700
0.100	0.700	0.100	0.100
0.100	0.100	0.100	0.700
0.100	0.700	0.100	0.100
0.100	0.700	0.100	0.100
0.100	0.700	0.100	0.100
0.100	0.100	0.100	0.700
0.100	0.700	0.100	0.100
0.100	0.700	0.100	0.100
0.100	0.100	0.100	0.700
0.100	0.700	0.100	0.100
0.100	0.700	0.100	0.100
>SYNCCWBKSCAG	23-SYNCCWBKSCAG	-2.921913	-0.084230	0	T:15431.0(100.00%),B:175592.9(100.00%),P:1e0	Tpos:125.4,Tstd:102.2,Bpos:3195.3,Bstd:11834.4,StrandBias:-0.0,Multiplicity:1.56
0.098	0.385	0.329	0.188
0.121	0.344	0.115	0.420
0.246	0.267	0.278	0.208
0.222	0.452	0.283	0.044
0.240	0.503	0.242	0.015
0.405	0.029	0.193	0.373
0.043	0.285	0.371	0.301
0.224	0.043	0.416	0.316
0.014	0.467	0.505	0.014
0.014	0.971	0.014	0.001
0.782	0.001	0.014	0.203
0.014	0.029	0.943	0.014
>NNNNNNNNNNNN	24-NNNNNNNNNNNN	-nan	0.000000	0	T:0.0(0.00%),B:0.0(0.00%),P:1e0	Tpos:0.0,Tstd:0.0,Bpos:0.0,Bstd:0.0,StrandBias:0.0,Multiplicity:1.00
-nan	-nan	-nan	-nan
-nan	-nan	-nan	-nan
-nan	-nan	-nan	-nan
-nan	-nan	-nan	-nan
-nan	-nan	-nan	-nan
-nan	-nan	-nan	-nan
-nan	-nan	-nan	-nan
-nan	-nan	-nan	-nan
-nan	-nan	-nan	-nan
-nan	-nan	-nan	-nan
-nan	-nan	-nan	-nan
-nan	-nan	-nan	-nan
>CGTGCACACACA	25-CGTGCACACACA	-10.995490	0.000000	0	T:15431.0(100.00%),B:175593.7(100.00%),P:1e0	Tpos:124.3,Tstd:103.5,Bpos:5077.8,Bstd:13560.4,StrandBias:0.0,Multiplicity:1.28
0.100	0.700	0.100	0.100
0.100	0.100	0.700	0.100
0.100	0.100	0.100	0.700
0.100	0.100	0.700	0.100
0.100	0.700	0.100	0.100
0.700	0.100	0.100	0.100
0.100	0.700	0.100	0.100
0.700	0.100	0.100	0.100
0.100	0.700	0.100	0.100
0.700	0.100	0.100	0.100
0.100	0.700	0.100	0.100
0.700	0.100	0.100	0.100
>GTGAGGCA	1-GTGAGGCA	-3.111076	-911.785265	0	T:14886.0(96.47%),B:150921.5(85.95%),P:1e-395	Tpos:123.1,Tstd:98.7,Bpos:3048.0,Bstd:10987.0,StrandBias:-0.0,Multiplicity:1.74
0.024	0.010	0.965	0.001
0.253	0.001	0.033	0.713
0.001	0.001	0.997	0.001
0.997	0.001	0.001	0.001
0.001	0.001	0.997	0.001
0.001	0.001	0.997	0.001
0.001	0.997	0.001	0.001
0.997	0.001	0.001	0.001
>AGGGGAGG	2-AGGGGAGG	3.835722	-838.885676	0	T:14200.0(92.02%),B:139909.7(79.68%),P:1e-364	Tpos:129.3,Tstd:104.5,Bpos:1517.0,Bstd:5656.0,StrandBias:0.0,Multiplicity:1.69
0.492	0.083	0.246	0.178
0.113	0.076	0.734	0.077
0.177	0.101	0.606	0.116
0.130	0.139	0.519	0.212
0.164	0.084	0.672	0.080
0.508	0.073	0.328	0.091
0.183	0.035	0.671	0.111
0.085	0.053	0.797	0.065
>GAGGCAGG	3-GAGGCAGG	4.345134	-810.535881	0	T:15007.0(97.25%),B:154755.7(88.13%),P:1e-352	Tpos:128.4,Tstd:101.8,Bpos:1490.6,Bstd:5473.0,StrandBias:0.0,Multiplicity:4.20
0.100	0.100	0.700	0.100
0.700	0.100	0.100	0.100
0.100	0.100	0.700	0.100
0.100	0.100	0.700	0.100
0.100	0.700	0.100	0.100
0.700	0.100	0.100	0.100
0.100	0.100	0.700	0.100
0.100	0.100	0.700	0.100
>CYCWRRMH	4-CYCWRRMH	-0.366152	-671.736146	0	T:15238.0(98.75%),B:161714.5(92.10%),P:1e-291	Tpos:123.0,Tstd:99.1,Bpos:4182.5,Bstd:13707.4,StrandBias:-0.0,Multiplicity:1.57
0.001	0.997	0.001	0.001
0.205	0.405	0.001	0.389
0.001	0.997	0.001	0.001
0.494	0.001	0.001	0.504
0.427	0.001	0.327	0.245
0.350	0.114	0.342	0.193
0.489	0.509	0.001	0.001
0.249	0.365	0.001	0.385
>GGGGGGGG	5-GGGGGGGG	3.166972	-624.110222	0	T:14866.0(96.34%),B:154722.2(88.11%),P:1e-271	Tpos:126.6,Tstd:102.2,Bpos:2118.7,Bstd:7921.9,StrandBias:0.0,Multiplicity:1.55
0.190	0.184	0.422	0.204
0.293	0.017	0.455	0.235
0.203	0.110	0.607	0.080
0.235	0.029	0.536	0.200
0.261	0.001	0.460	0.278
0.035	0.001	0.790	0.174
0.239	0.076	0.440	0.245
0.271	0.115	0.498	0.116
>CCTCAGGG	6-CCTCAGGG	3.535052	-593.304631	0	T:14016.0(90.83%),B:141212.8(80.42%),P:1e-257	Tpos:124.3,Tstd:99.3,Bpos:3136.1,Bstd:11530.3,StrandBias:-0.0,Multiplicity:1.58
0.274	0.573	0.001	0.152
0.067	0.898	0.034	0.001
0.321	0.199	0.001	0.480
0.103	0.571	0.287	0.039
0.699	0.001	0.007	0.293
0.070	0.001	0.838	0.091
0.241	0.001	0.591	0.167
0.001	0.236	0.695	0.068
>GSADGTGT	7-GSADGTGT	4.056718	-578.219417	0	T:11607.0(75.22%),B:108605.7(61.85%),P:1e-251	Tpos:122.6,Tstd:96.6,Bpos:3631.4,Bstd:13089.7,StrandBias:0.0,Multiplicity:1.69
0.251	0.086	0.468	0.195
0.097	0.346	0.440	0.117
0.540	0.040	0.307	0.113
0.284	0.106	0.256	0.354
0.099	0.052	0.840	0.009
0.027	0.070	0.081	0.822
0.062	0.035	0.864	0.039
0.131	0.057	0.069	0.743
>RSCWGNCY	8-RSCWGNCY	3.673096	-556.445756	0	T:14887.0(96.47%),B:156161.9(88.93%),P:1e-241	Tpos:121.8,Tstd:98.5,Bpos:2727.7,Bstd:9250.0,StrandBias:0.0,Multiplicity:1.63
0.340	0.001	0.419	0.240
0.107	0.429	0.462	0.001
0.311	0.486	0.058	0.146
0.541	0.001	0.001	0.457
0.001	0.001	0.679	0.319
0.213	0.290	0.270	0.227
0.063	0.847	0.001	0.089
0.249	0.336	0.001	0.414
>CCCCCCHY	9-CCCCCCHY	2.696033	-497.863182	0	T:15320.0(99.28%),B:166033.7(94.56%),P:1e-216	Tpos:125.1,Tstd:100.3,Bpos:3643.6,Bstd:13030.5,StrandBias:-0.1,Multiplicity:1.56
0.175	0.545	0.059	0.221
0.231	0.498	0.022	0.248
0.230	0.494	0.062	0.215
0.001	0.795	0.001	0.203
0.147	0.509	0.001	0.343
0.238	0.512	0.001	0.249
0.239	0.355	0.170	0.236
0.219	0.381	0.142	0.258
>WGDGKCCY	10-WGDGKCCY	3.639135	-451.487577	0	T:14598.0(94.60%),B:152961.0(87.11%),P:1e-196	Tpos:124.3,Tstd:100.1,Bpos:2963.9,Bstd:10614.5,StrandBias:-0.0,Multiplicity:1.54
0.443	0.001	0.144	0.413
0.033	0.294	0.672	0.001
0.390	0.001	0.258	0.351
0.051	0.001	0.661	0.287
0.195	0.130	0.359	0.316
0.016	0.616	0.192	0.176
0.015	0.649	0.001	0.335
0.172	0.468	0.040	0.320
>GNHHHWDN	11-GNHHHWDN	2.609645	-389.550665	0	T:15282.0(99.03%),B:166566.1(94.86%),P:1e-169	Tpos:125.2,Tstd:101.0,Bpos:4640.7,Bstd:12121.0,StrandBias:0.0,Multiplicity:1.74
0.001	0.001	0.997	0.001
0.217	0.238	0.301	0.244
0.386	0.280	0.022	0.312
0.326	0.393	0.001	0.280
0.380	0.283	0.001	0.336
0.438	0.001	0.041	0.520
0.385	0.001	0.246	0.368
0.233	0.206	0.268	0.293
>YHTGSTGC	12-YHTGSTGC	3.127099	-360.033989	0	T:15119.0(97.98%),B:163621.1(93.18%),P:1e-156	Tpos:122.9,Tstd:98.1,Bpos:3303.8,Bstd:11454.5,StrandBias:-0.0,Multiplicity:1.50
0.199	0.361	0.163	0.277
0.256	0.323	0.165	0.256
0.033	0.001	0.001	0.965
0.090	0.142	0.510	0.258
0.157	0.383	0.278	0.182
0.366	0.001	0.001	0.632
0.109	0.272	0.469	0.150
0.212	0.371	0.212	0.204
>SWGCTHWG	13-SWGCTHWG	2.623001	-284.695392	0	T:15166.0(98.28%),B:165737.8(94.39%),P:1e-123	Tpos:120.9,Tstd:98.3,Bpos:4894.7,Bstd:14023.0,StrandBias:0.0,Multiplicity:1.71
0.183	0.346	0.326	0.144
0.554	0.001	0.001	0.444
0.173	0.001	0.615	0.211
0.196	0.550	0.001	0.253
0.290	0.225	0.001	0.484
0.265	0.364	0.121	0.250
0.525	0.001	0.001	0.473
0.069	0.233	0.621	0.077
>DGCAGGTG	14-DGCAGGTG	0.376354	-236.192650	0	T:11229.0(72.77%),B:112892.0(64.29%),P:1e-102	Tpos:124.5,Tstd:98.5,Bpos:1690.2,Bstd:6582.7,StrandBias:0.0,Multiplicity:1.66
0.290	0.001	0.403	0.306
0.001	0.001	0.997	0.001
0.001	0.997	0.001	0.001
0.997	0.001	0.001	0.001
0.056	0.001	0.942	0.001
0.001	0.001	0.997	0.001
0.001	0.001	0.001	0.997
0.001	0.001	0.997	0.001
>ACACACAC	15-ACACACAC	1.469613	-235.882963	0	T:9132.0(59.18%),B:88084.4(50.16%),P:1e-102	Tpos:124.4,Tstd:95.7,Bpos:2283.8,Bstd:8141.3,StrandBias:-0.1,Multiplicity:1.84
0.856	0.029	0.088	0.027
0.001	0.967	0.016	0.016
0.924	0.016	0.036	0.024
0.001	0.977	0.001	0.021
0.944	0.018	0.037	0.001
0.001	0.967	0.001	0.031
0.914	0.001	0.066	0.019
0.001	0.946	0.001	0.052
>AARGAAAA	16-AARGAAAA	-16.552685	-143.289295	0	T:15420.0(99.93%),B:173436.9(98.77%),P:1e-62	Tpos:124.4,Tstd:102.1,Bpos:5599.6,Bstd:14396.5,StrandBias:-0.0,Multiplicity:1.75
0.997	0.001	0.001	0.001
0.997	0.001	0.001	0.001
0.366	0.001	0.511	0.122
0.001	0.001	0.997	0.001
0.706	0.001	0.001	0.292
0.997	0.001	0.001	0.001
0.997	0.001	0.001	0.001
0.997	0.001	0.001	0.001
>TTGMWTAY	17-TTGMWTAY	6.903577	-1.917911	0	T:180.0(1.17%),B:1882.0(1.07%),P:1e0	Tpos:106.3,Tstd:63.6,Bpos:8841.2,Bstd:14539.5,StrandBias:-10.0,Multiplicity:1.00
0.001	0.237	0.235	0.527
0.001	0.001	0.072	0.926
0.237	0.300	0.462	0.001
0.316	0.457	0.227	0.001
0.529	0.001	0.008	0.462
0.310	0.001	0.001	0.688
0.983	0.015	0.001	0.001
0.001	0.462	0.066	0.472
>TKMCGWAC	18-TKMCGWAC	7.105112	-1.156205	0	T:28.0(0.18%),B:286.0(0.16%),P:1e0	Tpos:299.0,Tstd:0.0,Bpos:239.0,Bstd:298.9,StrandBias:10.0,Multiplicity:1.00
0.001	0.001	0.001	0.997
0.046	0.001	0.499	0.454
0.454	0.309	0.001	0.235
0.272	0.500	0.227	0.001
0.227	0.006	0.492	0.274
0.492	0.001	0.047	0.460
0.997	0.001	0.001	0.001
0.038	0.682	0.052	0.228
>ACGTGACC	19-ACGTGACC	0.453314	-0.084230	0	T:15431.0(100.00%),B:175592.7(100.00%),P:1e0	Tpos:136.7,Tstd:106.4,Bpos:691.2,Bstd:3775.0,StrandBias:0.0,Multiplicity:3.19
0.700	0.100	0.100	0.100
0.100	0.700	0.100	0.100
0.100	0.100	0.700	0.100
0.100	0.100	0.100	0.700
0.100	0.100	0.700	0.100
0.700	0.100	0.100	0.100
0.100	0.700	0.100	0.100
0.100	0.700	0.100	0.100
>TTCCDTAB	20-TTCCDTAB	6.952060	-0.031551	0	T:41.0(0.27%),B:617.2(0.35%),P:1e0	Tpos:80.0,Tstd:0.0,Bpos:1140.6,Bstd:1590.9,StrandBias:10.0,Multiplicity:1.00
0.322	0.001	0.001	0.676
0.001	0.001	0.066	0.932
0.345	0.632	0.001	0.022
0.382	0.611	0.001	0.006
0.339	0.008	0.316	0.338
0.089	0.294	0.001	0.616
0.910	0.088	0.001	0.001
0.022	0.345	0.316	0.317
>GTGMAWAW	21-GTGMAWAW	8.989884	-0.000000	0	T:398.0(2.58%),B:5862.1(3.34%),P:1e0	Tpos:139.2,Tstd:186.6,Bpos:3822.3,Bstd:6535.1,StrandBias:-1.6,Multiplicity:1.00
0.001	0.001	0.997	0.001
0.001	0.001	0.001	0.997
0.001	0.001	0.997	0.001
0.499	0.499	0.001	0.001
0.997	0.001	0.001	0.001
0.499	0.001	0.001	0.499
0.997	0.001	0.001	0.001
0.499	0.001	0.001	0.499
>KTTTKGAA	22-KTTTKGAA	6.014096	-0.000000	0	T:218.0(1.41%),B:5197.6(2.96%),P:1e0	Tpos:179.4,Tstd:151.5,Bpos:3435.0,Bstd:4662.9,StrandBias:-2.0,Multiplicity:1.00
0.208	0.146	0.278	0.368
0.213	0.070	0.283	0.434
0.213	0.214	0.001	0.572
0.283	0.144	0.001	0.572
0.010	0.001	0.562	0.427
0.001	0.139	0.791	0.069
0.642	0.213	0.001	0.144
0.642	0.075	0.144	0.139
>WTNWACMG	23-WTNWACMG	5.314722	-0.000000	0	T:729.0(4.72%),B:11185.0(6.37%),P:1e0	Tpos:140.2,Tstd:103.2,Bpos:6752.4,Bstd:17182.6,StrandBias:1.6,Multiplicity:1.00
0.517	0.001	0.007	0.475
0.001	0.001	0.001	0.997
0.293	0.227	0.248	0.231
0.495	0.001	0.001	0.503
0.475	0.045	0.228	0.252
0.227	0.503	0.001	0.269
0.517	0.481	0.001	0.001
0.252	0.289	0.458	0.001
>NSCGCCGR	24-NSCGCCGR	-14.271757	0.000000	0	T:15431.0(100.00%),B:175593.7(100.00%),P:1e0	Tpos:128.5,Tstd:104.2,Bpos:1466.1,Bstd:6742.8,StrandBias:0.0,Multiplicity:1.53
0.277	0.304	0.231	0.187
0.169	0.446	0.384	0.001
0.001	0.997	0.001	0.001
0.294	0.001	0.498	0.206
0.001	0.676	0.322	0.001
0.001	0.580	0.001	0.418
0.001	0.001	0.997	0.001
0.267	0.215	0.411	0.107
>NNNNNNNN	25-NNNNNNNN	-nan	0.000000	0	T:0.0(0.00%),B:0.0(0.00%),P:1e0	Tpos:0.0,Tstd:0.0,Bpos:0.0,Bstd:0.0,StrandBias:0.0,Multiplicity:1.00
-nan	-nan	-nan	-nan
-nan	-nan	-nan	-nan
-nan	-nan	-nan	-nan
-nan	-nan	-nan	-nan
-nan	-nan	-nan	-nan
-nan	-nan	-nan	-nan
-nan	-nan	-nan	-nan
-nan	-nan	-nan	-nan
