>BNVACTTCCY	1-BNVACTTCCY	4.187630	-1117.846592	0	T:12597.0(81.63%),B:111746.0(63.64%),P:1e-485	Tpos:126.3,Tstd:102.1,Bpos:2658.4,Bstd:9138.0,StrandBias:-0.1,Multiplicity:1.64
0.157	0.204	0.333	0.305
0.182	0.238	0.287	0.293
0.212	0.354	0.268	0.166
0.489	0.207	0.213	0.091
0.026	0.684	0.037	0.253
0.087	0.041	0.011	0.861
0.008	0.040	0.026	0.926
0.001	0.754	0.058	0.187
0.049	0.939	0.001	0.011
0.050	0.451	0.045	0.454
>TTCCCHRGNN	2-TTCCCHRGNN	0.607655	-890.494975	0	T:12971.0(84.06%),B:120669.1(68.72%),P:1e-386	Tpos:127.2,Tstd:100.9,Bpos:2318.4,Bstd:8703.4,StrandBias:-0.0,Multiplicity:1.55
0.001	0.001	0.001	0.997
0.001	0.001	0.001	0.997
0.001	0.997	0.001	0.001
0.001	0.997	0.001	0.001
0.001	0.686	0.001	0.312
0.253	0.304	0.137	0.305
0.434	0.112	0.453	0.001
0.223	0.167	0.412	0.198
0.216	0.204	0.337	0.243
0.202	0.312	0.271	0.216
>RRRDGAGRRR	3-RRRDGAGRRR	4.015027	-829.464994	0	T:13324.0(86.35%),B:126741.1(72.18%),P:1e-360	Tpos:128.0,Tstd:104.0,Bpos:2162.8,Bstd:7828.5,StrandBias:0.0,Multiplicity:1.63
0.401	0.126	0.334	0.140
0.438	0.045	0.373	0.144
0.391	0.153	0.401	0.055
0.348	0.005	0.392	0.256
0.001	0.282	0.682	0.035
0.487	0.001	0.302	0.210
0.001	0.211	0.787	0.001
0.420	0.087	0.287	0.206
0.315	0.155	0.390	0.141
0.367	0.118	0.326	0.189
>VTSHCWCMYB	4-VTSHCWCMYB	3.984963	-779.791930	0	T:13981.0(90.60%),B:137404.5(78.25%),P:1e-338	Tpos:123.6,Tstd:99.3,Bpos:2256.1,Bstd:8065.9,StrandBias:-0.0,Multiplicity:1.60
0.259	0.383	0.238	0.120
0.333	0.124	0.002	0.541
0.082	0.415	0.465	0.038
0.260	0.403	0.020	0.317
0.103	0.788	0.083	0.026
0.435	0.191	0.001	0.373
0.001	0.663	0.127	0.209
0.307	0.431	0.002	0.260
0.151	0.341	0.105	0.403
0.144	0.318	0.218	0.320
>GAAAGAAGGA	5-GAAAGAAGGA	-4.931992	-758.476308	0	T:12586.0(81.56%),B:117736.3(67.05%),P:1e-329	Tpos:124.1,Tstd:99.6,Bpos:3302.0,Bstd:10328.8,StrandBias:0.0,Multiplicity:1.62
0.040	0.001	0.958	0.001
0.991	0.005	0.003	0.001
0.996	0.001	0.002	0.001
0.947	0.001	0.051	0.001
0.006	0.001	0.992	0.001
0.779	0.040	0.051	0.130
0.997	0.001	0.001	0.001
0.001	0.001	0.958	0.040
0.001	0.001	0.997	0.001
0.975	0.003	0.020	0.002
>AAGRGGAAGT	6-AAGRGGAAGT	3.502397	-744.273649	0	T:10157.0(65.82%),B:87477.6(49.82%),P:1e-323	Tpos:126.1,Tstd:98.1,Bpos:3648.4,Bstd:12754.2,StrandBias:-0.0,Multiplicity:1.94
0.655	0.064	0.199	0.082
0.716	0.013	0.160	0.111
0.143	0.212	0.625	0.020
0.473	0.128	0.359	0.040
0.088	0.001	0.907	0.004
0.037	0.006	0.953	0.004
0.981	0.010	0.001	0.008
0.992	0.001	0.001	0.006
0.053	0.098	0.840	0.009
0.014	0.094	0.034	0.858
>ACTGAGTCAW	7-ACTGAGTCAW	3.184566	-517.691089	0	T:12665.0(82.08%),B:123645.1(70.42%),P:1e-224	Tpos:121.5,Tstd:95.8,Bpos:4581.8,Bstd:14313.1,StrandBias:-0.0,Multiplicity:1.68
0.503	0.187	0.144	0.166
0.127	0.581	0.200	0.092
0.096	0.089	0.067	0.748
0.092	0.092	0.744	0.072
0.653	0.122	0.124	0.101
0.150	0.111	0.555	0.184
0.113	0.115	0.158	0.614
0.131	0.556	0.128	0.185
0.549	0.223	0.120	0.108
0.409	0.071	0.085	0.434
>AATGCAAATT	8-AATGCAAATT	2.332501	-468.418558	0	T:13100.0(84.89%),B:130600.4(74.38%),P:1e-203	Tpos:118.2,Tstd:95.0,Bpos:6113.8,Bstd:15751.4,StrandBias:-0.0,Multiplicity:1.87
0.572	0.122	0.149	0.157
0.552	0.149	0.149	0.150
0.144	0.012	0.194	0.650
0.023	0.177	0.650	0.150
0.136	0.607	0.130	0.127
0.647	0.202	0.001	0.150
0.596	0.123	0.140	0.141
0.556	0.131	0.152	0.161
0.143	0.107	0.131	0.619
0.108	0.143	0.178	0.571
>ACAASCTSNC	9-ACAASCTSNC	2.876437	-439.676759	0	T:15251.0(98.83%),B:165158.5(94.06%),P:1e-190	Tpos:124.6,Tstd:99.9,Bpos:2048.2,Bstd:8240.9,StrandBias:-0.0,Multiplicity:1.52
0.740	0.079	0.093	0.088
0.138	0.404	0.219	0.239
0.461	0.195	0.114	0.231
0.638	0.094	0.065	0.203
0.035	0.494	0.374	0.098
0.016	0.940	0.033	0.011
0.363	0.038	0.011	0.588
0.033	0.495	0.467	0.005
0.274	0.238	0.224	0.264
0.134	0.477	0.135	0.254
>YDYRCAYRTG	10-YDYRCAYRTG	3.733902	-263.137143	0	T:9295.0(60.24%),B:89057.2(50.72%),P:1e-114	Tpos:126.4,Tstd:97.4,Bpos:2168.6,Bstd:7540.2,StrandBias:0.0,Multiplicity:1.92
0.079	0.397	0.057	0.466
0.307	0.019	0.379	0.294
0.045	0.466	0.030	0.459
0.448	0.065	0.449	0.038
0.073	0.780	0.088	0.059
0.535	0.045	0.375	0.045
0.039	0.430	0.039	0.492
0.477	0.047	0.448	0.028
0.022	0.360	0.048	0.570
0.273	0.074	0.595	0.058
>TCAGTWTCWB	11-TCAGTWTCWB	0.723028	-260.879402	0	T:15417.0(99.91%),B:171881.1(97.89%),P:1e-113	Tpos:126.8,Tstd:101.2,Bpos:1855.9,Bstd:7097.2,StrandBias:-0.0,Multiplicity:1.63
0.001	0.001	0.163	0.835
0.059	0.793	0.074	0.074
0.457	0.001	0.263	0.280
0.001	0.147	0.851	0.001
0.001	0.361	0.080	0.558
0.405	0.236	0.045	0.314
0.044	0.060	0.045	0.851
0.001	0.688	0.179	0.132
0.515	0.001	0.045	0.439
0.118	0.237	0.289	0.356
>TTGCTGTGTG	12-TTGCTGTGTG	2.512553	-252.098350	0	T:15417.0(99.91%),B:171988.5(97.95%),P:1e-109	Tpos:126.9,Tstd:100.6,Bpos:2596.0,Bstd:10373.4,StrandBias:0.0,Multiplicity:2.77
0.100	0.100	0.100	0.700
0.100	0.100	0.100	0.700
0.100	0.100	0.700	0.100
0.100	0.700	0.100	0.100
0.100	0.100	0.100	0.700
0.100	0.100	0.700	0.100
0.100	0.100	0.100	0.700
0.100	0.100	0.700	0.100
0.100	0.100	0.100	0.700
0.100	0.100	0.700	0.100
>TTCCGCTTCC	13-TTCCGCTTCC	6.404373	-194.492625	0	T:5230.0(33.89%),B:46445.9(26.45%),P:1e-84	Tpos:119.7,Tstd:104.2,Bpos:426.2,Bstd:912.4,StrandBias:-1.0,Multiplicity:1.00
0.100	0.100	0.100	0.700
0.100	0.100	0.100	0.700
0.100	0.700	0.100	0.100
0.100	0.700	0.100	0.100
0.100	0.100	0.700	0.100
0.100	0.700	0.100	0.100
0.100	0.100	0.100	0.700
0.100	0.100	0.100	0.700
0.100	0.700	0.100	0.100
0.100	0.700	0.100	0.100
>GCAGGGCTGT	14-GCAGGGCTGT	2.512553	-141.130276	0	T:15424.0(99.95%),B:173606.5(98.87%),P:1e-61	Tpos:133.0,Tstd:107.2,Bpos:1058.4,Bstd:5083.2,StrandBias:0.0,Multiplicity:2.09
0.100	0.100	0.700	0.100
0.100	0.700	0.100	0.100
0.700	0.100	0.100	0.100
0.100	0.100	0.700	0.100
0.100	0.100	0.700	0.100
0.100	0.100	0.700	0.100
0.100	0.700	0.100	0.100
0.100	0.100	0.100	0.700
0.100	0.100	0.700	0.100
0.100	0.100	0.100	0.700
>TACAACTCCC	15-TACAACTCCC	10.296193	-45.609000	0	T:101.0(0.65%),B:356.7(0.20%),P:1e-19	Tpos:100.0,Tstd:0.0,Bpos:472.0,Bstd:0.0,StrandBias:-10.0,Multiplicity:1.00
0.100	0.100	0.100	0.700
0.700	0.100	0.100	0.100
0.100	0.700	0.100	0.100
0.700	0.100	0.100	0.100
0.700	0.100	0.100	0.100
0.100	0.700	0.100	0.100
0.100	0.100	0.100	0.700
0.100	0.700	0.100	0.100
0.100	0.700	0.100	0.100
0.100	0.700	0.100	0.100
>GYAAMTGCTB	16-GYAAMTGCTB	5.933437	-29.077944	0	T:4071.0(26.38%),B:41721.3(23.76%),P:1e-12	Tpos:106.5,Tstd:69.9,Bpos:1979.7,Bstd:5443.0,StrandBias:0.3,Multiplicity:1.00
0.369	0.001	0.629	0.001
0.001	0.401	0.185	0.413
0.628	0.001	0.185	0.186
0.773	0.221	0.005	0.001
0.566	0.432	0.001	0.001
0.217	0.216	0.001	0.566
0.031	0.185	0.599	0.185
0.001	0.968	0.001	0.030
0.001	0.400	0.001	0.598
0.001	0.371	0.381	0.247
>CACACACAGA	17-CACACACAGA	0.566642	-4.296330	0	T:15431.0(100.00%),B:175542.7(99.97%),P:1e-1	Tpos:152.2,Tstd:111.8,Bpos:18256.7,Bstd:38130.2,StrandBias:-0.3,Multiplicity:1.00
0.100	0.700	0.100	0.100
0.700	0.100	0.100	0.100
0.100	0.700	0.100	0.100
0.700	0.100	0.100	0.100
0.100	0.700	0.100	0.100
0.700	0.100	0.100	0.100
0.100	0.700	0.100	0.100
0.700	0.100	0.100	0.100
0.100	0.100	0.700	0.100
0.700	0.100	0.100	0.100
>CCCTTGGGGC	18-CCCTTGGGGC	0.566642	-1.288910	0	T:15428.0(99.98%),B:175536.4(99.97%),P:1e0	Tpos:131.8,Tstd:103.9,Bpos:1123.0,Bstd:4915.4,StrandBias:0.0,Multiplicity:1.93
0.100	0.700	0.100	0.100
0.100	0.700	0.100	0.100
0.100	0.700	0.100	0.100
0.100	0.100	0.100	0.700
0.100	0.100	0.100	0.700
0.100	0.100	0.700	0.100
0.100	0.100	0.700	0.100
0.100	0.100	0.700	0.100
0.100	0.100	0.700	0.100
0.100	0.700	0.100	0.100
>TTCCAAGCAG	19-TTCCAAGCAG	13.832898	-0.422172	0	T:13.0(0.08%),B:161.9(0.09%),P:1e0	Tpos:81.0,Tstd:0.0,Bpos:0.0,Bstd:0.0,StrandBias:-10.0,Multiplicity:1.00
0.001	0.001	0.001	0.997
0.001	0.001	0.001	0.997
0.001	0.997	0.001	0.001
0.001	0.997	0.001	0.001
0.997	0.001	0.001	0.001
0.997	0.001	0.001	0.001
0.001	0.001	0.997	0.001
0.001	0.997	0.001	0.001
0.997	0.001	0.001	0.001
0.001	0.001	0.997	0.001
>GCAAAGGCCT	20-GCAAAGGCCT	13.832898	-0.299102	0	T:17.0(0.11%),B:222.3(0.13%),P:1e0	Tpos:258.0,Tstd:0.0,Bpos:496.0,Bstd:0.0,StrandBias:10.0,Multiplicity:1.00
0.001	0.001	0.997	0.001
0.001	0.997	0.001	0.001
0.997	0.001	0.001	0.001
0.997	0.001	0.001	0.001
0.997	0.001	0.001	0.001
0.001	0.001	0.997	0.001
0.001	0.001	0.997	0.001
0.001	0.997	0.001	0.001
0.001	0.997	0.001	0.001
0.001	0.001	0.001	0.997
>ACACGGGTAG	21-ACACGGGTAG	13.832898	-0.223996	0	T:2.0(0.01%),B:35.0(0.02%),P:1e0	Tpos:412.0,Tstd:0.0,Bpos:0.0,Bstd:0.0,StrandBias:10.0,Multiplicity:1.00
0.997	0.001	0.001	0.001
0.001	0.997	0.001	0.001
0.997	0.001	0.001	0.001
0.001	0.997	0.001	0.001
0.001	0.001	0.997	0.001
0.001	0.001	0.997	0.001
0.001	0.001	0.997	0.001
0.001	0.001	0.001	0.997
0.997	0.001	0.001	0.001
0.001	0.001	0.997	0.001
>AAATGCAAAT	22-AAATGCAAAT	6.404373	-0.140539	0	T:1782.0(11.55%),B:20805.1(11.85%),P:1e0	Tpos:91.5,Tstd:39.5,Bpos:5433.5,Bstd:8130.8,StrandBias:-10.0,Multiplicity:1.00
0.700	0.100	0.100	0.100
0.700	0.100	0.100	0.100
0.700	0.100	0.100	0.100
0.100	0.100	0.100	0.700
0.100	0.100	0.700	0.100
0.100	0.700	0.100	0.100
0.700	0.100	0.100	0.100
0.700	0.100	0.100	0.100
0.700	0.100	0.100	0.100
0.100	0.100	0.100	0.700
>GCAAACACWG	23-GCAAACACWG	9.107054	-0.000030	0	T:125.0(0.81%),B:2012.7(1.15%),P:1e0	Tpos:73.4,Tstd:57.0,Bpos:2240.1,Bstd:2682.1,StrandBias:-2.0,Multiplicity:1.00
0.153	0.171	0.541	0.135
0.270	0.594	0.001	0.135
0.576	0.288	0.135	0.001
0.846	0.001	0.018	0.135
0.864	0.001	0.134	0.001
0.001	0.997	0.001	0.001
0.997	0.001	0.001	0.001
0.001	0.729	0.135	0.135
0.441	0.001	0.001	0.557
0.001	0.135	0.693	0.171
>NNNNNNNNNN	24-NNNNNNNNNN	-nan	0.000000	0	T:0.0(0.00%),B:0.0(0.00%),P:1e0	Tpos:0.0,Tstd:0.0,Bpos:0.0,Bstd:0.0,StrandBias:0.0,Multiplicity:1.00
-nan	-nan	-nan	-nan
-nan	-nan	-nan	-nan
-nan	-nan	-nan	-nan
-nan	-nan	-nan	-nan
-nan	-nan	-nan	-nan
-nan	-nan	-nan	-nan
-nan	-nan	-nan	-nan
-nan	-nan	-nan	-nan
-nan	-nan	-nan	-nan
-nan	-nan	-nan	-nan
>CGCGCACACA	25-CGCGCACACA	-3.325178	0.000000	0	T:15431.0(100.00%),B:175593.7(100.00%),P:1e0	Tpos:125.9,Tstd:105.2,Bpos:3710.3,Bstd:12642.5,StrandBias:-0.0,Multiplicity:1.53
0.100	0.700	0.100	0.100
0.100	0.100	0.700	0.100
0.100	0.700	0.100	0.100
0.100	0.100	0.700	0.100
0.100	0.700	0.100	0.100
0.700	0.100	0.100	0.100
0.100	0.700	0.100	0.100
0.700	0.100	0.100	0.100
0.100	0.700	0.100	0.100
0.700	0.100	0.100	0.100
