>AAAGAGGAAGTG	1-AAAGAGGAAGTG	4.149155	-964.098029	0	T:10752.0(69.68%),B:90607.7(51.60%),P:1e-418	Tpos:124.4,Tstd:96.2,Bpos:2730.9,Bstd:9359.8,StrandBias:0.0,Multiplicity:1.94
0.525	0.084	0.214	0.177
0.549	0.112	0.233	0.106
0.575	0.049	0.188	0.188
0.176	0.202	0.549	0.073
0.538	0.064	0.348	0.050
0.061	0.008	0.925	0.006
0.001	0.007	0.991	0.001
0.902	0.053	0.001	0.044
0.897	0.040	0.003	0.060
0.084	0.112	0.798	0.006
0.046	0.095	0.080	0.779
0.255	0.162	0.462	0.121
>GAGAGAGAGAGR	2-GAGAGAGAGAGR	-0.519408	-932.139482	0	T:13580.0(88.00%),B:128778.3(73.34%),P:1e-404	Tpos:127.3,Tstd:104.2,Bpos:2279.9,Bstd:8388.0,StrandBias:0.1,Multiplicity:1.64
0.207	0.243	0.452	0.098
0.813	0.001	0.185	0.001
0.001	0.001	0.997	0.001
0.656	0.001	0.342	0.001
0.028	0.026	0.945	0.001
0.882	0.001	0.116	0.001
0.124	0.001	0.874	0.001
0.686	0.001	0.312	0.001
0.153	0.001	0.845	0.001
0.656	0.001	0.295	0.048
0.021	0.039	0.939	0.001
0.370	0.129	0.452	0.049
>YCTCTSTCTCTC	3-YCTCTSTCTCTC	2.524548	-906.979105	0	T:14901.0(96.57%),B:151284.4(86.16%),P:1e-393	Tpos:124.2,Tstd:99.0,Bpos:3302.0,Bstd:11610.3,StrandBias:-0.1,Multiplicity:1.63
0.057	0.402	0.207	0.334
0.040	0.844	0.024	0.092
0.059	0.035	0.034	0.872
0.048	0.688	0.240	0.024
0.253	0.084	0.113	0.550
0.129	0.457	0.402	0.011
0.087	0.056	0.189	0.668
0.080	0.694	0.131	0.095
0.123	0.113	0.163	0.601
0.008	0.790	0.097	0.105
0.097	0.032	0.016	0.855
0.024	0.481	0.325	0.169
>YCTCWSCWGYCC	4-YCTCWSCWGYCC	3.662820	-674.674796	0	T:15016.0(97.31%),B:156851.7(89.33%),P:1e-293	Tpos:122.9,Tstd:98.3,Bpos:2355.6,Bstd:7634.4,StrandBias:-0.1,Multiplicity:1.58
0.112	0.397	0.122	0.369
0.190	0.559	0.162	0.089
0.122	0.280	0.002	0.596
0.094	0.605	0.182	0.119
0.488	0.123	0.001	0.389
0.044	0.337	0.408	0.211
0.067	0.788	0.105	0.040
0.467	0.016	0.009	0.508
0.027	0.336	0.506	0.131
0.138	0.390	0.076	0.397
0.215	0.510	0.199	0.076
0.234	0.500	0.051	0.215
>CGCGCACACACA	5-CGCGCACACACA	2.625881	-582.544707	0	T:15091.0(97.80%),B:159699.8(90.95%),P:1e-252	Tpos:130.7,Tstd:102.3,Bpos:1542.5,Bstd:6714.5,StrandBias:-0.0,Multiplicity:2.69
0.100	0.700	0.100	0.100
0.100	0.100	0.700	0.100
0.100	0.700	0.100	0.100
0.100	0.100	0.700	0.100
0.100	0.700	0.100	0.100
0.700	0.100	0.100	0.100
0.100	0.700	0.100	0.100
0.700	0.100	0.100	0.100
0.100	0.700	0.100	0.100
0.700	0.100	0.100	0.100
0.100	0.700	0.100	0.100
0.700	0.100	0.100	0.100
>GTGGGGGAGGGG	6-GTGGGGGAGGGG	2.625881	-372.341438	0	T:15348.0(99.46%),B:168410.9(95.91%),P:1e-161	Tpos:133.7,Tstd:108.7,Bpos:1403.4,Bstd:7269.4,StrandBias:0.0,Multiplicity:1.88
0.100	0.100	0.700	0.100
0.100	0.100	0.100	0.700
0.100	0.100	0.700	0.100
0.100	0.100	0.700	0.100
0.100	0.100	0.700	0.100
0.100	0.100	0.700	0.100
0.100	0.100	0.700	0.100
0.700	0.100	0.100	0.100
0.100	0.100	0.700	0.100
0.100	0.100	0.700	0.100
0.100	0.100	0.700	0.100
0.100	0.100	0.700	0.100
>CCACCAGGTGGC	7-CCACCAGGTGGC	3.683799	-362.160933	0	T:10005.0(64.84%),B:94385.3(53.75%),P:1e-157	Tpos:126.1,Tstd:99.7,Bpos:1734.6,Bstd:6718.0,StrandBias:-0.0,Multiplicity:1.60
0.160	0.554	0.155	0.131
0.058	0.940	0.001	0.001
0.594	0.337	0.033	0.036
0.106	0.536	0.149	0.209
0.029	0.672	0.052	0.247
0.593	0.001	0.024	0.382
0.147	0.011	0.694	0.148
0.169	0.090	0.738	0.003
0.001	0.046	0.215	0.738
0.002	0.001	0.996	0.001
0.095	0.026	0.747	0.132
0.088	0.780	0.009	0.123
>VACACACACACN	8-VACACACACACN	3.706002	-315.871386	0	T:11439.0(74.13%),B:113003.0(64.35%),P:1e-137	Tpos:126.2,Tstd:98.8,Bpos:2655.4,Bstd:9935.2,StrandBias:-0.0,Multiplicity:1.55
0.225	0.289	0.321	0.165
0.567	0.172	0.130	0.131
0.122	0.666	0.142	0.070
0.624	0.161	0.096	0.119
0.113	0.687	0.130	0.070
0.630	0.148	0.099	0.123
0.106	0.678	0.145	0.071
0.587	0.185	0.086	0.142
0.097	0.692	0.141	0.070
0.603	0.176	0.093	0.128
0.116	0.640	0.151	0.093
0.304	0.279	0.201	0.217
>GCAGCTGCCAGG	9-GCAGCTGCCAGG	-10.271709	-244.069863	0	T:15357.0(99.52%),B:170370.0(97.03%),P:1e-105	Tpos:125.4,Tstd:100.7,Bpos:2299.0,Bstd:9582.6,StrandBias:0.0,Multiplicity:1.64
0.001	0.001	0.997	0.001
0.001	0.700	0.298	0.001
0.997	0.001	0.001	0.001
0.001	0.001	0.997	0.001
0.001	0.663	0.335	0.001
0.245	0.132	0.212	0.412
0.001	0.349	0.649	0.001
0.001	0.997	0.001	0.001
0.001	0.997	0.001	0.001
0.682	0.001	0.001	0.316
0.001	0.001	0.997	0.001
0.001	0.001	0.690	0.308
>CACACACACACA	10-CACACACACACA	1.568204	-229.870587	0	T:9079.0(58.84%),B:87681.0(49.93%),P:1e-99	Tpos:126.5,Tstd:96.9,Bpos:2211.6,Bstd:7719.9,StrandBias:-0.0,Multiplicity:1.83
0.038	0.680	0.030	0.252
0.644	0.001	0.284	0.071
0.016	0.638	0.010	0.336
0.587	0.006	0.304	0.103
0.001	0.800	0.019	0.180
0.618	0.017	0.328	0.037
0.001	0.797	0.046	0.156
0.622	0.001	0.376	0.001
0.001	0.746	0.033	0.220
0.607	0.001	0.373	0.019
0.001	0.831	0.001	0.167
0.616	0.020	0.290	0.074
>ACTACAAYTCCC	11-ACTACAAYTCCC	9.694215	-131.584558	0	T:485.0(3.14%),B:2304.3(1.31%),P:1e-57	Tpos:145.4,Tstd:106.9,Bpos:994.8,Bstd:4863.3,StrandBias:0.0,Multiplicity:1.20
0.953	0.029	0.017	0.001
0.001	0.955	0.010	0.034
0.045	0.334	0.001	0.620
0.637	0.086	0.131	0.146
0.001	0.981	0.001	0.017
0.649	0.077	0.066	0.208
0.443	0.197	0.081	0.279
0.119	0.328	0.182	0.371
0.024	0.333	0.120	0.523
0.164	0.603	0.202	0.031
0.001	0.975	0.023	0.001
0.068	0.930	0.001	0.001
>ATSMYTKSWKYT	12-ATSMYTKSWKYT	1.254845	-118.683836	0	T:15429.0(99.99%),B:174084.0(99.14%),P:1e-51	Tpos:119.2,Tstd:96.9,Bpos:5698.9,Bstd:14236.2,StrandBias:0.0,Multiplicity:1.83
0.462	0.164	0.252	0.122
0.098	0.054	0.137	0.711
0.073	0.420	0.440	0.067
0.488	0.404	0.068	0.040
0.063	0.428	0.034	0.475
0.115	0.058	0.118	0.709
0.064	0.028	0.457	0.450
0.088	0.467	0.388	0.058
0.392	0.160	0.018	0.429
0.062	0.209	0.320	0.409
0.081	0.378	0.066	0.474
0.213	0.194	0.202	0.391
>GCGCGCGCACAC	13-GCGCGCGCACAC	0.000000	-90.402664	0	T:15424.0(99.95%),B:174234.5(99.23%),P:1e-39
0.100	0.100	0.700	0.100
0.100	0.700	0.100	0.100
0.100	0.100	0.700	0.100
0.100	0.700	0.100	0.100
0.100	0.100	0.700	0.100
0.100	0.700	0.100	0.100
0.100	0.100	0.700	0.100
0.100	0.700	0.100	0.100
0.700	0.100	0.100	0.100
0.100	0.700	0.100	0.100
0.700	0.100	0.100	0.100
0.100	0.700	0.100	0.100
>CCATCCATCCAT	14-CCATCCATCCAT	0.000000	-51.212565	0	T:15431.0(100.00%),B:174986.6(99.65%),P:1e-22
0.100	0.700	0.100	0.100
0.100	0.700	0.100	0.100
0.700	0.100	0.100	0.100
0.100	0.100	0.100	0.700
0.100	0.700	0.100	0.100
0.100	0.700	0.100	0.100
0.700	0.100	0.100	0.100
0.100	0.100	0.100	0.700
0.100	0.700	0.100	0.100
0.100	0.700	0.100	0.100
0.700	0.100	0.100	0.100
0.100	0.100	0.100	0.700
>GTGTGTGAGTGT	15-GTGTGTGAGTGT	0.000000	-50.874528	0	T:15431.0(100.00%),B:174990.5(99.66%),P:1e-22
0.100	0.100	0.700	0.100
0.100	0.100	0.100	0.700
0.100	0.100	0.700	0.100
0.100	0.100	0.100	0.700
0.100	0.100	0.700	0.100
0.100	0.100	0.100	0.700
0.100	0.100	0.700	0.100
0.700	0.100	0.100	0.100
0.100	0.100	0.700	0.100
0.100	0.100	0.100	0.700
0.100	0.100	0.700	0.100
0.100	0.100	0.100	0.700
>TGCGCGCGTGTG	16-TGCGCGCGTGTG	0.000000	-36.303413	0	T:15430.0(99.99%),B:175119.7(99.73%),P:1e-15
0.100	0.100	0.100	0.700
0.100	0.100	0.700	0.100
0.100	0.700	0.100	0.100
0.100	0.100	0.700	0.100
0.100	0.700	0.100	0.100
0.100	0.100	0.700	0.100
0.100	0.700	0.100	0.100
0.100	0.100	0.700	0.100
0.100	0.100	0.100	0.700
0.100	0.100	0.700	0.100
0.100	0.100	0.100	0.700
0.100	0.100	0.700	0.100
>CTACATTTCCCA	17-CTACATTTCCCA	0.000000	-25.374101	0	T:15431.0(100.00%),B:175292.9(99.83%),P:1e-11
0.100	0.700	0.100	0.100
0.100	0.100	0.100	0.700
0.700	0.100	0.100	0.100
0.100	0.700	0.100	0.100
0.700	0.100	0.100	0.100
0.100	0.100	0.100	0.700
0.100	0.100	0.100	0.700
0.100	0.100	0.100	0.700
0.100	0.700	0.100	0.100
0.100	0.700	0.100	0.100
0.100	0.700	0.100	0.100
0.700	0.100	0.100	0.100
>TTCCCACATTCA	18-TTCCCACATTCA	0.000000	-22.141193	0	T:15430.0(99.99%),B:175292.5(99.83%),P:1e-9
0.100	0.100	0.100	0.700
0.100	0.100	0.100	0.700
0.100	0.700	0.100	0.100
0.100	0.700	0.100	0.100
0.100	0.700	0.100	0.100
0.700	0.100	0.100	0.100
0.100	0.700	0.100	0.100
0.700	0.100	0.100	0.100
0.100	0.100	0.100	0.700
0.100	0.100	0.100	0.700
0.100	0.700	0.100	0.100
0.700	0.100	0.100	0.100
>CGTGCGTGTGTG	19-CGTGCGTGTGTG	0.000000	-17.775360	0	T:15430.0(99.99%),B:175346.3(99.86%),P:1e-7
0.100	0.700	0.100	0.100
0.100	0.100	0.700	0.100
0.100	0.100	0.100	0.700
0.100	0.100	0.700	0.100
0.100	0.700	0.100	0.100
0.100	0.100	0.700	0.100
0.100	0.100	0.100	0.700
0.100	0.100	0.700	0.100
0.100	0.100	0.100	0.700
0.100	0.100	0.700	0.100
0.100	0.100	0.100	0.700
0.100	0.100	0.700	0.100
>CACACGCACACA	20-CACACGCACACA	0.000000	-17.533980	0	T:15430.0(99.99%),B:175349.3(99.86%),P:1e-7
0.100	0.700	0.100	0.100
0.700	0.100	0.100	0.100
0.100	0.700	0.100	0.100
0.700	0.100	0.100	0.100
0.100	0.700	0.100	0.100
0.100	0.100	0.700	0.100
0.100	0.700	0.100	0.100
0.700	0.100	0.100	0.100
0.100	0.700	0.100	0.100
0.700	0.100	0.100	0.100
0.100	0.700	0.100	0.100
0.700	0.100	0.100	0.100
>CCTTCCTCCTCC	21-CCTTCCTCCTCC	0.000000	-5.544035	0	T:15430.0(99.99%),B:175502.9(99.95%),P:1e-2
0.100	0.700	0.100	0.100
0.100	0.700	0.100	0.100
0.100	0.100	0.100	0.700
0.100	0.100	0.100	0.700
0.100	0.700	0.100	0.100
0.100	0.700	0.100	0.100
0.100	0.100	0.100	0.700
0.100	0.700	0.100	0.100
0.100	0.700	0.100	0.100
0.100	0.100	0.100	0.700
0.100	0.700	0.100	0.100
0.100	0.700	0.100	0.100
>TCTCCCTCCTCC	22-TCTCCCTCCTCC	0.000000	-5.395038	0	T:15430.0(99.99%),B:175504.9(99.95%),P:1e-2
0.100	0.100	0.100	0.700
0.100	0.700	0.100	0.100
0.100	0.100	0.100	0.700
0.100	0.700	0.100	0.100
0.100	0.700	0.100	0.100
0.100	0.700	0.100	0.100
0.100	0.100	0.100	0.700
0.100	0.700	0.100	0.100
0.100	0.700	0.100	0.100
0.100	0.100	0.100	0.700
0.100	0.700	0.100	0.100
0.100	0.700	0.100	0.100
>SYNCCWBKSCAG	23-SYNCCWBKSCAG	-2.921913	-0.084230	0	T:15431.0(100.00%),B:175592.9(100.00%),P:1e0	Tpos:125.4,Tstd:102.2,Bpos:3195.3,Bstd:11834.4,StrandBias:-0.0,Multiplicity:1.56
0.098	0.385	0.329	0.188
0.121	0.344	0.115	0.420
0.246	0.267	0.278	0.208
0.222	0.452	0.283	0.044
0.240	0.503	0.242	0.015
0.405	0.029	0.193	0.373
0.043	0.285	0.371	0.301
0.224	0.043	0.416	0.316
0.014	0.467	0.505	0.014
0.014	0.971	0.014	0.001
0.782	0.001	0.014	0.203
0.014	0.029	0.943	0.014
>NNNNNNNNNNNN	24-NNNNNNNNNNNN	-nan	0.000000	0	T:0.0(0.00%),B:0.0(0.00%),P:1e0	Tpos:0.0,Tstd:0.0,Bpos:0.0,Bstd:0.0,StrandBias:0.0,Multiplicity:1.00
-nan	-nan	-nan	-nan
-nan	-nan	-nan	-nan
-nan	-nan	-nan	-nan
-nan	-nan	-nan	-nan
-nan	-nan	-nan	-nan
-nan	-nan	-nan	-nan
-nan	-nan	-nan	-nan
-nan	-nan	-nan	-nan
-nan	-nan	-nan	-nan
-nan	-nan	-nan	-nan
-nan	-nan	-nan	-nan
-nan	-nan	-nan	-nan
>CGTGCACACACA	25-CGTGCACACACA	-10.995490	0.000000	0	T:15431.0(100.00%),B:175593.7(100.00%),P:1e0	Tpos:124.3,Tstd:103.5,Bpos:5077.8,Bstd:13560.4,StrandBias:0.0,Multiplicity:1.28
0.100	0.700	0.100	0.100
0.100	0.100	0.700	0.100
0.100	0.100	0.100	0.700
0.100	0.100	0.700	0.100
0.100	0.700	0.100	0.100
0.700	0.100	0.100	0.100
0.100	0.700	0.100	0.100
0.700	0.100	0.100	0.100
0.100	0.700	0.100	0.100
0.700	0.100	0.100	0.100
0.100	0.700	0.100	0.100
0.700	0.100	0.100	0.100
