>CTNKBCWGCCHG	23-CTNKBCWGCCHG,BestGuess:POL008.1_DCE_S_I/Jaspar(0.654)	-0.692854	-1.416329	0	T:13533.0(100.00%),B:232159.4(99.99%),P:1e0
0.001	0.650	0.322	0.027
0.267	0.274	0.034	0.425
0.267	0.212	0.247	0.274
0.103	0.185	0.322	0.390
0.021	0.350	0.349	0.281
0.013	0.808	0.001	0.178
0.411	0.048	0.007	0.534
0.021	0.219	0.514	0.246
0.027	0.788	0.055	0.130
0.274	0.513	0.001	0.212
0.295	0.199	0.164	0.342
0.089	0.219	0.493	0.199
