>STTVACAGATGR	9-STTVACAGATGR,BestGuess:NEUROD1/MA1109.1/Jaspar(0.823)	4.319696	-254.444577	0	T:8855.0(65.43%),B:129353.1(55.71%),P:1e-110
0.215	0.259	0.377	0.149
0.253	0.142	0.168	0.436
0.107	0.109	0.152	0.632
0.227	0.248	0.368	0.156
0.538	0.065	0.228	0.169
0.126	0.537	0.242	0.095
0.878	0.001	0.001	0.120
0.175	0.149	0.556	0.120
0.639	0.210	0.035	0.116
0.125	0.001	0.315	0.559
0.209	0.100	0.576	0.115
0.344	0.086	0.484	0.086
