>NCAAACCACAGN	9-NCAAACCACAGN	8.174654	-255.902229	0	T:229.0(3.64%),B:997.1(0.47%),P:1e-111
0.235	0.323	0.247	0.196
0.139	0.601	0.148	0.112
0.640	0.136	0.091	0.133
0.620	0.155	0.140	0.085
0.606	0.146	0.162	0.086
0.122	0.645	0.128	0.105
0.119	0.701	0.084	0.096
0.607	0.134	0.131	0.128
0.105	0.692	0.122	0.081
0.666	0.102	0.101	0.131
0.145	0.116	0.620	0.119
0.261	0.272	0.281	0.186
