>ATSGAATGGAAT	19-ATTCCATTCSAT	12.308595	-16.807138	0	T:11.0(0.17%),B:34.8(0.02%),P:1e-7
0.845	0.121	0.033	0.001
0.016	0.034	0.062	0.888
0.034	0.453	0.435	0.078
0.102	0.080	0.733	0.085
0.845	0.092	0.001	0.062
0.943	0.028	0.001	0.028
0.042	0.033	0.001	0.924
0.054	0.101	0.750	0.095
0.001	0.085	0.886	0.028
0.946	0.001	0.028	0.025
0.850	0.090	0.001	0.059
0.057	0.001	0.001	0.941
