>CAAAANCMCHGC	16-GCDGKGNTTTTG	7.984373	-31.426804	0	T:44.0(0.70%),B:342.7(0.16%),P:1e-13
0.170	0.599	0.209	0.022
0.761	0.183	0.032	0.024
0.502	0.203	0.282	0.013
0.520	0.177	0.256	0.047
0.402	0.216	0.152	0.231
0.194	0.336	0.272	0.198
0.270	0.688	0.032	0.010
0.375	0.230	0.221	0.175
0.032	0.525	0.165	0.278
0.324	0.210	0.171	0.295
0.153	0.035	0.509	0.303
0.036	0.908	0.026	0.030
