>WTGTGGYTTSTG	13-WTGTGGYTTSTG	11.555292	-77.508047	0	T:42.0(0.67%),B:74.6(0.04%),P:1e-33
0.395	0.001	0.104	0.500
0.198	0.153	0.090	0.559
0.041	0.152	0.698	0.109
0.083	0.001	0.126	0.790
0.130	0.001	0.868	0.001
0.041	0.196	0.762	0.001
0.001	0.415	0.093	0.491
0.001	0.097	0.001	0.901
0.187	0.077	0.001	0.735
0.001	0.387	0.405	0.207
0.289	0.001	0.001	0.709
0.001	0.001	0.773	0.225
