>CTGYGGTNACNR	6-CTGYGGTNACNR	8.081518	-355.873736	0	T:508.0(8.07%),B:3875.8(1.84%),P:1e-154
0.059	0.640	0.062	0.239
0.223	0.146	0.001	0.630
0.001	0.032	0.966	0.001
0.087	0.388	0.028	0.496
0.001	0.001	0.979	0.019
0.001	0.054	0.944	0.001
0.012	0.269	0.249	0.471
0.229	0.268	0.178	0.326
0.507	0.106	0.097	0.290
0.096	0.431	0.271	0.202
0.250	0.197	0.316	0.237
0.341	0.157	0.411	0.091
