>VTGATGATGMTW	7-VTGATGATGMTW,BestGuess:PH0017.1_Cux1_2/Jaspar(0.628)	2.397686	-1163.077099	0	T:21217.0(96.11%),B:166705.0(86.01%),P:1e-505
0.230	0.352	0.225	0.193
0.043	0.061	0.202	0.694
0.031	0.341	0.618	0.010
0.481	0.288	0.098	0.133
0.197	0.069	0.138	0.596
0.018	0.261	0.661	0.060
0.514	0.168	0.067	0.251
0.071	0.011	0.182	0.736
0.022	0.323	0.611	0.044
0.458	0.313	0.084	0.144
0.063	0.092	0.086	0.759
0.433	0.072	0.001	0.494
