>CCACYWGGTGGC	8-CCACYWGGTGGC,BestGuess:CTCF(Zf)/CD4+-CTCF-ChIP-Seq(Barski_et_al.)/Homer(0.837)	4.387421	-1032.316176	0	T:15745.0(71.33%),B:107953.3(55.70%),P:1e-448
0.216	0.516	0.073	0.195
0.031	0.935	0.033	0.001
0.566	0.273	0.085	0.076
0.100	0.535	0.128	0.237
0.154	0.445	0.096	0.305
0.485	0.037	0.118	0.360
0.104	0.094	0.580	0.222
0.309	0.145	0.476	0.070
0.001	0.039	0.342	0.618
0.008	0.014	0.926	0.052
0.110	0.143	0.602	0.145
0.178	0.515	0.095	0.212
