>GGGRGGGGGGGG	5-GGGRGGGGGGGG	2.826523	-1525.436802	0	T:19236.0(87.14%),B:137192.9(70.79%),P:1e-662
0.223	0.001	0.649	0.127
0.266	0.013	0.607	0.114
0.265	0.001	0.593	0.141
0.405	0.001	0.553	0.041
0.240	0.001	0.758	0.001
0.386	0.001	0.545	0.068
0.209	0.001	0.661	0.129
0.222	0.001	0.770	0.007
0.203	0.001	0.795	0.001
0.308	0.039	0.535	0.118
0.268	0.001	0.576	0.155
0.321	0.001	0.674	0.004
