>GGGAATTCCCCN	2-GGGAATTCCCCN	6.736863	-1697.908619	0	T:3514.0(15.92%),B:8995.9(4.64%),P:1e-737
0.100	0.063	0.645	0.192
0.026	0.008	0.905	0.061
0.322	0.043	0.535	0.100
0.494	0.143	0.270	0.094
0.477	0.143	0.094	0.287
0.268	0.111	0.135	0.486
0.083	0.288	0.150	0.480
0.111	0.537	0.048	0.304
0.067	0.918	0.008	0.007
0.221	0.691	0.026	0.062
0.211	0.390	0.163	0.237
0.248	0.254	0.217	0.282
