>GCCACCWRGTGG	8-CCACYWGGTGGC	4.387421	-1032.316176	0	T:15745.0(71.33%),B:107953.3(55.70%),P:1e-448
0.212	0.095	0.515	0.178
0.145	0.602	0.143	0.110
0.052	0.926	0.014	0.008
0.618	0.342	0.039	0.001
0.070	0.476	0.145	0.309
0.222	0.580	0.094	0.104
0.360	0.118	0.037	0.485
0.305	0.096	0.445	0.154
0.237	0.128	0.535	0.100
0.076	0.085	0.273	0.566
0.001	0.033	0.935	0.031
0.195	0.073	0.516	0.216
