>GCSSSSSCTSCS	24-GCSSSSSCTSCS	-6.218612	0.000000	0	T:22075.0(100.00%),B:193811.0(100.00%),P:1e0
0.153	0.343	0.503	0.001
0.011	0.703	0.285	0.001
0.075	0.480	0.375	0.070
0.095	0.354	0.488	0.063
0.063	0.377	0.353	0.206
0.090	0.364	0.424	0.121
0.016	0.553	0.430	0.001
0.031	0.557	0.307	0.105
0.149	0.238	0.208	0.406
0.032	0.524	0.381	0.063
0.197	0.429	0.205	0.169
0.111	0.414	0.412	0.063
