>VWGNTGABTCMW	6-VWGNTGABTCMW	1.863118	-1199.169155	0	T:20048.0(90.82%),B:150848.0(77.83%),P:1e-520
0.261	0.381	0.311	0.047
0.472	0.001	0.046	0.480
0.064	0.054	0.819	0.063
0.318	0.255	0.238	0.189
0.107	0.001	0.063	0.829
0.021	0.036	0.936	0.007
0.546	0.036	0.026	0.392
0.004	0.359	0.286	0.352
0.075	0.054	0.070	0.801
0.082	0.740	0.085	0.093
0.495	0.501	0.001	0.003
0.432	0.001	0.007	0.560
