>TGTGTGTGTGTG	10-TGTGTGTGTGTG	3.759537	-669.361058	0	T:13804.0(62.53%),B:96229.1(49.65%),P:1e-290
0.099	0.109	0.092	0.700
0.098	0.076	0.769	0.057
0.080	0.102	0.081	0.737
0.089	0.063	0.798	0.050
0.088	0.093	0.100	0.719
0.089	0.066	0.798	0.047
0.077	0.097	0.108	0.718
0.096	0.056	0.798	0.050
0.083	0.091	0.111	0.715
0.086	0.072	0.787	0.055
0.103	0.089	0.109	0.699
0.088	0.079	0.763	0.070
