>TCTCTGWCTSTC	4-TCTCTGWCTSTC	2.694717	-1546.254978	0	T:20303.0(91.97%),B:149860.1(77.32%),P:1e-671
0.265	0.084	0.008	0.643
0.025	0.749	0.191	0.035
0.284	0.064	0.018	0.634
0.023	0.600	0.357	0.020
0.232	0.032	0.016	0.720
0.016	0.389	0.566	0.029
0.390	0.128	0.080	0.401
0.029	0.893	0.041	0.037
0.260	0.036	0.017	0.687
0.012	0.464	0.375	0.149
0.201	0.211	0.015	0.573
0.027	0.525	0.209	0.239
