>WAKCATCATCAB	7-VTGATGATGMTW	2.397686	-1163.077099	0	T:21217.0(96.11%),B:166705.0(86.01%),P:1e-505
0.494	0.001	0.072	0.433
0.759	0.086	0.092	0.063
0.144	0.084	0.313	0.458
0.044	0.611	0.323	0.022
0.736	0.182	0.011	0.071
0.251	0.067	0.168	0.514
0.060	0.661	0.261	0.018
0.596	0.138	0.069	0.197
0.133	0.098	0.288	0.481
0.010	0.618	0.341	0.031
0.694	0.202	0.061	0.043
0.193	0.225	0.352	0.230
