>RGSCCWGGSCNS	16-RGSCCWGGSCNS	1.162268	-102.925728	0	T:22052.0(99.90%),B:192256.6(99.20%),P:1e-44
0.334	0.159	0.334	0.172
0.103	0.139	0.494	0.264
0.113	0.413	0.385	0.088
0.069	0.806	0.095	0.030
0.144	0.751	0.017	0.088
0.480	0.059	0.127	0.334
0.089	0.038	0.779	0.094
0.042	0.108	0.802	0.048
0.189	0.360	0.275	0.177
0.199	0.439	0.221	0.141
0.233	0.209	0.232	0.327
0.106	0.276	0.404	0.214
