>NTNCACACACAB	9-NTNCACACACAB	3.898785	-948.761325	0	T:18635.0(84.42%),B:138274.5(71.34%),P:1e-412
0.259	0.282	0.219	0.240
0.130	0.001	0.246	0.623
0.323	0.220	0.254	0.203
0.132	0.647	0.134	0.087
0.547	0.203	0.073	0.177
0.086	0.707	0.155	0.052
0.638	0.179	0.051	0.132
0.087	0.685	0.162	0.066
0.569	0.187	0.101	0.143
0.087	0.682	0.155	0.076
0.576	0.162	0.114	0.148
0.124	0.346	0.313	0.217
