>CGAATGGAAT	1-CGAATGGAAT	13.785211	-58.501871	0	T:14.0(5.07%),B:66.3(0.03%),P:1e-25	Tpos:45.8,Tstd:28.2,Bpos:13412.4,Bstd:28799.7,StrandBias:1.0,Multiplicity:1.00
0.001	0.972	0.026	0.001
0.001	0.001	0.997	0.001
0.997	0.001	0.001	0.001
0.996	0.001	0.002	0.001
0.001	0.001	0.001	0.997
0.001	0.001	0.997	0.001
0.022	0.001	0.976	0.001
0.997	0.001	0.001	0.001
0.997	0.001	0.001	0.001
0.001	0.001	0.001	0.997
>ATSGAATSGA	2-ATSGAATSGA	10.036580	-53.212305	0	T:21.0(7.61%),B:556.4(0.26%),P:1e-23	Tpos:48.6,Tstd:27.0,Bpos:16943.6,Bstd:26647.9,StrandBias:2.1,Multiplicity:3.48
0.744	0.144	0.082	0.030
0.048	0.116	0.001	0.835
0.065	0.440	0.439	0.056
0.138	0.107	0.691	0.064
0.901	0.032	0.051	0.016
0.781	0.074	0.119	0.026
0.018	0.179	0.075	0.728
0.097	0.453	0.425	0.025
0.250	0.019	0.696	0.035
0.763	0.041	0.108	0.088
>GAATGGAATS	3-GAATGGAATS	10.218721	-37.105345	0	T:25.0(9.06%),B:2023.3(0.95%),P:1e-16	Tpos:50.5,Tstd:28.8,Bpos:12521.0,Bstd:33037.8,StrandBias:1.5,Multiplicity:1.25
0.204	0.001	0.750	0.045
0.930	0.068	0.001	0.001
0.776	0.001	0.222	0.001
0.045	0.147	0.001	0.807
0.060	0.046	0.838	0.056
0.103	0.001	0.895	0.001
0.997	0.001	0.001	0.001
0.700	0.137	0.162	0.001
0.001	0.144	0.001	0.854
0.001	0.529	0.468	0.002
>TGGAATGGAA	4-TGGAATGGAA	6.928147	-32.517527	0	T:21.0(7.61%),B:1597.4(0.75%),P:1e-14	Tpos:53.4,Tstd:23.6,Bpos:12474.8,Bstd:37497.4,StrandBias:0.8,Multiplicity:1.58
0.001	0.001	0.001	0.997
0.001	0.398	0.600	0.001
0.001	0.001	0.997	0.001
0.997	0.001	0.001	0.001
0.997	0.001	0.001	0.001
0.001	0.001	0.001	0.997
0.001	0.001	0.997	0.001
0.001	0.001	0.997	0.001
0.997	0.001	0.001	0.001
0.997	0.001	0.001	0.001
>AATGGAATCA	5-AATGGAATCA	10.321738	-29.959392	0	T:25.0(9.06%),B:2794.7(1.32%),P:1e-13	Tpos:53.7,Tstd:30.2,Bpos:43255.6,Bstd:127108.2,StrandBias:0.7,Multiplicity:1.08
0.948	0.050	0.001	0.001
0.930	0.001	0.068	0.001
0.001	0.088	0.001	0.910
0.115	0.001	0.707	0.177
0.030	0.051	0.918	0.001
0.997	0.001	0.001	0.001
0.892	0.055	0.052	0.001
0.001	0.001	0.001	0.997
0.040	0.861	0.001	0.098
0.997	0.001	0.001	0.001
>TCCATTCGAT	6-TCCATTCGAT	8.671671	-19.193749	0	T:27.0(9.78%),B:5442.0(2.57%),P:1e-8	Tpos:55.4,Tstd:26.8,Bpos:13394.2,Bstd:43820.2,StrandBias:-0.2,Multiplicity:1.31
0.001	0.044	0.075	0.880
0.026	0.904	0.001	0.069
0.107	0.793	0.001	0.099
0.997	0.001	0.001	0.001
0.153	0.001	0.001	0.845
0.153	0.041	0.154	0.652
0.002	0.795	0.004	0.199
0.237	0.223	0.445	0.095
0.858	0.027	0.001	0.114
0.001	0.224	0.145	0.630
>ATCATCGAAT	7-ATCATCGAAT	11.489473	-19.066516	0	T:5.0(1.81%),B:42.1(0.02%),P:1e-8	Tpos:40.5,Tstd:29.5,Bpos:6568.6,Bstd:20283.5,StrandBias:10.0,Multiplicity:1.00
0.803	0.053	0.143	0.001
0.100	0.001	0.002	0.897
0.038	0.782	0.084	0.096
0.744	0.001	0.084	0.171
0.001	0.001	0.001	0.997
0.040	0.700	0.001	0.259
0.241	0.055	0.659	0.045
0.897	0.001	0.056	0.046
0.996	0.002	0.001	0.001
0.074	0.384	0.001	0.541
>CGAACGGAAC	8-CGAACGGAAC	9.967558	-17.742294	0	T:6.0(2.17%),B:120.2(0.06%),P:1e-7	Tpos:23.2,Tstd:25.4,Bpos:11914.7,Bstd:51637.5,StrandBias:1.6,Multiplicity:1.00
0.106	0.603	0.288	0.003
0.182	0.114	0.691	0.013
0.995	0.003	0.001	0.001
0.997	0.001	0.001	0.001
0.006	0.579	0.001	0.414
0.273	0.001	0.618	0.108
0.001	0.001	0.997	0.001
0.997	0.001	0.001	0.001
0.646	0.260	0.001	0.093
0.231	0.532	0.001	0.236
>CACTCGGGTT	9-CACTCGGGTT	12.150988	-12.830582	0	T:4.0(1.45%),B:68.3(0.03%),P:1e-5	Tpos:63.0,Tstd:16.3,Bpos:3923.5,Bstd:10174.2,StrandBias:-1.6,Multiplicity:1.00
0.001	0.997	0.001	0.001
0.766	0.232	0.001	0.001
0.001	0.997	0.001	0.001
0.001	0.001	0.001	0.997
0.201	0.797	0.001	0.001
0.001	0.001	0.997	0.001
0.001	0.001	0.997	0.001
0.001	0.001	0.997	0.001
0.001	0.001	0.001	0.997
0.001	0.001	0.001	0.997
>TCCAGTGGAG	10-TCCAGTGGAG	9.222637	-6.376616	0	T:9.0(3.26%),B:2055.1(0.97%),P:1e-2	Tpos:58.8,Tstd:24.6,Bpos:10257.0,Bstd:38266.0,StrandBias:0.3,Multiplicity:1.00
0.001	0.001	0.001	0.997
0.110	0.888	0.001	0.001
0.001	0.997	0.001	0.001
0.997	0.001	0.001	0.001
0.110	0.105	0.666	0.119
0.001	0.001	0.110	0.888
0.001	0.001	0.997	0.001
0.001	0.001	0.868	0.130
0.897	0.001	0.001	0.101
0.001	0.001	0.893	0.105
>TAAAATCCCC	11-TAAAATCCCC	7.974867	-5.356994	0	T:9.0(3.26%),B:2403.9(1.13%),P:1e-2	Tpos:61.8,Tstd:20.4,Bpos:13454.3,Bstd:52094.9,StrandBias:1.4,Multiplicity:1.11
0.001	0.065	0.001	0.933
0.982	0.016	0.001	0.001
0.997	0.001	0.001	0.001
0.997	0.001	0.001	0.001
0.997	0.001	0.001	0.001
0.198	0.062	0.001	0.739
0.001	0.997	0.001	0.001
0.001	0.997	0.001	0.001
0.001	0.997	0.001	0.001
0.043	0.955	0.001	0.001
>TTTCCCCCAT	12-TTTCCCCCAT	7.967426	-2.493756	0	T:19.0(6.88%),B:10310.1(4.86%),P:1e-1	Tpos:52.4,Tstd:28.8,Bpos:12973.8,Bstd:43829.7,StrandBias:0.9,Multiplicity:1.05
0.102	0.097	0.001	0.800
0.052	0.117	0.145	0.686
0.059	0.036	0.090	0.815
0.043	0.719	0.154	0.084
0.125	0.779	0.001	0.095
0.101	0.778	0.093	0.028
0.032	0.838	0.072	0.058
0.037	0.847	0.001	0.115
0.939	0.059	0.001	0.001
0.083	0.001	0.105	0.811
>CTAGGSTRGA	13-CTAGGSTRGA	10.531411	-2.253959	0	T:2.0(0.72%),B:420.9(0.20%),P:1e0	Tpos:64.0,Tstd:13.0,Bpos:12275.0,Bstd:45331.5,StrandBias:-10.0,Multiplicity:1.00
0.030	0.937	0.032	0.001
0.001	0.001	0.001	0.997
0.588	0.409	0.001	0.002
0.005	0.404	0.590	0.001
0.393	0.030	0.576	0.001
0.001	0.480	0.518	0.001
0.051	0.003	0.029	0.917
0.481	0.001	0.465	0.054
0.027	0.033	0.939	0.001
0.963	0.034	0.002	0.001
>ATGGAATGGAAT	1-ATGGAATGGAAT	9.694726	-71.598378	0	T:20.0(7.25%),B:176.3(0.08%),P:1e-31	Tpos:50.0,Tstd:26.5,Bpos:16749.8,Bstd:21356.7,StrandBias:1.5,Multiplicity:1.85
0.997	0.001	0.001	0.001
0.001	0.001	0.001	0.997
0.001	0.085	0.913	0.001
0.001	0.001	0.997	0.001
0.997	0.001	0.001	0.001
0.997	0.001	0.001	0.001
0.001	0.001	0.001	0.997
0.001	0.001	0.997	0.001
0.001	0.001	0.997	0.001
0.997	0.001	0.001	0.001
0.997	0.001	0.001	0.001
0.001	0.001	0.001	0.997
>CGAATGGAATCA	2-CGAATGGAATCA	10.409522	-60.432972	0	T:20.0(7.25%),B:318.5(0.15%),P:1e-26	Tpos:50.6,Tstd:27.8,Bpos:14959.1,Bstd:51032.2,StrandBias:3.9,Multiplicity:1.60
0.100	0.700	0.100	0.100
0.100	0.100	0.700	0.100
0.700	0.100	0.100	0.100
0.700	0.100	0.100	0.100
0.100	0.100	0.100	0.700
0.100	0.100	0.700	0.100
0.100	0.100	0.700	0.100
0.700	0.100	0.100	0.100
0.700	0.100	0.100	0.100
0.100	0.100	0.100	0.700
0.100	0.700	0.100	0.100
0.700	0.100	0.100	0.100
>GAATGGAATGGA	3-GAATGGAATGGA	10.665426	-46.025032	0	T:22.0(7.97%),B:927.2(0.44%),P:1e-19	Tpos:51.7,Tstd:25.5,Bpos:16730.9,Bstd:22938.9,StrandBias:1.1,Multiplicity:1.47
0.102	0.001	0.849	0.048
0.905	0.050	0.021	0.024
0.720	0.074	0.119	0.087
0.077	0.089	0.017	0.817
0.064	0.181	0.712	0.043
0.056	0.001	0.920	0.023
0.979	0.019	0.001	0.001
0.818	0.023	0.135	0.024
0.055	0.193	0.001	0.751
0.042	0.149	0.738	0.071
0.059	0.030	0.861	0.050
0.932	0.001	0.001	0.066
>TCGAATGGAMTC	4-TCGAATGGAMTC	11.055478	-44.858120	0	T:14.0(5.07%),B:189.9(0.09%),P:1e-19	Tpos:61.3,Tstd:30.2,Bpos:13142.3,Bstd:55396.8,StrandBias:1.3,Multiplicity:1.17
0.105	0.001	0.041	0.853
0.041	0.715	0.042	0.202
0.190	0.108	0.539	0.163
0.940	0.001	0.058	0.001
0.819	0.001	0.124	0.056
0.052	0.130	0.001	0.817
0.101	0.046	0.584	0.269
0.095	0.001	0.903	0.001
0.894	0.001	0.059	0.046
0.454	0.373	0.055	0.118
0.249	0.001	0.001	0.749
0.053	0.817	0.092	0.038
>ATCATCATCGAA	5-ATCATCATCGAA	14.140972	-23.361438	0	T:5.0(1.81%),B:16.7(0.01%),P:1e-10	Tpos:41.0,Tstd:31.6,Bpos:33884.8,Bstd:115859.4,StrandBias:10.0,Multiplicity:1.00
0.997	0.001	0.001	0.001
0.001	0.001	0.001	0.997
0.001	0.997	0.001	0.001
0.997	0.001	0.001	0.001
0.177	0.208	0.001	0.614
0.001	0.997	0.001	0.001
0.997	0.001	0.001	0.001
0.001	0.001	0.001	0.997
0.001	0.880	0.118	0.001
0.109	0.001	0.889	0.001
0.997	0.001	0.001	0.001
0.822	0.176	0.001	0.001
>AATAGAATAGAA	6-AATAGAATAGAA	12.030312	-22.009836	0	T:14.0(5.07%),B:1073.8(0.51%),P:1e-9	Tpos:47.8,Tstd:27.7,Bpos:18453.5,Bstd:55286.1,StrandBias:1.0,Multiplicity:1.00
0.907	0.001	0.091	0.001
0.910	0.001	0.001	0.088
0.177	0.106	0.004	0.713
0.716	0.001	0.107	0.176
0.001	0.001	0.888	0.110
0.859	0.001	0.139	0.001
0.753	0.001	0.001	0.245
0.003	0.084	0.093	0.820
0.640	0.274	0.085	0.001
0.185	0.001	0.813	0.001
0.997	0.001	0.001	0.001
0.997	0.001	0.001	0.001
>CCACTCGGGTTG	7-CCACTCGGGTTG	14.318129	-20.041803	0	T:4.0(1.45%),B:10.0(0.00%),P:1e-8	Tpos:63.0,Tstd:16.3,Bpos:5757.1,Bstd:11918.6,StrandBias:-1.6,Multiplicity:1.00
0.188	0.603	0.001	0.208
0.001	0.997	0.001	0.001
0.791	0.207	0.001	0.001
0.001	0.997	0.001	0.001
0.001	0.001	0.001	0.997
0.187	0.811	0.001	0.001
0.001	0.001	0.997	0.001
0.001	0.001	0.997	0.001
0.001	0.001	0.997	0.001
0.001	0.001	0.001	0.997
0.001	0.001	0.001	0.997
0.001	0.001	0.997	0.001
>TSGAATGG	1-TSGAATGG	9.906873	-22.307362	0	T:11.0(3.99%),B:529.5(0.25%),P:1e-9	Tpos:57.0,Tstd:34.0,Bpos:11728.0,Bstd:44571.5,StrandBias:10.0,Multiplicity:1.00
0.001	0.001	0.001	0.997
0.006	0.476	0.461	0.057
0.158	0.013	0.804	0.025
0.939	0.017	0.001	0.043
0.947	0.017	0.017	0.019
0.001	0.065	0.015	0.919
0.001	0.001	0.997	0.001
0.013	0.001	0.985	0.001
>GAATGGAA	2-GAATGGAA	11.048099	-13.669749	0	T:24.0(8.70%),B:5893.0(2.78%),P:1e-5	Tpos:50.3,Tstd:26.7,Bpos:13785.2,Bstd:37433.3,StrandBias:1.6,Multiplicity:3.88
0.001	0.001	0.997	0.001
0.997	0.001	0.001	0.001
0.997	0.001	0.001	0.001
0.001	0.001	0.001	0.997
0.001	0.019	0.979	0.001
0.001	0.001	0.997	0.001
0.997	0.001	0.001	0.001
0.997	0.001	0.001	0.001
>AAYCGAAY	3-AAYCGAAY	7.084185	-11.932472	0	T:17.0(6.16%),B:3587.3(1.69%),P:1e-5	Tpos:43.3,Tstd:22.1,Bpos:30974.6,Bstd:107970.3,StrandBias:1.2,Multiplicity:1.35
0.674	0.127	0.001	0.198
0.646	0.352	0.001	0.001
0.001	0.568	0.001	0.430
0.001	0.673	0.325	0.001
0.001	0.001	0.997	0.001
0.691	0.101	0.001	0.207
0.787	0.111	0.101	0.001
0.001	0.415	0.095	0.489
>AATGGAAT	4-AATGGAAT	10.750494	-11.216826	0	T:25.0(9.06%),B:7295.9(3.44%),P:1e-4	Tpos:56.8,Tstd:23.8,Bpos:13251.8,Bstd:46920.1,StrandBias:1.8,Multiplicity:1.29
0.997	0.001	0.001	0.001
0.727	0.001	0.271	0.001
0.001	0.001	0.001	0.997
0.001	0.001	0.997	0.001
0.001	0.001	0.997	0.001
0.997	0.001	0.001	0.001
0.997	0.001	0.001	0.001
0.001	0.001	0.001	0.997
>ATGGAATG	5-ATGGAATG	8.720683	-8.730957	0	T:25.0(9.06%),B:8535.6(4.02%),P:1e-3	Tpos:67.4,Tstd:30.6,Bpos:15018.4,Bstd:54227.3,StrandBias:-2.0,Multiplicity:1.00
0.997	0.001	0.001	0.001
0.076	0.001	0.001	0.922
0.028	0.176	0.719	0.077
0.045	0.001	0.953	0.001
0.973	0.025	0.001	0.001
0.997	0.001	0.001	0.001
0.001	0.055	0.001	0.943
0.001	0.175	0.663	0.161
>CCGTTCAA	6-CCGTTCAA	9.114567	-7.754049	0	T:5.0(1.81%),B:470.3(0.22%),P:1e-3	Tpos:27.8,Tstd:22.5,Bpos:13748.1,Bstd:60316.0,StrandBias:0.0,Multiplicity:1.00
0.051	0.894	0.001	0.054
0.001	0.929	0.001	0.069
0.163	0.047	0.789	0.001
0.001	0.068	0.001	0.930
0.001	0.001	0.064	0.934
0.001	0.929	0.069	0.001
0.659	0.077	0.263	0.001
0.997	0.001	0.001	0.001
>CMAACCGA	7-CMAACCGA	8.025865	-7.741666	0	T:10.0(3.62%),B:2056.2(0.97%),P:1e-3	Tpos:62.1,Tstd:32.8,Bpos:9524.9,Bstd:35358.1,StrandBias:0.3,Multiplicity:1.12
0.001	0.997	0.001	0.001
0.549	0.449	0.001	0.001
0.997	0.001	0.001	0.001
0.861	0.137	0.001	0.001
0.001	0.997	0.001	0.001
0.001	0.997	0.001	0.001
0.001	0.001	0.997	0.001
0.630	0.001	0.001	0.368
>GGAATCAT	8-GGAATCAT	8.236954	-7.542807	0	T:13.0(4.71%),B:3344.5(1.58%),P:1e-3	Tpos:36.5,Tstd:25.4,Bpos:12058.9,Bstd:45208.9,StrandBias:1.9,Multiplicity:1.27
0.100	0.100	0.700	0.100
0.100	0.100	0.700	0.100
0.700	0.100	0.100	0.100
0.700	0.100	0.100	0.100
0.100	0.100	0.100	0.700
0.100	0.700	0.100	0.100
0.700	0.100	0.100	0.100
0.100	0.100	0.100	0.700
>TGGAATGG	9-TGGAATGG	8.236954	-7.478371	0	T:15.0(5.43%),B:4264.5(2.01%),P:1e-3	Tpos:50.4,Tstd:28.2,Bpos:11887.5,Bstd:37668.3,StrandBias:0.3,Multiplicity:1.12
0.100	0.100	0.100	0.700
0.100	0.100	0.700	0.100
0.100	0.100	0.700	0.100
0.700	0.100	0.100	0.100
0.700	0.100	0.100	0.100
0.100	0.100	0.100	0.700
0.100	0.100	0.700	0.100
0.100	0.100	0.700	0.100
>TATCCCAC	10-TATCCCAC	8.221756	-3.124038	0	T:14.0(5.07%),B:6432.9(3.03%),P:1e-1	Tpos:57.4,Tstd:25.5,Bpos:13904.2,Bstd:45794.2,StrandBias:0.4,Multiplicity:1.00
0.001	0.001	0.001	0.997
0.954	0.012	0.033	0.001
0.003	0.012	0.013	0.972
0.086	0.832	0.081	0.001
0.116	0.625	0.258	0.001
0.076	0.913	0.001	0.010
0.660	0.018	0.001	0.321
0.001	0.762	0.196	0.041
>GTGGAATG	11-GTGGAATG	10.662857	-1.766381	0	T:7.0(2.54%),B:3478.4(1.64%),P:1e0	Tpos:67.3,Tstd:31.3,Bpos:35227.4,Bstd:115955.2,StrandBias:-1.0,Multiplicity:1.00
0.332	0.001	0.666	0.001
0.001	0.001	0.001	0.997
0.001	0.001	0.997	0.001
0.001	0.001	0.997	0.001
0.997	0.001	0.001	0.001
0.997	0.001	0.001	0.001
0.001	0.001	0.001	0.997
0.001	0.001	0.997	0.001
