>TSGAATGG	1-TSGAATGG	9.906873	-22.307362	0	T:11.0(3.99%),B:529.5(0.25%),P:1e-9	Tpos:57.0,Tstd:34.0,Bpos:11728.0,Bstd:44571.5,StrandBias:10.0,Multiplicity:1.00
0.001	0.001	0.001	0.997
0.006	0.476	0.461	0.057
0.158	0.013	0.804	0.025
0.939	0.017	0.001	0.043
0.947	0.017	0.017	0.019
0.001	0.065	0.015	0.919
0.001	0.001	0.997	0.001
0.013	0.001	0.985	0.001
>GAATGGAA	2-GAATGGAA	11.048099	-13.669749	0	T:24.0(8.70%),B:5893.0(2.78%),P:1e-5	Tpos:50.3,Tstd:26.7,Bpos:13785.2,Bstd:37433.3,StrandBias:1.6,Multiplicity:3.88
0.001	0.001	0.997	0.001
0.997	0.001	0.001	0.001
0.997	0.001	0.001	0.001
0.001	0.001	0.001	0.997
0.001	0.019	0.979	0.001
0.001	0.001	0.997	0.001
0.997	0.001	0.001	0.001
0.997	0.001	0.001	0.001
>AAYCGAAY	3-AAYCGAAY	7.084185	-11.932472	0	T:17.0(6.16%),B:3587.3(1.69%),P:1e-5	Tpos:43.3,Tstd:22.1,Bpos:30974.6,Bstd:107970.3,StrandBias:1.2,Multiplicity:1.35
0.674	0.127	0.001	0.198
0.646	0.352	0.001	0.001
0.001	0.568	0.001	0.430
0.001	0.673	0.325	0.001
0.001	0.001	0.997	0.001
0.691	0.101	0.001	0.207
0.787	0.111	0.101	0.001
0.001	0.415	0.095	0.489
>AATGGAAT	4-AATGGAAT	10.750494	-11.216826	0	T:25.0(9.06%),B:7295.9(3.44%),P:1e-4	Tpos:56.8,Tstd:23.8,Bpos:13251.8,Bstd:46920.1,StrandBias:1.8,Multiplicity:1.29
0.997	0.001	0.001	0.001
0.727	0.001	0.271	0.001
0.001	0.001	0.001	0.997
0.001	0.001	0.997	0.001
0.001	0.001	0.997	0.001
0.997	0.001	0.001	0.001
0.997	0.001	0.001	0.001
0.001	0.001	0.001	0.997
>ATGGAATG	5-ATGGAATG	8.720683	-8.730957	0	T:25.0(9.06%),B:8535.6(4.02%),P:1e-3	Tpos:67.4,Tstd:30.6,Bpos:15018.4,Bstd:54227.3,StrandBias:-2.0,Multiplicity:1.00
0.997	0.001	0.001	0.001
0.076	0.001	0.001	0.922
0.028	0.176	0.719	0.077
0.045	0.001	0.953	0.001
0.973	0.025	0.001	0.001
0.997	0.001	0.001	0.001
0.001	0.055	0.001	0.943
0.001	0.175	0.663	0.161
>CCGTTCAA	6-CCGTTCAA	9.114567	-7.754049	0	T:5.0(1.81%),B:470.3(0.22%),P:1e-3	Tpos:27.8,Tstd:22.5,Bpos:13748.1,Bstd:60316.0,StrandBias:0.0,Multiplicity:1.00
0.051	0.894	0.001	0.054
0.001	0.929	0.001	0.069
0.163	0.047	0.789	0.001
0.001	0.068	0.001	0.930
0.001	0.001	0.064	0.934
0.001	0.929	0.069	0.001
0.659	0.077	0.263	0.001
0.997	0.001	0.001	0.001
>CMAACCGA	7-CMAACCGA	8.025865	-7.741666	0	T:10.0(3.62%),B:2056.2(0.97%),P:1e-3	Tpos:62.1,Tstd:32.8,Bpos:9524.9,Bstd:35358.1,StrandBias:0.3,Multiplicity:1.12
0.001	0.997	0.001	0.001
0.549	0.449	0.001	0.001
0.997	0.001	0.001	0.001
0.861	0.137	0.001	0.001
0.001	0.997	0.001	0.001
0.001	0.997	0.001	0.001
0.001	0.001	0.997	0.001
0.630	0.001	0.001	0.368
>GGAATCAT	8-GGAATCAT	8.236954	-7.542807	0	T:13.0(4.71%),B:3344.5(1.58%),P:1e-3	Tpos:36.5,Tstd:25.4,Bpos:12058.9,Bstd:45208.9,StrandBias:1.9,Multiplicity:1.27
0.100	0.100	0.700	0.100
0.100	0.100	0.700	0.100
0.700	0.100	0.100	0.100
0.700	0.100	0.100	0.100
0.100	0.100	0.100	0.700
0.100	0.700	0.100	0.100
0.700	0.100	0.100	0.100
0.100	0.100	0.100	0.700
>TGGAATGG	9-TGGAATGG	8.236954	-7.478371	0	T:15.0(5.43%),B:4264.5(2.01%),P:1e-3	Tpos:50.4,Tstd:28.2,Bpos:11887.5,Bstd:37668.3,StrandBias:0.3,Multiplicity:1.12
0.100	0.100	0.100	0.700
0.100	0.100	0.700	0.100
0.100	0.100	0.700	0.100
0.700	0.100	0.100	0.100
0.700	0.100	0.100	0.100
0.100	0.100	0.100	0.700
0.100	0.100	0.700	0.100
0.100	0.100	0.700	0.100
>TATCCCAC	10-TATCCCAC	8.221756	-3.124038	0	T:14.0(5.07%),B:6432.9(3.03%),P:1e-1	Tpos:57.4,Tstd:25.5,Bpos:13904.2,Bstd:45794.2,StrandBias:0.4,Multiplicity:1.00
0.001	0.001	0.001	0.997
0.954	0.012	0.033	0.001
0.003	0.012	0.013	0.972
0.086	0.832	0.081	0.001
0.116	0.625	0.258	0.001
0.076	0.913	0.001	0.010
0.660	0.018	0.001	0.321
0.001	0.762	0.196	0.041
>GTGGAATG	11-GTGGAATG	10.662857	-1.766381	0	T:7.0(2.54%),B:3478.4(1.64%),P:1e0	Tpos:67.3,Tstd:31.3,Bpos:35227.4,Bstd:115955.2,StrandBias:-1.0,Multiplicity:1.00
0.332	0.001	0.666	0.001
0.001	0.001	0.001	0.997
0.001	0.001	0.997	0.001
0.001	0.001	0.997	0.001
0.997	0.001	0.001	0.001
0.997	0.001	0.001	0.001
0.001	0.001	0.001	0.997
0.001	0.001	0.997	0.001
