>TCGAATGGAATC	2-TCGAATGGAATC	10.134259	-87.406570	0	T:25.0(9.06%),B:230.1(0.11%),P:1e-37
0.090	0.076	0.048	0.786
0.118	0.464	0.292	0.125
0.145	0.193	0.546	0.116
0.852	0.061	0.039	0.048
0.585	0.136	0.118	0.161
0.098	0.054	0.058	0.790
0.117	0.238	0.482	0.163
0.116	0.137	0.685	0.062
0.840	0.053	0.035	0.072
0.634	0.050	0.121	0.195
0.083	0.067	0.045	0.805
0.126	0.532	0.256	0.086
