>GAMTCGAATGGA	3-GAMTCGAATGGA	11.049721	-78.022675	0	T:24.0(8.70%),B:287.9(0.14%),P:1e-33
0.105	0.073	0.772	0.050
0.872	0.039	0.052	0.037
0.415	0.384	0.124	0.077
0.036	0.152	0.011	0.801
0.066	0.511	0.306	0.117
0.173	0.052	0.706	0.069
0.882	0.036	0.050	0.032
0.791	0.017	0.156	0.036
0.106	0.041	0.038	0.815
0.070	0.042	0.795	0.093
0.073	0.035	0.825	0.067
0.849	0.055	0.066	0.030
