>ATYGAATGGAAT	5-ATYGAATGGAAT	9.860183	-38.679116	0	T:26.0(9.42%),B:2025.4(0.99%),P:1e-16
0.785	0.001	0.132	0.082
0.051	0.101	0.029	0.819
0.072	0.407	0.169	0.352
0.084	0.115	0.700	0.101
0.850	0.086	0.063	0.001
0.892	0.022	0.056	0.030
0.044	0.024	0.034	0.898
0.021	0.034	0.858	0.087
0.157	0.023	0.753	0.067
0.919	0.024	0.056	0.001
0.512	0.306	0.092	0.090
0.083	0.101	0.001	0.815
