>TGTGGTYTGNDS	13-TGTGGTYTGNDS	8.683737	-56.352983	0	T:94.0(0.69%),B:416.5(0.18%),P:1e-24
0.202	0.102	0.109	0.587
0.001	0.059	0.927	0.013
0.101	0.278	0.064	0.557
0.001	0.001	0.970	0.028
0.001	0.043	0.955	0.001
0.001	0.284	0.238	0.477
0.004	0.375	0.154	0.467
0.275	0.001	0.253	0.471
0.088	0.278	0.437	0.196
0.212	0.279	0.296	0.213
0.232	0.138	0.373	0.258
0.196	0.361	0.416	0.028
