>TTGTGGTTGTGG	19-TTGTGGTTGTGG	10.405562	-12.718955	0	T:23.0(0.17%),B:120.1(0.05%),P:1e-5
0.089	0.199	0.139	0.573
0.105	0.094	0.170	0.631
0.073	0.090	0.747	0.090
0.116	0.158	0.153	0.573
0.048	0.081	0.769	0.102
0.075	0.088	0.718	0.119
0.082	0.148	0.101	0.669
0.077	0.073	0.122	0.728
0.127	0.080	0.647	0.146
0.111	0.154	0.140	0.595
0.093	0.092	0.702	0.113
0.125	0.119	0.650	0.106
