>MMMSVAAACCAC	16-MMMSVAAACCAC	9.891151	-30.889348	0	T:23.0(0.17%),B:38.4(0.02%),P:1e-13
0.374	0.306	0.124	0.196
0.263	0.403	0.226	0.108
0.281	0.376	0.170	0.173
0.209	0.270	0.376	0.145
0.292	0.306	0.401	0.001
0.621	0.226	0.009	0.144
0.913	0.003	0.083	0.001
0.690	0.099	0.210	0.001
0.011	0.936	0.036	0.017
0.065	0.933	0.001	0.001
0.655	0.001	0.251	0.093
0.033	0.824	0.100	0.043
