>SRCTTCCTCTYY	23-SRCTTCCTCTYY	9.312204	-5.126521	0	T:23.0(0.17%),B:217.0(0.09%),P:1e-2
0.182	0.372	0.225	0.221
0.357	0.085	0.437	0.121
0.012	0.560	0.147	0.281
0.122	0.025	0.001	0.852
0.066	0.022	0.020	0.892
0.012	0.945	0.011	0.032
0.032	0.846	0.012	0.110
0.005	0.204	0.287	0.504
0.080	0.438	0.255	0.227
0.189	0.268	0.037	0.506
0.045	0.389	0.221	0.345
0.135	0.286	0.200	0.379
