>ATGGAATGGAAT	20-ATGGAATGGAAT,BestGuess:TEAD3(TEA)/HepG2-TEAD3-ChIP-Seq(Encode)/Homer(0.667)	14.364056	-11.447628	0	T:11.0(0.08%),B:31.2(0.01%),P:1e-4
0.832	0.054	0.102	0.012
0.039	0.069	0.040	0.852
0.048	0.256	0.601	0.095
0.083	0.050	0.811	0.056
0.902	0.012	0.046	0.040
0.912	0.045	0.042	0.001
0.025	0.084	0.001	0.890
0.139	0.088	0.683	0.090
0.043	0.083	0.835	0.039
0.962	0.036	0.001	0.001
0.825	0.031	0.111	0.033
0.053	0.021	0.025	0.901
