>ATTCCATTCCAT	20-ATGGAATGGAAT	14.364056	-11.447628	0	T:11.0(0.08%),B:31.2(0.01%),P:1e-4
0.901	0.025	0.021	0.053
0.033	0.111	0.031	0.825
0.001	0.001	0.036	0.962
0.039	0.835	0.083	0.043
0.090	0.683	0.088	0.139
0.890	0.001	0.084	0.025
0.001	0.042	0.045	0.912
0.040	0.046	0.012	0.902
0.056	0.811	0.050	0.083
0.095	0.601	0.256	0.048
0.852	0.040	0.069	0.039
0.012	0.102	0.054	0.832
