>CCACTTCTGCTT	19-AAGCAGAAGTGG	9.234281	-22.292980	0	T:37.0(0.59%),B:341.4(0.16%),P:1e-9
0.036	0.610	0.045	0.309
0.209	0.467	0.120	0.204
0.568	0.066	0.186	0.180
0.123	0.458	0.165	0.254
0.324	0.032	0.148	0.495
0.051	0.195	0.047	0.707
0.019	0.897	0.025	0.059
0.029	0.063	0.008	0.900
0.019	0.212	0.595	0.174
0.067	0.553	0.291	0.089
0.194	0.190	0.134	0.482
0.255	0.157	0.072	0.516
