>GCTGTGGTTTTC	13-GCTGTGGTTTTC	11.010771	-74.997297	0	T:77.0(1.22%),B:411.2(0.20%),P:1e-32
0.073	0.063	0.748	0.116
0.080	0.763	0.078	0.079
0.129	0.081	0.065	0.725
0.052	0.077	0.754	0.117
0.104	0.063	0.105	0.728
0.095	0.042	0.774	0.089
0.050	0.110	0.774	0.066
0.077	0.124	0.119	0.680
0.069	0.080	0.066	0.785
0.044	0.093	0.071	0.792
0.061	0.097	0.106	0.736
0.073	0.741	0.082	0.104
