>ATTCCATTCSAT	20-ATTCCATTCSAT,BestGuess:TEAD3(TEA)/HepG2-TEAD3-ChIP-Seq(Encode)/Homer(0.672)	12.308595	-16.807138	0	T:11.0(0.17%),B:34.8(0.02%),P:1e-7
0.941	0.001	0.001	0.057
0.059	0.001	0.090	0.850
0.025	0.028	0.001	0.946
0.028	0.886	0.085	0.001
0.095	0.750	0.101	0.054
0.924	0.001	0.033	0.042
0.028	0.001	0.028	0.943
0.062	0.001	0.092	0.845
0.085	0.733	0.080	0.102
0.078	0.435	0.453	0.034
0.888	0.062	0.034	0.016
0.001	0.033	0.121	0.845
