>GAAGTGGTTTGG	18-GAAGTGGTTTGG	11.704459	-28.888919	0	T:19.0(0.30%),B:55.5(0.03%),P:1e-12
0.068	0.001	0.846	0.085
0.683	0.315	0.001	0.001
0.862	0.001	0.027	0.110
0.111	0.001	0.887	0.001
0.047	0.039	0.001	0.913
0.039	0.001	0.872	0.088
0.071	0.001	0.900	0.028
0.001	0.192	0.266	0.541
0.092	0.114	0.138	0.656
0.355	0.001	0.093	0.551
0.208	0.040	0.452	0.300
0.001	0.251	0.489	0.258
