>HTSTGGKTTCTG	15-HTSTGGKTTCTG	7.987650	-67.523867	0	T:72.0(1.14%),B:404.7(0.19%),P:1e-29
0.215	0.311	0.120	0.355
0.033	0.034	0.285	0.648
0.154	0.272	0.397	0.176
0.252	0.046	0.197	0.505
0.369	0.018	0.596	0.017
0.165	0.173	0.613	0.049
0.014	0.276	0.281	0.429
0.020	0.252	0.141	0.587
0.168	0.211	0.049	0.572
0.132	0.459	0.206	0.203
0.291	0.049	0.047	0.613
0.046	0.205	0.515	0.234
