>CTGYGGTHAYDR	8-CTGYGGTHAYDR	8.209925	-299.275564	0	T:329.0(5.23%),B:1881.9(0.89%),P:1e-129
0.082	0.592	0.085	0.241
0.287	0.128	0.001	0.584
0.001	0.059	0.939	0.001
0.077	0.402	0.025	0.497
0.001	0.001	0.981	0.017
0.001	0.047	0.951	0.001
0.010	0.236	0.279	0.474
0.231	0.235	0.187	0.347
0.506	0.093	0.085	0.316
0.084	0.409	0.238	0.269
0.250	0.173	0.339	0.238
0.361	0.138	0.422	0.080
