>TGCGGTTTTCCT	16-TGCGGTTTTCCT	10.484822	-38.590684	0	T:66.0(1.05%),B:604.4(0.29%),P:1e-16
0.029	0.111	0.078	0.782
0.059	0.029	0.834	0.078
0.017	0.785	0.082	0.116
0.139	0.048	0.745	0.068
0.001	0.053	0.852	0.094
0.112	0.091	0.141	0.656
0.031	0.001	0.053	0.915
0.031	0.062	0.031	0.876
0.020	0.073	0.034	0.873
0.037	0.894	0.055	0.014
0.035	0.926	0.001	0.038
0.001	0.057	0.062	0.880
