>NCAAACCACAGN	9-NCAAACCACAGN	8.178982	-250.289131	0	T:225.0(3.58%),B:986.6(0.47%),P:1e-108
0.235	0.323	0.247	0.196
0.139	0.603	0.146	0.112
0.641	0.137	0.091	0.131
0.620	0.155	0.140	0.085
0.605	0.147	0.162	0.086
0.123	0.644	0.128	0.105
0.119	0.701	0.084	0.096
0.607	0.134	0.131	0.128
0.106	0.692	0.121	0.081
0.665	0.102	0.102	0.131
0.145	0.117	0.619	0.119
0.261	0.272	0.281	0.186
