>CTGYTTCCTCTT	25-CTGYTTCCTCTT,BestGuess:ETS:E-box(ETS,bHLH)/HPC7-Scl-ChIP-Seq(GSE22178)/Homer(0.714)	10.373765	-8.004966	0	T:55.0(0.87%),B:1101.8(0.52%),P:1e-3
0.166	0.789	0.014	0.031
0.280	0.001	0.011	0.708
0.001	0.331	0.590	0.078
0.073	0.402	0.057	0.468
0.160	0.017	0.099	0.724
0.001	0.240	0.122	0.637
0.001	0.686	0.156	0.157
0.094	0.829	0.001	0.076
0.001	0.347	0.016	0.636
0.086	0.714	0.199	0.001
0.160	0.127	0.001	0.712
0.009	0.200	0.260	0.531
