>AACCACATTTCC	22-AACCACATTTCC	13.153073	-13.022834	0	T:9.0(0.14%),B:32.5(0.02%),P:1e-5
0.708	0.094	0.099	0.099
0.702	0.120	0.125	0.053
0.064	0.774	0.082	0.080
0.072	0.811	0.060	0.057
0.735	0.097	0.057	0.111
0.066	0.835	0.052	0.047
0.777	0.074	0.055	0.094
0.114	0.123	0.123	0.640
0.065	0.151	0.080	0.704
0.062	0.092	0.086	0.760
0.061	0.742	0.087	0.110
0.076	0.813	0.010	0.101
