>TGTGGTTKDSNN	3-TGTGGTTKDSNN	6.399942	-1047.173158	0	T:2373.0(37.71%),B:29482.9(14.02%),P:1e-454
0.103	0.047	0.148	0.702
0.043	0.109	0.800	0.048
0.149	0.188	0.078	0.585
0.024	0.021	0.945	0.010
0.011	0.001	0.987	0.001
0.039	0.188	0.104	0.669
0.222	0.035	0.253	0.490
0.187	0.099	0.405	0.309
0.288	0.129	0.280	0.303
0.124	0.279	0.375	0.222
0.211	0.260	0.281	0.248
0.178	0.242	0.287	0.293
