>AGAGGAAGTGGT	12-AGAGGAAGTGGT	9.712539	-107.719026	0	T:57.0(0.91%),B:93.0(0.04%),P:1e-46
0.612	0.010	0.192	0.186
0.109	0.008	0.778	0.105
0.399	0.163	0.232	0.206
0.189	0.008	0.603	0.200
0.208	0.102	0.681	0.009
0.568	0.128	0.239	0.065
0.555	0.126	0.129	0.190
0.136	0.146	0.592	0.126
0.195	0.006	0.189	0.610
0.136	0.083	0.768	0.013
0.148	0.185	0.601	0.066
0.219	0.138	0.072	0.571
