>ACTCGGGTTG	1-ACTCGGGTTG	11.544250	-23.548299	0	T:8.0(0.86%),B:50.0(0.02%),P:1e-10	Tpos:30.8,Tstd:9.0,Bpos:6099.8,Bstd:25392.5,StrandBias:1.6,Multiplicity:1.00
0.997	0.001	0.001	0.001
0.001	0.997	0.001	0.001
0.001	0.001	0.001	0.997
0.001	0.997	0.001	0.001
0.001	0.113	0.885	0.001
0.001	0.001	0.997	0.001
0.001	0.001	0.892	0.106
0.001	0.001	0.001	0.997
0.001	0.001	0.001	0.997
0.001	0.001	0.997	0.001
>GGAATGGAAT	2-GGAATGGAAT	13.662726	-18.286225	0	T:15.0(1.62%),B:577.3(0.23%),P:1e-7	Tpos:26.6,Tstd:11.4,Bpos:15684.5,Bstd:23332.0,StrandBias:-0.4,Multiplicity:3.93
0.001	0.011	0.987	0.001
0.001	0.058	0.940	0.001
0.997	0.001	0.001	0.001
0.997	0.001	0.001	0.001
0.001	0.013	0.001	0.985
0.001	0.001	0.997	0.001
0.001	0.086	0.912	0.001
0.997	0.001	0.001	0.001
0.997	0.001	0.001	0.001
0.001	0.001	0.001	0.997
>AATGGAATGG	3-AATGGAATGG	11.244217	-11.469974	0	T:17.0(1.83%),B:1269.3(0.51%),P:1e-4	Tpos:22.0,Tstd:14.1,Bpos:14671.3,Bstd:31387.8,StrandBias:2.3,Multiplicity:1.00
0.938	0.060	0.001	0.001
0.777	0.059	0.163	0.001
0.047	0.001	0.001	0.951
0.001	0.001	0.997	0.001
0.001	0.001	0.997	0.001
0.946	0.052	0.001	0.001
0.836	0.001	0.162	0.001
0.041	0.001	0.001	0.957
0.001	0.147	0.799	0.053
0.001	0.001	0.951	0.047
>ATCATCGAAT	4-ATCATCGAAT	11.408748	-6.252413	0	T:4.0(0.43%),B:135.8(0.05%),P:1e-2	Tpos:29.8,Tstd:10.3,Bpos:13917.3,Bstd:53049.1,StrandBias:1.6,Multiplicity:1.00
0.997	0.001	0.001	0.001
0.001	0.189	0.001	0.809
0.001	0.997	0.001	0.001
0.997	0.001	0.001	0.001
0.001	0.001	0.001	0.997
0.087	0.829	0.001	0.083
0.001	0.093	0.905	0.001
0.997	0.001	0.001	0.001
0.821	0.177	0.001	0.001
0.001	0.186	0.001	0.812
>CCAATGGAAT	5-CCAATGGAAT	10.911367	-6.188495	0	T:9.0(0.97%),B:727.1(0.29%),P:1e-2	Tpos:12.0,Tstd:7.7,Bpos:15682.2,Bstd:56761.6,StrandBias:-1.0,Multiplicity:1.00
0.051	0.645	0.303	0.001
0.120	0.878	0.001	0.001
0.997	0.001	0.001	0.001
0.997	0.001	0.001	0.001
0.001	0.131	0.001	0.867
0.001	0.001	0.997	0.001
0.001	0.001	0.997	0.001
0.915	0.001	0.083	0.001
0.828	0.001	0.094	0.077
0.057	0.001	0.001	0.941
>TCGAATGGAA	6-TCGAATGGAA	11.488990	-3.560741	0	T:2.0(0.22%),B:68.0(0.03%),P:1e-1	Tpos:25.0,Tstd:8.0,Bpos:21172.9,Bstd:69503.3,StrandBias:10.0,Multiplicity:1.00
0.057	0.037	0.031	0.875
0.092	0.491	0.337	0.080
0.051	0.125	0.759	0.065
0.910	0.060	0.001	0.029
0.840	0.027	0.132	0.001
0.052	0.147	0.080	0.721
0.097	0.001	0.818	0.084
0.009	0.001	0.960	0.030
0.894	0.060	0.001	0.045
0.738	0.148	0.113	0.001
>GTATGCCCAG	7-GTATGCCCAG	11.019856	-2.796683	0	T:4.0(0.43%),B:389.3(0.16%),P:1e-1	Tpos:16.2,Tstd:8.1,Bpos:9001.4,Bstd:29420.0,StrandBias:10.0,Multiplicity:1.00
0.111	0.089	0.799	0.001
0.096	0.001	0.001	0.902
0.902	0.096	0.001	0.001
0.001	0.001	0.001	0.997
0.001	0.001	0.913	0.085
0.131	0.867	0.001	0.001
0.001	0.997	0.001	0.001
0.118	0.880	0.001	0.001
0.997	0.001	0.001	0.001
0.139	0.001	0.859	0.001
>ATSGAATGGA	8-ATSGAATGGA	11.430133	-1.997452	0	T:1.0(0.11%),B:38.6(0.02%),P:1e0	Tpos:6.0,Tstd:0.0,Bpos:12871.5,Bstd:27599.7,StrandBias:10.0,Multiplicity:1.00
0.840	0.069	0.090	0.001
0.047	0.108	0.050	0.795
0.144	0.405	0.291	0.160
0.067	0.072	0.834	0.027
0.841	0.087	0.001	0.071
0.843	0.001	0.134	0.022
0.001	0.001	0.045	0.953
0.082	0.045	0.794	0.079
0.070	0.001	0.872	0.057
0.832	0.070	0.035	0.063
>AAACTAGTTT	9-AAACTAGTTT	11.379595	-1.992412	0	T:8.0(0.86%),B:1342.9(0.54%),P:1e0	Tpos:33.1,Tstd:8.8,Bpos:10674.3,Bstd:39691.8,StrandBias:1.8,Multiplicity:1.00
0.815	0.183	0.001	0.001
0.997	0.001	0.001	0.001
0.808	0.190	0.001	0.001
0.001	0.997	0.001	0.001
0.001	0.001	0.001	0.997
0.616	0.001	0.289	0.094
0.001	0.001	0.933	0.065
0.001	0.001	0.001	0.997
0.001	0.001	0.001	0.997
0.001	0.001	0.001	0.997
>ATAGATAGCT	10-ATAGATAGCT	10.553965	-1.086109	0	T:3.0(0.32%),B:547.1(0.22%),P:1e0	Tpos:25.7,Tstd:14.6,Bpos:18756.4,Bstd:58954.8,StrandBias:-1.0,Multiplicity:1.00
0.616	0.132	0.106	0.146
0.084	0.001	0.027	0.888
0.887	0.001	0.034	0.078
0.099	0.026	0.734	0.141
0.866	0.001	0.041	0.092
0.037	0.083	0.027	0.853
0.755	0.001	0.166	0.078
0.075	0.051	0.640	0.234
0.078	0.827	0.094	0.001
0.001	0.047	0.001	0.951
>GGTGGTGGTG	11-GGTGGTGGTG	10.268819	-0.272519	0	T:3.0(0.32%),B:1066.3(0.43%),P:1e0	Tpos:9.0,Tstd:0.8,Bpos:6979.2,Bstd:26457.0,StrandBias:1.0,Multiplicity:1.00
0.055	0.001	0.941	0.003
0.003	0.209	0.664	0.124
0.164	0.273	0.001	0.562
0.075	0.001	0.922	0.002
0.330	0.105	0.564	0.001
0.190	0.070	0.002	0.738
0.077	0.117	0.804	0.002
0.182	0.001	0.660	0.157
0.179	0.001	0.332	0.489
0.161	0.002	0.786	0.051
>GAATGGAATGGA	1-GAATGGAATGGA	16.154613	-53.397606	0	T:15.0(1.62%),B:42.5(0.02%),P:1e-23	Tpos:26.6,Tstd:10.1,Bpos:18040.2,Bstd:17800.6,StrandBias:-0.1,Multiplicity:1.20
0.001	0.019	0.979	0.001
0.988	0.001	0.010	0.001
0.876	0.001	0.122	0.001
0.008	0.001	0.009	0.982
0.001	0.001	0.997	0.001
0.001	0.095	0.890	0.014
0.988	0.001	0.010	0.001
0.989	0.001	0.009	0.001
0.008	0.001	0.009	0.982
0.001	0.001	0.997	0.001
0.001	0.103	0.885	0.011
0.989	0.001	0.009	0.001
>CACGGGTCTATT	2-CACGGGTCTATT	10.264229	-43.864736	0	T:10.0(1.08%),B:10.2(0.00%),P:1e-19	Tpos:32.7,Tstd:8.7,Bpos:13077.9,Bstd:36448.6,StrandBias:1.8,Multiplicity:1.00
0.001	0.997	0.001	0.001
0.878	0.001	0.001	0.120
0.001	0.997	0.001	0.001
0.001	0.001	0.997	0.001
0.001	0.001	0.997	0.001
0.001	0.001	0.997	0.001
0.001	0.001	0.001	0.997
0.001	0.876	0.001	0.122
0.001	0.001	0.120	0.878
0.997	0.001	0.001	0.001
0.001	0.001	0.001	0.997
0.001	0.001	0.001	0.997
>CCATTCSATTCC	3-CCATTCSATTCC	12.015771	-30.766206	0	T:21.0(2.27%),B:588.4(0.24%),P:1e-13	Tpos:24.3,Tstd:12.9,Bpos:12940.7,Bstd:22137.0,StrandBias:-2.0,Multiplicity:1.00
0.001	0.997	0.001	0.001
0.021	0.976	0.001	0.002
0.997	0.001	0.001	0.001
0.001	0.171	0.001	0.827
0.001	0.001	0.128	0.870
0.001	0.618	0.260	0.121
0.001	0.567	0.431	0.001
0.997	0.001	0.001	0.001
0.001	0.001	0.384	0.614
0.001	0.001	0.121	0.877
0.001	0.827	0.171	0.001
0.001	0.975	0.023	0.001
>CCATTCCACTCC	4-CCATTCCACTCC	12.465847	-29.997158	0	T:18.0(1.94%),B:408.8(0.17%),P:1e-13	Tpos:15.0,Tstd:7.2,Bpos:15094.9,Bstd:30337.7,StrandBias:-10.0,Multiplicity:1.00
0.205	0.403	0.165	0.227
0.001	0.997	0.001	0.001
0.997	0.001	0.001	0.001
0.001	0.001	0.001	0.997
0.001	0.001	0.001	0.997
0.001	0.834	0.001	0.164
0.001	0.597	0.227	0.175
0.997	0.001	0.001	0.001
0.001	0.772	0.001	0.226
0.380	0.001	0.001	0.618
0.001	0.997	0.001	0.001
0.001	0.997	0.001	0.001
>ATRGAATGGAAT	5-ATRGAATGGAAT	10.818557	-20.007854	0	T:19.0(2.05%),B:867.0(0.35%),P:1e-8	Tpos:35.2,Tstd:3.7,Bpos:12798.1,Bstd:36680.6,StrandBias:-1.6,Multiplicity:1.00
0.495	0.106	0.303	0.096
0.072	0.002	0.006	0.920
0.353	0.150	0.412	0.085
0.101	0.014	0.800	0.085
0.689	0.205	0.002	0.104
0.813	0.096	0.002	0.089
0.103	0.001	0.001	0.895
0.305	0.001	0.465	0.230
0.001	0.001	0.889	0.109
0.849	0.002	0.004	0.145
0.799	0.001	0.098	0.102
0.003	0.001	0.251	0.745
>ATATTAAAGTAC	6-ATATTAAAGTAC	14.025324	-6.530218	0	T:5.0(0.54%),B:213.2(0.09%),P:1e-2	Tpos:30.8,Tstd:11.4,Bpos:6764.5,Bstd:18791.6,StrandBias:2.0,Multiplicity:1.00
0.997	0.001	0.001	0.001
0.001	0.001	0.001	0.997
0.842	0.001	0.001	0.156
0.156	0.001	0.001	0.842
0.001	0.001	0.001	0.997
0.797	0.201	0.001	0.001
0.815	0.001	0.001	0.183
0.997	0.001	0.001	0.001
0.118	0.001	0.880	0.001
0.001	0.001	0.001	0.997
0.997	0.001	0.001	0.001
0.001	0.997	0.001	0.001
>TGGTGGTGGTGG	7-TGGTGGTGGTGG	11.790333	-0.412526	0	T:4.0(0.43%),B:1207.9(0.49%),P:1e0	Tpos:13.6,Tstd:5.4,Bpos:7693.7,Bstd:26835.0,StrandBias:2.0,Multiplicity:1.00
0.184	0.071	0.127	0.618
0.001	0.001	0.997	0.001
0.115	0.001	0.826	0.058
0.061	0.066	0.043	0.830
0.164	0.001	0.834	0.001
0.001	0.059	0.815	0.125
0.057	0.001	0.001	0.941
0.062	0.001	0.868	0.069
0.171	0.001	0.709	0.119
0.120	0.001	0.092	0.787
0.068	0.001	0.898	0.033
0.114	0.001	0.884	0.001
>TCGGGTTG	1-TCGGGTTG	10.997826	-9.765822	0	T:9.0(0.97%),B:438.8(0.18%),P:1e-4	Tpos:33.4,Tstd:8.5,Bpos:8461.8,Bstd:29668.9,StrandBias:1.0,Multiplicity:1.00
0.001	0.001	0.001	0.997
0.001	0.997	0.001	0.001
0.001	0.067	0.931	0.001
0.001	0.001	0.997	0.001
0.001	0.001	0.997	0.001
0.001	0.001	0.001	0.997
0.001	0.001	0.001	0.997
0.001	0.001	0.997	0.001
>TCCGTTCS	2-TCCGTTCS	9.337286	-1.017326	0	T:1.0(0.11%),B:120.0(0.05%),P:1e0	Tpos:39.0,Tstd:0.0,Bpos:25742.3,Bstd:89696.5,StrandBias:10.0,Multiplicity:1.00
0.001	0.001	0.080	0.918
0.081	0.917	0.001	0.001
0.001	0.997	0.001	0.001
0.354	0.001	0.644	0.001
0.001	0.001	0.001	0.997
0.001	0.001	0.001	0.997
0.221	0.777	0.001	0.001
0.118	0.307	0.415	0.159
>TGGAATGG	3-TGGAATGG	8.236954	-0.916953	0	T:19.0(2.05%),B:4697.2(1.90%),P:1e0	Tpos:34.5,Tstd:12.3,Bpos:10750.8,Bstd:33992.0,StrandBias:1.0,Multiplicity:1.00
0.100	0.100	0.100	0.700
0.100	0.100	0.700	0.100
0.100	0.100	0.700	0.100
0.700	0.100	0.100	0.100
0.700	0.100	0.100	0.100
0.100	0.100	0.100	0.700
0.100	0.100	0.700	0.100
0.100	0.100	0.700	0.100
>AATGGAAT	4-AATGGAAT	8.236954	-0.389893	0	T:26.0(2.80%),B:7481.3(3.02%),P:1e0	Tpos:25.6,Tstd:12.2,Bpos:13162.5,Bstd:38241.7,StrandBias:-0.4,Multiplicity:3.12
0.700	0.100	0.100	0.100
0.700	0.100	0.100	0.100
0.100	0.100	0.100	0.700
0.100	0.100	0.700	0.100
0.100	0.100	0.700	0.100
0.700	0.100	0.100	0.100
0.700	0.100	0.100	0.100
0.100	0.100	0.100	0.700
>CGAATGGA	5-CGAATGGA	9.976430	-0.358334	0	T:2.0(0.22%),B:649.3(0.26%),P:1e0	Tpos:7.0,Tstd:0.0,Bpos:12670.6,Bstd:44228.2,StrandBias:10.0,Multiplicity:1.00
0.001	0.612	0.206	0.181
0.059	0.041	0.774	0.126
0.997	0.001	0.001	0.001
0.919	0.041	0.039	0.001
0.001	0.109	0.036	0.854
0.057	0.001	0.891	0.051
0.001	0.001	0.997	0.001
0.997	0.001	0.001	0.001
>GAACGGAA	6-GAACGGAA	10.735740	-0.270976	0	T:2.0(0.22%),B:737.3(0.30%),P:1e0	Tpos:18.7,Tstd:14.5,Bpos:7495.6,Bstd:28155.2,StrandBias:1.0,Multiplicity:1.50
0.001	0.080	0.918	0.001
0.997	0.001	0.001	0.001
0.997	0.001	0.001	0.001
0.001	0.778	0.001	0.220
0.001	0.001	0.997	0.001
0.001	0.001	0.997	0.001
0.997	0.001	0.001	0.001
0.997	0.001	0.001	0.001
>TTCCATTS	7-TTCCATTS	8.081227	-0.153061	0	T:19.0(2.05%),B:6305.6(2.55%),P:1e0	Tpos:41.3,Tstd:4.1,Bpos:11349.6,Bstd:39162.5,StrandBias:-1.0,Multiplicity:1.00
0.001	0.172	0.294	0.533
0.062	0.185	0.043	0.710
0.062	0.808	0.001	0.129
0.001	0.538	0.080	0.381
0.957	0.001	0.041	0.001
0.016	0.149	0.054	0.781
0.022	0.001	0.099	0.878
0.013	0.457	0.416	0.114
>GTTGGCAG	8-GTTGGCAG	10.096314	-0.002034	0	T:4.0(0.43%),B:3233.6(1.31%),P:1e0	Tpos:19.0,Tstd:14.1,Bpos:9141.9,Bstd:34391.9,StrandBias:1.6,Multiplicity:1.00
0.001	0.107	0.891	0.001
0.108	0.001	0.001	0.890
0.121	0.001	0.001	0.877
0.001	0.001	0.997	0.001
0.001	0.001	0.997	0.001
0.088	0.873	0.001	0.038
0.724	0.088	0.086	0.102
0.001	0.037	0.847	0.115
>ACTCTAWT	9-ACTCTAWT	9.831624	-0.000667	0	T:3.0(0.32%),B:3114.8(1.26%),P:1e0	Tpos:27.7,Tstd:8.7,Bpos:11867.2,Bstd:40062.2,StrandBias:-1.0,Multiplicity:1.00
0.997	0.001	0.001	0.001
0.001	0.932	0.047	0.020
0.001	0.001	0.001	0.997
0.001	0.997	0.001	0.001
0.001	0.411	0.001	0.587
0.997	0.001	0.001	0.001
0.527	0.001	0.001	0.471
0.001	0.001	0.001	0.997
>TACAACCA	10-TACAACCA	8.766589	-0.000126	0	T:2.0(0.22%),B:3058.0(1.24%),P:1e0	Tpos:19.5,Tstd:0.5,Bpos:13436.1,Bstd:44335.2,StrandBias:10.0,Multiplicity:1.00
0.114	0.107	0.127	0.652
0.807	0.074	0.029	0.090
0.096	0.618	0.066	0.220
0.741	0.089	0.066	0.104
0.795	0.055	0.096	0.054
0.081	0.782	0.065	0.072
0.060	0.799	0.063	0.078
0.818	0.050	0.076	0.056
>GTGTGGCA	11-GTGTGGCA	8.790766	-0.000021	0	T:2.0(0.22%),B:3565.2(1.44%),P:1e0	Tpos:17.0,Tstd:5.0,Bpos:10667.3,Bstd:41546.4,StrandBias:10.0,Multiplicity:1.00
0.039	0.097	0.788	0.076
0.078	0.026	0.075	0.821
0.107	0.037	0.709	0.147
0.035	0.132	0.119	0.714
0.092	0.057	0.828	0.023
0.062	0.028	0.768	0.142
0.108	0.699	0.082	0.111
0.689	0.079	0.093	0.139
>ATGGAATA	12-ATGGAATA	10.376175	-0.000014	0	T:6.0(0.65%),B:5845.5(2.36%),P:1e0	Tpos:36.7,Tstd:3.9,Bpos:15186.7,Bstd:45628.8,StrandBias:1.0,Multiplicity:1.00
0.997	0.001	0.001	0.001
0.001	0.001	0.001	0.997
0.001	0.001	0.997	0.001
0.001	0.001	0.997	0.001
0.997	0.001	0.001	0.001
0.997	0.001	0.001	0.001
0.001	0.001	0.001	0.997
0.500	0.001	0.250	0.250
