>TCGGGTTG	1-TCGGGTTG	10.997826	-9.765822	0	T:9.0(0.97%),B:438.8(0.18%),P:1e-4	Tpos:33.4,Tstd:8.5,Bpos:8461.8,Bstd:29668.9,StrandBias:1.0,Multiplicity:1.00
0.001	0.001	0.001	0.997
0.001	0.997	0.001	0.001
0.001	0.067	0.931	0.001
0.001	0.001	0.997	0.001
0.001	0.001	0.997	0.001
0.001	0.001	0.001	0.997
0.001	0.001	0.001	0.997
0.001	0.001	0.997	0.001
>TCCGTTCS	2-TCCGTTCS	9.337286	-1.017326	0	T:1.0(0.11%),B:120.0(0.05%),P:1e0	Tpos:39.0,Tstd:0.0,Bpos:25742.3,Bstd:89696.5,StrandBias:10.0,Multiplicity:1.00
0.001	0.001	0.080	0.918
0.081	0.917	0.001	0.001
0.001	0.997	0.001	0.001
0.354	0.001	0.644	0.001
0.001	0.001	0.001	0.997
0.001	0.001	0.001	0.997
0.221	0.777	0.001	0.001
0.118	0.307	0.415	0.159
>TGGAATGG	3-TGGAATGG	8.236954	-0.916953	0	T:19.0(2.05%),B:4697.2(1.90%),P:1e0	Tpos:34.5,Tstd:12.3,Bpos:10750.8,Bstd:33992.0,StrandBias:1.0,Multiplicity:1.00
0.100	0.100	0.100	0.700
0.100	0.100	0.700	0.100
0.100	0.100	0.700	0.100
0.700	0.100	0.100	0.100
0.700	0.100	0.100	0.100
0.100	0.100	0.100	0.700
0.100	0.100	0.700	0.100
0.100	0.100	0.700	0.100
>AATGGAAT	4-AATGGAAT	8.236954	-0.389893	0	T:26.0(2.80%),B:7481.3(3.02%),P:1e0	Tpos:25.6,Tstd:12.2,Bpos:13162.5,Bstd:38241.7,StrandBias:-0.4,Multiplicity:3.12
0.700	0.100	0.100	0.100
0.700	0.100	0.100	0.100
0.100	0.100	0.100	0.700
0.100	0.100	0.700	0.100
0.100	0.100	0.700	0.100
0.700	0.100	0.100	0.100
0.700	0.100	0.100	0.100
0.100	0.100	0.100	0.700
>CGAATGGA	5-CGAATGGA	9.976430	-0.358334	0	T:2.0(0.22%),B:649.3(0.26%),P:1e0	Tpos:7.0,Tstd:0.0,Bpos:12670.6,Bstd:44228.2,StrandBias:10.0,Multiplicity:1.00
0.001	0.612	0.206	0.181
0.059	0.041	0.774	0.126
0.997	0.001	0.001	0.001
0.919	0.041	0.039	0.001
0.001	0.109	0.036	0.854
0.057	0.001	0.891	0.051
0.001	0.001	0.997	0.001
0.997	0.001	0.001	0.001
>GAACGGAA	6-GAACGGAA	10.735740	-0.270976	0	T:2.0(0.22%),B:737.3(0.30%),P:1e0	Tpos:18.7,Tstd:14.5,Bpos:7495.6,Bstd:28155.2,StrandBias:1.0,Multiplicity:1.50
0.001	0.080	0.918	0.001
0.997	0.001	0.001	0.001
0.997	0.001	0.001	0.001
0.001	0.778	0.001	0.220
0.001	0.001	0.997	0.001
0.001	0.001	0.997	0.001
0.997	0.001	0.001	0.001
0.997	0.001	0.001	0.001
>TTCCATTS	7-TTCCATTS	8.081227	-0.153061	0	T:19.0(2.05%),B:6305.6(2.55%),P:1e0	Tpos:41.3,Tstd:4.1,Bpos:11349.6,Bstd:39162.5,StrandBias:-1.0,Multiplicity:1.00
0.001	0.172	0.294	0.533
0.062	0.185	0.043	0.710
0.062	0.808	0.001	0.129
0.001	0.538	0.080	0.381
0.957	0.001	0.041	0.001
0.016	0.149	0.054	0.781
0.022	0.001	0.099	0.878
0.013	0.457	0.416	0.114
>GTTGGCAG	8-GTTGGCAG	10.096314	-0.002034	0	T:4.0(0.43%),B:3233.6(1.31%),P:1e0	Tpos:19.0,Tstd:14.1,Bpos:9141.9,Bstd:34391.9,StrandBias:1.6,Multiplicity:1.00
0.001	0.107	0.891	0.001
0.108	0.001	0.001	0.890
0.121	0.001	0.001	0.877
0.001	0.001	0.997	0.001
0.001	0.001	0.997	0.001
0.088	0.873	0.001	0.038
0.724	0.088	0.086	0.102
0.001	0.037	0.847	0.115
>ACTCTAWT	9-ACTCTAWT	9.831624	-0.000667	0	T:3.0(0.32%),B:3114.8(1.26%),P:1e0	Tpos:27.7,Tstd:8.7,Bpos:11867.2,Bstd:40062.2,StrandBias:-1.0,Multiplicity:1.00
0.997	0.001	0.001	0.001
0.001	0.932	0.047	0.020
0.001	0.001	0.001	0.997
0.001	0.997	0.001	0.001
0.001	0.411	0.001	0.587
0.997	0.001	0.001	0.001
0.527	0.001	0.001	0.471
0.001	0.001	0.001	0.997
>TACAACCA	10-TACAACCA	8.766589	-0.000126	0	T:2.0(0.22%),B:3058.0(1.24%),P:1e0	Tpos:19.5,Tstd:0.5,Bpos:13436.1,Bstd:44335.2,StrandBias:10.0,Multiplicity:1.00
0.114	0.107	0.127	0.652
0.807	0.074	0.029	0.090
0.096	0.618	0.066	0.220
0.741	0.089	0.066	0.104
0.795	0.055	0.096	0.054
0.081	0.782	0.065	0.072
0.060	0.799	0.063	0.078
0.818	0.050	0.076	0.056
>GTGTGGCA	11-GTGTGGCA	8.790766	-0.000021	0	T:2.0(0.22%),B:3565.2(1.44%),P:1e0	Tpos:17.0,Tstd:5.0,Bpos:10667.3,Bstd:41546.4,StrandBias:10.0,Multiplicity:1.00
0.039	0.097	0.788	0.076
0.078	0.026	0.075	0.821
0.107	0.037	0.709	0.147
0.035	0.132	0.119	0.714
0.092	0.057	0.828	0.023
0.062	0.028	0.768	0.142
0.108	0.699	0.082	0.111
0.689	0.079	0.093	0.139
>ATGGAATA	12-ATGGAATA	10.376175	-0.000014	0	T:6.0(0.65%),B:5845.5(2.36%),P:1e0	Tpos:36.7,Tstd:3.9,Bpos:15186.7,Bstd:45628.8,StrandBias:1.0,Multiplicity:1.00
0.997	0.001	0.001	0.001
0.001	0.001	0.001	0.997
0.001	0.001	0.997	0.001
0.001	0.001	0.997	0.001
0.997	0.001	0.001	0.001
0.997	0.001	0.001	0.001
0.001	0.001	0.001	0.997
0.500	0.001	0.250	0.250
