>GAATGGAATGGA	1-GAATGGAATGGA	16.154613	-53.397606	0	T:15.0(1.62%),B:42.5(0.02%),P:1e-23	Tpos:26.6,Tstd:10.1,Bpos:18040.2,Bstd:17800.6,StrandBias:-0.1,Multiplicity:1.20
0.001	0.019	0.979	0.001
0.988	0.001	0.010	0.001
0.876	0.001	0.122	0.001
0.008	0.001	0.009	0.982
0.001	0.001	0.997	0.001
0.001	0.095	0.890	0.014
0.988	0.001	0.010	0.001
0.989	0.001	0.009	0.001
0.008	0.001	0.009	0.982
0.001	0.001	0.997	0.001
0.001	0.103	0.885	0.011
0.989	0.001	0.009	0.001
>CACGGGTCTATT	2-CACGGGTCTATT	10.264229	-43.864736	0	T:10.0(1.08%),B:10.2(0.00%),P:1e-19	Tpos:32.7,Tstd:8.7,Bpos:13077.9,Bstd:36448.6,StrandBias:1.8,Multiplicity:1.00
0.001	0.997	0.001	0.001
0.878	0.001	0.001	0.120
0.001	0.997	0.001	0.001
0.001	0.001	0.997	0.001
0.001	0.001	0.997	0.001
0.001	0.001	0.997	0.001
0.001	0.001	0.001	0.997
0.001	0.876	0.001	0.122
0.001	0.001	0.120	0.878
0.997	0.001	0.001	0.001
0.001	0.001	0.001	0.997
0.001	0.001	0.001	0.997
>CCATTCSATTCC	3-CCATTCSATTCC	12.015771	-30.766206	0	T:21.0(2.27%),B:588.4(0.24%),P:1e-13	Tpos:24.3,Tstd:12.9,Bpos:12940.7,Bstd:22137.0,StrandBias:-2.0,Multiplicity:1.00
0.001	0.997	0.001	0.001
0.021	0.976	0.001	0.002
0.997	0.001	0.001	0.001
0.001	0.171	0.001	0.827
0.001	0.001	0.128	0.870
0.001	0.618	0.260	0.121
0.001	0.567	0.431	0.001
0.997	0.001	0.001	0.001
0.001	0.001	0.384	0.614
0.001	0.001	0.121	0.877
0.001	0.827	0.171	0.001
0.001	0.975	0.023	0.001
>CCATTCCACTCC	4-CCATTCCACTCC	12.465847	-29.997158	0	T:18.0(1.94%),B:408.8(0.17%),P:1e-13	Tpos:15.0,Tstd:7.2,Bpos:15094.9,Bstd:30337.7,StrandBias:-10.0,Multiplicity:1.00
0.205	0.403	0.165	0.227
0.001	0.997	0.001	0.001
0.997	0.001	0.001	0.001
0.001	0.001	0.001	0.997
0.001	0.001	0.001	0.997
0.001	0.834	0.001	0.164
0.001	0.597	0.227	0.175
0.997	0.001	0.001	0.001
0.001	0.772	0.001	0.226
0.380	0.001	0.001	0.618
0.001	0.997	0.001	0.001
0.001	0.997	0.001	0.001
>ATRGAATGGAAT	5-ATRGAATGGAAT	10.818557	-20.007854	0	T:19.0(2.05%),B:867.0(0.35%),P:1e-8	Tpos:35.2,Tstd:3.7,Bpos:12798.1,Bstd:36680.6,StrandBias:-1.6,Multiplicity:1.00
0.495	0.106	0.303	0.096
0.072	0.002	0.006	0.920
0.353	0.150	0.412	0.085
0.101	0.014	0.800	0.085
0.689	0.205	0.002	0.104
0.813	0.096	0.002	0.089
0.103	0.001	0.001	0.895
0.305	0.001	0.465	0.230
0.001	0.001	0.889	0.109
0.849	0.002	0.004	0.145
0.799	0.001	0.098	0.102
0.003	0.001	0.251	0.745
>ATATTAAAGTAC	6-ATATTAAAGTAC	14.025324	-6.530218	0	T:5.0(0.54%),B:213.2(0.09%),P:1e-2	Tpos:30.8,Tstd:11.4,Bpos:6764.5,Bstd:18791.6,StrandBias:2.0,Multiplicity:1.00
0.997	0.001	0.001	0.001
0.001	0.001	0.001	0.997
0.842	0.001	0.001	0.156
0.156	0.001	0.001	0.842
0.001	0.001	0.001	0.997
0.797	0.201	0.001	0.001
0.815	0.001	0.001	0.183
0.997	0.001	0.001	0.001
0.118	0.001	0.880	0.001
0.001	0.001	0.001	0.997
0.997	0.001	0.001	0.001
0.001	0.997	0.001	0.001
>TGGTGGTGGTGG	7-TGGTGGTGGTGG	11.790333	-0.412526	0	T:4.0(0.43%),B:1207.9(0.49%),P:1e0	Tpos:13.6,Tstd:5.4,Bpos:7693.7,Bstd:26835.0,StrandBias:2.0,Multiplicity:1.00
0.184	0.071	0.127	0.618
0.001	0.001	0.997	0.001
0.115	0.001	0.826	0.058
0.061	0.066	0.043	0.830
0.164	0.001	0.834	0.001
0.001	0.059	0.815	0.125
0.057	0.001	0.001	0.941
0.062	0.001	0.868	0.069
0.171	0.001	0.709	0.119
0.120	0.001	0.092	0.787
0.068	0.001	0.898	0.033
0.114	0.001	0.884	0.001
