>ACTCGGGTTG	1-ACTCGGGTTG	11.544250	-23.548299	0	T:8.0(0.86%),B:50.0(0.02%),P:1e-10	Tpos:30.8,Tstd:9.0,Bpos:6099.8,Bstd:25392.5,StrandBias:1.6,Multiplicity:1.00
0.997	0.001	0.001	0.001
0.001	0.997	0.001	0.001
0.001	0.001	0.001	0.997
0.001	0.997	0.001	0.001
0.001	0.113	0.885	0.001
0.001	0.001	0.997	0.001
0.001	0.001	0.892	0.106
0.001	0.001	0.001	0.997
0.001	0.001	0.001	0.997
0.001	0.001	0.997	0.001
>GGAATGGAAT	2-GGAATGGAAT	13.662726	-18.286225	0	T:15.0(1.62%),B:577.3(0.23%),P:1e-7	Tpos:26.6,Tstd:11.4,Bpos:15684.5,Bstd:23332.0,StrandBias:-0.4,Multiplicity:3.93
0.001	0.011	0.987	0.001
0.001	0.058	0.940	0.001
0.997	0.001	0.001	0.001
0.997	0.001	0.001	0.001
0.001	0.013	0.001	0.985
0.001	0.001	0.997	0.001
0.001	0.086	0.912	0.001
0.997	0.001	0.001	0.001
0.997	0.001	0.001	0.001
0.001	0.001	0.001	0.997
>AATGGAATGG	3-AATGGAATGG	11.244217	-11.469974	0	T:17.0(1.83%),B:1269.3(0.51%),P:1e-4	Tpos:22.0,Tstd:14.1,Bpos:14671.3,Bstd:31387.8,StrandBias:2.3,Multiplicity:1.00
0.938	0.060	0.001	0.001
0.777	0.059	0.163	0.001
0.047	0.001	0.001	0.951
0.001	0.001	0.997	0.001
0.001	0.001	0.997	0.001
0.946	0.052	0.001	0.001
0.836	0.001	0.162	0.001
0.041	0.001	0.001	0.957
0.001	0.147	0.799	0.053
0.001	0.001	0.951	0.047
>ATCATCGAAT	4-ATCATCGAAT	11.408748	-6.252413	0	T:4.0(0.43%),B:135.8(0.05%),P:1e-2	Tpos:29.8,Tstd:10.3,Bpos:13917.3,Bstd:53049.1,StrandBias:1.6,Multiplicity:1.00
0.997	0.001	0.001	0.001
0.001	0.189	0.001	0.809
0.001	0.997	0.001	0.001
0.997	0.001	0.001	0.001
0.001	0.001	0.001	0.997
0.087	0.829	0.001	0.083
0.001	0.093	0.905	0.001
0.997	0.001	0.001	0.001
0.821	0.177	0.001	0.001
0.001	0.186	0.001	0.812
>CCAATGGAAT	5-CCAATGGAAT	10.911367	-6.188495	0	T:9.0(0.97%),B:727.1(0.29%),P:1e-2	Tpos:12.0,Tstd:7.7,Bpos:15682.2,Bstd:56761.6,StrandBias:-1.0,Multiplicity:1.00
0.051	0.645	0.303	0.001
0.120	0.878	0.001	0.001
0.997	0.001	0.001	0.001
0.997	0.001	0.001	0.001
0.001	0.131	0.001	0.867
0.001	0.001	0.997	0.001
0.001	0.001	0.997	0.001
0.915	0.001	0.083	0.001
0.828	0.001	0.094	0.077
0.057	0.001	0.001	0.941
>TCGAATGGAA	6-TCGAATGGAA	11.488990	-3.560741	0	T:2.0(0.22%),B:68.0(0.03%),P:1e-1	Tpos:25.0,Tstd:8.0,Bpos:21172.9,Bstd:69503.3,StrandBias:10.0,Multiplicity:1.00
0.057	0.037	0.031	0.875
0.092	0.491	0.337	0.080
0.051	0.125	0.759	0.065
0.910	0.060	0.001	0.029
0.840	0.027	0.132	0.001
0.052	0.147	0.080	0.721
0.097	0.001	0.818	0.084
0.009	0.001	0.960	0.030
0.894	0.060	0.001	0.045
0.738	0.148	0.113	0.001
>GTATGCCCAG	7-GTATGCCCAG	11.019856	-2.796683	0	T:4.0(0.43%),B:389.3(0.16%),P:1e-1	Tpos:16.2,Tstd:8.1,Bpos:9001.4,Bstd:29420.0,StrandBias:10.0,Multiplicity:1.00
0.111	0.089	0.799	0.001
0.096	0.001	0.001	0.902
0.902	0.096	0.001	0.001
0.001	0.001	0.001	0.997
0.001	0.001	0.913	0.085
0.131	0.867	0.001	0.001
0.001	0.997	0.001	0.001
0.118	0.880	0.001	0.001
0.997	0.001	0.001	0.001
0.139	0.001	0.859	0.001
>ATSGAATGGA	8-ATSGAATGGA	11.430133	-1.997452	0	T:1.0(0.11%),B:38.6(0.02%),P:1e0	Tpos:6.0,Tstd:0.0,Bpos:12871.5,Bstd:27599.7,StrandBias:10.0,Multiplicity:1.00
0.840	0.069	0.090	0.001
0.047	0.108	0.050	0.795
0.144	0.405	0.291	0.160
0.067	0.072	0.834	0.027
0.841	0.087	0.001	0.071
0.843	0.001	0.134	0.022
0.001	0.001	0.045	0.953
0.082	0.045	0.794	0.079
0.070	0.001	0.872	0.057
0.832	0.070	0.035	0.063
>AAACTAGTTT	9-AAACTAGTTT	11.379595	-1.992412	0	T:8.0(0.86%),B:1342.9(0.54%),P:1e0	Tpos:33.1,Tstd:8.8,Bpos:10674.3,Bstd:39691.8,StrandBias:1.8,Multiplicity:1.00
0.815	0.183	0.001	0.001
0.997	0.001	0.001	0.001
0.808	0.190	0.001	0.001
0.001	0.997	0.001	0.001
0.001	0.001	0.001	0.997
0.616	0.001	0.289	0.094
0.001	0.001	0.933	0.065
0.001	0.001	0.001	0.997
0.001	0.001	0.001	0.997
0.001	0.001	0.001	0.997
>ATAGATAGCT	10-ATAGATAGCT	10.553965	-1.086109	0	T:3.0(0.32%),B:547.1(0.22%),P:1e0	Tpos:25.7,Tstd:14.6,Bpos:18756.4,Bstd:58954.8,StrandBias:-1.0,Multiplicity:1.00
0.616	0.132	0.106	0.146
0.084	0.001	0.027	0.888
0.887	0.001	0.034	0.078
0.099	0.026	0.734	0.141
0.866	0.001	0.041	0.092
0.037	0.083	0.027	0.853
0.755	0.001	0.166	0.078
0.075	0.051	0.640	0.234
0.078	0.827	0.094	0.001
0.001	0.047	0.001	0.951
>GGTGGTGGTG	11-GGTGGTGGTG	10.268819	-0.272519	0	T:3.0(0.32%),B:1066.3(0.43%),P:1e0	Tpos:9.0,Tstd:0.8,Bpos:6979.2,Bstd:26457.0,StrandBias:1.0,Multiplicity:1.00
0.055	0.001	0.941	0.003
0.003	0.209	0.664	0.124
0.164	0.273	0.001	0.562
0.075	0.001	0.922	0.002
0.330	0.105	0.564	0.001
0.190	0.070	0.002	0.738
0.077	0.117	0.804	0.002
0.182	0.001	0.660	0.157
0.179	0.001	0.332	0.489
0.161	0.002	0.786	0.051
