>WAACCACARN	1-WAACCACARN	6.000483	-4308.755428	0	T:4424.0(70.31%),B:34989.0(16.46%),P:1e-1871	Tpos:96.1,Tstd:38.5,Bpos:17197.5,Bstd:90953.7,StrandBias:-0.1,Multiplicity:1.41
0.340	0.183	0.038	0.439
0.610	0.063	0.270	0.057
0.901	0.039	0.055	0.005
0.010	0.985	0.001	0.004
0.002	0.986	0.010	0.002
0.708	0.013	0.252	0.027
0.002	0.979	0.004	0.015
0.862	0.024	0.040	0.074
0.436	0.063	0.353	0.147
0.277	0.286	0.284	0.152
>ACTTCCTCTT	2-ACTTCCTCTT	5.580325	-1186.750655	0	T:3978.0(63.22%),B:69594.3(32.74%),P:1e-515	Tpos:95.5,Tstd:49.5,Bpos:10542.7,Bstd:66265.9,StrandBias:-0.0,Multiplicity:1.49
0.770	0.061	0.139	0.030
0.019	0.766	0.093	0.122
0.063	0.027	0.034	0.876
0.066	0.039	0.044	0.851
0.034	0.919	0.022	0.025
0.030	0.874	0.039	0.057
0.070	0.250	0.146	0.534
0.034	0.433	0.274	0.259
0.226	0.222	0.054	0.498
0.126	0.253	0.141	0.481
>WAAAAACCAY	3-WAAAAACCAY	-8.265644	-377.383963	0	T:5536.0(87.98%),B:156890.7(73.82%),P:1e-163	Tpos:95.7,Tstd:55.3,Bpos:10486.6,Bstd:61957.3,StrandBias:0.1,Multiplicity:1.53
0.499	0.001	0.001	0.499
0.997	0.001	0.001	0.001
0.997	0.001	0.001	0.001
0.997	0.001	0.001	0.001
0.997	0.001	0.001	0.001
0.997	0.001	0.001	0.001
0.001	0.997	0.001	0.001
0.001	0.997	0.001	0.001
0.997	0.001	0.001	0.001
0.001	0.499	0.001	0.499
>HHWWTTYCYT	4-HHWWTTYCYT	3.920216	-353.136511	0	T:5374.0(85.41%),B:151093.8(71.09%),P:1e-153	Tpos:93.1,Tstd:57.0,Bpos:11027.0,Bstd:59292.0,StrandBias:0.0,Multiplicity:1.44
0.264	0.331	0.175	0.230
0.252	0.323	0.108	0.318
0.279	0.225	0.111	0.385
0.286	0.210	0.115	0.389
0.206	0.251	0.067	0.476
0.001	0.222	0.001	0.776
0.001	0.493	0.001	0.505
0.014	0.634	0.001	0.351
0.172	0.428	0.001	0.399
0.164	0.246	0.001	0.589
>TYCCTTYYHW	5-TYCCTTYYHW	4.313476	-320.650670	0	T:4930.0(78.35%),B:134915.5(63.48%),P:1e-139	Tpos:94.9,Tstd:56.2,Bpos:6741.0,Bstd:32335.1,StrandBias:0.0,Multiplicity:1.45
0.021	0.106	0.035	0.838
0.041	0.551	0.001	0.407
0.135	0.851	0.008	0.006
0.143	0.579	0.022	0.256
0.103	0.133	0.001	0.763
0.074	0.157	0.058	0.711
0.110	0.512	0.001	0.377
0.153	0.403	0.001	0.443
0.345	0.241	0.087	0.328
0.256	0.168	0.183	0.393
>ATTGTGGTTT	6-ATTGTGGTTT	2.512553	-284.414129	0	T:6203.0(98.59%),B:195072.9(91.78%),P:1e-123	Tpos:79.0,Tstd:60.1,Bpos:8656.0,Bstd:16220.7,StrandBias:-1.6,Multiplicity:1.00
0.700	0.100	0.100	0.100
0.100	0.100	0.100	0.700
0.100	0.100	0.100	0.700
0.100	0.100	0.700	0.100
0.100	0.100	0.100	0.700
0.100	0.100	0.700	0.100
0.100	0.100	0.700	0.100
0.100	0.100	0.100	0.700
0.100	0.100	0.100	0.700
0.100	0.100	0.100	0.700
>CWGNSWCWSV	7-CWGNSWCWSV	3.475999	-232.295293	0	T:5831.0(92.67%),B:177426.2(83.48%),P:1e-100	Tpos:95.1,Tstd:55.6,Bpos:6185.8,Bstd:41382.5,StrandBias:0.0,Multiplicity:1.49
0.105	0.428	0.246	0.220
0.492	0.001	0.001	0.506
0.237	0.001	0.761	0.001
0.225	0.301	0.276	0.198
0.070	0.410	0.322	0.198
0.447	0.001	0.001	0.551
0.097	0.823	0.001	0.079
0.553	0.001	0.001	0.445
0.119	0.290	0.415	0.176
0.208	0.349	0.250	0.194
>TGGAATGGAA	8-TGGAATGGAA	2.512553	-221.940849	0	T:6262.0(99.52%),B:201821.5(94.96%),P:1e-96	Tpos:94.4,Tstd:55.7,Bpos:6189.8,Bstd:45810.5,StrandBias:-0.0,Multiplicity:1.91
0.100	0.100	0.100	0.700
0.100	0.100	0.700	0.100
0.100	0.100	0.700	0.100
0.700	0.100	0.100	0.100
0.700	0.100	0.100	0.100
0.100	0.100	0.100	0.700
0.100	0.100	0.700	0.100
0.100	0.100	0.700	0.100
0.700	0.100	0.100	0.100
0.700	0.100	0.100	0.100
>ACACACCACA	9-ACACACCACA	2.512553	-194.113549	0	T:6276.0(99.75%),B:204072.0(96.02%),P:1e-84	Tpos:23.0,Tstd:0.0,Bpos:6724.8,Bstd:12178.1,StrandBias:-10.0,Multiplicity:1.00
0.700	0.100	0.100	0.100
0.100	0.700	0.100	0.100
0.700	0.100	0.100	0.100
0.100	0.700	0.100	0.100
0.700	0.100	0.100	0.100
0.100	0.700	0.100	0.100
0.100	0.700	0.100	0.100
0.700	0.100	0.100	0.100
0.100	0.700	0.100	0.100
0.700	0.100	0.100	0.100
>GGAATGGAAT	10-GGAATGGAAT	-7.094099	-153.351748	0	T:4312.0(68.53%),B:122791.0(57.77%),P:1e-66	Tpos:93.6,Tstd:56.3,Bpos:14535.4,Bstd:77234.9,StrandBias:0.1,Multiplicity:1.70
0.001	0.134	0.864	0.001
0.001	0.001	0.997	0.001
0.997	0.001	0.001	0.001
0.997	0.001	0.001	0.001
0.001	0.001	0.001	0.997
0.001	0.068	0.930	0.001
0.001	0.001	0.997	0.001
0.997	0.001	0.001	0.001
0.997	0.001	0.001	0.001
0.001	0.001	0.001	0.997
>CTGTGGCCTC	11-CTGTGGCCTC	2.512553	-126.968993	0	T:6288.0(99.94%),B:207672.2(97.71%),P:1e-55	Tpos:94.6,Tstd:55.0,Bpos:3170.7,Bstd:30159.4,StrandBias:0.0,Multiplicity:2.14
0.100	0.700	0.100	0.100
0.100	0.100	0.100	0.700
0.100	0.100	0.700	0.100
0.100	0.100	0.100	0.700
0.100	0.100	0.700	0.100
0.100	0.100	0.700	0.100
0.100	0.700	0.100	0.100
0.100	0.700	0.100	0.100
0.100	0.100	0.100	0.700
0.100	0.700	0.100	0.100
>AAMATGTTTT	12-AAMATGTTTT	-14.478250	-123.180164	0	T:5947.0(94.52%),B:188836.1(88.85%),P:1e-53	Tpos:95.0,Tstd:56.4,Bpos:10834.0,Bstd:64316.0,StrandBias:-0.0,Multiplicity:1.85
0.997	0.001	0.001	0.001
0.997	0.001	0.001	0.001
0.499	0.499	0.001	0.001
0.997	0.001	0.001	0.001
0.001	0.001	0.001	0.997
0.001	0.001	0.997	0.001
0.001	0.001	0.001	0.997
0.001	0.001	0.001	0.997
0.001	0.001	0.001	0.997
0.001	0.001	0.001	0.997
>AATTTNAAAA	13-AATTTNAAAA	2.832491	-105.156316	0	T:4430.0(70.41%),B:131126.3(61.69%),P:1e-45	Tpos:93.8,Tstd:58.3,Bpos:12229.0,Bstd:52545.0,StrandBias:-0.0,Multiplicity:2.01
0.494	0.134	0.041	0.332
0.497	0.190	0.001	0.312
0.386	0.043	0.014	0.557
0.257	0.163	0.097	0.483
0.314	0.083	0.082	0.521
0.252	0.222	0.196	0.330
0.564	0.071	0.093	0.272
0.494	0.132	0.218	0.156
0.913	0.002	0.084	0.001
0.606	0.001	0.148	0.245
>ACCTCAGCTT	14-ACCTCAGCTT	2.512553	-95.379325	0	T:6289.0(99.95%),B:208883.9(98.28%),P:1e-41	Tpos:95.3,Tstd:54.4,Bpos:4742.3,Bstd:39854.6,StrandBias:0.0,Multiplicity:2.27
0.700	0.100	0.100	0.100
0.100	0.700	0.100	0.100
0.100	0.700	0.100	0.100
0.100	0.100	0.100	0.700
0.100	0.700	0.100	0.100
0.700	0.100	0.100	0.100
0.100	0.100	0.700	0.100
0.100	0.700	0.100	0.100
0.100	0.100	0.100	0.700
0.100	0.100	0.100	0.700
>CCCCACCCAC	15-CCCCACCCAC	0.566642	-9.021201	0	T:6292.0(100.00%),B:212232.6(99.85%),P:1e-3	Tpos:96.8,Tstd:55.6,Bpos:3130.2,Bstd:27857.3,StrandBias:0.0,Multiplicity:1.80
0.100	0.700	0.100	0.100
0.100	0.700	0.100	0.100
0.100	0.700	0.100	0.100
0.100	0.700	0.100	0.100
0.700	0.100	0.100	0.100
0.100	0.700	0.100	0.100
0.100	0.700	0.100	0.100
0.100	0.700	0.100	0.100
0.700	0.100	0.100	0.100
0.100	0.700	0.100	0.100
>CGCAGGCGCA	16-CGCAGGCGCA	0.000000	-5.078308	0	T:6292.0(100.00%),B:212367.5(99.92%),P:1e-2
0.100	0.700	0.100	0.100
0.100	0.100	0.700	0.100
0.100	0.700	0.100	0.100
0.700	0.100	0.100	0.100
0.100	0.100	0.700	0.100
0.100	0.100	0.700	0.100
0.100	0.700	0.100	0.100
0.100	0.100	0.700	0.100
0.100	0.700	0.100	0.100
0.700	0.100	0.100	0.100
>ATGGAATGGA	17-ATGGAATGGA	0.000000	-4.406802	0	T:6292.0(100.00%),B:212390.8(99.93%),P:1e-1
0.700	0.100	0.100	0.100
0.100	0.100	0.100	0.700
0.100	0.100	0.700	0.100
0.100	0.100	0.700	0.100
0.700	0.100	0.100	0.100
0.700	0.100	0.100	0.100
0.100	0.100	0.100	0.700
0.100	0.100	0.700	0.100
0.100	0.100	0.700	0.100
0.700	0.100	0.100	0.100
>ACCCCACCCA	18-ACCCCACCCA	0.000000	-3.297515	0	T:6292.0(100.00%),B:212428.3(99.95%),P:1e-1
0.700	0.100	0.100	0.100
0.100	0.700	0.100	0.100
0.100	0.700	0.100	0.100
0.100	0.700	0.100	0.100
0.100	0.700	0.100	0.100
0.700	0.100	0.100	0.100
0.100	0.700	0.100	0.100
0.100	0.700	0.100	0.100
0.100	0.700	0.100	0.100
0.700	0.100	0.100	0.100
>TGACGTCACC	19-TGACGTCACC	0.566642	-1.750678	0	T:6292.0(100.00%),B:212481.0(99.97%),P:1e0	Tpos:93.3,Tstd:71.9,Bpos:7858.6,Bstd:16005.1,StrandBias:-10.0,Multiplicity:1.00
0.100	0.100	0.100	0.700
0.100	0.100	0.700	0.100
0.700	0.100	0.100	0.100
0.100	0.700	0.100	0.100
0.100	0.100	0.700	0.100
0.100	0.100	0.100	0.700
0.100	0.700	0.100	0.100
0.700	0.100	0.100	0.100
0.100	0.700	0.100	0.100
0.100	0.700	0.100	0.100
>GAGGAAGAAG	20-GAGGAAGAAG	0.000000	-0.612682	0	T:6292.0(100.00%),B:212520.5(99.99%),P:1e0
0.100	0.100	0.700	0.100
0.700	0.100	0.100	0.100
0.100	0.100	0.700	0.100
0.100	0.100	0.700	0.100
0.700	0.100	0.100	0.100
0.700	0.100	0.100	0.100
0.100	0.100	0.700	0.100
0.700	0.100	0.100	0.100
0.700	0.100	0.100	0.100
0.100	0.100	0.700	0.100
>CACAGCCTCC	21-CACAGCCTCC	0.566642	-0.379272	0	T:6292.0(100.00%),B:212528.1(99.99%),P:1e0	Tpos:90.7,Tstd:59.6,Bpos:7181.4,Bstd:24928.0,StrandBias:0.0,Multiplicity:1.00
0.100	0.700	0.100	0.100
0.700	0.100	0.100	0.100
0.100	0.700	0.100	0.100
0.700	0.100	0.100	0.100
0.100	0.100	0.700	0.100
0.100	0.700	0.100	0.100
0.100	0.700	0.100	0.100
0.100	0.100	0.100	0.700
0.100	0.700	0.100	0.100
0.100	0.700	0.100	0.100
>CAATTTTCAG	22-CAATTTTCAG	12.690471	-0.001448	0	T:1.0(0.02%),B:223.7(0.11%),P:1e0	Tpos:5.0,Tstd:0.0,Bpos:0.0,Bstd:0.0,StrandBias:10.0,Multiplicity:1.00
0.169	0.829	0.001	0.001
0.784	0.044	0.001	0.171
0.829	0.001	0.169	0.001
0.007	0.001	0.001	0.991
0.001	0.001	0.214	0.784
0.001	0.009	0.001	0.989
0.001	0.001	0.036	0.962
0.039	0.952	0.001	0.008
0.997	0.001	0.001	0.001
0.001	0.001	0.819	0.179
>GATAGATTAG	23-GATAGATTAG	9.062846	-0.000000	0	T:29.0(0.46%),B:2502.9(1.18%),P:1e0	Tpos:60.5,Tstd:55.5,Bpos:9190.3,Bstd:5729.7,StrandBias:0.0,Multiplicity:1.00
0.171	0.045	0.783	0.001
0.783	0.001	0.170	0.046
0.169	0.001	0.001	0.829
0.821	0.177	0.001	0.001
0.214	0.001	0.784	0.001
0.954	0.044	0.001	0.001
0.215	0.001	0.001	0.783
0.169	0.001	0.038	0.792
0.954	0.001	0.008	0.037
0.001	0.001	0.962	0.036
>AWTAGAAWWG	24-AWTAGAAWWG	7.616038	-0.000000	0	T:300.0(4.77%),B:16792.7(7.90%),P:1e0	Tpos:43.3,Tstd:15.2,Bpos:4795.3,Bstd:8966.7,StrandBias:10.0,Multiplicity:1.00
0.799	0.199	0.001	0.001
0.400	0.200	0.001	0.400
0.001	0.001	0.001	0.997
0.400	0.200	0.200	0.200
0.199	0.001	0.799	0.001
0.599	0.399	0.001	0.001
0.997	0.001	0.001	0.001
0.400	0.001	0.200	0.400
0.400	0.001	0.200	0.400
0.199	0.001	0.799	0.001
>GCCCCGCCCA	25-GCCCCGCCCA	-5.271088	0.000000	0	T:6292.0(100.00%),B:212541.2(100.00%),P:1e0	Tpos:94.9,Tstd:57.7,Bpos:8908.2,Bstd:56064.5,StrandBias:-0.0,Multiplicity:1.40
0.100	0.100	0.700	0.100
0.100	0.700	0.100	0.100
0.100	0.700	0.100	0.100
0.100	0.700	0.100	0.100
0.100	0.700	0.100	0.100
0.100	0.100	0.700	0.100
0.100	0.700	0.100	0.100
0.100	0.700	0.100	0.100
0.100	0.700	0.100	0.100
0.700	0.100	0.100	0.100
>HAACCRCAGNNB	1-HAACCRCAGNNB	7.031521	-4133.668634	0	T:3343.0(53.13%),B:16836.5(7.92%),P:1e-1795	Tpos:95.8,Tstd:36.1,Bpos:10173.9,Bstd:62110.4,StrandBias:-0.1,Multiplicity:1.18
0.321	0.252	0.081	0.346
0.785	0.016	0.198	0.001
0.947	0.040	0.012	0.001
0.001	0.997	0.001	0.001
0.001	0.997	0.001	0.001
0.548	0.001	0.423	0.028
0.001	0.997	0.001	0.001
0.986	0.001	0.012	0.001
0.335	0.105	0.513	0.047
0.181	0.253	0.319	0.247
0.286	0.298	0.157	0.260
0.170	0.330	0.186	0.314
>RASAGGAAGTGR	2-RASAGGAAGTGR	6.122024	-1372.087921	0	T:3892.0(61.86%),B:62574.8(29.44%),P:1e-595	Tpos:96.2,Tstd:46.7,Bpos:6682.5,Bstd:46447.0,StrandBias:-0.0,Multiplicity:1.50
0.375	0.181	0.320	0.123
0.466	0.056	0.289	0.188
0.163	0.393	0.416	0.029
0.579	0.201	0.219	0.001
0.069	0.001	0.929	0.001
0.001	0.001	0.997	0.001
0.957	0.041	0.001	0.001
0.837	0.001	0.001	0.161
0.232	0.136	0.631	0.001
0.048	0.347	0.024	0.581
0.160	0.226	0.403	0.211
0.333	0.093	0.405	0.169
>CHMHMMCCACAR	3-CHMHMMCCACAR	4.176630	-822.971719	0	T:5437.0(86.41%),B:134635.0(63.35%),P:1e-357	Tpos:95.5,Tstd:53.0,Bpos:8216.1,Bstd:51518.5,StrandBias:-0.0,Multiplicity:1.48
0.228	0.481	0.100	0.191
0.354	0.314	0.071	0.261
0.286	0.387	0.130	0.197
0.401	0.320	0.002	0.277
0.376	0.380	0.127	0.118
0.421	0.396	0.111	0.072
0.190	0.707	0.071	0.032
0.177	0.818	0.004	0.001
0.571	0.274	0.070	0.085
0.270	0.591	0.137	0.002
0.611	0.226	0.007	0.156
0.371	0.214	0.223	0.192
>TTCCTCCTHCNN	4-TTCCTCCTHCNN	1.969441	-488.529264	0	T:4679.0(74.36%),B:117140.7(55.11%),P:1e-212	Tpos:94.2,Tstd:55.0,Bpos:6559.0,Bstd:41180.8,StrandBias:0.0,Multiplicity:1.43
0.001	0.001	0.001	0.997
0.001	0.001	0.001	0.997
0.001	0.997	0.001	0.001
0.001	0.997	0.001	0.001
0.001	0.001	0.001	0.997
0.001	0.458	0.296	0.245
0.061	0.556	0.001	0.382
0.012	0.374	0.001	0.613
0.241	0.355	0.099	0.305
0.001	0.605	0.228	0.166
0.273	0.303	0.174	0.250
0.240	0.260	0.293	0.207
>GTGTGTGGTGTG	5-GTGTGTGGTGTG	2.625881	-411.745452	0	T:6263.0(99.54%),B:195346.5(91.91%),P:1e-178	Tpos:95.3,Tstd:54.9,Bpos:6160.8,Bstd:48700.1,StrandBias:0.0,Multiplicity:1.74
0.100	0.100	0.700	0.100
0.100	0.100	0.100	0.700
0.100	0.100	0.700	0.100
0.100	0.100	0.100	0.700
0.100	0.100	0.700	0.100
0.100	0.100	0.100	0.700
0.100	0.100	0.700	0.100
0.100	0.100	0.700	0.100
0.100	0.100	0.100	0.700
0.100	0.100	0.700	0.100
0.100	0.100	0.100	0.700
0.100	0.100	0.700	0.100
>CYYYCYCYYYYY	6-CYYYCYCYYYYY	4.268484	-364.064008	0	T:5253.0(83.49%),B:145518.5(68.47%),P:1e-158	Tpos:94.6,Tstd:57.1,Bpos:5650.8,Bstd:28875.6,StrandBias:0.0,Multiplicity:1.36
0.176	0.510	0.001	0.313
0.123	0.454	0.042	0.381
0.174	0.375	0.116	0.335
0.101	0.473	0.020	0.406
0.132	0.519	0.001	0.348
0.132	0.473	0.001	0.394
0.166	0.509	0.012	0.313
0.181	0.402	0.014	0.403
0.062	0.352	0.126	0.460
0.001	0.444	0.129	0.426
0.001	0.488	0.056	0.455
0.141	0.392	0.077	0.391
>CCACAAAAACCA	7-CCACAAAAACCA	3.951466	-325.680698	0	T:4344.0(69.04%),B:112869.6(53.10%),P:1e-141	Tpos:95.5,Tstd:51.9,Bpos:5836.7,Bstd:34083.1,StrandBias:-0.1,Multiplicity:1.52
0.215	0.746	0.038	0.001
0.181	0.781	0.037	0.001
0.738	0.042	0.140	0.080
0.001	0.853	0.086	0.060
0.752	0.077	0.079	0.092
0.632	0.148	0.159	0.061
0.675	0.149	0.038	0.138
0.640	0.184	0.065	0.111
0.610	0.176	0.213	0.001
0.013	0.790	0.120	0.077
0.033	0.965	0.001	0.001
0.816	0.096	0.012	0.076
>CATTTCCTCTTT	8-CATTTCCTCTTT	2.625881	-272.126132	0	T:6198.0(98.51%),B:195204.4(91.84%),P:1e-118	Tpos:94.9,Tstd:56.9,Bpos:11638.9,Bstd:70826.3,StrandBias:-0.0,Multiplicity:1.63
0.100	0.700	0.100	0.100
0.700	0.100	0.100	0.100
0.100	0.100	0.100	0.700
0.100	0.100	0.100	0.700
0.100	0.100	0.100	0.700
0.100	0.700	0.100	0.100
0.100	0.700	0.100	0.100
0.100	0.100	0.100	0.700
0.100	0.700	0.100	0.100
0.100	0.100	0.100	0.700
0.100	0.100	0.100	0.700
0.100	0.100	0.100	0.700
>ARAAAAMAVAWA	9-ARAAAAMAVAWA	3.662734	-234.453987	0	T:5353.0(85.08%),B:156608.5(73.68%),P:1e-101	Tpos:94.3,Tstd:57.4,Bpos:11260.3,Bstd:57342.0,StrandBias:0.0,Multiplicity:1.48
0.691	0.001	0.307	0.001
0.470	0.026	0.503	0.001
0.792	0.031	0.167	0.010
0.792	0.005	0.198	0.005
0.566	0.026	0.407	0.001
0.401	0.218	0.217	0.164
0.354	0.482	0.072	0.092
0.921	0.001	0.001	0.077
0.321	0.214	0.348	0.116
0.523	0.218	0.078	0.181
0.381	0.181	0.167	0.271
0.435	0.132	0.254	0.179
>AGCAGAGGCTGG	10-AGCAGAGGCTGG	2.625881	-191.528114	0	T:6278.0(99.78%),B:204358.7(96.15%),P:1e-83	Tpos:94.3,Tstd:54.9,Bpos:3957.5,Bstd:34724.4,StrandBias:0.0,Multiplicity:2.11
0.700	0.100	0.100	0.100
0.100	0.100	0.700	0.100
0.100	0.700	0.100	0.100
0.700	0.100	0.100	0.100
0.100	0.100	0.700	0.100
0.700	0.100	0.100	0.100
0.100	0.100	0.700	0.100
0.100	0.100	0.700	0.100
0.100	0.700	0.100	0.100
0.100	0.100	0.100	0.700
0.100	0.100	0.700	0.100
0.100	0.100	0.700	0.100
>SSSGSCCRGSVS	11-SSSGSCCRGSVS	1.640995	-166.789072	0	T:6010.0(95.52%),B:189374.4(89.10%),P:1e-72	Tpos:96.2,Tstd:56.0,Bpos:1368.3,Bstd:10255.9,StrandBias:-0.0,Multiplicity:1.68
0.001	0.379	0.523	0.097
0.082	0.384	0.349	0.185
0.172	0.405	0.318	0.106
0.126	0.176	0.454	0.244
0.001	0.418	0.542	0.039
0.001	0.609	0.372	0.018
0.184	0.408	0.246	0.163
0.261	0.219	0.372	0.149
0.001	0.278	0.720	0.001
0.176	0.395	0.368	0.061
0.244	0.265	0.366	0.125
0.061	0.403	0.457	0.079
>AAAAATGKYATA	12-AAAAATGKYATA	-4.981330	-154.492566	0	T:4901.0(77.89%),B:144237.4(67.86%),P:1e-67	Tpos:94.5,Tstd:57.6,Bpos:13600.3,Bstd:61944.4,StrandBias:0.0,Multiplicity:1.89
0.674	0.001	0.001	0.324
0.499	0.259	0.241	0.001
0.997	0.001	0.001	0.001
0.996	0.002	0.001	0.001
0.997	0.001	0.001	0.001
0.001	0.001	0.001	0.997
0.001	0.001	0.587	0.411
0.089	0.007	0.497	0.408
0.257	0.420	0.001	0.322
0.742	0.001	0.001	0.256
0.422	0.001	0.001	0.576
0.420	0.168	0.241	0.171
>ATGGAATGGAAT	13-ATGGAATGGAAT	13.218476	-21.575906	0	T:12.0(0.19%),B:26.3(0.01%),P:1e-9	Tpos:77.2,Tstd:47.5,Bpos:16405.9,Bstd:8905.5,StrandBias:5.9,Multiplicity:2.36
0.843	0.054	0.085	0.018
0.046	0.068	0.017	0.869
0.039	0.200	0.663	0.098
0.074	0.051	0.821	0.054
0.898	0.028	0.015	0.059
0.852	0.067	0.030	0.051
0.032	0.074	0.046	0.848
0.079	0.118	0.771	0.032
0.040	0.116	0.809	0.035
0.917	0.021	0.034	0.028
0.875	0.059	0.028	0.038
0.047	0.095	0.018	0.840
>AATGGAATGGAA	14-AATGGAATGGAA	12.929968	-2.229466	0	T:8.0(0.13%),B:158.2(0.07%),P:1e0	Tpos:123.4,Tstd:54.9,Bpos:13413.9,Bstd:14651.1,StrandBias:10.0,Multiplicity:1.75
0.935	0.032	0.001	0.032
0.877	0.001	0.096	0.026
0.044	0.032	0.020	0.904
0.054	0.001	0.869	0.076
0.001	0.026	0.951	0.022
0.976	0.022	0.001	0.001
0.945	0.001	0.032	0.022
0.128	0.032	0.001	0.839
0.001	0.032	0.941	0.026
0.001	0.031	0.967	0.001
0.981	0.017	0.001	0.001
0.935	0.001	0.032	0.032
>CCYCYCYYYYYY	15-CCYCYCYYYYYY	10.015483	-1.303192	0	T:3.0(0.05%),B:60.0(0.03%),P:1e0	Tpos:159.0,Tstd:24.0,Bpos:2550.3,Bstd:7628.2,StrandBias:0.0,Multiplicity:1.00
0.001	0.588	0.001	0.410
0.001	0.965	0.001	0.033
0.001	0.550	0.001	0.448
0.001	0.599	0.001	0.399
0.001	0.540	0.001	0.458
0.001	0.621	0.001	0.377
0.001	0.533	0.001	0.465
0.001	0.538	0.001	0.460
0.001	0.457	0.001	0.541
0.001	0.541	0.001	0.457
0.001	0.534	0.001	0.464
0.001	0.454	0.001	0.544
>ACTCAGHTACAD	16-ACTCAGHTACAD	11.819909	-0.751165	0	T:2.0(0.03%),B:53.8(0.03%),P:1e0	Tpos:101.5,Tstd:74.5,Bpos:1439.1,Bstd:2746.7,StrandBias:0.0,Multiplicity:1.00
0.638	0.319	0.029	0.014
0.001	0.944	0.001	0.054
0.001	0.361	0.001	0.637
0.001	0.997	0.001	0.001
0.957	0.001	0.001	0.041
0.001	0.001	0.997	0.001
0.333	0.334	0.013	0.320
0.001	0.304	0.001	0.694
0.692	0.001	0.002	0.305
0.001	0.626	0.372	0.001
0.693	0.001	0.001	0.305
0.360	0.001	0.305	0.333
>RGGARGRGAGGG	17-RGGARGRGAGGG	11.245407	-0.246504	0	T:6.0(0.10%),B:261.7(0.12%),P:1e0	Tpos:76.0,Tstd:59.7,Bpos:1322.7,Bstd:3476.7,StrandBias:-1.6,Multiplicity:1.00
0.484	0.001	0.514	0.001
0.397	0.001	0.601	0.001
0.419	0.001	0.579	0.001
0.645	0.001	0.353	0.001
0.464	0.001	0.534	0.001
0.001	0.001	0.997	0.001
0.503	0.001	0.495	0.001
0.349	0.001	0.649	0.001
0.997	0.001	0.001	0.001
0.414	0.001	0.584	0.001
0.406	0.001	0.592	0.001
0.338	0.001	0.660	0.001
>CTGSNGSCMGGC	18-CTGSNGSCMGGC	8.922944	-0.035736	0	T:21.0(0.33%),B:1017.1(0.48%),P:1e0	Tpos:72.7,Tstd:43.7,Bpos:1169.3,Bstd:5349.5,StrandBias:-1.3,Multiplicity:1.00
0.077	0.747	0.101	0.075
0.164	0.071	0.064	0.701
0.001	0.151	0.831	0.017
0.071	0.447	0.401	0.082
0.205	0.239	0.326	0.230
0.177	0.212	0.446	0.166
0.071	0.454	0.360	0.115
0.018	0.946	0.018	0.018
0.324	0.436	0.017	0.223
0.154	0.155	0.431	0.260
0.082	0.249	0.622	0.047
0.047	0.563	0.242	0.148
>BYCYYYYYYYYY	19-BYCYYYYYYYYY	6.488100	-0.001274	0	T:19.0(0.30%),B:1184.5(0.56%),P:1e0	Tpos:67.8,Tstd:44.1,Bpos:4118.0,Bstd:11338.8,StrandBias:-1.0,Multiplicity:1.00
0.049	0.357	0.229	0.365
0.161	0.396	0.001	0.442
0.001	0.484	0.196	0.319
0.248	0.301	0.001	0.450
0.001	0.428	0.227	0.344
0.252	0.337	0.004	0.407
0.081	0.400	0.215	0.304
0.219	0.352	0.001	0.428
0.001	0.429	0.188	0.382
0.104	0.422	0.001	0.473
0.001	0.461	0.178	0.360
0.205	0.458	0.001	0.336
>NNNNNNNNNNNN	20-NNNNNNNNNNNN	-nan	0.000000	0	T:0.0(0.00%),B:0.0(0.00%),P:1e0	Tpos:0.0,Tstd:0.0,Bpos:0.0,Bstd:0.0,StrandBias:0.0,Multiplicity:1.00
-nan	-nan	-nan	-nan
-nan	-nan	-nan	-nan
-nan	-nan	-nan	-nan
-nan	-nan	-nan	-nan
-nan	-nan	-nan	-nan
-nan	-nan	-nan	-nan
-nan	-nan	-nan	-nan
-nan	-nan	-nan	-nan
-nan	-nan	-nan	-nan
-nan	-nan	-nan	-nan
-nan	-nan	-nan	-nan
-nan	-nan	-nan	-nan
>NNNNNNNNNNNN	21-NNNNNNNNNNNN	-nan	0.000000	0	T:0.0(0.00%),B:0.0(0.00%),P:1e0	Tpos:0.0,Tstd:0.0,Bpos:0.0,Bstd:0.0,StrandBias:0.0,Multiplicity:1.00
-nan	-nan	-nan	-nan
-nan	-nan	-nan	-nan
-nan	-nan	-nan	-nan
-nan	-nan	-nan	-nan
-nan	-nan	-nan	-nan
-nan	-nan	-nan	-nan
-nan	-nan	-nan	-nan
-nan	-nan	-nan	-nan
-nan	-nan	-nan	-nan
-nan	-nan	-nan	-nan
-nan	-nan	-nan	-nan
-nan	-nan	-nan	-nan
>NNNNNNNNNNNN	22-NNNNNNNNNNNN	-nan	0.000000	0	T:0.0(0.00%),B:0.0(0.00%),P:1e0	Tpos:0.0,Tstd:0.0,Bpos:0.0,Bstd:0.0,StrandBias:0.0,Multiplicity:1.00
-nan	-nan	-nan	-nan
-nan	-nan	-nan	-nan
-nan	-nan	-nan	-nan
-nan	-nan	-nan	-nan
-nan	-nan	-nan	-nan
-nan	-nan	-nan	-nan
-nan	-nan	-nan	-nan
-nan	-nan	-nan	-nan
-nan	-nan	-nan	-nan
-nan	-nan	-nan	-nan
-nan	-nan	-nan	-nan
-nan	-nan	-nan	-nan
>NNNNNNNNNNNN	23-NNNNNNNNNNNN	-nan	0.000000	0	T:0.0(0.00%),B:0.0(0.00%),P:1e0	Tpos:0.0,Tstd:0.0,Bpos:0.0,Bstd:0.0,StrandBias:0.0,Multiplicity:1.00
-nan	-nan	-nan	-nan
-nan	-nan	-nan	-nan
-nan	-nan	-nan	-nan
-nan	-nan	-nan	-nan
-nan	-nan	-nan	-nan
-nan	-nan	-nan	-nan
-nan	-nan	-nan	-nan
-nan	-nan	-nan	-nan
-nan	-nan	-nan	-nan
-nan	-nan	-nan	-nan
-nan	-nan	-nan	-nan
-nan	-nan	-nan	-nan
>NNNNNNNNNNNN	24-NNNNNNNNNNNN	-nan	0.000000	0	T:0.0(0.00%),B:0.0(0.00%),P:1e0	Tpos:0.0,Tstd:0.0,Bpos:0.0,Bstd:0.0,StrandBias:0.0,Multiplicity:1.00
-nan	-nan	-nan	-nan
-nan	-nan	-nan	-nan
-nan	-nan	-nan	-nan
-nan	-nan	-nan	-nan
-nan	-nan	-nan	-nan
-nan	-nan	-nan	-nan
-nan	-nan	-nan	-nan
-nan	-nan	-nan	-nan
-nan	-nan	-nan	-nan
-nan	-nan	-nan	-nan
-nan	-nan	-nan	-nan
-nan	-nan	-nan	-nan
>NNNNNNNNNNNN	25-NNNNNNNNNNNN	-nan	0.000000	0	T:0.0(0.00%),B:0.0(0.00%),P:1e0	Tpos:0.0,Tstd:0.0,Bpos:0.0,Bstd:0.0,StrandBias:0.0,Multiplicity:1.00
-nan	-nan	-nan	-nan
-nan	-nan	-nan	-nan
-nan	-nan	-nan	-nan
-nan	-nan	-nan	-nan
-nan	-nan	-nan	-nan
-nan	-nan	-nan	-nan
-nan	-nan	-nan	-nan
-nan	-nan	-nan	-nan
-nan	-nan	-nan	-nan
-nan	-nan	-nan	-nan
-nan	-nan	-nan	-nan
-nan	-nan	-nan	-nan
>AAACCRCA	1-AAACCRCA	6.529298	-4093.976856	0	T:3967.0(63.05%),B:27539.1(12.96%),P:1e-1777	Tpos:96.4,Tstd:37.4,Bpos:14520.0,Bstd:80636.1,StrandBias:-0.1,Multiplicity:1.31
0.726	0.112	0.037	0.125
0.659	0.001	0.288	0.052
0.833	0.066	0.100	0.001
0.001	0.997	0.001	0.001
0.001	0.997	0.001	0.001
0.503	0.001	0.446	0.050
0.001	0.997	0.001	0.001
0.880	0.034	0.029	0.057
>TGTGGTKB	2-TGTGGTKB	7.574917	-1250.442379	0	T:1873.0(29.77%),B:16583.4(7.80%),P:1e-543	Tpos:123.5,Tstd:62.2,Bpos:1137.2,Bstd:4042.7,StrandBias:-1.2,Multiplicity:1.00
0.074	0.001	0.057	0.868
0.030	0.074	0.829	0.067
0.085	0.001	0.134	0.780
0.058	0.019	0.855	0.068
0.072	0.096	0.744	0.088
0.030	0.127	0.039	0.804
0.032	0.206	0.343	0.419
0.088	0.266	0.302	0.344
>TTTGTGGT	3-TTTGTGGT	0.331588	-1151.311686	0	T:5231.0(83.14%),B:115195.1(54.20%),P:1e-500	Tpos:94.7,Tstd:51.9,Bpos:12785.6,Bstd:72786.6,StrandBias:0.1,Multiplicity:1.66
0.157	0.130	0.001	0.712
0.078	0.166	0.001	0.755
0.001	0.001	0.001	0.997
0.001	0.001	0.997	0.001
0.001	0.001	0.001	0.997
0.001	0.001	0.997	0.001
0.001	0.001	0.997	0.001
0.001	0.001	0.001	0.997
>AGGAAGTG	4-AGGAAGTG	5.096404	-1054.306529	0	T:3018.0(47.97%),B:45432.6(21.38%),P:1e-457	Tpos:95.3,Tstd:48.0,Bpos:10170.9,Bstd:64416.7,StrandBias:0.0,Multiplicity:1.28
0.767	0.070	0.162	0.001
0.001	0.001	0.997	0.001
0.001	0.001	0.997	0.001
0.997	0.001	0.001	0.001
0.956	0.001	0.001	0.042
0.080	0.033	0.886	0.001
0.001	0.011	0.001	0.987
0.061	0.043	0.812	0.084
>CTGTGGTN	5-CTGTGGTN	3.887791	-974.202129	0	T:5816.0(92.43%),B:147780.0(69.53%),P:1e-423	Tpos:94.6,Tstd:53.9,Bpos:3329.4,Bstd:16012.1,StrandBias:-0.0,Multiplicity:1.53
0.055	0.740	0.035	0.170
0.070	0.025	0.025	0.880
0.013	0.047	0.904	0.036
0.072	0.023	0.072	0.833
0.026	0.016	0.908	0.050
0.031	0.071	0.849	0.049
0.072	0.104	0.166	0.658
0.181	0.325	0.268	0.226
>TGTGGTNN	6-TGTGGTNN	3.524825	-833.209506	0	T:6037.0(95.95%),B:164865.3(77.57%),P:1e-361	Tpos:95.3,Tstd:53.8,Bpos:7870.5,Bstd:48317.5,StrandBias:-0.0,Multiplicity:1.46
0.118	0.001	0.058	0.823
0.030	0.087	0.828	0.055
0.123	0.095	0.123	0.659
0.060	0.003	0.752	0.185
0.057	0.100	0.758	0.085
0.048	0.167	0.079	0.706
0.198	0.216	0.270	0.316
0.289	0.224	0.284	0.203
>TTKTTGTG	7-TTKTTGTG	0.424166	-467.000813	0	T:5684.0(90.34%),B:159613.2(75.10%),P:1e-202	Tpos:93.7,Tstd:56.5,Bpos:12362.0,Bstd:68373.6,StrandBias:-0.0,Multiplicity:1.46
0.251	0.089	0.215	0.445
0.197	0.173	0.218	0.412
0.137	0.179	0.314	0.370
0.075	0.305	0.005	0.615
0.001	0.001	0.001	0.997
0.001	0.001	0.997	0.001
0.001	0.001	0.001	0.997
0.001	0.001	0.997	0.001
>AMAAAAAC	8-AMAAAAAC	-0.636053	-318.205784	0	T:5116.0(81.31%),B:142342.1(66.97%),P:1e-138	Tpos:93.6,Tstd:57.8,Bpos:7820.5,Bstd:33375.0,StrandBias:0.1,Multiplicity:1.51
0.997	0.001	0.001	0.001
0.535	0.463	0.001	0.001
0.997	0.001	0.001	0.001
0.997	0.001	0.001	0.001
0.824	0.174	0.001	0.001
0.586	0.412	0.001	0.001
0.778	0.220	0.001	0.001
0.235	0.763	0.001	0.001
>TTBHHTTT	9-TTBHHTTT	3.364811	-298.531272	0	T:5606.0(89.10%),B:163835.5(77.08%),P:1e-129	Tpos:95.0,Tstd:55.4,Bpos:9867.7,Bstd:61412.0,StrandBias:-0.0,Multiplicity:1.65
0.118	0.243	0.007	0.632
0.021	0.230	0.125	0.624
0.011	0.359	0.295	0.335
0.277	0.402	0.019	0.302
0.314	0.387	0.015	0.284
0.270	0.206	0.009	0.515
0.011	0.211	0.219	0.559
0.202	0.241	0.007	0.550
>DWNARAAA	10-DWNARAAA	2.640496	-232.663676	0	T:5302.0(84.27%),B:154638.4(72.76%),P:1e-101	Tpos:95.0,Tstd:57.6,Bpos:16107.0,Bstd:79077.9,StrandBias:0.1,Multiplicity:1.67
0.266	0.184	0.208	0.342
0.358	0.001	0.203	0.438
0.247	0.184	0.315	0.254
0.545	0.001	0.210	0.244
0.430	0.158	0.280	0.132
0.583	0.025	0.100	0.292
0.481	0.143	0.123	0.253
0.626	0.066	0.025	0.283
>AAAAAAAA	11-AAAAAAAA	2.619683	-184.246143	0	T:5159.0(81.99%),B:152009.8(71.52%),P:1e-80	Tpos:93.7,Tstd:57.4,Bpos:12070.9,Bstd:54985.1,StrandBias:-0.0,Multiplicity:1.72
0.549	0.207	0.104	0.140
0.473	0.285	0.109	0.133
0.833	0.001	0.001	0.165
0.583	0.159	0.115	0.143
0.586	0.158	0.099	0.157
0.545	0.166	0.124	0.165
0.533	0.123	0.129	0.215
0.406	0.226	0.193	0.175
>TDSTYATT	12-TDSTYATT	1.090305	-164.138776	0	T:6218.0(98.82%),B:200829.4(94.49%),P:1e-71	Tpos:93.8,Tstd:56.8,Bpos:8880.0,Bstd:58842.6,StrandBias:-0.1,Multiplicity:1.42
0.147	0.001	0.001	0.851
0.252	0.104	0.291	0.353
0.021	0.353	0.417	0.208
0.104	0.001	0.166	0.729
0.001	0.355	0.187	0.456
0.646	0.042	0.146	0.166
0.249	0.230	0.001	0.520
0.001	0.001	0.001	0.997
>TAAAATTT	13-TAAAATTT	-9.897981	-157.304683	0	T:5720.0(90.91%),B:176696.8(83.14%),P:1e-68	Tpos:94.6,Tstd:57.6,Bpos:13306.2,Bstd:71719.7,StrandBias:0.1,Multiplicity:1.54
0.001	0.001	0.002	0.996
0.887	0.074	0.002	0.037
0.996	0.001	0.001	0.002
0.997	0.001	0.001	0.001
0.991	0.003	0.004	0.002
0.002	0.001	0.001	0.996
0.001	0.003	0.118	0.878
0.001	0.001	0.001	0.997
>WWCTTYHW	14-WWCTTYHW	3.016911	-144.225898	0	T:5512.0(87.60%),B:168843.7(79.44%),P:1e-62	Tpos:94.7,Tstd:56.6,Bpos:12563.3,Bstd:72201.2,StrandBias:0.1,Multiplicity:1.46
0.410	0.228	0.046	0.316
0.382	0.197	0.051	0.370
0.084	0.575	0.329	0.012
0.212	0.277	0.001	0.510
0.078	0.295	0.169	0.458
0.200	0.340	0.103	0.357
0.346	0.325	0.001	0.328
0.403	0.213	0.001	0.383
>TTAGGCAA	15-TTAGGCAA	2.399224	-132.818280	0	T:6274.0(99.71%),B:206090.0(96.96%),P:1e-57	Tpos:95.5,Tstd:55.2,Bpos:4584.0,Bstd:26040.8,StrandBias:0.0,Multiplicity:2.38
0.100	0.100	0.100	0.700
0.100	0.100	0.100	0.700
0.700	0.100	0.100	0.100
0.100	0.100	0.700	0.100
0.100	0.100	0.700	0.100
0.100	0.700	0.100	0.100
0.700	0.100	0.100	0.100
0.700	0.100	0.100	0.100
>GCTTCTGT	16-GCTTCTGT	2.399224	-32.554634	0	T:6292.0(100.00%),B:211428.8(99.48%),P:1e-14	Tpos:95.0,Tstd:55.2,Bpos:4027.8,Bstd:33467.3,StrandBias:-0.0,Multiplicity:2.43
0.100	0.100	0.700	0.100
0.100	0.700	0.100	0.100
0.100	0.100	0.100	0.700
0.100	0.100	0.100	0.700
0.100	0.700	0.100	0.100
0.100	0.100	0.100	0.700
0.100	0.100	0.700	0.100
0.100	0.100	0.100	0.700
>GGAAGGAG	17-GGAAGGAG	2.399224	-25.202002	0	T:6289.0(99.95%),B:211378.0(99.45%),P:1e-10	Tpos:95.8,Tstd:55.8,Bpos:3332.7,Bstd:30224.9,StrandBias:-0.0,Multiplicity:2.17
0.100	0.100	0.700	0.100
0.100	0.100	0.700	0.100
0.700	0.100	0.100	0.100
0.700	0.100	0.100	0.100
0.100	0.100	0.700	0.100
0.100	0.100	0.700	0.100
0.700	0.100	0.100	0.100
0.100	0.100	0.700	0.100
>GBGSCGGS	18-GBGSCGGS	-14.166827	-0.641859	0	T:6292.0(100.00%),B:212519.1(99.99%),P:1e0	Tpos:94.8,Tstd:56.2,Bpos:3527.7,Bstd:28188.8,StrandBias:0.0,Multiplicity:1.43
0.001	0.360	0.638	0.001
0.001	0.412	0.280	0.307
0.001	0.001	0.997	0.001
0.001	0.487	0.511	0.001
0.127	0.539	0.333	0.001
0.001	0.001	0.997	0.001
0.001	0.001	0.997	0.001
0.001	0.565	0.433	0.001
>TGTGGAAA	19-TGTGGAAA	0.000000	-0.350097	0	T:6292.0(100.00%),B:212529.3(99.99%),P:1e0
0.100	0.100	0.100	0.700
0.100	0.100	0.700	0.100
0.100	0.100	0.100	0.700
0.100	0.100	0.700	0.100
0.100	0.100	0.700	0.100
0.700	0.100	0.100	0.100
0.700	0.100	0.100	0.100
0.700	0.100	0.100	0.100
>CAGAGCTG	20-CAGAGCTG	0.453314	-0.058348	0	T:6292.0(100.00%),B:212539.3(100.00%),P:1e0	Tpos:94.4,Tstd:56.3,Bpos:3951.8,Bstd:32655.7,StrandBias:0.0,Multiplicity:2.23
0.100	0.700	0.100	0.100
0.700	0.100	0.100	0.100
0.100	0.100	0.700	0.100
0.700	0.100	0.100	0.100
0.100	0.100	0.700	0.100
0.100	0.700	0.100	0.100
0.100	0.100	0.100	0.700
0.100	0.100	0.700	0.100
>CGCTTCCG	21-CGCTTCCG	0.000000	-0.058348	0	T:6292.0(100.00%),B:212539.0(100.00%),P:1e0
0.100	0.700	0.100	0.100
0.100	0.100	0.700	0.100
0.100	0.700	0.100	0.100
0.100	0.100	0.100	0.700
0.100	0.100	0.100	0.700
0.100	0.700	0.100	0.100
0.100	0.700	0.100	0.100
0.100	0.100	0.700	0.100
>TCAGCCCT	22-TCAGCCCT	0.000000	-0.029174	0	T:6292.0(100.00%),B:212540.7(100.00%),P:1e0
0.100	0.100	0.100	0.700
0.100	0.700	0.100	0.100
0.700	0.100	0.100	0.100
0.100	0.100	0.700	0.100
0.100	0.700	0.100	0.100
0.100	0.700	0.100	0.100
0.100	0.700	0.100	0.100
0.100	0.100	0.100	0.700
>AKCAAWAS	23-AKCAAWAS	7.954178	-0.000077	0	T:227.0(3.61%),B:9727.2(4.58%),P:1e0	Tpos:74.2,Tstd:61.5,Bpos:7064.4,Bstd:10832.2,StrandBias:0.0,Multiplicity:1.00
0.500	0.001	0.234	0.266
0.001	0.001	0.516	0.482
0.001	0.731	0.001	0.267
0.984	0.001	0.001	0.014
0.982	0.016	0.001	0.001
0.484	0.003	0.001	0.512
0.997	0.001	0.001	0.001
0.001	0.498	0.500	0.001
>AKTAMTVN	24-AKTAMTVN	4.337039	-0.000000	0	T:68.0(1.08%),B:5456.9(2.57%),P:1e0	Tpos:23.0,Tstd:0.0,Bpos:8668.6,Bstd:17299.6,StrandBias:10.0,Multiplicity:1.00
0.400	0.171	0.230	0.199
0.113	0.001	0.513	0.373
0.257	0.285	0.001	0.457
0.515	0.200	0.114	0.171
0.372	0.455	0.115	0.058
0.199	0.171	0.001	0.629
0.371	0.314	0.258	0.057
0.200	0.313	0.315	0.172
>CYATKAAK	25-CYATKAAK	-37.959082	0.000000	0	T:6292.0(100.00%),B:212541.2(100.00%),P:1e0	Tpos:96.3,Tstd:58.9,Bpos:10837.7,Bstd:55854.5,StrandBias:-0.0,Multiplicity:1.15
0.001	0.997	0.001	0.001
0.001	0.499	0.001	0.499
0.997	0.001	0.001	0.001
0.001	0.001	0.001	0.997
0.001	0.001	0.499	0.499
0.997	0.001	0.001	0.001
0.997	0.001	0.001	0.001
0.001	0.001	0.499	0.499
