>HAACCRCAGNNB	1-HAACCRCAGNNB	7.031521	-4133.668634	0	T:3343.0(53.13%),B:16836.5(7.92%),P:1e-1795	Tpos:95.8,Tstd:36.1,Bpos:10173.9,Bstd:62110.4,StrandBias:-0.1,Multiplicity:1.18
0.321	0.252	0.081	0.346
0.785	0.016	0.198	0.001
0.947	0.040	0.012	0.001
0.001	0.997	0.001	0.001
0.001	0.997	0.001	0.001
0.548	0.001	0.423	0.028
0.001	0.997	0.001	0.001
0.986	0.001	0.012	0.001
0.335	0.105	0.513	0.047
0.181	0.253	0.319	0.247
0.286	0.298	0.157	0.260
0.170	0.330	0.186	0.314
>RASAGGAAGTGR	2-RASAGGAAGTGR	6.122024	-1372.087921	0	T:3892.0(61.86%),B:62574.8(29.44%),P:1e-595	Tpos:96.2,Tstd:46.7,Bpos:6682.5,Bstd:46447.0,StrandBias:-0.0,Multiplicity:1.50
0.375	0.181	0.320	0.123
0.466	0.056	0.289	0.188
0.163	0.393	0.416	0.029
0.579	0.201	0.219	0.001
0.069	0.001	0.929	0.001
0.001	0.001	0.997	0.001
0.957	0.041	0.001	0.001
0.837	0.001	0.001	0.161
0.232	0.136	0.631	0.001
0.048	0.347	0.024	0.581
0.160	0.226	0.403	0.211
0.333	0.093	0.405	0.169
>CHMHMMCCACAR	3-CHMHMMCCACAR	4.176630	-822.971719	0	T:5437.0(86.41%),B:134635.0(63.35%),P:1e-357	Tpos:95.5,Tstd:53.0,Bpos:8216.1,Bstd:51518.5,StrandBias:-0.0,Multiplicity:1.48
0.228	0.481	0.100	0.191
0.354	0.314	0.071	0.261
0.286	0.387	0.130	0.197
0.401	0.320	0.002	0.277
0.376	0.380	0.127	0.118
0.421	0.396	0.111	0.072
0.190	0.707	0.071	0.032
0.177	0.818	0.004	0.001
0.571	0.274	0.070	0.085
0.270	0.591	0.137	0.002
0.611	0.226	0.007	0.156
0.371	0.214	0.223	0.192
>TTCCTCCTHCNN	4-TTCCTCCTHCNN	1.969441	-488.529264	0	T:4679.0(74.36%),B:117140.7(55.11%),P:1e-212	Tpos:94.2,Tstd:55.0,Bpos:6559.0,Bstd:41180.8,StrandBias:0.0,Multiplicity:1.43
0.001	0.001	0.001	0.997
0.001	0.001	0.001	0.997
0.001	0.997	0.001	0.001
0.001	0.997	0.001	0.001
0.001	0.001	0.001	0.997
0.001	0.458	0.296	0.245
0.061	0.556	0.001	0.382
0.012	0.374	0.001	0.613
0.241	0.355	0.099	0.305
0.001	0.605	0.228	0.166
0.273	0.303	0.174	0.250
0.240	0.260	0.293	0.207
>GTGTGTGGTGTG	5-GTGTGTGGTGTG	2.625881	-411.745452	0	T:6263.0(99.54%),B:195346.5(91.91%),P:1e-178	Tpos:95.3,Tstd:54.9,Bpos:6160.8,Bstd:48700.1,StrandBias:0.0,Multiplicity:1.74
0.100	0.100	0.700	0.100
0.100	0.100	0.100	0.700
0.100	0.100	0.700	0.100
0.100	0.100	0.100	0.700
0.100	0.100	0.700	0.100
0.100	0.100	0.100	0.700
0.100	0.100	0.700	0.100
0.100	0.100	0.700	0.100
0.100	0.100	0.100	0.700
0.100	0.100	0.700	0.100
0.100	0.100	0.100	0.700
0.100	0.100	0.700	0.100
>CYYYCYCYYYYY	6-CYYYCYCYYYYY	4.268484	-364.064008	0	T:5253.0(83.49%),B:145518.5(68.47%),P:1e-158	Tpos:94.6,Tstd:57.1,Bpos:5650.8,Bstd:28875.6,StrandBias:0.0,Multiplicity:1.36
0.176	0.510	0.001	0.313
0.123	0.454	0.042	0.381
0.174	0.375	0.116	0.335
0.101	0.473	0.020	0.406
0.132	0.519	0.001	0.348
0.132	0.473	0.001	0.394
0.166	0.509	0.012	0.313
0.181	0.402	0.014	0.403
0.062	0.352	0.126	0.460
0.001	0.444	0.129	0.426
0.001	0.488	0.056	0.455
0.141	0.392	0.077	0.391
>CCACAAAAACCA	7-CCACAAAAACCA	3.951466	-325.680698	0	T:4344.0(69.04%),B:112869.6(53.10%),P:1e-141	Tpos:95.5,Tstd:51.9,Bpos:5836.7,Bstd:34083.1,StrandBias:-0.1,Multiplicity:1.52
0.215	0.746	0.038	0.001
0.181	0.781	0.037	0.001
0.738	0.042	0.140	0.080
0.001	0.853	0.086	0.060
0.752	0.077	0.079	0.092
0.632	0.148	0.159	0.061
0.675	0.149	0.038	0.138
0.640	0.184	0.065	0.111
0.610	0.176	0.213	0.001
0.013	0.790	0.120	0.077
0.033	0.965	0.001	0.001
0.816	0.096	0.012	0.076
>CATTTCCTCTTT	8-CATTTCCTCTTT	2.625881	-272.126132	0	T:6198.0(98.51%),B:195204.4(91.84%),P:1e-118	Tpos:94.9,Tstd:56.9,Bpos:11638.9,Bstd:70826.3,StrandBias:-0.0,Multiplicity:1.63
0.100	0.700	0.100	0.100
0.700	0.100	0.100	0.100
0.100	0.100	0.100	0.700
0.100	0.100	0.100	0.700
0.100	0.100	0.100	0.700
0.100	0.700	0.100	0.100
0.100	0.700	0.100	0.100
0.100	0.100	0.100	0.700
0.100	0.700	0.100	0.100
0.100	0.100	0.100	0.700
0.100	0.100	0.100	0.700
0.100	0.100	0.100	0.700
>ARAAAAMAVAWA	9-ARAAAAMAVAWA	3.662734	-234.453987	0	T:5353.0(85.08%),B:156608.5(73.68%),P:1e-101	Tpos:94.3,Tstd:57.4,Bpos:11260.3,Bstd:57342.0,StrandBias:0.0,Multiplicity:1.48
0.691	0.001	0.307	0.001
0.470	0.026	0.503	0.001
0.792	0.031	0.167	0.010
0.792	0.005	0.198	0.005
0.566	0.026	0.407	0.001
0.401	0.218	0.217	0.164
0.354	0.482	0.072	0.092
0.921	0.001	0.001	0.077
0.321	0.214	0.348	0.116
0.523	0.218	0.078	0.181
0.381	0.181	0.167	0.271
0.435	0.132	0.254	0.179
>AGCAGAGGCTGG	10-AGCAGAGGCTGG	2.625881	-191.528114	0	T:6278.0(99.78%),B:204358.7(96.15%),P:1e-83	Tpos:94.3,Tstd:54.9,Bpos:3957.5,Bstd:34724.4,StrandBias:0.0,Multiplicity:2.11
0.700	0.100	0.100	0.100
0.100	0.100	0.700	0.100
0.100	0.700	0.100	0.100
0.700	0.100	0.100	0.100
0.100	0.100	0.700	0.100
0.700	0.100	0.100	0.100
0.100	0.100	0.700	0.100
0.100	0.100	0.700	0.100
0.100	0.700	0.100	0.100
0.100	0.100	0.100	0.700
0.100	0.100	0.700	0.100
0.100	0.100	0.700	0.100
>SSSGSCCRGSVS	11-SSSGSCCRGSVS	1.640995	-166.789072	0	T:6010.0(95.52%),B:189374.4(89.10%),P:1e-72	Tpos:96.2,Tstd:56.0,Bpos:1368.3,Bstd:10255.9,StrandBias:-0.0,Multiplicity:1.68
0.001	0.379	0.523	0.097
0.082	0.384	0.349	0.185
0.172	0.405	0.318	0.106
0.126	0.176	0.454	0.244
0.001	0.418	0.542	0.039
0.001	0.609	0.372	0.018
0.184	0.408	0.246	0.163
0.261	0.219	0.372	0.149
0.001	0.278	0.720	0.001
0.176	0.395	0.368	0.061
0.244	0.265	0.366	0.125
0.061	0.403	0.457	0.079
>AAAAATGKYATA	12-AAAAATGKYATA	-4.981330	-154.492566	0	T:4901.0(77.89%),B:144237.4(67.86%),P:1e-67	Tpos:94.5,Tstd:57.6,Bpos:13600.3,Bstd:61944.4,StrandBias:0.0,Multiplicity:1.89
0.674	0.001	0.001	0.324
0.499	0.259	0.241	0.001
0.997	0.001	0.001	0.001
0.996	0.002	0.001	0.001
0.997	0.001	0.001	0.001
0.001	0.001	0.001	0.997
0.001	0.001	0.587	0.411
0.089	0.007	0.497	0.408
0.257	0.420	0.001	0.322
0.742	0.001	0.001	0.256
0.422	0.001	0.001	0.576
0.420	0.168	0.241	0.171
>ATGGAATGGAAT	13-ATGGAATGGAAT	13.218476	-21.575906	0	T:12.0(0.19%),B:26.3(0.01%),P:1e-9	Tpos:77.2,Tstd:47.5,Bpos:16405.9,Bstd:8905.5,StrandBias:5.9,Multiplicity:2.36
0.843	0.054	0.085	0.018
0.046	0.068	0.017	0.869
0.039	0.200	0.663	0.098
0.074	0.051	0.821	0.054
0.898	0.028	0.015	0.059
0.852	0.067	0.030	0.051
0.032	0.074	0.046	0.848
0.079	0.118	0.771	0.032
0.040	0.116	0.809	0.035
0.917	0.021	0.034	0.028
0.875	0.059	0.028	0.038
0.047	0.095	0.018	0.840
>AATGGAATGGAA	14-AATGGAATGGAA	12.929968	-2.229466	0	T:8.0(0.13%),B:158.2(0.07%),P:1e0	Tpos:123.4,Tstd:54.9,Bpos:13413.9,Bstd:14651.1,StrandBias:10.0,Multiplicity:1.75
0.935	0.032	0.001	0.032
0.877	0.001	0.096	0.026
0.044	0.032	0.020	0.904
0.054	0.001	0.869	0.076
0.001	0.026	0.951	0.022
0.976	0.022	0.001	0.001
0.945	0.001	0.032	0.022
0.128	0.032	0.001	0.839
0.001	0.032	0.941	0.026
0.001	0.031	0.967	0.001
0.981	0.017	0.001	0.001
0.935	0.001	0.032	0.032
>CCYCYCYYYYYY	15-CCYCYCYYYYYY	10.015483	-1.303192	0	T:3.0(0.05%),B:60.0(0.03%),P:1e0	Tpos:159.0,Tstd:24.0,Bpos:2550.3,Bstd:7628.2,StrandBias:0.0,Multiplicity:1.00
0.001	0.588	0.001	0.410
0.001	0.965	0.001	0.033
0.001	0.550	0.001	0.448
0.001	0.599	0.001	0.399
0.001	0.540	0.001	0.458
0.001	0.621	0.001	0.377
0.001	0.533	0.001	0.465
0.001	0.538	0.001	0.460
0.001	0.457	0.001	0.541
0.001	0.541	0.001	0.457
0.001	0.534	0.001	0.464
0.001	0.454	0.001	0.544
>ACTCAGHTACAD	16-ACTCAGHTACAD	11.819909	-0.751165	0	T:2.0(0.03%),B:53.8(0.03%),P:1e0	Tpos:101.5,Tstd:74.5,Bpos:1439.1,Bstd:2746.7,StrandBias:0.0,Multiplicity:1.00
0.638	0.319	0.029	0.014
0.001	0.944	0.001	0.054
0.001	0.361	0.001	0.637
0.001	0.997	0.001	0.001
0.957	0.001	0.001	0.041
0.001	0.001	0.997	0.001
0.333	0.334	0.013	0.320
0.001	0.304	0.001	0.694
0.692	0.001	0.002	0.305
0.001	0.626	0.372	0.001
0.693	0.001	0.001	0.305
0.360	0.001	0.305	0.333
>RGGARGRGAGGG	17-RGGARGRGAGGG	11.245407	-0.246504	0	T:6.0(0.10%),B:261.7(0.12%),P:1e0	Tpos:76.0,Tstd:59.7,Bpos:1322.7,Bstd:3476.7,StrandBias:-1.6,Multiplicity:1.00
0.484	0.001	0.514	0.001
0.397	0.001	0.601	0.001
0.419	0.001	0.579	0.001
0.645	0.001	0.353	0.001
0.464	0.001	0.534	0.001
0.001	0.001	0.997	0.001
0.503	0.001	0.495	0.001
0.349	0.001	0.649	0.001
0.997	0.001	0.001	0.001
0.414	0.001	0.584	0.001
0.406	0.001	0.592	0.001
0.338	0.001	0.660	0.001
>CTGSNGSCMGGC	18-CTGSNGSCMGGC	8.922944	-0.035736	0	T:21.0(0.33%),B:1017.1(0.48%),P:1e0	Tpos:72.7,Tstd:43.7,Bpos:1169.3,Bstd:5349.5,StrandBias:-1.3,Multiplicity:1.00
0.077	0.747	0.101	0.075
0.164	0.071	0.064	0.701
0.001	0.151	0.831	0.017
0.071	0.447	0.401	0.082
0.205	0.239	0.326	0.230
0.177	0.212	0.446	0.166
0.071	0.454	0.360	0.115
0.018	0.946	0.018	0.018
0.324	0.436	0.017	0.223
0.154	0.155	0.431	0.260
0.082	0.249	0.622	0.047
0.047	0.563	0.242	0.148
>BYCYYYYYYYYY	19-BYCYYYYYYYYY	6.488100	-0.001274	0	T:19.0(0.30%),B:1184.5(0.56%),P:1e0	Tpos:67.8,Tstd:44.1,Bpos:4118.0,Bstd:11338.8,StrandBias:-1.0,Multiplicity:1.00
0.049	0.357	0.229	0.365
0.161	0.396	0.001	0.442
0.001	0.484	0.196	0.319
0.248	0.301	0.001	0.450
0.001	0.428	0.227	0.344
0.252	0.337	0.004	0.407
0.081	0.400	0.215	0.304
0.219	0.352	0.001	0.428
0.001	0.429	0.188	0.382
0.104	0.422	0.001	0.473
0.001	0.461	0.178	0.360
0.205	0.458	0.001	0.336
>NNNNNNNNNNNN	20-NNNNNNNNNNNN	-nan	0.000000	0	T:0.0(0.00%),B:0.0(0.00%),P:1e0	Tpos:0.0,Tstd:0.0,Bpos:0.0,Bstd:0.0,StrandBias:0.0,Multiplicity:1.00
-nan	-nan	-nan	-nan
-nan	-nan	-nan	-nan
-nan	-nan	-nan	-nan
-nan	-nan	-nan	-nan
-nan	-nan	-nan	-nan
-nan	-nan	-nan	-nan
-nan	-nan	-nan	-nan
-nan	-nan	-nan	-nan
-nan	-nan	-nan	-nan
-nan	-nan	-nan	-nan
-nan	-nan	-nan	-nan
-nan	-nan	-nan	-nan
>NNNNNNNNNNNN	21-NNNNNNNNNNNN	-nan	0.000000	0	T:0.0(0.00%),B:0.0(0.00%),P:1e0	Tpos:0.0,Tstd:0.0,Bpos:0.0,Bstd:0.0,StrandBias:0.0,Multiplicity:1.00
-nan	-nan	-nan	-nan
-nan	-nan	-nan	-nan
-nan	-nan	-nan	-nan
-nan	-nan	-nan	-nan
-nan	-nan	-nan	-nan
-nan	-nan	-nan	-nan
-nan	-nan	-nan	-nan
-nan	-nan	-nan	-nan
-nan	-nan	-nan	-nan
-nan	-nan	-nan	-nan
-nan	-nan	-nan	-nan
-nan	-nan	-nan	-nan
>NNNNNNNNNNNN	22-NNNNNNNNNNNN	-nan	0.000000	0	T:0.0(0.00%),B:0.0(0.00%),P:1e0	Tpos:0.0,Tstd:0.0,Bpos:0.0,Bstd:0.0,StrandBias:0.0,Multiplicity:1.00
-nan	-nan	-nan	-nan
-nan	-nan	-nan	-nan
-nan	-nan	-nan	-nan
-nan	-nan	-nan	-nan
-nan	-nan	-nan	-nan
-nan	-nan	-nan	-nan
-nan	-nan	-nan	-nan
-nan	-nan	-nan	-nan
-nan	-nan	-nan	-nan
-nan	-nan	-nan	-nan
-nan	-nan	-nan	-nan
-nan	-nan	-nan	-nan
>NNNNNNNNNNNN	23-NNNNNNNNNNNN	-nan	0.000000	0	T:0.0(0.00%),B:0.0(0.00%),P:1e0	Tpos:0.0,Tstd:0.0,Bpos:0.0,Bstd:0.0,StrandBias:0.0,Multiplicity:1.00
-nan	-nan	-nan	-nan
-nan	-nan	-nan	-nan
-nan	-nan	-nan	-nan
-nan	-nan	-nan	-nan
-nan	-nan	-nan	-nan
-nan	-nan	-nan	-nan
-nan	-nan	-nan	-nan
-nan	-nan	-nan	-nan
-nan	-nan	-nan	-nan
-nan	-nan	-nan	-nan
-nan	-nan	-nan	-nan
-nan	-nan	-nan	-nan
>NNNNNNNNNNNN	24-NNNNNNNNNNNN	-nan	0.000000	0	T:0.0(0.00%),B:0.0(0.00%),P:1e0	Tpos:0.0,Tstd:0.0,Bpos:0.0,Bstd:0.0,StrandBias:0.0,Multiplicity:1.00
-nan	-nan	-nan	-nan
-nan	-nan	-nan	-nan
-nan	-nan	-nan	-nan
-nan	-nan	-nan	-nan
-nan	-nan	-nan	-nan
-nan	-nan	-nan	-nan
-nan	-nan	-nan	-nan
-nan	-nan	-nan	-nan
-nan	-nan	-nan	-nan
-nan	-nan	-nan	-nan
-nan	-nan	-nan	-nan
-nan	-nan	-nan	-nan
>NNNNNNNNNNNN	25-NNNNNNNNNNNN	-nan	0.000000	0	T:0.0(0.00%),B:0.0(0.00%),P:1e0	Tpos:0.0,Tstd:0.0,Bpos:0.0,Bstd:0.0,StrandBias:0.0,Multiplicity:1.00
-nan	-nan	-nan	-nan
-nan	-nan	-nan	-nan
-nan	-nan	-nan	-nan
-nan	-nan	-nan	-nan
-nan	-nan	-nan	-nan
-nan	-nan	-nan	-nan
-nan	-nan	-nan	-nan
-nan	-nan	-nan	-nan
-nan	-nan	-nan	-nan
-nan	-nan	-nan	-nan
-nan	-nan	-nan	-nan
-nan	-nan	-nan	-nan
