>AAACCRCA	1-AAACCRCA	6.529298	-4093.976856	0	T:3967.0(63.05%),B:27539.1(12.96%),P:1e-1777	Tpos:96.4,Tstd:37.4,Bpos:14520.0,Bstd:80636.1,StrandBias:-0.1,Multiplicity:1.31
0.726	0.112	0.037	0.125
0.659	0.001	0.288	0.052
0.833	0.066	0.100	0.001
0.001	0.997	0.001	0.001
0.001	0.997	0.001	0.001
0.503	0.001	0.446	0.050
0.001	0.997	0.001	0.001
0.880	0.034	0.029	0.057
>TGTGGTKB	2-TGTGGTKB	7.574917	-1250.442379	0	T:1873.0(29.77%),B:16583.4(7.80%),P:1e-543	Tpos:123.5,Tstd:62.2,Bpos:1137.2,Bstd:4042.7,StrandBias:-1.2,Multiplicity:1.00
0.074	0.001	0.057	0.868
0.030	0.074	0.829	0.067
0.085	0.001	0.134	0.780
0.058	0.019	0.855	0.068
0.072	0.096	0.744	0.088
0.030	0.127	0.039	0.804
0.032	0.206	0.343	0.419
0.088	0.266	0.302	0.344
>TTTGTGGT	3-TTTGTGGT	0.331588	-1151.311686	0	T:5231.0(83.14%),B:115195.1(54.20%),P:1e-500	Tpos:94.7,Tstd:51.9,Bpos:12785.6,Bstd:72786.6,StrandBias:0.1,Multiplicity:1.66
0.157	0.130	0.001	0.712
0.078	0.166	0.001	0.755
0.001	0.001	0.001	0.997
0.001	0.001	0.997	0.001
0.001	0.001	0.001	0.997
0.001	0.001	0.997	0.001
0.001	0.001	0.997	0.001
0.001	0.001	0.001	0.997
>AGGAAGTG	4-AGGAAGTG	5.096404	-1054.306529	0	T:3018.0(47.97%),B:45432.6(21.38%),P:1e-457	Tpos:95.3,Tstd:48.0,Bpos:10170.9,Bstd:64416.7,StrandBias:0.0,Multiplicity:1.28
0.767	0.070	0.162	0.001
0.001	0.001	0.997	0.001
0.001	0.001	0.997	0.001
0.997	0.001	0.001	0.001
0.956	0.001	0.001	0.042
0.080	0.033	0.886	0.001
0.001	0.011	0.001	0.987
0.061	0.043	0.812	0.084
>CTGTGGTN	5-CTGTGGTN	3.887791	-974.202129	0	T:5816.0(92.43%),B:147780.0(69.53%),P:1e-423	Tpos:94.6,Tstd:53.9,Bpos:3329.4,Bstd:16012.1,StrandBias:-0.0,Multiplicity:1.53
0.055	0.740	0.035	0.170
0.070	0.025	0.025	0.880
0.013	0.047	0.904	0.036
0.072	0.023	0.072	0.833
0.026	0.016	0.908	0.050
0.031	0.071	0.849	0.049
0.072	0.104	0.166	0.658
0.181	0.325	0.268	0.226
>TGTGGTNN	6-TGTGGTNN	3.524825	-833.209506	0	T:6037.0(95.95%),B:164865.3(77.57%),P:1e-361	Tpos:95.3,Tstd:53.8,Bpos:7870.5,Bstd:48317.5,StrandBias:-0.0,Multiplicity:1.46
0.118	0.001	0.058	0.823
0.030	0.087	0.828	0.055
0.123	0.095	0.123	0.659
0.060	0.003	0.752	0.185
0.057	0.100	0.758	0.085
0.048	0.167	0.079	0.706
0.198	0.216	0.270	0.316
0.289	0.224	0.284	0.203
>TTKTTGTG	7-TTKTTGTG	0.424166	-467.000813	0	T:5684.0(90.34%),B:159613.2(75.10%),P:1e-202	Tpos:93.7,Tstd:56.5,Bpos:12362.0,Bstd:68373.6,StrandBias:-0.0,Multiplicity:1.46
0.251	0.089	0.215	0.445
0.197	0.173	0.218	0.412
0.137	0.179	0.314	0.370
0.075	0.305	0.005	0.615
0.001	0.001	0.001	0.997
0.001	0.001	0.997	0.001
0.001	0.001	0.001	0.997
0.001	0.001	0.997	0.001
>AMAAAAAC	8-AMAAAAAC	-0.636053	-318.205784	0	T:5116.0(81.31%),B:142342.1(66.97%),P:1e-138	Tpos:93.6,Tstd:57.8,Bpos:7820.5,Bstd:33375.0,StrandBias:0.1,Multiplicity:1.51
0.997	0.001	0.001	0.001
0.535	0.463	0.001	0.001
0.997	0.001	0.001	0.001
0.997	0.001	0.001	0.001
0.824	0.174	0.001	0.001
0.586	0.412	0.001	0.001
0.778	0.220	0.001	0.001
0.235	0.763	0.001	0.001
>TTBHHTTT	9-TTBHHTTT	3.364811	-298.531272	0	T:5606.0(89.10%),B:163835.5(77.08%),P:1e-129	Tpos:95.0,Tstd:55.4,Bpos:9867.7,Bstd:61412.0,StrandBias:-0.0,Multiplicity:1.65
0.118	0.243	0.007	0.632
0.021	0.230	0.125	0.624
0.011	0.359	0.295	0.335
0.277	0.402	0.019	0.302
0.314	0.387	0.015	0.284
0.270	0.206	0.009	0.515
0.011	0.211	0.219	0.559
0.202	0.241	0.007	0.550
>DWNARAAA	10-DWNARAAA	2.640496	-232.663676	0	T:5302.0(84.27%),B:154638.4(72.76%),P:1e-101	Tpos:95.0,Tstd:57.6,Bpos:16107.0,Bstd:79077.9,StrandBias:0.1,Multiplicity:1.67
0.266	0.184	0.208	0.342
0.358	0.001	0.203	0.438
0.247	0.184	0.315	0.254
0.545	0.001	0.210	0.244
0.430	0.158	0.280	0.132
0.583	0.025	0.100	0.292
0.481	0.143	0.123	0.253
0.626	0.066	0.025	0.283
>AAAAAAAA	11-AAAAAAAA	2.619683	-184.246143	0	T:5159.0(81.99%),B:152009.8(71.52%),P:1e-80	Tpos:93.7,Tstd:57.4,Bpos:12070.9,Bstd:54985.1,StrandBias:-0.0,Multiplicity:1.72
0.549	0.207	0.104	0.140
0.473	0.285	0.109	0.133
0.833	0.001	0.001	0.165
0.583	0.159	0.115	0.143
0.586	0.158	0.099	0.157
0.545	0.166	0.124	0.165
0.533	0.123	0.129	0.215
0.406	0.226	0.193	0.175
>TDSTYATT	12-TDSTYATT	1.090305	-164.138776	0	T:6218.0(98.82%),B:200829.4(94.49%),P:1e-71	Tpos:93.8,Tstd:56.8,Bpos:8880.0,Bstd:58842.6,StrandBias:-0.1,Multiplicity:1.42
0.147	0.001	0.001	0.851
0.252	0.104	0.291	0.353
0.021	0.353	0.417	0.208
0.104	0.001	0.166	0.729
0.001	0.355	0.187	0.456
0.646	0.042	0.146	0.166
0.249	0.230	0.001	0.520
0.001	0.001	0.001	0.997
>TAAAATTT	13-TAAAATTT	-9.897981	-157.304683	0	T:5720.0(90.91%),B:176696.8(83.14%),P:1e-68	Tpos:94.6,Tstd:57.6,Bpos:13306.2,Bstd:71719.7,StrandBias:0.1,Multiplicity:1.54
0.001	0.001	0.002	0.996
0.887	0.074	0.002	0.037
0.996	0.001	0.001	0.002
0.997	0.001	0.001	0.001
0.991	0.003	0.004	0.002
0.002	0.001	0.001	0.996
0.001	0.003	0.118	0.878
0.001	0.001	0.001	0.997
>WWCTTYHW	14-WWCTTYHW	3.016911	-144.225898	0	T:5512.0(87.60%),B:168843.7(79.44%),P:1e-62	Tpos:94.7,Tstd:56.6,Bpos:12563.3,Bstd:72201.2,StrandBias:0.1,Multiplicity:1.46
0.410	0.228	0.046	0.316
0.382	0.197	0.051	0.370
0.084	0.575	0.329	0.012
0.212	0.277	0.001	0.510
0.078	0.295	0.169	0.458
0.200	0.340	0.103	0.357
0.346	0.325	0.001	0.328
0.403	0.213	0.001	0.383
>TTAGGCAA	15-TTAGGCAA	2.399224	-132.818280	0	T:6274.0(99.71%),B:206090.0(96.96%),P:1e-57	Tpos:95.5,Tstd:55.2,Bpos:4584.0,Bstd:26040.8,StrandBias:0.0,Multiplicity:2.38
0.100	0.100	0.100	0.700
0.100	0.100	0.100	0.700
0.700	0.100	0.100	0.100
0.100	0.100	0.700	0.100
0.100	0.100	0.700	0.100
0.100	0.700	0.100	0.100
0.700	0.100	0.100	0.100
0.700	0.100	0.100	0.100
>GCTTCTGT	16-GCTTCTGT	2.399224	-32.554634	0	T:6292.0(100.00%),B:211428.8(99.48%),P:1e-14	Tpos:95.0,Tstd:55.2,Bpos:4027.8,Bstd:33467.3,StrandBias:-0.0,Multiplicity:2.43
0.100	0.100	0.700	0.100
0.100	0.700	0.100	0.100
0.100	0.100	0.100	0.700
0.100	0.100	0.100	0.700
0.100	0.700	0.100	0.100
0.100	0.100	0.100	0.700
0.100	0.100	0.700	0.100
0.100	0.100	0.100	0.700
>GGAAGGAG	17-GGAAGGAG	2.399224	-25.202002	0	T:6289.0(99.95%),B:211378.0(99.45%),P:1e-10	Tpos:95.8,Tstd:55.8,Bpos:3332.7,Bstd:30224.9,StrandBias:-0.0,Multiplicity:2.17
0.100	0.100	0.700	0.100
0.100	0.100	0.700	0.100
0.700	0.100	0.100	0.100
0.700	0.100	0.100	0.100
0.100	0.100	0.700	0.100
0.100	0.100	0.700	0.100
0.700	0.100	0.100	0.100
0.100	0.100	0.700	0.100
>GBGSCGGS	18-GBGSCGGS	-14.166827	-0.641859	0	T:6292.0(100.00%),B:212519.1(99.99%),P:1e0	Tpos:94.8,Tstd:56.2,Bpos:3527.7,Bstd:28188.8,StrandBias:0.0,Multiplicity:1.43
0.001	0.360	0.638	0.001
0.001	0.412	0.280	0.307
0.001	0.001	0.997	0.001
0.001	0.487	0.511	0.001
0.127	0.539	0.333	0.001
0.001	0.001	0.997	0.001
0.001	0.001	0.997	0.001
0.001	0.565	0.433	0.001
>TGTGGAAA	19-TGTGGAAA	0.000000	-0.350097	0	T:6292.0(100.00%),B:212529.3(99.99%),P:1e0
0.100	0.100	0.100	0.700
0.100	0.100	0.700	0.100
0.100	0.100	0.100	0.700
0.100	0.100	0.700	0.100
0.100	0.100	0.700	0.100
0.700	0.100	0.100	0.100
0.700	0.100	0.100	0.100
0.700	0.100	0.100	0.100
>CAGAGCTG	20-CAGAGCTG	0.453314	-0.058348	0	T:6292.0(100.00%),B:212539.3(100.00%),P:1e0	Tpos:94.4,Tstd:56.3,Bpos:3951.8,Bstd:32655.7,StrandBias:0.0,Multiplicity:2.23
0.100	0.700	0.100	0.100
0.700	0.100	0.100	0.100
0.100	0.100	0.700	0.100
0.700	0.100	0.100	0.100
0.100	0.100	0.700	0.100
0.100	0.700	0.100	0.100
0.100	0.100	0.100	0.700
0.100	0.100	0.700	0.100
>CGCTTCCG	21-CGCTTCCG	0.000000	-0.058348	0	T:6292.0(100.00%),B:212539.0(100.00%),P:1e0
0.100	0.700	0.100	0.100
0.100	0.100	0.700	0.100
0.100	0.700	0.100	0.100
0.100	0.100	0.100	0.700
0.100	0.100	0.100	0.700
0.100	0.700	0.100	0.100
0.100	0.700	0.100	0.100
0.100	0.100	0.700	0.100
>TCAGCCCT	22-TCAGCCCT	0.000000	-0.029174	0	T:6292.0(100.00%),B:212540.7(100.00%),P:1e0
0.100	0.100	0.100	0.700
0.100	0.700	0.100	0.100
0.700	0.100	0.100	0.100
0.100	0.100	0.700	0.100
0.100	0.700	0.100	0.100
0.100	0.700	0.100	0.100
0.100	0.700	0.100	0.100
0.100	0.100	0.100	0.700
>AKCAAWAS	23-AKCAAWAS	7.954178	-0.000077	0	T:227.0(3.61%),B:9727.2(4.58%),P:1e0	Tpos:74.2,Tstd:61.5,Bpos:7064.4,Bstd:10832.2,StrandBias:0.0,Multiplicity:1.00
0.500	0.001	0.234	0.266
0.001	0.001	0.516	0.482
0.001	0.731	0.001	0.267
0.984	0.001	0.001	0.014
0.982	0.016	0.001	0.001
0.484	0.003	0.001	0.512
0.997	0.001	0.001	0.001
0.001	0.498	0.500	0.001
>AKTAMTVN	24-AKTAMTVN	4.337039	-0.000000	0	T:68.0(1.08%),B:5456.9(2.57%),P:1e0	Tpos:23.0,Tstd:0.0,Bpos:8668.6,Bstd:17299.6,StrandBias:10.0,Multiplicity:1.00
0.400	0.171	0.230	0.199
0.113	0.001	0.513	0.373
0.257	0.285	0.001	0.457
0.515	0.200	0.114	0.171
0.372	0.455	0.115	0.058
0.199	0.171	0.001	0.629
0.371	0.314	0.258	0.057
0.200	0.313	0.315	0.172
>CYATKAAK	25-CYATKAAK	-37.959082	0.000000	0	T:6292.0(100.00%),B:212541.2(100.00%),P:1e0	Tpos:96.3,Tstd:58.9,Bpos:10837.7,Bstd:55854.5,StrandBias:-0.0,Multiplicity:1.15
0.001	0.997	0.001	0.001
0.001	0.499	0.001	0.499
0.997	0.001	0.001	0.001
0.001	0.001	0.001	0.997
0.001	0.001	0.499	0.499
0.997	0.001	0.001	0.001
0.997	0.001	0.001	0.001
0.001	0.001	0.499	0.499
