>WAACCACARN	1-WAACCACARN	6.000483	-4308.755428	0	T:4424.0(70.31%),B:34989.0(16.46%),P:1e-1871	Tpos:96.1,Tstd:38.5,Bpos:17197.5,Bstd:90953.7,StrandBias:-0.1,Multiplicity:1.41
0.340	0.183	0.038	0.439
0.610	0.063	0.270	0.057
0.901	0.039	0.055	0.005
0.010	0.985	0.001	0.004
0.002	0.986	0.010	0.002
0.708	0.013	0.252	0.027
0.002	0.979	0.004	0.015
0.862	0.024	0.040	0.074
0.436	0.063	0.353	0.147
0.277	0.286	0.284	0.152
>ACTTCCTCTT	2-ACTTCCTCTT	5.580325	-1186.750655	0	T:3978.0(63.22%),B:69594.3(32.74%),P:1e-515	Tpos:95.5,Tstd:49.5,Bpos:10542.7,Bstd:66265.9,StrandBias:-0.0,Multiplicity:1.49
0.770	0.061	0.139	0.030
0.019	0.766	0.093	0.122
0.063	0.027	0.034	0.876
0.066	0.039	0.044	0.851
0.034	0.919	0.022	0.025
0.030	0.874	0.039	0.057
0.070	0.250	0.146	0.534
0.034	0.433	0.274	0.259
0.226	0.222	0.054	0.498
0.126	0.253	0.141	0.481
>WAAAAACCAY	3-WAAAAACCAY	-8.265644	-377.383963	0	T:5536.0(87.98%),B:156890.7(73.82%),P:1e-163	Tpos:95.7,Tstd:55.3,Bpos:10486.6,Bstd:61957.3,StrandBias:0.1,Multiplicity:1.53
0.499	0.001	0.001	0.499
0.997	0.001	0.001	0.001
0.997	0.001	0.001	0.001
0.997	0.001	0.001	0.001
0.997	0.001	0.001	0.001
0.997	0.001	0.001	0.001
0.001	0.997	0.001	0.001
0.001	0.997	0.001	0.001
0.997	0.001	0.001	0.001
0.001	0.499	0.001	0.499
>HHWWTTYCYT	4-HHWWTTYCYT	3.920216	-353.136511	0	T:5374.0(85.41%),B:151093.8(71.09%),P:1e-153	Tpos:93.1,Tstd:57.0,Bpos:11027.0,Bstd:59292.0,StrandBias:0.0,Multiplicity:1.44
0.264	0.331	0.175	0.230
0.252	0.323	0.108	0.318
0.279	0.225	0.111	0.385
0.286	0.210	0.115	0.389
0.206	0.251	0.067	0.476
0.001	0.222	0.001	0.776
0.001	0.493	0.001	0.505
0.014	0.634	0.001	0.351
0.172	0.428	0.001	0.399
0.164	0.246	0.001	0.589
>TYCCTTYYHW	5-TYCCTTYYHW	4.313476	-320.650670	0	T:4930.0(78.35%),B:134915.5(63.48%),P:1e-139	Tpos:94.9,Tstd:56.2,Bpos:6741.0,Bstd:32335.1,StrandBias:0.0,Multiplicity:1.45
0.021	0.106	0.035	0.838
0.041	0.551	0.001	0.407
0.135	0.851	0.008	0.006
0.143	0.579	0.022	0.256
0.103	0.133	0.001	0.763
0.074	0.157	0.058	0.711
0.110	0.512	0.001	0.377
0.153	0.403	0.001	0.443
0.345	0.241	0.087	0.328
0.256	0.168	0.183	0.393
>ATTGTGGTTT	6-ATTGTGGTTT	2.512553	-284.414129	0	T:6203.0(98.59%),B:195072.9(91.78%),P:1e-123	Tpos:79.0,Tstd:60.1,Bpos:8656.0,Bstd:16220.7,StrandBias:-1.6,Multiplicity:1.00
0.700	0.100	0.100	0.100
0.100	0.100	0.100	0.700
0.100	0.100	0.100	0.700
0.100	0.100	0.700	0.100
0.100	0.100	0.100	0.700
0.100	0.100	0.700	0.100
0.100	0.100	0.700	0.100
0.100	0.100	0.100	0.700
0.100	0.100	0.100	0.700
0.100	0.100	0.100	0.700
>CWGNSWCWSV	7-CWGNSWCWSV	3.475999	-232.295293	0	T:5831.0(92.67%),B:177426.2(83.48%),P:1e-100	Tpos:95.1,Tstd:55.6,Bpos:6185.8,Bstd:41382.5,StrandBias:0.0,Multiplicity:1.49
0.105	0.428	0.246	0.220
0.492	0.001	0.001	0.506
0.237	0.001	0.761	0.001
0.225	0.301	0.276	0.198
0.070	0.410	0.322	0.198
0.447	0.001	0.001	0.551
0.097	0.823	0.001	0.079
0.553	0.001	0.001	0.445
0.119	0.290	0.415	0.176
0.208	0.349	0.250	0.194
>TGGAATGGAA	8-TGGAATGGAA	2.512553	-221.940849	0	T:6262.0(99.52%),B:201821.5(94.96%),P:1e-96	Tpos:94.4,Tstd:55.7,Bpos:6189.8,Bstd:45810.5,StrandBias:-0.0,Multiplicity:1.91
0.100	0.100	0.100	0.700
0.100	0.100	0.700	0.100
0.100	0.100	0.700	0.100
0.700	0.100	0.100	0.100
0.700	0.100	0.100	0.100
0.100	0.100	0.100	0.700
0.100	0.100	0.700	0.100
0.100	0.100	0.700	0.100
0.700	0.100	0.100	0.100
0.700	0.100	0.100	0.100
>ACACACCACA	9-ACACACCACA	2.512553	-194.113549	0	T:6276.0(99.75%),B:204072.0(96.02%),P:1e-84	Tpos:23.0,Tstd:0.0,Bpos:6724.8,Bstd:12178.1,StrandBias:-10.0,Multiplicity:1.00
0.700	0.100	0.100	0.100
0.100	0.700	0.100	0.100
0.700	0.100	0.100	0.100
0.100	0.700	0.100	0.100
0.700	0.100	0.100	0.100
0.100	0.700	0.100	0.100
0.100	0.700	0.100	0.100
0.700	0.100	0.100	0.100
0.100	0.700	0.100	0.100
0.700	0.100	0.100	0.100
>GGAATGGAAT	10-GGAATGGAAT	-7.094099	-153.351748	0	T:4312.0(68.53%),B:122791.0(57.77%),P:1e-66	Tpos:93.6,Tstd:56.3,Bpos:14535.4,Bstd:77234.9,StrandBias:0.1,Multiplicity:1.70
0.001	0.134	0.864	0.001
0.001	0.001	0.997	0.001
0.997	0.001	0.001	0.001
0.997	0.001	0.001	0.001
0.001	0.001	0.001	0.997
0.001	0.068	0.930	0.001
0.001	0.001	0.997	0.001
0.997	0.001	0.001	0.001
0.997	0.001	0.001	0.001
0.001	0.001	0.001	0.997
>CTGTGGCCTC	11-CTGTGGCCTC	2.512553	-126.968993	0	T:6288.0(99.94%),B:207672.2(97.71%),P:1e-55	Tpos:94.6,Tstd:55.0,Bpos:3170.7,Bstd:30159.4,StrandBias:0.0,Multiplicity:2.14
0.100	0.700	0.100	0.100
0.100	0.100	0.100	0.700
0.100	0.100	0.700	0.100
0.100	0.100	0.100	0.700
0.100	0.100	0.700	0.100
0.100	0.100	0.700	0.100
0.100	0.700	0.100	0.100
0.100	0.700	0.100	0.100
0.100	0.100	0.100	0.700
0.100	0.700	0.100	0.100
>AAMATGTTTT	12-AAMATGTTTT	-14.478250	-123.180164	0	T:5947.0(94.52%),B:188836.1(88.85%),P:1e-53	Tpos:95.0,Tstd:56.4,Bpos:10834.0,Bstd:64316.0,StrandBias:-0.0,Multiplicity:1.85
0.997	0.001	0.001	0.001
0.997	0.001	0.001	0.001
0.499	0.499	0.001	0.001
0.997	0.001	0.001	0.001
0.001	0.001	0.001	0.997
0.001	0.001	0.997	0.001
0.001	0.001	0.001	0.997
0.001	0.001	0.001	0.997
0.001	0.001	0.001	0.997
0.001	0.001	0.001	0.997
>AATTTNAAAA	13-AATTTNAAAA	2.832491	-105.156316	0	T:4430.0(70.41%),B:131126.3(61.69%),P:1e-45	Tpos:93.8,Tstd:58.3,Bpos:12229.0,Bstd:52545.0,StrandBias:-0.0,Multiplicity:2.01
0.494	0.134	0.041	0.332
0.497	0.190	0.001	0.312
0.386	0.043	0.014	0.557
0.257	0.163	0.097	0.483
0.314	0.083	0.082	0.521
0.252	0.222	0.196	0.330
0.564	0.071	0.093	0.272
0.494	0.132	0.218	0.156
0.913	0.002	0.084	0.001
0.606	0.001	0.148	0.245
>ACCTCAGCTT	14-ACCTCAGCTT	2.512553	-95.379325	0	T:6289.0(99.95%),B:208883.9(98.28%),P:1e-41	Tpos:95.3,Tstd:54.4,Bpos:4742.3,Bstd:39854.6,StrandBias:0.0,Multiplicity:2.27
0.700	0.100	0.100	0.100
0.100	0.700	0.100	0.100
0.100	0.700	0.100	0.100
0.100	0.100	0.100	0.700
0.100	0.700	0.100	0.100
0.700	0.100	0.100	0.100
0.100	0.100	0.700	0.100
0.100	0.700	0.100	0.100
0.100	0.100	0.100	0.700
0.100	0.100	0.100	0.700
>CCCCACCCAC	15-CCCCACCCAC	0.566642	-9.021201	0	T:6292.0(100.00%),B:212232.6(99.85%),P:1e-3	Tpos:96.8,Tstd:55.6,Bpos:3130.2,Bstd:27857.3,StrandBias:0.0,Multiplicity:1.80
0.100	0.700	0.100	0.100
0.100	0.700	0.100	0.100
0.100	0.700	0.100	0.100
0.100	0.700	0.100	0.100
0.700	0.100	0.100	0.100
0.100	0.700	0.100	0.100
0.100	0.700	0.100	0.100
0.100	0.700	0.100	0.100
0.700	0.100	0.100	0.100
0.100	0.700	0.100	0.100
>CGCAGGCGCA	16-CGCAGGCGCA	0.000000	-5.078308	0	T:6292.0(100.00%),B:212367.5(99.92%),P:1e-2
0.100	0.700	0.100	0.100
0.100	0.100	0.700	0.100
0.100	0.700	0.100	0.100
0.700	0.100	0.100	0.100
0.100	0.100	0.700	0.100
0.100	0.100	0.700	0.100
0.100	0.700	0.100	0.100
0.100	0.100	0.700	0.100
0.100	0.700	0.100	0.100
0.700	0.100	0.100	0.100
>ATGGAATGGA	17-ATGGAATGGA	0.000000	-4.406802	0	T:6292.0(100.00%),B:212390.8(99.93%),P:1e-1
0.700	0.100	0.100	0.100
0.100	0.100	0.100	0.700
0.100	0.100	0.700	0.100
0.100	0.100	0.700	0.100
0.700	0.100	0.100	0.100
0.700	0.100	0.100	0.100
0.100	0.100	0.100	0.700
0.100	0.100	0.700	0.100
0.100	0.100	0.700	0.100
0.700	0.100	0.100	0.100
>ACCCCACCCA	18-ACCCCACCCA	0.000000	-3.297515	0	T:6292.0(100.00%),B:212428.3(99.95%),P:1e-1
0.700	0.100	0.100	0.100
0.100	0.700	0.100	0.100
0.100	0.700	0.100	0.100
0.100	0.700	0.100	0.100
0.100	0.700	0.100	0.100
0.700	0.100	0.100	0.100
0.100	0.700	0.100	0.100
0.100	0.700	0.100	0.100
0.100	0.700	0.100	0.100
0.700	0.100	0.100	0.100
>TGACGTCACC	19-TGACGTCACC	0.566642	-1.750678	0	T:6292.0(100.00%),B:212481.0(99.97%),P:1e0	Tpos:93.3,Tstd:71.9,Bpos:7858.6,Bstd:16005.1,StrandBias:-10.0,Multiplicity:1.00
0.100	0.100	0.100	0.700
0.100	0.100	0.700	0.100
0.700	0.100	0.100	0.100
0.100	0.700	0.100	0.100
0.100	0.100	0.700	0.100
0.100	0.100	0.100	0.700
0.100	0.700	0.100	0.100
0.700	0.100	0.100	0.100
0.100	0.700	0.100	0.100
0.100	0.700	0.100	0.100
>GAGGAAGAAG	20-GAGGAAGAAG	0.000000	-0.612682	0	T:6292.0(100.00%),B:212520.5(99.99%),P:1e0
0.100	0.100	0.700	0.100
0.700	0.100	0.100	0.100
0.100	0.100	0.700	0.100
0.100	0.100	0.700	0.100
0.700	0.100	0.100	0.100
0.700	0.100	0.100	0.100
0.100	0.100	0.700	0.100
0.700	0.100	0.100	0.100
0.700	0.100	0.100	0.100
0.100	0.100	0.700	0.100
>CACAGCCTCC	21-CACAGCCTCC	0.566642	-0.379272	0	T:6292.0(100.00%),B:212528.1(99.99%),P:1e0	Tpos:90.7,Tstd:59.6,Bpos:7181.4,Bstd:24928.0,StrandBias:0.0,Multiplicity:1.00
0.100	0.700	0.100	0.100
0.700	0.100	0.100	0.100
0.100	0.700	0.100	0.100
0.700	0.100	0.100	0.100
0.100	0.100	0.700	0.100
0.100	0.700	0.100	0.100
0.100	0.700	0.100	0.100
0.100	0.100	0.100	0.700
0.100	0.700	0.100	0.100
0.100	0.700	0.100	0.100
>CAATTTTCAG	22-CAATTTTCAG	12.690471	-0.001448	0	T:1.0(0.02%),B:223.7(0.11%),P:1e0	Tpos:5.0,Tstd:0.0,Bpos:0.0,Bstd:0.0,StrandBias:10.0,Multiplicity:1.00
0.169	0.829	0.001	0.001
0.784	0.044	0.001	0.171
0.829	0.001	0.169	0.001
0.007	0.001	0.001	0.991
0.001	0.001	0.214	0.784
0.001	0.009	0.001	0.989
0.001	0.001	0.036	0.962
0.039	0.952	0.001	0.008
0.997	0.001	0.001	0.001
0.001	0.001	0.819	0.179
>GATAGATTAG	23-GATAGATTAG	9.062846	-0.000000	0	T:29.0(0.46%),B:2502.9(1.18%),P:1e0	Tpos:60.5,Tstd:55.5,Bpos:9190.3,Bstd:5729.7,StrandBias:0.0,Multiplicity:1.00
0.171	0.045	0.783	0.001
0.783	0.001	0.170	0.046
0.169	0.001	0.001	0.829
0.821	0.177	0.001	0.001
0.214	0.001	0.784	0.001
0.954	0.044	0.001	0.001
0.215	0.001	0.001	0.783
0.169	0.001	0.038	0.792
0.954	0.001	0.008	0.037
0.001	0.001	0.962	0.036
>AWTAGAAWWG	24-AWTAGAAWWG	7.616038	-0.000000	0	T:300.0(4.77%),B:16792.7(7.90%),P:1e0	Tpos:43.3,Tstd:15.2,Bpos:4795.3,Bstd:8966.7,StrandBias:10.0,Multiplicity:1.00
0.799	0.199	0.001	0.001
0.400	0.200	0.001	0.400
0.001	0.001	0.001	0.997
0.400	0.200	0.200	0.200
0.199	0.001	0.799	0.001
0.599	0.399	0.001	0.001
0.997	0.001	0.001	0.001
0.400	0.001	0.200	0.400
0.400	0.001	0.200	0.400
0.199	0.001	0.799	0.001
>GCCCCGCCCA	25-GCCCCGCCCA	-5.271088	0.000000	0	T:6292.0(100.00%),B:212541.2(100.00%),P:1e0	Tpos:94.9,Tstd:57.7,Bpos:8908.2,Bstd:56064.5,StrandBias:-0.0,Multiplicity:1.40
0.100	0.100	0.700	0.100
0.100	0.700	0.100	0.100
0.100	0.700	0.100	0.100
0.100	0.700	0.100	0.100
0.100	0.700	0.100	0.100
0.100	0.100	0.700	0.100
0.100	0.700	0.100	0.100
0.100	0.700	0.100	0.100
0.100	0.700	0.100	0.100
0.700	0.100	0.100	0.100
