>DGGMAARGGCWS	25-SWGCCYTTKCCH	-28.831812	0.000000	0	T:13533.0(100.00%),B:232184.9(100.00%),P:1e0
0.351	0.001	0.280	0.368
0.326	0.001	0.579	0.094
0.001	0.252	0.631	0.116
0.373	0.276	0.163	0.187
0.416	0.210	0.211	0.163
0.625	0.211	0.163	0.001
0.420	0.001	0.397	0.181
0.211	0.001	0.560	0.228
0.001	0.046	0.628	0.325
0.001	0.555	0.350	0.094
0.490	0.135	0.001	0.375
0.187	0.398	0.298	0.117
