>SWGCCYTTKCCH	25-SWGCCYTTKCCH,BestGuess:ZNF467(Zf)/HEK293-ZNF467.GFP-ChIP-Seq(GSE58341)/Homer(0.575)	-28.831812	0.000000	0	T:13533.0(100.00%),B:232184.9(100.00%),P:1e0
0.117	0.298	0.398	0.187
0.375	0.001	0.135	0.490
0.094	0.350	0.555	0.001
0.325	0.628	0.046	0.001
0.228	0.560	0.001	0.211
0.181	0.397	0.001	0.420
0.001	0.163	0.211	0.625
0.163	0.211	0.210	0.416
0.187	0.163	0.276	0.373
0.116	0.631	0.252	0.001
0.094	0.579	0.001	0.326
0.368	0.280	0.001	0.351
