>YTGTGGTTWNNN	1-YTGTGGTTWNNN	6.300366	-3648.581820	0	T:5771.0(42.64%),B:28076.7(12.09%),P:1e-1584
0.196	0.313	0.128	0.362
0.163	0.162	0.095	0.580
0.061	0.061	0.836	0.042
0.080	0.290	0.061	0.569
0.011	0.054	0.928	0.007
0.023	0.010	0.964	0.003
0.001	0.170	0.116	0.713
0.113	0.238	0.093	0.556
0.369	0.066	0.158	0.407
0.215	0.304	0.237	0.243
0.197	0.281	0.272	0.250
0.222	0.256	0.230	0.292
