>ATTCCATTCCAT	16-ATTCCATTCCAT	13.708227	-34.520344	0	T:25.0(0.18%),B:39.0(0.02%),P:1e-14
0.899	0.006	0.064	0.031
0.016	0.070	0.057	0.857
0.029	0.011	0.006	0.954
0.036	0.847	0.041	0.076
0.032	0.716	0.201	0.051
0.838	0.026	0.110	0.026
0.014	0.031	0.113	0.842
0.029	0.030	0.008	0.933
0.037	0.839	0.031	0.093
0.077	0.580	0.302	0.041
0.915	0.005	0.056	0.024
0.034	0.060	0.119	0.787
