>SCWGCHDKSCAG	24-SCWGCHDKSCAG,BestGuess:Tlx?(NR)/NPC-H3K4me1-ChIP-Seq(GSE16256)/Homer(0.679)	0.089707	-3.739429	0	T:13533.0(100.00%),B:232118.2(99.97%),P:1e-1
0.159	0.320	0.411	0.109
0.184	0.690	0.033	0.093
0.451	0.053	0.031	0.464
0.049	0.065	0.694	0.192
0.089	0.512	0.362	0.037
0.318	0.275	0.135	0.272
0.318	0.106	0.298	0.278
0.196	0.201	0.355	0.248
0.110	0.339	0.376	0.176
0.166	0.672	0.101	0.061
0.577	0.041	0.033	0.349
0.025	0.236	0.609	0.130
