>GAATGGAATGGA	15-TCCATTCCATTC	10.012137	-37.958016	0	T:26.0(0.19%),B:35.4(0.02%),P:1e-16
0.191	0.056	0.655	0.098
0.706	0.159	0.040	0.095
0.503	0.161	0.159	0.177
0.097	0.107	0.079	0.717
0.139	0.267	0.433	0.161
0.089	0.150	0.537	0.224
0.900	0.025	0.054	0.021
0.522	0.163	0.144	0.171
0.184	0.145	0.104	0.567
0.090	0.252	0.521	0.137
0.238	0.092	0.595	0.075
0.858	0.056	0.071	0.015
