>CTCTCTCTCTCT	7-CTCTCTCTCTCT,BestGuess:PRDM1/MA0508.3/Jaspar(0.650)	4.290395	-312.255226	0	T:10197.0(75.35%),B:151368.5(65.19%),P:1e-135
0.217	0.501	0.045	0.237
0.199	0.246	0.022	0.533
0.117	0.485	0.178	0.220
0.223	0.233	0.011	0.533
0.183	0.447	0.185	0.185
0.194	0.255	0.005	0.546
0.220	0.506	0.043	0.231
0.231	0.208	0.018	0.543
0.220	0.484	0.086	0.210
0.014	0.264	0.003	0.719
0.056	0.501	0.186	0.257
0.228	0.277	0.011	0.485
