>KGCCAGGCCCTG	6-CAGGGCCTGGCM	-2.551505	-368.612469	0	T:12647.0(93.45%),B:199547.5(85.94%),P:1e-160
0.208	0.167	0.375	0.250
0.001	0.300	0.564	0.135
0.001	0.895	0.103	0.001
0.020	0.958	0.001	0.021
0.563	0.135	0.063	0.239
0.041	0.001	0.957	0.001
0.001	0.165	0.833	0.001
0.001	0.678	0.301	0.020
0.001	0.916	0.001	0.082
0.001	0.915	0.001	0.083
0.188	0.114	0.021	0.677
0.001	0.312	0.582	0.105
