>AAAGWTGANYAA	19-AAAGWTGANYAA	9.070132	-0.000534	0	T:15.0(0.24%),B:1054.5(0.50%),P:1e0
0.694	0.298	0.004	0.004
0.710	0.282	0.001	0.007
0.851	0.141	0.001	0.007
0.001	0.001	0.580	0.418
0.447	0.004	0.138	0.412
0.164	0.001	0.145	0.690
0.001	0.293	0.702	0.004
0.552	0.141	0.001	0.306
0.279	0.156	0.282	0.282
0.145	0.416	0.004	0.435
0.568	0.279	0.008	0.145
0.565	0.137	0.008	0.290
