>ATTRWMAGWSAB	17-VTSWCTKWYAAT	8.710875	-0.009914	0	T:16.0(0.25%),B:910.5(0.43%),P:1e0
0.710	0.282	0.007	0.001
0.145	0.138	0.001	0.716
0.144	0.001	0.160	0.695
0.420	0.153	0.275	0.153
0.426	0.001	0.001	0.572
0.420	0.297	0.138	0.145
0.861	0.001	0.001	0.137
0.001	0.275	0.442	0.282
0.564	0.001	0.001	0.434
0.001	0.426	0.572	0.001
0.572	0.001	0.275	0.152
0.001	0.290	0.291	0.419
