>TCCATTCCATTN	5-NAATGGAATGGA	3.437639	-284.580847	0	T:4954.0(78.73%),B:138098.6(64.85%),P:1e-123
0.219	0.212	0.196	0.373
0.115	0.608	0.108	0.169
0.149	0.655	0.062	0.134
0.638	0.135	0.076	0.151
0.118	0.134	0.099	0.649
0.113	0.129	0.119	0.639
0.117	0.595	0.124	0.164
0.127	0.666	0.058	0.149
0.622	0.148	0.082	0.148
0.110	0.125	0.123	0.642
0.117	0.105	0.126	0.652
0.214	0.259	0.227	0.300
