>CAGAGAAWACMT	20-AKGTWTTCTCTG	8.976789	-0.000020	0	T:65.0(1.03%),B:3511.1(1.65%),P:1e0
0.002	0.838	0.001	0.159
0.677	0.001	0.001	0.321
0.001	0.198	0.481	0.320
0.638	0.035	0.001	0.326
0.319	0.001	0.679	0.001
0.958	0.039	0.002	0.001
0.479	0.200	0.002	0.318
0.479	0.004	0.161	0.356
0.517	0.159	0.322	0.002
0.159	0.519	0.320	0.002
0.520	0.478	0.001	0.001
0.321	0.001	0.001	0.677
