>CTKCAGHTAGAR	18-YTCTADCTGMAG	6.351794	-0.001367	0	T:966.0(15.35%),B:35690.7(16.76%),P:1e0
0.123	0.629	0.064	0.184
0.374	0.003	0.002	0.621
0.061	0.189	0.435	0.315
0.123	0.691	0.125	0.061
0.619	0.002	0.001	0.378
0.069	0.123	0.739	0.069
0.373	0.312	0.067	0.248
0.123	0.135	0.184	0.558
0.816	0.001	0.122	0.061
0.184	0.187	0.498	0.130
0.559	0.002	0.255	0.184
0.314	0.246	0.439	0.001
