>HAGWWCTTBYAG	25-HAGWWCTTBYAG	6.500161	0.000000	0	T:631.0(10.03%),B:27191.2(12.77%),P:1e0
0.363	0.269	0.121	0.248
0.979	0.001	0.001	0.019
0.133	0.242	0.624	0.001
0.497	0.007	0.134	0.363
0.509	0.001	0.128	0.362
0.128	0.489	0.140	0.243
0.134	0.007	0.128	0.731
0.241	0.001	0.241	0.517
0.134	0.249	0.376	0.241
0.001	0.503	0.001	0.495
0.878	0.001	0.001	0.120
0.134	0.121	0.611	0.134
