>CTGTKTWYACAB	13-VTGTRWAMACAG	6.875815	-0.466711	0	T:718.0(11.41%),B:24567.7(11.54%),P:1e0
0.132	0.500	0.247	0.121
0.367	0.001	0.005	0.627
0.247	0.247	0.500	0.006
0.384	0.005	0.001	0.610
0.132	0.006	0.374	0.489
0.121	0.001	0.247	0.631
0.504	0.001	0.001	0.494
0.001	0.483	0.131	0.384
0.742	0.011	0.006	0.241
0.001	0.759	0.120	0.120
0.878	0.001	0.001	0.120
0.001	0.379	0.368	0.252
