>TTTDVWWAWKWA	7-TWMWTWWBHAAA	2.771033	-180.931174	0	T:4763.0(75.70%),B:137394.4(64.52%),P:1e-78
0.207	0.050	0.107	0.636
0.002	0.173	0.002	0.823
0.237	0.098	0.216	0.449
0.344	0.016	0.255	0.385
0.317	0.264	0.319	0.100
0.524	0.089	0.007	0.380
0.403	0.025	0.048	0.524
0.415	0.155	0.166	0.264
0.391	0.001	0.095	0.513
0.191	0.036	0.339	0.433
0.362	0.159	0.118	0.360
0.497	0.244	0.077	0.182
