>GYTSCCATGRSA	12-GYTSCCATGRSA,BestGuess:X-box(HTH)/NPC-H3K4me1-ChIP-Seq(GSE16256)/Homer(0.834)	10.271756	-3.871702	0	T:37.0(0.17%),B:213.3(0.11%),P:1e-1
0.243	0.080	0.676	0.001
0.110	0.309	0.145	0.437
0.056	0.001	0.006	0.937
0.162	0.303	0.410	0.125
0.001	0.689	0.001	0.309
0.001	0.869	0.001	0.129
0.588	0.293	0.001	0.118
0.172	0.001	0.177	0.650
0.116	0.001	0.846	0.037
0.359	0.023	0.492	0.126
0.090	0.322	0.458	0.130
0.700	0.015	0.129	0.156
