>ACACRYRCACAY	14-ACACRYRCACAY,BestGuess:KLF9/MA1107.2/Jaspar(0.657)	9.414272	-2.434684	0	T:461.0(2.09%),B:3672.8(1.95%),P:1e-1
0.512	0.067	0.083	0.338
0.062	0.750	0.087	0.101
0.738	0.099	0.083	0.080
0.031	0.613	0.035	0.321
0.476	0.066	0.402	0.056
0.037	0.497	0.041	0.425
0.449	0.150	0.365	0.035
0.054	0.546	0.047	0.353
0.680	0.110	0.137	0.073
0.064	0.748	0.093	0.095
0.692	0.108	0.096	0.104
0.055	0.543	0.005	0.397
