>VSGSCGSCSCRC	16-VSGSCGSCSCRC,BestGuess:NRF1/MA0506.1/Jaspar(0.634)	7.528640	-0.000000	0	T:577.0(5.07%),B:14491.9(7.72%),P:1e0
0.226	0.318	0.366	0.089
0.138	0.316	0.409	0.137
0.001	0.187	0.632	0.180
0.001	0.452	0.458	0.089
0.051	0.542	0.273	0.134
0.134	0.180	0.454	0.232
0.001	0.453	0.545	0.001
0.096	0.587	0.316	0.001
0.002	0.503	0.450	0.045
0.134	0.683	0.001	0.182
0.315	0.225	0.458	0.002
0.089	0.585	0.325	0.001
