>ARRDRGTDDCAN	5-ARRDRGTDDCAN,BestGuess:ZNF7(Zf)/HepG2-ZNF7.Flag-ChIP-Seq(Encode)/Homer(0.692)	3.495883	-763.341720	0	T:10532.0(92.60%),B:148366.8(78.99%),P:1e-331
0.643	0.116	0.124	0.117
0.439	0.055	0.455	0.051
0.400	0.078	0.477	0.045
0.336	0.032	0.326	0.306
0.466	0.039	0.453	0.042
0.117	0.121	0.650	0.112
0.122	0.132	0.105	0.641
0.299	0.040	0.346	0.314
0.332	0.061	0.312	0.295
0.088	0.654	0.092	0.166
0.686	0.114	0.059	0.141
0.238	0.236	0.296	0.231
