>TACACACACACA	6-TACACACACACA,BestGuess:KLF9/MA1107.2/Jaspar(0.717)	2.924926	-559.026498	0	T:10395.0(91.39%),B:149713.2(79.70%),P:1e-242
0.159	0.149	0.199	0.492
0.630	0.130	0.134	0.106
0.128	0.664	0.133	0.075
0.603	0.162	0.118	0.117
0.140	0.590	0.157	0.113
0.573	0.165	0.133	0.129
0.154	0.554	0.165	0.127
0.541	0.170	0.139	0.150
0.126	0.594	0.145	0.135
0.602	0.157	0.128	0.113
0.125	0.669	0.087	0.119
0.490	0.196	0.139	0.175
