>VTGAVTCABNSN	1-VTGAVTCABNSN,BestGuess:Fra1(bZIP)/BT549-Fra1-ChIP-Seq(GSE46166)/Homer(0.979)	6.196858	-1176.037954	0	T:2159.0(18.98%),B:10156.6(5.41%),P:1e-510
0.364	0.296	0.248	0.092
0.051	0.046	0.029	0.874
0.063	0.082	0.681	0.174
0.761	0.082	0.037	0.120
0.202	0.321	0.332	0.145
0.053	0.062	0.088	0.797
0.172	0.726	0.051	0.051
0.790	0.055	0.042	0.113
0.140	0.308	0.240	0.312
0.265	0.225	0.282	0.227
0.199	0.367	0.222	0.212
0.271	0.244	0.232	0.253
