>AAGCAGAAGTGG	18-AAGCAGAAGTGG,BestGuess:HAND2/MA1638.1/Jaspar(0.711)	9.234281	-22.292980	0	T:37.0(0.59%),B:341.4(0.16%),P:1e-9
0.516	0.072	0.157	0.255
0.482	0.134	0.190	0.194
0.089	0.291	0.553	0.067
0.174	0.595	0.212	0.019
0.900	0.008	0.063	0.029
0.059	0.025	0.897	0.019
0.707	0.047	0.195	0.051
0.495	0.148	0.032	0.324
0.254	0.165	0.458	0.123
0.180	0.186	0.066	0.568
0.204	0.120	0.467	0.209
0.309	0.045	0.610	0.036
