>GCDGKGNTTTTG	16-GCDGKGNTTTTG,BestGuess:Gfi1b/MA0483.1/Jaspar(0.624)	7.984373	-31.426804	0	T:44.0(0.70%),B:342.7(0.16%),P:1e-13
0.030	0.026	0.908	0.036
0.303	0.509	0.035	0.153
0.295	0.171	0.210	0.324
0.278	0.165	0.525	0.032
0.175	0.221	0.230	0.375
0.010	0.032	0.688	0.270
0.198	0.272	0.336	0.194
0.231	0.152	0.216	0.402
0.047	0.256	0.177	0.520
0.013	0.282	0.203	0.502
0.024	0.032	0.183	0.761
0.022	0.209	0.599	0.170
