>TAACCACA	1-TAACCACA	3.847239	-3978.189570	0	T:3294.0(52.35%),B:17104.2(8.03%),P:1e-1727	Tpos:115.5,Tstd:57.4,Bpos:19908.9,Bstd:99395.9,StrandBias:-0.1,Multiplicity:1.24
0.147	0.001	0.001	0.851
0.852	0.001	0.146	0.001
0.997	0.001	0.001	0.001
0.001	0.997	0.001	0.001
0.001	0.997	0.001	0.001
0.852	0.001	0.146	0.001
0.001	0.997	0.001	0.001
0.997	0.001	0.001	0.001
>YTTGTGGT	2-YTTGTGGT	1.284866	-1790.989101	0	T:5622.0(89.35%),B:115434.9(54.21%),P:1e-777	Tpos:117.4,Tstd:84.8,Bpos:13303.1,Bstd:76247.0,StrandBias:0.1,Multiplicity:1.83
0.162	0.372	0.001	0.465
0.084	0.258	0.038	0.620
0.001	0.001	0.001	0.997
0.001	0.001	0.997	0.001
0.001	0.242	0.001	0.756
0.001	0.001	0.997	0.001
0.001	0.001	0.997	0.001
0.001	0.001	0.001	0.997
>AGGAAGTG	3-AGGAAGTG	4.970475	-1238.275650	0	T:3297.0(52.40%),B:48902.1(22.97%),P:1e-537	Tpos:114.3,Tstd:72.1,Bpos:9680.2,Bstd:61352.1,StrandBias:0.0,Multiplicity:1.36
0.768	0.067	0.164	0.001
0.001	0.001	0.997	0.001
0.001	0.001	0.997	0.001
0.997	0.001	0.001	0.001
0.952	0.001	0.001	0.046
0.073	0.032	0.894	0.001
0.001	0.010	0.001	0.988
0.055	0.049	0.815	0.081
>TTGTGGTK	4-TTGTGGTK	3.690739	-1049.303925	0	T:5770.0(91.70%),B:143282.0(67.29%),P:1e-455	Tpos:117.0,Tstd:91.4,Bpos:9947.3,Bstd:55451.8,StrandBias:-0.1,Multiplicity:1.55
0.009	0.211	0.016	0.764
0.025	0.023	0.055	0.897
0.056	0.110	0.702	0.132
0.055	0.070	0.032	0.843
0.058	0.005	0.726	0.211
0.053	0.016	0.832	0.099
0.020	0.067	0.078	0.835
0.112	0.172	0.403	0.313
>GTGGTKDD	5-GTGGTKDD	0.784825	-997.765000	0	T:5586.0(88.78%),B:135863.5(63.81%),P:1e-433	Tpos:120.0,Tstd:97.0,Bpos:6795.6,Bstd:45161.8,StrandBias:0.0,Multiplicity:1.58
0.001	0.001	0.997	0.001
0.001	0.001	0.001	0.997
0.001	0.001	0.997	0.001
0.001	0.001	0.997	0.001
0.001	0.001	0.001	0.997
0.201	0.001	0.466	0.332
0.375	0.094	0.238	0.293
0.292	0.125	0.348	0.235
>AGAAGGAA	6-AGAAGGAA	3.775726	-387.859265	0	T:5486.0(87.19%),B:154494.6(72.55%),P:1e-168	Tpos:118.0,Tstd:94.0,Bpos:7503.1,Bstd:51996.0,StrandBias:0.0,Multiplicity:1.66
0.815	0.001	0.128	0.056
0.001	0.133	0.733	0.133
0.646	0.158	0.081	0.115
0.703	0.004	0.148	0.145
0.114	0.001	0.771	0.114
0.001	0.064	0.824	0.111
0.646	0.132	0.170	0.052
0.862	0.001	0.001	0.136
>TGTSAAWW	7-TGTSAAWW	-4.536734	-336.677662	0	T:5676.0(90.21%),B:165401.9(77.68%),P:1e-146	Tpos:118.5,Tstd:94.3,Bpos:14690.6,Bstd:75413.8,StrandBias:0.0,Multiplicity:1.85
0.136	0.001	0.001	0.862
0.178	0.001	0.794	0.027
0.001	0.001	0.001	0.997
0.001	0.492	0.506	0.001
0.997	0.001	0.001	0.001
0.766	0.001	0.001	0.232
0.506	0.001	0.001	0.492
0.465	0.001	0.001	0.533
>TTKTTTTT	8-TTKTTTTT	3.010477	-332.270748	0	T:5202.0(82.68%),B:145324.9(68.25%),P:1e-144	Tpos:115.1,Tstd:93.2,Bpos:12595.1,Bstd:60898.9,StrandBias:0.0,Multiplicity:1.76
0.187	0.131	0.204	0.478
0.198	0.040	0.296	0.466
0.141	0.115	0.367	0.377
0.122	0.103	0.211	0.564
0.090	0.130	0.169	0.611
0.101	0.059	0.103	0.737
0.061	0.089	0.200	0.650
0.090	0.085	0.132	0.693
>CACAAAVM	9-CACAAAVM	3.859067	-320.324855	0	T:5149.0(81.83%),B:143814.2(67.54%),P:1e-139	Tpos:113.8,Tstd:87.6,Bpos:10247.2,Bstd:55732.8,StrandBias:0.0,Multiplicity:1.60
0.179	0.757	0.036	0.028
0.835	0.118	0.016	0.031
0.325	0.673	0.001	0.001
0.774	0.181	0.001	0.044
0.719	0.114	0.166	0.001
0.696	0.034	0.094	0.176
0.347	0.237	0.238	0.178
0.338	0.388	0.077	0.196
>ASTAGMTW	10-ASTAGMTW	1.608412	-281.637303	0	T:5991.0(95.22%),B:183215.3(86.04%),P:1e-122	Tpos:119.1,Tstd:99.5,Bpos:11770.9,Bstd:67757.8,StrandBias:0.0,Multiplicity:1.63
0.774	0.001	0.091	0.134
0.001	0.519	0.479	0.001
0.364	0.001	0.001	0.634
0.575	0.001	0.423	0.001
0.155	0.001	0.531	0.313
0.397	0.371	0.230	0.001
0.310	0.001	0.001	0.688
0.434	0.001	0.001	0.564
>WWMHTTTT	11-WWMHTTTT	2.635213	-270.775202	0	T:5499.0(87.40%),B:160950.5(75.59%),P:1e-117	Tpos:119.2,Tstd:99.2,Bpos:10839.3,Bstd:57341.0,StrandBias:0.0,Multiplicity:1.65
0.269	0.211	0.115	0.405
0.308	0.199	0.126	0.367
0.267	0.354	0.193	0.185
0.381	0.372	0.004	0.244
0.243	0.233	0.023	0.501
0.264	0.176	0.126	0.434
0.083	0.095	0.083	0.739
0.142	0.124	0.219	0.515
>WDRAAAAA	12-WDRAAAAA	3.000583	-263.218956	0	T:5189.0(82.47%),B:148577.0(69.78%),P:1e-114	Tpos:115.9,Tstd:89.4,Bpos:8944.5,Bstd:37667.5,StrandBias:0.0,Multiplicity:1.85
0.353	0.121	0.197	0.328
0.366	0.028	0.233	0.372
0.405	0.106	0.273	0.217
0.491	0.012	0.175	0.322
0.481	0.157	0.224	0.138
0.812	0.001	0.090	0.097
0.594	0.136	0.144	0.126
0.709	0.004	0.086	0.201
>AWMTYTAH	13-AWMTYTAH	0.120319	-162.412937	0	T:6250.0(99.33%),B:203464.2(95.55%),P:1e-70	Tpos:121.4,Tstd:100.6,Bpos:5686.0,Bstd:35619.1,StrandBias:0.1,Multiplicity:1.57
0.835	0.163	0.001	0.001
0.545	0.001	0.001	0.453
0.500	0.360	0.128	0.012
0.001	0.290	0.001	0.708
0.001	0.558	0.001	0.440
0.221	0.058	0.001	0.720
0.720	0.278	0.001	0.001
0.302	0.326	0.001	0.371
>TSAASAGS	14-TSAASAGS	-1.690912	-119.213567	0	T:6213.0(98.74%),B:202815.9(95.25%),P:1e-51	Tpos:120.5,Tstd:96.6,Bpos:7160.5,Bstd:47665.3,StrandBias:0.0,Multiplicity:1.46
0.001	0.001	0.001	0.997
0.001	0.465	0.465	0.068
0.997	0.001	0.001	0.001
0.845	0.001	0.001	0.153
0.007	0.465	0.527	0.001
0.915	0.001	0.001	0.083
0.092	0.244	0.412	0.252
0.107	0.359	0.382	0.152
>TCTGCTTT	15-TCTGCTTT	2.399224	-75.554134	0	T:6292.0(100.00%),B:210356.9(98.79%),P:1e-32	Tpos:121.0,Tstd:92.4,Bpos:6622.8,Bstd:48642.8,StrandBias:-0.0,Multiplicity:3.31
0.100	0.100	0.100	0.700
0.100	0.700	0.100	0.100
0.100	0.100	0.100	0.700
0.100	0.100	0.700	0.100
0.100	0.700	0.100	0.100
0.100	0.100	0.100	0.700
0.100	0.100	0.100	0.700
0.100	0.100	0.100	0.700
>CAGGGGAA	16-CAGGGGAA	2.399224	-20.367236	0	T:6290.0(99.97%),B:212035.6(99.58%),P:1e-8	Tpos:122.0,Tstd:97.7,Bpos:2672.3,Bstd:20698.4,StrandBias:-0.0,Multiplicity:2.81
0.100	0.700	0.100	0.100
0.700	0.100	0.100	0.100
0.100	0.100	0.700	0.100
0.100	0.100	0.700	0.100
0.100	0.100	0.700	0.100
0.100	0.100	0.700	0.100
0.700	0.100	0.100	0.100
0.700	0.100	0.100	0.100
>BTWATYTS	17-BTWATYTS	4.722431	-5.925134	0	T:1624.0(25.81%),B:51669.0(24.27%),P:1e-2	Tpos:107.2,Tstd:53.1,Bpos:9198.5,Bstd:24643.8,StrandBias:0.6,Multiplicity:1.00
0.181	0.229	0.227	0.363
0.273	0.045	0.045	0.637
0.453	0.001	0.001	0.545
0.584	0.001	0.414	0.001
0.226	0.184	0.135	0.456
0.181	0.408	0.140	0.271
0.091	0.134	0.001	0.774
0.136	0.501	0.362	0.001
>AGGCCTGT	18-AGGCCTGT	0.453314	-0.058242	0	T:6292.0(100.00%),B:212933.3(100.00%),P:1e0	Tpos:120.7,Tstd:94.4,Bpos:3845.1,Bstd:33774.4,StrandBias:-0.0,Multiplicity:3.11
0.700	0.100	0.100	0.100
0.100	0.100	0.700	0.100
0.100	0.100	0.700	0.100
0.100	0.700	0.100	0.100
0.100	0.700	0.100	0.100
0.100	0.100	0.100	0.700
0.100	0.100	0.700	0.100
0.100	0.100	0.100	0.700
>GDDACTAA	19-GDDACTAA	4.480402	-0.000219	0	T:234.0(3.72%),B:9850.2(4.63%),P:1e0	Tpos:124.6,Tstd:74.8,Bpos:11338.1,Bstd:23748.3,StrandBias:1.3,Multiplicity:1.00
0.203	0.196	0.397	0.204
0.338	0.001	0.266	0.396
0.263	0.135	0.266	0.336
0.997	0.001	0.001	0.001
0.203	0.398	0.197	0.202
0.335	0.001	0.001	0.663
0.399	0.200	0.197	0.204
0.462	0.135	0.135	0.267
>CTTCCTAA	20-CTTCCTAA	6.679882	-0.000065	0	T:898.0(14.27%),B:34139.9(16.03%),P:1e0	Tpos:116.4,Tstd:69.9,Bpos:5978.0,Bstd:13151.0,StrandBias:0.2,Multiplicity:1.00
0.001	0.500	0.333	0.166
0.001	0.001	0.001	0.997
0.333	0.166	0.001	0.500
0.333	0.500	0.001	0.166
0.001	0.997	0.001	0.001
0.332	0.001	0.001	0.666
0.997	0.001	0.001	0.001
0.666	0.001	0.332	0.001
>RTAKTGTV	21-RTAKTGTV	5.243705	-0.000016	0	T:713.0(11.33%),B:27852.2(13.08%),P:1e0	Tpos:114.6,Tstd:72.2,Bpos:9202.6,Bstd:18630.4,StrandBias:2.6,Multiplicity:1.00
0.501	0.001	0.356	0.142
0.148	0.001	0.210	0.641
0.929	0.069	0.001	0.001
0.144	0.142	0.356	0.358
0.146	0.214	0.004	0.636
0.142	0.001	0.645	0.212
0.280	0.144	0.006	0.570
0.287	0.358	0.354	0.001
>GWTWYTMR	22-GWTWYTMR	3.975480	-0.000013	0	T:921.0(14.64%),B:35337.7(16.60%),P:1e0	Tpos:3.5,Tstd:0.5,Bpos:7971.9,Bstd:17804.7,StrandBias:-10.0,Multiplicity:1.00
0.131	0.316	0.552	0.001
0.369	0.184	0.026	0.421
0.237	0.105	0.106	0.552
0.369	0.210	0.158	0.263
0.001	0.396	0.183	0.420
0.316	0.159	0.027	0.498
0.397	0.366	0.001	0.236
0.369	0.078	0.368	0.185
>CYTACTAR	23-CYTACTAR	4.776683	-0.000001	0	T:575.0(9.14%),B:23322.8(10.95%),P:1e0	Tpos:108.3,Tstd:47.9,Bpos:7249.1,Bstd:14603.7,StrandBias:0.0,Multiplicity:1.00
0.159	0.469	0.162	0.210
0.104	0.370	0.054	0.472
0.317	0.109	0.001	0.573
0.425	0.158	0.157	0.260
0.104	0.422	0.208	0.267
0.001	0.262	0.157	0.580
0.789	0.001	0.001	0.209
0.372	0.104	0.471	0.053
>CCGCAGCC	24-CCGCAGCC	-1.492596	0.000000	0	T:6292.0(100.00%),B:212935.1(100.00%),P:1e0	Tpos:121.0,Tstd:94.8,Bpos:6409.4,Bstd:48079.2,StrandBias:-0.0,Multiplicity:1.69
0.100	0.700	0.100	0.100
0.100	0.700	0.100	0.100
0.100	0.100	0.700	0.100
0.100	0.700	0.100	0.100
0.700	0.100	0.100	0.100
0.100	0.100	0.700	0.100
0.100	0.700	0.100	0.100
0.100	0.700	0.100	0.100
>YTTGTNTC	25-YTTGTNTC	4.357029	0.000000	0	T:1216.0(19.33%),B:50418.3(23.68%),P:1e0	Tpos:78.0,Tstd:34.4,Bpos:6424.5,Bstd:13735.6,StrandBias:-10.0,Multiplicity:1.00
0.001	0.400	0.199	0.400
0.251	0.099	0.201	0.450
0.393	0.001	0.001	0.605
0.303	0.001	0.596	0.100
0.001	0.197	0.256	0.546
0.300	0.296	0.252	0.152
0.197	0.251	0.099	0.454
0.199	0.550	0.001	0.250
