>WRACCRCAGN	1-WRACCRCAGN	7.210698	-4415.692752	0	T:3619.0(57.52%),B:19271.3(9.05%),P:1e-1917	Tpos:115.7,Tstd:58.6,Bpos:18185.8,Bstd:95048.8,StrandBias:-0.1,Multiplicity:1.24
0.334	0.236	0.022	0.409
0.450	0.082	0.459	0.010
0.997	0.001	0.001	0.001
0.001	0.997	0.001	0.001
0.001	0.997	0.001	0.001
0.539	0.001	0.459	0.001
0.001	0.997	0.001	0.001
0.997	0.001	0.001	0.001
0.266	0.122	0.421	0.190
0.332	0.274	0.209	0.184
>ACTTCCTSWT	2-ACTTCCTSWT	4.981917	-1430.135864	0	T:4469.0(71.03%),B:79456.0(37.31%),P:1e-621	Tpos:116.8,Tstd:76.6,Bpos:8940.0,Bstd:59489.6,StrandBias:0.0,Multiplicity:1.70
0.779	0.106	0.114	0.001
0.001	0.814	0.111	0.074
0.062	0.001	0.001	0.936
0.001	0.001	0.010	0.988
0.001	0.997	0.001	0.001
0.001	0.997	0.001	0.001
0.017	0.304	0.126	0.553
0.018	0.439	0.392	0.152
0.344	0.187	0.029	0.440
0.199	0.198	0.148	0.455
>TGTGGTTTCC	3-TGTGGTTTCC	4.044809	-1088.061604	0	T:5478.0(87.06%),B:128033.5(60.13%),P:1e-472	Tpos:117.1,Tstd:86.5,Bpos:9291.1,Bstd:54821.8,StrandBias:-0.0,Multiplicity:1.62
0.107	0.092	0.102	0.699
0.093	0.128	0.674	0.105
0.117	0.148	0.112	0.623
0.098	0.065	0.712	0.125
0.107	0.073	0.722	0.098
0.053	0.130	0.092	0.725
0.087	0.032	0.063	0.818
0.095	0.132	0.052	0.721
0.075	0.659	0.127	0.139
0.096	0.647	0.131	0.126
>NNHDVAGGAA	4-NNHDVAGGAA	4.412551	-939.843980	0	T:4992.0(79.34%),B:112348.6(52.76%),P:1e-408	Tpos:118.5,Tstd:90.8,Bpos:7878.5,Bstd:48160.8,StrandBias:0.0,Multiplicity:1.27
0.232	0.249	0.299	0.220
0.211	0.225	0.263	0.301
0.343	0.280	0.171	0.206
0.393	0.001	0.332	0.274
0.269	0.272	0.417	0.042
0.654	0.001	0.344	0.001
0.040	0.001	0.958	0.001
0.001	0.001	0.997	0.001
0.997	0.001	0.001	0.001
0.997	0.001	0.001	0.001
>GTGTGTGTGT	5-GTGTGTGTGT	-13.786106	-529.489785	0	T:6154.0(97.81%),B:183092.1(85.98%),P:1e-229	Tpos:122.8,Tstd:98.7,Bpos:2859.7,Bstd:20223.2,StrandBias:-0.1,Multiplicity:1.76
0.001	0.001	0.997	0.001
0.001	0.001	0.129	0.869
0.001	0.001	0.997	0.001
0.001	0.001	0.001	0.997
0.001	0.001	0.997	0.001
0.001	0.001	0.001	0.997
0.001	0.001	0.997	0.001
0.001	0.001	0.092	0.906
0.001	0.001	0.997	0.001
0.001	0.001	0.001	0.997
>NCCCTTCTTN	6-NCCCTTCTTN	3.053163	-453.434640	0	T:5825.0(92.58%),B:167306.7(78.57%),P:1e-196	Tpos:121.7,Tstd:100.0,Bpos:4257.9,Bstd:29941.6,StrandBias:-0.0,Multiplicity:1.54
0.247	0.269	0.199	0.285
0.151	0.545	0.149	0.155
0.178	0.542	0.115	0.165
0.158	0.580	0.106	0.156
0.181	0.176	0.098	0.545
0.127	0.162	0.169	0.542
0.131	0.578	0.144	0.147
0.141	0.177	0.089	0.593
0.130	0.157	0.160	0.553
0.236	0.237	0.236	0.291
>NAACCRSARS	7-NAACCRSARS	5.816028	-432.020882	0	T:1301.0(20.68%),B:18069.5(8.49%),P:1e-187	Tpos:71.0,Tstd:52.0,Bpos:971.1,Bstd:1860.3,StrandBias:0.0,Multiplicity:1.00
0.196	0.200	0.342	0.262
0.473	0.265	0.196	0.065
0.803	0.001	0.065	0.131
0.001	0.803	0.001	0.195
0.196	0.538	0.001	0.265
0.534	0.001	0.396	0.069
0.200	0.331	0.404	0.065
0.661	0.001	0.073	0.265
0.396	0.142	0.265	0.196
0.142	0.400	0.262	0.196
>TCTATCTCTC	8-TCTATCTCTC	-8.754356	-396.859555	0	T:5822.0(92.53%),B:169562.2(79.63%),P:1e-172	Tpos:119.8,Tstd:96.3,Bpos:9388.1,Bstd:58183.0,StrandBias:0.1,Multiplicity:1.61
0.154	0.231	0.077	0.538
0.001	0.922	0.001	0.076
0.001	0.001	0.001	0.997
0.997	0.001	0.001	0.001
0.001	0.001	0.001	0.997
0.001	0.997	0.001	0.001
0.001	0.001	0.001	0.997
0.001	0.997	0.001	0.001
0.001	0.001	0.001	0.997
0.154	0.538	0.307	0.001
>TTNCCACAAA	9-TTNCCACAAA	3.385230	-364.503126	0	T:5499.0(87.40%),B:156174.5(73.34%),P:1e-158	Tpos:117.1,Tstd:94.0,Bpos:8713.2,Bstd:49392.2,StrandBias:-0.1,Multiplicity:1.63
0.252	0.114	0.039	0.595
0.136	0.220	0.098	0.546
0.221	0.296	0.246	0.237
0.191	0.528	0.002	0.279
0.173	0.694	0.025	0.108
0.717	0.143	0.001	0.139
0.127	0.748	0.060	0.065
0.718	0.197	0.001	0.084
0.649	0.059	0.095	0.197
0.535	0.128	0.074	0.263
>ATTCCATTCC	10-ATTCCATTCC	-7.161507	-357.719452	0	T:4826.0(76.70%),B:129203.8(60.68%),P:1e-155	Tpos:121.0,Tstd:100.0,Bpos:14496.1,Bstd:77320.7,StrandBias:-0.2,Multiplicity:1.93
0.997	0.001	0.001	0.001
0.001	0.001	0.001	0.997
0.001	0.001	0.001	0.997
0.001	0.997	0.001	0.001
0.001	0.935	0.063	0.001
0.965	0.033	0.001	0.001
0.001	0.001	0.001	0.997
0.001	0.001	0.001	0.997
0.001	0.997	0.001	0.001
0.001	0.830	0.168	0.001
>SHSCWGCCCH	11-SHSCWGCCCH	3.910803	-312.273440	0	T:5929.0(94.23%),B:178650.9(83.90%),P:1e-135	Tpos:118.5,Tstd:86.6,Bpos:4548.0,Bstd:33596.4,StrandBias:-0.0,Multiplicity:1.61
0.080	0.459	0.329	0.132
0.360	0.252	0.001	0.386
0.163	0.266	0.386	0.185
0.001	0.755	0.190	0.054
0.456	0.001	0.001	0.542
0.001	0.013	0.985	0.001
0.101	0.583	0.261	0.055
0.232	0.547	0.001	0.220
0.153	0.653	0.001	0.193
0.326	0.337	0.001	0.336
>ACTGAGTCAT	12-ACTGAGTCAT	2.512553	-273.727569	0	T:6255.0(99.41%),B:199743.7(93.80%),P:1e-118	Tpos:120.1,Tstd:100.2,Bpos:6561.8,Bstd:42256.0,StrandBias:0.0,Multiplicity:2.27
0.700	0.100	0.100	0.100
0.100	0.700	0.100	0.100
0.100	0.100	0.100	0.700
0.100	0.100	0.700	0.100
0.700	0.100	0.100	0.100
0.100	0.100	0.700	0.100
0.100	0.100	0.100	0.700
0.100	0.700	0.100	0.100
0.700	0.100	0.100	0.100
0.100	0.100	0.100	0.700
>WTTCCHDGDD	13-WTTCCHDGDD	4.271061	-261.782699	0	T:4789.0(76.11%),B:133119.6(62.52%),P:1e-113	Tpos:118.8,Tstd:95.3,Bpos:16913.4,Bstd:81611.8,StrandBias:-0.0,Multiplicity:1.68
0.353	0.176	0.001	0.470
0.001	0.001	0.001	0.997
0.001	0.001	0.001	0.997
0.001	0.592	0.105	0.302
0.206	0.505	0.001	0.288
0.254	0.255	0.156	0.335
0.398	0.001	0.257	0.345
0.418	0.001	0.580	0.001
0.352	0.072	0.303	0.273
0.351	0.001	0.253	0.395
>AAAAAAAAAA	14-AAAAAAAAAA	-9.578243	-237.128282	0	T:5010.0(79.62%),B:143077.8(67.19%),P:1e-102	Tpos:111.1,Tstd:82.8,Bpos:10466.4,Bstd:50235.4,StrandBias:-0.1,Multiplicity:1.68
0.997	0.001	0.001	0.001
0.997	0.001	0.001	0.001
0.997	0.001	0.001	0.001
0.997	0.001	0.001	0.001
0.997	0.001	0.001	0.001
0.997	0.001	0.001	0.001
0.987	0.001	0.001	0.011
0.927	0.001	0.063	0.009
0.901	0.001	0.097	0.001
0.814	0.001	0.107	0.078
>AACAGCAGCC	15-AACAGCAGCC	2.512553	-106.836086	0	T:6288.0(99.94%),B:208755.9(98.04%),P:1e-46	Tpos:120.3,Tstd:91.5,Bpos:3141.7,Bstd:24029.3,StrandBias:-0.0,Multiplicity:1.91
0.700	0.100	0.100	0.100
0.700	0.100	0.100	0.100
0.100	0.700	0.100	0.100
0.700	0.100	0.100	0.100
0.100	0.100	0.700	0.100
0.100	0.700	0.100	0.100
0.700	0.100	0.100	0.100
0.100	0.100	0.700	0.100
0.100	0.700	0.100	0.100
0.100	0.700	0.100	0.100
>MRTCGBRRCH	16-MRTCGBRRCH	4.918325	-41.448069	0	T:2979.0(47.35%),B:88972.1(41.78%),P:1e-18	Tpos:111.7,Tstd:69.1,Bpos:2626.7,Bstd:7318.2,StrandBias:0.0,Multiplicity:1.00
0.434	0.432	0.130	0.004
0.435	0.108	0.346	0.111
0.001	0.111	0.346	0.542
0.003	0.654	0.001	0.342
0.001	0.107	0.666	0.226
0.001	0.323	0.349	0.327
0.442	0.230	0.326	0.001
0.550	0.001	0.445	0.004
0.001	0.885	0.003	0.111
0.215	0.343	0.111	0.331
>CCTGGGCCTC	17-CCTGGGCCTC	0.566642	-3.553729	0	T:6292.0(100.00%),B:212813.7(99.94%),P:1e-1	Tpos:121.0,Tstd:99.7,Bpos:2682.7,Bstd:21553.5,StrandBias:-0.0,Multiplicity:2.54
0.100	0.700	0.100	0.100
0.100	0.700	0.100	0.100
0.100	0.100	0.100	0.700
0.100	0.100	0.700	0.100
0.100	0.100	0.700	0.100
0.100	0.100	0.700	0.100
0.100	0.700	0.100	0.100
0.100	0.700	0.100	0.100
0.100	0.100	0.100	0.700
0.100	0.700	0.100	0.100
>VAGCYGAGTG	18-VAGCYGAGTG	8.330487	-0.118594	0	T:69.0(1.10%),B:2684.4(1.26%),P:1e0	Tpos:18.0,Tstd:0.0,Bpos:1700.3,Bstd:4219.9,StrandBias:-10.0,Multiplicity:1.00
0.283	0.300	0.416	0.001
0.708	0.146	0.138	0.008
0.009	0.292	0.561	0.138
0.003	0.995	0.001	0.001
0.004	0.434	0.005	0.557
0.009	0.150	0.691	0.150
0.571	0.001	0.150	0.278
0.001	0.008	0.695	0.296
0.274	0.150	0.001	0.575
0.005	0.274	0.579	0.142
>SRTWGMATWG	19-SRTWGMATWG	6.827579	-0.043645	0	T:8.0(0.13%),B:457.9(0.22%),P:1e0	Tpos:122.0,Tstd:0.0,Bpos:34171.8,Bstd:49232.7,StrandBias:10.0,Multiplicity:1.00
0.199	0.292	0.407	0.102
0.500	0.097	0.402	0.001
0.001	0.203	0.292	0.504
0.301	0.102	0.204	0.394
0.001	0.001	0.897	0.101
0.393	0.292	0.115	0.199
0.800	0.001	0.001	0.198
0.296	0.001	0.199	0.504
0.394	0.097	0.111	0.398
0.001	0.291	0.504	0.204
>GRAGCCKTCG	20-GRAGCCKTCG	6.748005	-0.000003	0	T:112.0(1.78%),B:5646.2(2.65%),P:1e0	Tpos:104.0,Tstd:0.0,Bpos:517.5,Bstd:321.8,StrandBias:10.0,Multiplicity:1.00
0.001	0.225	0.771	0.003
0.407	0.207	0.385	0.001
0.414	0.189	0.189	0.208
0.003	0.406	0.590	0.001
0.010	0.789	0.200	0.001
0.218	0.393	0.189	0.201
0.214	0.004	0.400	0.382
0.007	0.382	0.014	0.597
0.018	0.781	0.004	0.197
0.189	0.203	0.385	0.222
>GCNCCAGGCS	21-GCNCCAGGCS	9.355770	-0.000000	0	T:84.0(1.34%),B:4700.2(2.21%),P:1e0	Tpos:145.3,Tstd:56.7,Bpos:620.7,Bstd:1926.8,StrandBias:-1.0,Multiplicity:1.00
0.001	0.279	0.719	0.001
0.001	0.997	0.001	0.001
0.300	0.233	0.233	0.233
0.001	0.719	0.264	0.016
0.001	0.766	0.232	0.001
0.703	0.295	0.001	0.001
0.034	0.015	0.950	0.001
0.233	0.001	0.513	0.253
0.015	0.751	0.001	0.233
0.001	0.502	0.466	0.031
>VGCCCCGTCC	22-VGCCCCGTCC	6.785819	-0.000000	0	T:378.0(6.01%),B:16580.8(7.79%),P:1e0	Tpos:54.5,Tstd:49.5,Bpos:343.6,Bstd:759.2,StrandBias:0.0,Multiplicity:1.00
0.229	0.309	0.312	0.151
0.158	0.001	0.761	0.080
0.001	0.924	0.001	0.074
0.001	0.605	0.085	0.309
0.156	0.384	0.234	0.226
0.301	0.462	0.236	0.001
0.075	0.226	0.624	0.075
0.001	0.239	0.228	0.532
0.001	0.464	0.231	0.304
0.078	0.607	0.312	0.003
>ATGGAATGGA	23-ATGGAATGGA	-3.325178	0.000000	0	T:6292.0(100.00%),B:212935.1(100.00%),P:1e0	Tpos:116.7,Tstd:89.3,Bpos:12354.6,Bstd:66648.3,StrandBias:-0.0,Multiplicity:1.60
0.700	0.100	0.100	0.100
0.100	0.100	0.100	0.700
0.100	0.100	0.700	0.100
0.100	0.100	0.700	0.100
0.700	0.100	0.100	0.100
0.700	0.100	0.100	0.100
0.100	0.100	0.100	0.700
0.100	0.100	0.700	0.100
0.100	0.100	0.700	0.100
0.700	0.100	0.100	0.100
>CSAGMCRYCY	24-CSAGMCRYCY	10.372174	0.000000	0	T:100.0(1.59%),B:6182.5(2.90%),P:1e0	Tpos:48.0,Tstd:27.0,Bpos:5030.4,Bstd:13651.2,StrandBias:0.0,Multiplicity:1.00
0.001	0.997	0.001	0.001
0.001	0.499	0.499	0.001
0.997	0.001	0.001	0.001
0.001	0.001	0.997	0.001
0.499	0.499	0.001	0.001
0.001	0.997	0.001	0.001
0.499	0.001	0.499	0.001
0.001	0.499	0.001	0.499
0.001	0.997	0.001	0.001
0.001	0.499	0.001	0.499
>GGCCYGGYCG	25-GGCCYGGYCG	5.977719	0.000000	0	T:940.0(14.94%),B:39158.1(18.39%),P:1e0	Tpos:148.6,Tstd:60.5,Bpos:1277.1,Bstd:7983.3,StrandBias:-1.4,Multiplicity:1.00
0.174	0.179	0.646	0.001
0.119	0.001	0.763	0.117
0.001	0.530	0.294	0.175
0.001	0.647	0.059	0.293
0.121	0.290	0.178	0.410
0.001	0.241	0.527	0.231
0.352	0.118	0.529	0.001
0.001	0.354	0.180	0.465
0.001	0.706	0.118	0.175
0.058	0.234	0.532	0.176
>NYTGTGGTTWNN	1-NYTGTGGTTWNN	6.450135	-4314.856167	0	T:4355.0(69.21%),B:33509.8(15.74%),P:1e-1873	Tpos:115.4,Tstd:59.2,Bpos:14331.0,Bstd:80951.0,StrandBias:0.1,Multiplicity:1.38
0.198	0.251	0.231	0.320
0.154	0.345	0.134	0.367
0.116	0.042	0.058	0.784
0.001	0.001	0.997	0.001
0.097	0.294	0.009	0.600
0.001	0.001	0.997	0.001
0.001	0.001	0.997	0.001
0.001	0.124	0.148	0.727
0.098	0.244	0.088	0.570
0.343	0.060	0.183	0.414
0.235	0.264	0.262	0.238
0.228	0.300	0.274	0.198
>RASAGGAAGTGR	2-RASAGGAAGTGR	6.344052	-1498.708300	0	T:3902.0(62.02%),B:60221.6(28.28%),P:1e-650	Tpos:114.7,Tstd:68.5,Bpos:7981.7,Bstd:52902.1,StrandBias:-0.0,Multiplicity:1.54
0.417	0.166	0.273	0.144
0.487	0.009	0.251	0.253
0.238	0.311	0.401	0.049
0.620	0.091	0.279	0.010
0.047	0.001	0.951	0.001
0.001	0.001	0.997	0.001
0.997	0.001	0.001	0.001
0.865	0.001	0.001	0.133
0.181	0.133	0.685	0.001
0.048	0.236	0.066	0.650
0.211	0.133	0.440	0.216
0.293	0.155	0.386	0.166
>ARKWAGGCWGRT	3-ARKWAGGCWGRT	3.389334	-441.948185	0	T:5731.0(91.08%),B:163207.4(76.65%),P:1e-191	Tpos:118.3,Tstd:93.0,Bpos:5700.7,Bstd:26943.5,StrandBias:0.0,Multiplicity:1.51
0.748	0.111	0.090	0.051
0.492	0.023	0.432	0.054
0.058	0.081	0.504	0.357
0.382	0.113	0.101	0.404
0.595	0.050	0.176	0.179
0.069	0.011	0.544	0.376
0.064	0.253	0.605	0.078
0.047	0.589	0.303	0.061
0.502	0.008	0.019	0.471
0.294	0.025	0.626	0.055
0.413	0.077	0.459	0.051
0.127	0.128	0.114	0.631
>NTGHAAAACCAH	4-NTGHAAAACCAH	3.253806	-392.334151	0	T:5713.0(90.80%),B:164533.9(77.27%),P:1e-170	Tpos:118.2,Tstd:92.7,Bpos:11778.5,Bstd:65721.4,StrandBias:0.1,Multiplicity:1.59
0.277	0.162	0.250	0.311
0.170	0.142	0.157	0.531
0.129	0.289	0.445	0.136
0.407	0.258	0.008	0.327
0.509	0.169	0.200	0.122
0.577	0.176	0.144	0.103
0.611	0.364	0.022	0.003
0.603	0.197	0.131	0.069
0.223	0.473	0.158	0.146
0.162	0.640	0.057	0.141
0.666	0.276	0.013	0.045
0.361	0.270	0.155	0.214
>TGGAATGGAATG	5-TGGAATGGAATG	2.625881	-373.922973	0	T:6180.0(98.22%),B:190488.7(89.46%),P:1e-162	Tpos:122.8,Tstd:105.7,Bpos:8156.3,Bstd:50930.7,StrandBias:-0.0,Multiplicity:2.30
0.100	0.100	0.100	0.700
0.100	0.100	0.700	0.100
0.100	0.100	0.700	0.100
0.700	0.100	0.100	0.100
0.700	0.100	0.100	0.100
0.100	0.100	0.100	0.700
0.100	0.100	0.700	0.100
0.100	0.100	0.700	0.100
0.700	0.100	0.100	0.100
0.700	0.100	0.100	0.100
0.100	0.100	0.100	0.700
0.100	0.100	0.700	0.100
>MACACTTYCTGR	6-MACACTTYCTGR	-5.843659	-356.503850	0	T:5899.0(93.75%),B:175163.3(82.26%),P:1e-154	Tpos:118.7,Tstd:95.6,Bpos:10707.3,Bstd:66568.0,StrandBias:0.0,Multiplicity:1.54
0.573	0.425	0.001	0.001
0.711	0.014	0.001	0.274
0.137	0.576	0.286	0.001
0.997	0.001	0.001	0.001
0.001	0.854	0.137	0.008
0.001	0.001	0.001	0.997
0.001	0.001	0.136	0.862
0.001	0.437	0.001	0.561
0.001	0.995	0.003	0.001
0.137	0.001	0.017	0.845
0.136	0.001	0.862	0.001
0.565	0.001	0.433	0.001
>YTYTYYTTYTTY	7-YTYTYYTTYTTY	3.837805	-353.991476	0	T:5491.0(87.27%),B:156336.3(73.42%),P:1e-153	Tpos:115.6,Tstd:82.9,Bpos:7363.3,Bstd:38765.6,StrandBias:0.0,Multiplicity:1.50
0.197	0.275	0.113	0.415
0.176	0.272	0.066	0.487
0.139	0.307	0.150	0.404
0.134	0.296	0.084	0.486
0.014	0.346	0.158	0.482
0.042	0.415	0.036	0.507
0.147	0.182	0.066	0.605
0.021	0.275	0.244	0.460
0.019	0.416	0.094	0.471
0.001	0.401	0.014	0.584
0.066	0.325	0.044	0.565
0.051	0.377	0.050	0.522
>NAATGGAATGGD	8-NAATGGAATGGD	3.683629	-345.310557	0	T:5102.0(81.09%),B:140622.1(66.04%),P:1e-149	Tpos:117.4,Tstd:91.3,Bpos:7254.4,Bstd:34804.6,StrandBias:0.0,Multiplicity:1.53
0.256	0.197	0.313	0.233
0.554	0.154	0.142	0.150
0.626	0.131	0.138	0.105
0.207	0.030	0.190	0.573
0.174	0.015	0.673	0.138
0.189	0.130	0.589	0.092
0.685	0.114	0.129	0.072
0.634	0.073	0.164	0.129
0.212	0.027	0.169	0.592
0.215	0.038	0.540	0.207
0.215	0.119	0.548	0.118
0.357	0.176	0.248	0.218
>AGAGGATGTGGT	9-AGAGGATGTGGT	2.625881	-266.691406	0	T:6285.0(99.89%),B:202936.1(95.30%),P:1e-115	Tpos:120.5,Tstd:96.2,Bpos:4046.8,Bstd:28774.6,StrandBias:0.0,Multiplicity:1.86
0.700	0.100	0.100	0.100
0.100	0.100	0.700	0.100
0.700	0.100	0.100	0.100
0.100	0.100	0.700	0.100
0.100	0.100	0.700	0.100
0.700	0.100	0.100	0.100
0.100	0.100	0.100	0.700
0.100	0.100	0.700	0.100
0.100	0.100	0.100	0.700
0.100	0.100	0.700	0.100
0.100	0.100	0.700	0.100
0.100	0.100	0.100	0.700
>ATGGAATGGAAT	10-ATGGAATGGAAT	-12.936837	-151.496177	0	T:4048.0(64.34%),B:113842.7(53.46%),P:1e-65	Tpos:120.0,Tstd:100.2,Bpos:15113.2,Bstd:75887.1,StrandBias:0.1,Multiplicity:1.62
0.997	0.001	0.001	0.001
0.001	0.001	0.001	0.997
0.001	0.159	0.839	0.001
0.001	0.001	0.997	0.001
0.997	0.001	0.001	0.001
0.997	0.001	0.001	0.001
0.001	0.001	0.001	0.997
0.001	0.079	0.919	0.001
0.001	0.001	0.997	0.001
0.997	0.001	0.001	0.001
0.997	0.001	0.001	0.001
0.001	0.001	0.001	0.997
>SNGSGCVSSGGC	11-SNGSGCVSSGGC	-1.144295	-54.934719	0	T:6289.0(99.95%),B:210690.7(98.95%),P:1e-23	Tpos:119.2,Tstd:85.8,Bpos:2873.9,Bstd:24557.1,StrandBias:0.0,Multiplicity:1.56
0.094	0.506	0.389	0.011
0.254	0.174	0.279	0.294
0.050	0.248	0.701	0.001
0.135	0.478	0.333	0.055
0.007	0.338	0.499	0.157
0.024	0.729	0.246	0.001
0.228	0.358	0.214	0.199
0.070	0.362	0.475	0.092
0.215	0.321	0.368	0.097
0.179	0.297	0.465	0.059
0.003	0.364	0.537	0.096
0.069	0.557	0.229	0.145
>GGCGGTGGCTGC	12-GGCGGTGGCTGC	0.000000	-40.081000	0	T:6292.0(100.00%),B:211563.3(99.36%),P:1e-17
0.100	0.100	0.700	0.100
0.100	0.100	0.700	0.100
0.100	0.700	0.100	0.100
0.100	0.100	0.700	0.100
0.100	0.100	0.700	0.100
0.100	0.100	0.100	0.700
0.100	0.100	0.700	0.100
0.100	0.100	0.700	0.100
0.100	0.700	0.100	0.100
0.100	0.100	0.100	0.700
0.100	0.100	0.700	0.100
0.100	0.700	0.100	0.100
>CGAATGGAATCA	13-CGAATGGAATCA	0.000000	-26.819003	0	T:6292.0(100.00%),B:212016.8(99.57%),P:1e-11
0.100	0.700	0.100	0.100
0.100	0.100	0.700	0.100
0.700	0.100	0.100	0.100
0.700	0.100	0.100	0.100
0.100	0.100	0.100	0.700
0.100	0.100	0.700	0.100
0.100	0.100	0.700	0.100
0.700	0.100	0.100	0.100
0.700	0.100	0.100	0.100
0.100	0.100	0.100	0.700
0.100	0.700	0.100	0.100
0.700	0.100	0.100	0.100
>CCACCACCACCA	14-CCACCACCACCA	0.679971	-26.204886	0	T:6292.0(100.00%),B:212038.0(99.58%),P:1e-11	Tpos:121.6,Tstd:93.6,Bpos:2966.2,Bstd:26955.3,StrandBias:0.0,Multiplicity:2.66
0.100	0.700	0.100	0.100
0.100	0.700	0.100	0.100
0.700	0.100	0.100	0.100
0.100	0.700	0.100	0.100
0.100	0.700	0.100	0.100
0.700	0.100	0.100	0.100
0.100	0.700	0.100	0.100
0.100	0.700	0.100	0.100
0.700	0.100	0.100	0.100
0.100	0.700	0.100	0.100
0.100	0.700	0.100	0.100
0.700	0.100	0.100	0.100
>CTCAAAACCACA	15-CTCAAAACCACA	0.000000	-14.518848	0	T:6292.0(100.00%),B:212437.8(99.77%),P:1e-6
0.100	0.700	0.100	0.100
0.100	0.100	0.100	0.700
0.100	0.700	0.100	0.100
0.700	0.100	0.100	0.100
0.700	0.100	0.100	0.100
0.700	0.100	0.100	0.100
0.700	0.100	0.100	0.100
0.100	0.700	0.100	0.100
0.100	0.700	0.100	0.100
0.700	0.100	0.100	0.100
0.100	0.700	0.100	0.100
0.700	0.100	0.100	0.100
>GGAATGGAATGG	16-GGAATGGAATGG	0.000000	-14.022672	0	T:6292.0(100.00%),B:212454.7(99.77%),P:1e-6
0.100	0.100	0.700	0.100
0.100	0.100	0.700	0.100
0.700	0.100	0.100	0.100
0.700	0.100	0.100	0.100
0.100	0.100	0.100	0.700
0.100	0.100	0.700	0.100
0.100	0.100	0.700	0.100
0.700	0.100	0.100	0.100
0.700	0.100	0.100	0.100
0.100	0.100	0.100	0.700
0.100	0.100	0.700	0.100
0.100	0.100	0.700	0.100
>GCCGCCATCTTG	17-GCCGCCATCTTG	0.000000	-8.409799	0	T:6291.0(99.98%),B:212562.5(99.83%),P:1e-3
0.100	0.100	0.700	0.100
0.100	0.700	0.100	0.100
0.100	0.700	0.100	0.100
0.100	0.100	0.700	0.100
0.100	0.700	0.100	0.100
0.100	0.700	0.100	0.100
0.700	0.100	0.100	0.100
0.100	0.100	0.100	0.700
0.100	0.700	0.100	0.100
0.100	0.100	0.100	0.700
0.100	0.100	0.100	0.700
0.100	0.100	0.700	0.100
>CTGTGGTCAGGG	18-CTGTGGTCAGGG	0.000000	-6.293218	0	T:6292.0(100.00%),B:212719.4(99.90%),P:1e-2
0.100	0.700	0.100	0.100
0.100	0.100	0.100	0.700
0.100	0.100	0.700	0.100
0.100	0.100	0.100	0.700
0.100	0.100	0.700	0.100
0.100	0.100	0.700	0.100
0.100	0.100	0.100	0.700
0.100	0.700	0.100	0.100
0.700	0.100	0.100	0.100
0.100	0.100	0.700	0.100
0.100	0.100	0.700	0.100
0.100	0.100	0.700	0.100
>GTGTGGTTGTGG	19-GTGTGGTTGTGG	0.000000	-6.147470	0	T:6292.0(100.00%),B:212724.0(99.90%),P:1e-2
0.100	0.100	0.700	0.100
0.100	0.100	0.100	0.700
0.100	0.100	0.700	0.100
0.100	0.100	0.100	0.700
0.100	0.100	0.700	0.100
0.100	0.100	0.700	0.100
0.100	0.100	0.100	0.700
0.100	0.100	0.100	0.700
0.100	0.100	0.700	0.100
0.100	0.100	0.100	0.700
0.100	0.100	0.700	0.100
0.100	0.100	0.700	0.100
>AAAGGGAAGTGG	20-AAAGGGAAGTGG	0.000000	-4.398763	0	T:6292.0(100.00%),B:212784.6(99.93%),P:1e-1
0.700	0.100	0.100	0.100
0.700	0.100	0.100	0.100
0.700	0.100	0.100	0.100
0.100	0.100	0.700	0.100
0.100	0.100	0.700	0.100
0.100	0.100	0.700	0.100
0.700	0.100	0.100	0.100
0.700	0.100	0.100	0.100
0.100	0.100	0.700	0.100
0.100	0.100	0.100	0.700
0.100	0.100	0.700	0.100
0.100	0.100	0.700	0.100
>GGTGACCACAGA	21-GGTGACCACAGA	0.000000	-4.078220	0	T:6292.0(100.00%),B:212795.2(99.93%),P:1e-1
0.100	0.100	0.700	0.100
0.100	0.100	0.700	0.100
0.100	0.100	0.100	0.700
0.100	0.100	0.700	0.100
0.700	0.100	0.100	0.100
0.100	0.700	0.100	0.100
0.100	0.700	0.100	0.100
0.700	0.100	0.100	0.100
0.100	0.700	0.100	0.100
0.700	0.100	0.100	0.100
0.100	0.100	0.700	0.100
0.700	0.100	0.100	0.100
>GAGAGGATGTGG	22-GAGAGGATGTGG	0.000000	-3.204093	0	T:6292.0(100.00%),B:212825.8(99.95%),P:1e-1
0.100	0.100	0.700	0.100
0.700	0.100	0.100	0.100
0.100	0.100	0.700	0.100
0.700	0.100	0.100	0.100
0.100	0.100	0.700	0.100
0.100	0.100	0.700	0.100
0.700	0.100	0.100	0.100
0.100	0.100	0.100	0.700
0.100	0.100	0.700	0.100
0.100	0.100	0.100	0.700
0.100	0.100	0.700	0.100
0.100	0.100	0.700	0.100
>CTTCCTCTTCCT	23-CTTCCTCTTCCT	0.000000	-2.605726	0	T:6291.0(99.98%),B:212789.6(99.93%),P:1e-1
0.100	0.700	0.100	0.100
0.100	0.100	0.100	0.700
0.100	0.100	0.100	0.700
0.100	0.700	0.100	0.100
0.100	0.700	0.100	0.100
0.100	0.100	0.100	0.700
0.100	0.700	0.100	0.100
0.100	0.100	0.100	0.700
0.100	0.100	0.100	0.700
0.100	0.700	0.100	0.100
0.100	0.700	0.100	0.100
0.100	0.100	0.100	0.700
>CCACTTCCGCCC	24-CCACTTCCGCCC	-3.211849	0.000000	0	T:6292.0(100.00%),B:212935.1(100.00%),P:1e0	Tpos:148.8,Tstd:73.8,Bpos:1811.5,Bstd:6041.7,StrandBias:0.6,Multiplicity:1.00
0.100	0.700	0.100	0.100
0.100	0.700	0.100	0.100
0.700	0.100	0.100	0.100
0.100	0.700	0.100	0.100
0.100	0.100	0.100	0.700
0.100	0.100	0.100	0.700
0.100	0.700	0.100	0.100
0.100	0.700	0.100	0.100
0.100	0.100	0.700	0.100
0.100	0.700	0.100	0.100
0.100	0.700	0.100	0.100
0.100	0.700	0.100	0.100
>HTMTVTRTWWAW	25-HTMTVTRTWWAW	-18.333635	0.000000	0	T:6292.0(100.00%),B:212935.1(100.00%),P:1e0	Tpos:114.1,Tstd:93.5,Bpos:17469.5,Bstd:82523.3,StrandBias:0.0,Multiplicity:1.45
0.307	0.270	0.157	0.266
0.248	0.198	0.072	0.482
0.333	0.468	0.001	0.198
0.134	0.001	0.001	0.864
0.197	0.307	0.343	0.153
0.314	0.001	0.001	0.684
0.298	0.045	0.405	0.252
0.243	0.018	0.189	0.550
0.274	0.158	0.207	0.361
0.406	0.153	0.009	0.432
0.604	0.090	0.001	0.305
0.265	0.194	0.189	0.352
>TAACCACA	1-TAACCACA	3.847239	-3978.189570	0	T:3294.0(52.35%),B:17104.2(8.03%),P:1e-1727	Tpos:115.5,Tstd:57.4,Bpos:19908.9,Bstd:99395.9,StrandBias:-0.1,Multiplicity:1.24
0.147	0.001	0.001	0.851
0.852	0.001	0.146	0.001
0.997	0.001	0.001	0.001
0.001	0.997	0.001	0.001
0.001	0.997	0.001	0.001
0.852	0.001	0.146	0.001
0.001	0.997	0.001	0.001
0.997	0.001	0.001	0.001
>YTTGTGGT	2-YTTGTGGT	1.284866	-1790.989101	0	T:5622.0(89.35%),B:115434.9(54.21%),P:1e-777	Tpos:117.4,Tstd:84.8,Bpos:13303.1,Bstd:76247.0,StrandBias:0.1,Multiplicity:1.83
0.162	0.372	0.001	0.465
0.084	0.258	0.038	0.620
0.001	0.001	0.001	0.997
0.001	0.001	0.997	0.001
0.001	0.242	0.001	0.756
0.001	0.001	0.997	0.001
0.001	0.001	0.997	0.001
0.001	0.001	0.001	0.997
>AGGAAGTG	3-AGGAAGTG	4.970475	-1238.275650	0	T:3297.0(52.40%),B:48902.1(22.97%),P:1e-537	Tpos:114.3,Tstd:72.1,Bpos:9680.2,Bstd:61352.1,StrandBias:0.0,Multiplicity:1.36
0.768	0.067	0.164	0.001
0.001	0.001	0.997	0.001
0.001	0.001	0.997	0.001
0.997	0.001	0.001	0.001
0.952	0.001	0.001	0.046
0.073	0.032	0.894	0.001
0.001	0.010	0.001	0.988
0.055	0.049	0.815	0.081
>TTGTGGTK	4-TTGTGGTK	3.690739	-1049.303925	0	T:5770.0(91.70%),B:143282.0(67.29%),P:1e-455	Tpos:117.0,Tstd:91.4,Bpos:9947.3,Bstd:55451.8,StrandBias:-0.1,Multiplicity:1.55
0.009	0.211	0.016	0.764
0.025	0.023	0.055	0.897
0.056	0.110	0.702	0.132
0.055	0.070	0.032	0.843
0.058	0.005	0.726	0.211
0.053	0.016	0.832	0.099
0.020	0.067	0.078	0.835
0.112	0.172	0.403	0.313
>GTGGTKDD	5-GTGGTKDD	0.784825	-997.765000	0	T:5586.0(88.78%),B:135863.5(63.81%),P:1e-433	Tpos:120.0,Tstd:97.0,Bpos:6795.6,Bstd:45161.8,StrandBias:0.0,Multiplicity:1.58
0.001	0.001	0.997	0.001
0.001	0.001	0.001	0.997
0.001	0.001	0.997	0.001
0.001	0.001	0.997	0.001
0.001	0.001	0.001	0.997
0.201	0.001	0.466	0.332
0.375	0.094	0.238	0.293
0.292	0.125	0.348	0.235
>AGAAGGAA	6-AGAAGGAA	3.775726	-387.859265	0	T:5486.0(87.19%),B:154494.6(72.55%),P:1e-168	Tpos:118.0,Tstd:94.0,Bpos:7503.1,Bstd:51996.0,StrandBias:0.0,Multiplicity:1.66
0.815	0.001	0.128	0.056
0.001	0.133	0.733	0.133
0.646	0.158	0.081	0.115
0.703	0.004	0.148	0.145
0.114	0.001	0.771	0.114
0.001	0.064	0.824	0.111
0.646	0.132	0.170	0.052
0.862	0.001	0.001	0.136
>TGTSAAWW	7-TGTSAAWW	-4.536734	-336.677662	0	T:5676.0(90.21%),B:165401.9(77.68%),P:1e-146	Tpos:118.5,Tstd:94.3,Bpos:14690.6,Bstd:75413.8,StrandBias:0.0,Multiplicity:1.85
0.136	0.001	0.001	0.862
0.178	0.001	0.794	0.027
0.001	0.001	0.001	0.997
0.001	0.492	0.506	0.001
0.997	0.001	0.001	0.001
0.766	0.001	0.001	0.232
0.506	0.001	0.001	0.492
0.465	0.001	0.001	0.533
>TTKTTTTT	8-TTKTTTTT	3.010477	-332.270748	0	T:5202.0(82.68%),B:145324.9(68.25%),P:1e-144	Tpos:115.1,Tstd:93.2,Bpos:12595.1,Bstd:60898.9,StrandBias:0.0,Multiplicity:1.76
0.187	0.131	0.204	0.478
0.198	0.040	0.296	0.466
0.141	0.115	0.367	0.377
0.122	0.103	0.211	0.564
0.090	0.130	0.169	0.611
0.101	0.059	0.103	0.737
0.061	0.089	0.200	0.650
0.090	0.085	0.132	0.693
>CACAAAVM	9-CACAAAVM	3.859067	-320.324855	0	T:5149.0(81.83%),B:143814.2(67.54%),P:1e-139	Tpos:113.8,Tstd:87.6,Bpos:10247.2,Bstd:55732.8,StrandBias:0.0,Multiplicity:1.60
0.179	0.757	0.036	0.028
0.835	0.118	0.016	0.031
0.325	0.673	0.001	0.001
0.774	0.181	0.001	0.044
0.719	0.114	0.166	0.001
0.696	0.034	0.094	0.176
0.347	0.237	0.238	0.178
0.338	0.388	0.077	0.196
>ASTAGMTW	10-ASTAGMTW	1.608412	-281.637303	0	T:5991.0(95.22%),B:183215.3(86.04%),P:1e-122	Tpos:119.1,Tstd:99.5,Bpos:11770.9,Bstd:67757.8,StrandBias:0.0,Multiplicity:1.63
0.774	0.001	0.091	0.134
0.001	0.519	0.479	0.001
0.364	0.001	0.001	0.634
0.575	0.001	0.423	0.001
0.155	0.001	0.531	0.313
0.397	0.371	0.230	0.001
0.310	0.001	0.001	0.688
0.434	0.001	0.001	0.564
>WWMHTTTT	11-WWMHTTTT	2.635213	-270.775202	0	T:5499.0(87.40%),B:160950.5(75.59%),P:1e-117	Tpos:119.2,Tstd:99.2,Bpos:10839.3,Bstd:57341.0,StrandBias:0.0,Multiplicity:1.65
0.269	0.211	0.115	0.405
0.308	0.199	0.126	0.367
0.267	0.354	0.193	0.185
0.381	0.372	0.004	0.244
0.243	0.233	0.023	0.501
0.264	0.176	0.126	0.434
0.083	0.095	0.083	0.739
0.142	0.124	0.219	0.515
>WDRAAAAA	12-WDRAAAAA	3.000583	-263.218956	0	T:5189.0(82.47%),B:148577.0(69.78%),P:1e-114	Tpos:115.9,Tstd:89.4,Bpos:8944.5,Bstd:37667.5,StrandBias:0.0,Multiplicity:1.85
0.353	0.121	0.197	0.328
0.366	0.028	0.233	0.372
0.405	0.106	0.273	0.217
0.491	0.012	0.175	0.322
0.481	0.157	0.224	0.138
0.812	0.001	0.090	0.097
0.594	0.136	0.144	0.126
0.709	0.004	0.086	0.201
>AWMTYTAH	13-AWMTYTAH	0.120319	-162.412937	0	T:6250.0(99.33%),B:203464.2(95.55%),P:1e-70	Tpos:121.4,Tstd:100.6,Bpos:5686.0,Bstd:35619.1,StrandBias:0.1,Multiplicity:1.57
0.835	0.163	0.001	0.001
0.545	0.001	0.001	0.453
0.500	0.360	0.128	0.012
0.001	0.290	0.001	0.708
0.001	0.558	0.001	0.440
0.221	0.058	0.001	0.720
0.720	0.278	0.001	0.001
0.302	0.326	0.001	0.371
>TSAASAGS	14-TSAASAGS	-1.690912	-119.213567	0	T:6213.0(98.74%),B:202815.9(95.25%),P:1e-51	Tpos:120.5,Tstd:96.6,Bpos:7160.5,Bstd:47665.3,StrandBias:0.0,Multiplicity:1.46
0.001	0.001	0.001	0.997
0.001	0.465	0.465	0.068
0.997	0.001	0.001	0.001
0.845	0.001	0.001	0.153
0.007	0.465	0.527	0.001
0.915	0.001	0.001	0.083
0.092	0.244	0.412	0.252
0.107	0.359	0.382	0.152
>TCTGCTTT	15-TCTGCTTT	2.399224	-75.554134	0	T:6292.0(100.00%),B:210356.9(98.79%),P:1e-32	Tpos:121.0,Tstd:92.4,Bpos:6622.8,Bstd:48642.8,StrandBias:-0.0,Multiplicity:3.31
0.100	0.100	0.100	0.700
0.100	0.700	0.100	0.100
0.100	0.100	0.100	0.700
0.100	0.100	0.700	0.100
0.100	0.700	0.100	0.100
0.100	0.100	0.100	0.700
0.100	0.100	0.100	0.700
0.100	0.100	0.100	0.700
>CAGGGGAA	16-CAGGGGAA	2.399224	-20.367236	0	T:6290.0(99.97%),B:212035.6(99.58%),P:1e-8	Tpos:122.0,Tstd:97.7,Bpos:2672.3,Bstd:20698.4,StrandBias:-0.0,Multiplicity:2.81
0.100	0.700	0.100	0.100
0.700	0.100	0.100	0.100
0.100	0.100	0.700	0.100
0.100	0.100	0.700	0.100
0.100	0.100	0.700	0.100
0.100	0.100	0.700	0.100
0.700	0.100	0.100	0.100
0.700	0.100	0.100	0.100
>BTWATYTS	17-BTWATYTS	4.722431	-5.925134	0	T:1624.0(25.81%),B:51669.0(24.27%),P:1e-2	Tpos:107.2,Tstd:53.1,Bpos:9198.5,Bstd:24643.8,StrandBias:0.6,Multiplicity:1.00
0.181	0.229	0.227	0.363
0.273	0.045	0.045	0.637
0.453	0.001	0.001	0.545
0.584	0.001	0.414	0.001
0.226	0.184	0.135	0.456
0.181	0.408	0.140	0.271
0.091	0.134	0.001	0.774
0.136	0.501	0.362	0.001
>AGGCCTGT	18-AGGCCTGT	0.453314	-0.058242	0	T:6292.0(100.00%),B:212933.3(100.00%),P:1e0	Tpos:120.7,Tstd:94.4,Bpos:3845.1,Bstd:33774.4,StrandBias:-0.0,Multiplicity:3.11
0.700	0.100	0.100	0.100
0.100	0.100	0.700	0.100
0.100	0.100	0.700	0.100
0.100	0.700	0.100	0.100
0.100	0.700	0.100	0.100
0.100	0.100	0.100	0.700
0.100	0.100	0.700	0.100
0.100	0.100	0.100	0.700
>GDDACTAA	19-GDDACTAA	4.480402	-0.000219	0	T:234.0(3.72%),B:9850.2(4.63%),P:1e0	Tpos:124.6,Tstd:74.8,Bpos:11338.1,Bstd:23748.3,StrandBias:1.3,Multiplicity:1.00
0.203	0.196	0.397	0.204
0.338	0.001	0.266	0.396
0.263	0.135	0.266	0.336
0.997	0.001	0.001	0.001
0.203	0.398	0.197	0.202
0.335	0.001	0.001	0.663
0.399	0.200	0.197	0.204
0.462	0.135	0.135	0.267
>CTTCCTAA	20-CTTCCTAA	6.679882	-0.000065	0	T:898.0(14.27%),B:34139.9(16.03%),P:1e0	Tpos:116.4,Tstd:69.9,Bpos:5978.0,Bstd:13151.0,StrandBias:0.2,Multiplicity:1.00
0.001	0.500	0.333	0.166
0.001	0.001	0.001	0.997
0.333	0.166	0.001	0.500
0.333	0.500	0.001	0.166
0.001	0.997	0.001	0.001
0.332	0.001	0.001	0.666
0.997	0.001	0.001	0.001
0.666	0.001	0.332	0.001
>RTAKTGTV	21-RTAKTGTV	5.243705	-0.000016	0	T:713.0(11.33%),B:27852.2(13.08%),P:1e0	Tpos:114.6,Tstd:72.2,Bpos:9202.6,Bstd:18630.4,StrandBias:2.6,Multiplicity:1.00
0.501	0.001	0.356	0.142
0.148	0.001	0.210	0.641
0.929	0.069	0.001	0.001
0.144	0.142	0.356	0.358
0.146	0.214	0.004	0.636
0.142	0.001	0.645	0.212
0.280	0.144	0.006	0.570
0.287	0.358	0.354	0.001
>GWTWYTMR	22-GWTWYTMR	3.975480	-0.000013	0	T:921.0(14.64%),B:35337.7(16.60%),P:1e0	Tpos:3.5,Tstd:0.5,Bpos:7971.9,Bstd:17804.7,StrandBias:-10.0,Multiplicity:1.00
0.131	0.316	0.552	0.001
0.369	0.184	0.026	0.421
0.237	0.105	0.106	0.552
0.369	0.210	0.158	0.263
0.001	0.396	0.183	0.420
0.316	0.159	0.027	0.498
0.397	0.366	0.001	0.236
0.369	0.078	0.368	0.185
>CYTACTAR	23-CYTACTAR	4.776683	-0.000001	0	T:575.0(9.14%),B:23322.8(10.95%),P:1e0	Tpos:108.3,Tstd:47.9,Bpos:7249.1,Bstd:14603.7,StrandBias:0.0,Multiplicity:1.00
0.159	0.469	0.162	0.210
0.104	0.370	0.054	0.472
0.317	0.109	0.001	0.573
0.425	0.158	0.157	0.260
0.104	0.422	0.208	0.267
0.001	0.262	0.157	0.580
0.789	0.001	0.001	0.209
0.372	0.104	0.471	0.053
>CCGCAGCC	24-CCGCAGCC	-1.492596	0.000000	0	T:6292.0(100.00%),B:212935.1(100.00%),P:1e0	Tpos:121.0,Tstd:94.8,Bpos:6409.4,Bstd:48079.2,StrandBias:-0.0,Multiplicity:1.69
0.100	0.700	0.100	0.100
0.100	0.700	0.100	0.100
0.100	0.100	0.700	0.100
0.100	0.700	0.100	0.100
0.700	0.100	0.100	0.100
0.100	0.100	0.700	0.100
0.100	0.700	0.100	0.100
0.100	0.700	0.100	0.100
>YTTGTNTC	25-YTTGTNTC	4.357029	0.000000	0	T:1216.0(19.33%),B:50418.3(23.68%),P:1e0	Tpos:78.0,Tstd:34.4,Bpos:6424.5,Bstd:13735.6,StrandBias:-10.0,Multiplicity:1.00
0.001	0.400	0.199	0.400
0.251	0.099	0.201	0.450
0.393	0.001	0.001	0.605
0.303	0.001	0.596	0.100
0.001	0.197	0.256	0.546
0.300	0.296	0.252	0.152
0.197	0.251	0.099	0.454
0.199	0.550	0.001	0.250
