>WRACCRCAGN	1-WRACCRCAGN	7.210698	-4415.692752	0	T:3619.0(57.52%),B:19271.3(9.05%),P:1e-1917	Tpos:115.7,Tstd:58.6,Bpos:18185.8,Bstd:95048.8,StrandBias:-0.1,Multiplicity:1.24
0.334	0.236	0.022	0.409
0.450	0.082	0.459	0.010
0.997	0.001	0.001	0.001
0.001	0.997	0.001	0.001
0.001	0.997	0.001	0.001
0.539	0.001	0.459	0.001
0.001	0.997	0.001	0.001
0.997	0.001	0.001	0.001
0.266	0.122	0.421	0.190
0.332	0.274	0.209	0.184
>ACTTCCTSWT	2-ACTTCCTSWT	4.981917	-1430.135864	0	T:4469.0(71.03%),B:79456.0(37.31%),P:1e-621	Tpos:116.8,Tstd:76.6,Bpos:8940.0,Bstd:59489.6,StrandBias:0.0,Multiplicity:1.70
0.779	0.106	0.114	0.001
0.001	0.814	0.111	0.074
0.062	0.001	0.001	0.936
0.001	0.001	0.010	0.988
0.001	0.997	0.001	0.001
0.001	0.997	0.001	0.001
0.017	0.304	0.126	0.553
0.018	0.439	0.392	0.152
0.344	0.187	0.029	0.440
0.199	0.198	0.148	0.455
>TGTGGTTTCC	3-TGTGGTTTCC	4.044809	-1088.061604	0	T:5478.0(87.06%),B:128033.5(60.13%),P:1e-472	Tpos:117.1,Tstd:86.5,Bpos:9291.1,Bstd:54821.8,StrandBias:-0.0,Multiplicity:1.62
0.107	0.092	0.102	0.699
0.093	0.128	0.674	0.105
0.117	0.148	0.112	0.623
0.098	0.065	0.712	0.125
0.107	0.073	0.722	0.098
0.053	0.130	0.092	0.725
0.087	0.032	0.063	0.818
0.095	0.132	0.052	0.721
0.075	0.659	0.127	0.139
0.096	0.647	0.131	0.126
>NNHDVAGGAA	4-NNHDVAGGAA	4.412551	-939.843980	0	T:4992.0(79.34%),B:112348.6(52.76%),P:1e-408	Tpos:118.5,Tstd:90.8,Bpos:7878.5,Bstd:48160.8,StrandBias:0.0,Multiplicity:1.27
0.232	0.249	0.299	0.220
0.211	0.225	0.263	0.301
0.343	0.280	0.171	0.206
0.393	0.001	0.332	0.274
0.269	0.272	0.417	0.042
0.654	0.001	0.344	0.001
0.040	0.001	0.958	0.001
0.001	0.001	0.997	0.001
0.997	0.001	0.001	0.001
0.997	0.001	0.001	0.001
>GTGTGTGTGT	5-GTGTGTGTGT	-13.786106	-529.489785	0	T:6154.0(97.81%),B:183092.1(85.98%),P:1e-229	Tpos:122.8,Tstd:98.7,Bpos:2859.7,Bstd:20223.2,StrandBias:-0.1,Multiplicity:1.76
0.001	0.001	0.997	0.001
0.001	0.001	0.129	0.869
0.001	0.001	0.997	0.001
0.001	0.001	0.001	0.997
0.001	0.001	0.997	0.001
0.001	0.001	0.001	0.997
0.001	0.001	0.997	0.001
0.001	0.001	0.092	0.906
0.001	0.001	0.997	0.001
0.001	0.001	0.001	0.997
>NCCCTTCTTN	6-NCCCTTCTTN	3.053163	-453.434640	0	T:5825.0(92.58%),B:167306.7(78.57%),P:1e-196	Tpos:121.7,Tstd:100.0,Bpos:4257.9,Bstd:29941.6,StrandBias:-0.0,Multiplicity:1.54
0.247	0.269	0.199	0.285
0.151	0.545	0.149	0.155
0.178	0.542	0.115	0.165
0.158	0.580	0.106	0.156
0.181	0.176	0.098	0.545
0.127	0.162	0.169	0.542
0.131	0.578	0.144	0.147
0.141	0.177	0.089	0.593
0.130	0.157	0.160	0.553
0.236	0.237	0.236	0.291
>NAACCRSARS	7-NAACCRSARS	5.816028	-432.020882	0	T:1301.0(20.68%),B:18069.5(8.49%),P:1e-187	Tpos:71.0,Tstd:52.0,Bpos:971.1,Bstd:1860.3,StrandBias:0.0,Multiplicity:1.00
0.196	0.200	0.342	0.262
0.473	0.265	0.196	0.065
0.803	0.001	0.065	0.131
0.001	0.803	0.001	0.195
0.196	0.538	0.001	0.265
0.534	0.001	0.396	0.069
0.200	0.331	0.404	0.065
0.661	0.001	0.073	0.265
0.396	0.142	0.265	0.196
0.142	0.400	0.262	0.196
>TCTATCTCTC	8-TCTATCTCTC	-8.754356	-396.859555	0	T:5822.0(92.53%),B:169562.2(79.63%),P:1e-172	Tpos:119.8,Tstd:96.3,Bpos:9388.1,Bstd:58183.0,StrandBias:0.1,Multiplicity:1.61
0.154	0.231	0.077	0.538
0.001	0.922	0.001	0.076
0.001	0.001	0.001	0.997
0.997	0.001	0.001	0.001
0.001	0.001	0.001	0.997
0.001	0.997	0.001	0.001
0.001	0.001	0.001	0.997
0.001	0.997	0.001	0.001
0.001	0.001	0.001	0.997
0.154	0.538	0.307	0.001
>TTNCCACAAA	9-TTNCCACAAA	3.385230	-364.503126	0	T:5499.0(87.40%),B:156174.5(73.34%),P:1e-158	Tpos:117.1,Tstd:94.0,Bpos:8713.2,Bstd:49392.2,StrandBias:-0.1,Multiplicity:1.63
0.252	0.114	0.039	0.595
0.136	0.220	0.098	0.546
0.221	0.296	0.246	0.237
0.191	0.528	0.002	0.279
0.173	0.694	0.025	0.108
0.717	0.143	0.001	0.139
0.127	0.748	0.060	0.065
0.718	0.197	0.001	0.084
0.649	0.059	0.095	0.197
0.535	0.128	0.074	0.263
>ATTCCATTCC	10-ATTCCATTCC	-7.161507	-357.719452	0	T:4826.0(76.70%),B:129203.8(60.68%),P:1e-155	Tpos:121.0,Tstd:100.0,Bpos:14496.1,Bstd:77320.7,StrandBias:-0.2,Multiplicity:1.93
0.997	0.001	0.001	0.001
0.001	0.001	0.001	0.997
0.001	0.001	0.001	0.997
0.001	0.997	0.001	0.001
0.001	0.935	0.063	0.001
0.965	0.033	0.001	0.001
0.001	0.001	0.001	0.997
0.001	0.001	0.001	0.997
0.001	0.997	0.001	0.001
0.001	0.830	0.168	0.001
>SHSCWGCCCH	11-SHSCWGCCCH	3.910803	-312.273440	0	T:5929.0(94.23%),B:178650.9(83.90%),P:1e-135	Tpos:118.5,Tstd:86.6,Bpos:4548.0,Bstd:33596.4,StrandBias:-0.0,Multiplicity:1.61
0.080	0.459	0.329	0.132
0.360	0.252	0.001	0.386
0.163	0.266	0.386	0.185
0.001	0.755	0.190	0.054
0.456	0.001	0.001	0.542
0.001	0.013	0.985	0.001
0.101	0.583	0.261	0.055
0.232	0.547	0.001	0.220
0.153	0.653	0.001	0.193
0.326	0.337	0.001	0.336
>ACTGAGTCAT	12-ACTGAGTCAT	2.512553	-273.727569	0	T:6255.0(99.41%),B:199743.7(93.80%),P:1e-118	Tpos:120.1,Tstd:100.2,Bpos:6561.8,Bstd:42256.0,StrandBias:0.0,Multiplicity:2.27
0.700	0.100	0.100	0.100
0.100	0.700	0.100	0.100
0.100	0.100	0.100	0.700
0.100	0.100	0.700	0.100
0.700	0.100	0.100	0.100
0.100	0.100	0.700	0.100
0.100	0.100	0.100	0.700
0.100	0.700	0.100	0.100
0.700	0.100	0.100	0.100
0.100	0.100	0.100	0.700
>WTTCCHDGDD	13-WTTCCHDGDD	4.271061	-261.782699	0	T:4789.0(76.11%),B:133119.6(62.52%),P:1e-113	Tpos:118.8,Tstd:95.3,Bpos:16913.4,Bstd:81611.8,StrandBias:-0.0,Multiplicity:1.68
0.353	0.176	0.001	0.470
0.001	0.001	0.001	0.997
0.001	0.001	0.001	0.997
0.001	0.592	0.105	0.302
0.206	0.505	0.001	0.288
0.254	0.255	0.156	0.335
0.398	0.001	0.257	0.345
0.418	0.001	0.580	0.001
0.352	0.072	0.303	0.273
0.351	0.001	0.253	0.395
>AAAAAAAAAA	14-AAAAAAAAAA	-9.578243	-237.128282	0	T:5010.0(79.62%),B:143077.8(67.19%),P:1e-102	Tpos:111.1,Tstd:82.8,Bpos:10466.4,Bstd:50235.4,StrandBias:-0.1,Multiplicity:1.68
0.997	0.001	0.001	0.001
0.997	0.001	0.001	0.001
0.997	0.001	0.001	0.001
0.997	0.001	0.001	0.001
0.997	0.001	0.001	0.001
0.997	0.001	0.001	0.001
0.987	0.001	0.001	0.011
0.927	0.001	0.063	0.009
0.901	0.001	0.097	0.001
0.814	0.001	0.107	0.078
>AACAGCAGCC	15-AACAGCAGCC	2.512553	-106.836086	0	T:6288.0(99.94%),B:208755.9(98.04%),P:1e-46	Tpos:120.3,Tstd:91.5,Bpos:3141.7,Bstd:24029.3,StrandBias:-0.0,Multiplicity:1.91
0.700	0.100	0.100	0.100
0.700	0.100	0.100	0.100
0.100	0.700	0.100	0.100
0.700	0.100	0.100	0.100
0.100	0.100	0.700	0.100
0.100	0.700	0.100	0.100
0.700	0.100	0.100	0.100
0.100	0.100	0.700	0.100
0.100	0.700	0.100	0.100
0.100	0.700	0.100	0.100
>MRTCGBRRCH	16-MRTCGBRRCH	4.918325	-41.448069	0	T:2979.0(47.35%),B:88972.1(41.78%),P:1e-18	Tpos:111.7,Tstd:69.1,Bpos:2626.7,Bstd:7318.2,StrandBias:0.0,Multiplicity:1.00
0.434	0.432	0.130	0.004
0.435	0.108	0.346	0.111
0.001	0.111	0.346	0.542
0.003	0.654	0.001	0.342
0.001	0.107	0.666	0.226
0.001	0.323	0.349	0.327
0.442	0.230	0.326	0.001
0.550	0.001	0.445	0.004
0.001	0.885	0.003	0.111
0.215	0.343	0.111	0.331
>CCTGGGCCTC	17-CCTGGGCCTC	0.566642	-3.553729	0	T:6292.0(100.00%),B:212813.7(99.94%),P:1e-1	Tpos:121.0,Tstd:99.7,Bpos:2682.7,Bstd:21553.5,StrandBias:-0.0,Multiplicity:2.54
0.100	0.700	0.100	0.100
0.100	0.700	0.100	0.100
0.100	0.100	0.100	0.700
0.100	0.100	0.700	0.100
0.100	0.100	0.700	0.100
0.100	0.100	0.700	0.100
0.100	0.700	0.100	0.100
0.100	0.700	0.100	0.100
0.100	0.100	0.100	0.700
0.100	0.700	0.100	0.100
>VAGCYGAGTG	18-VAGCYGAGTG	8.330487	-0.118594	0	T:69.0(1.10%),B:2684.4(1.26%),P:1e0	Tpos:18.0,Tstd:0.0,Bpos:1700.3,Bstd:4219.9,StrandBias:-10.0,Multiplicity:1.00
0.283	0.300	0.416	0.001
0.708	0.146	0.138	0.008
0.009	0.292	0.561	0.138
0.003	0.995	0.001	0.001
0.004	0.434	0.005	0.557
0.009	0.150	0.691	0.150
0.571	0.001	0.150	0.278
0.001	0.008	0.695	0.296
0.274	0.150	0.001	0.575
0.005	0.274	0.579	0.142
>SRTWGMATWG	19-SRTWGMATWG	6.827579	-0.043645	0	T:8.0(0.13%),B:457.9(0.22%),P:1e0	Tpos:122.0,Tstd:0.0,Bpos:34171.8,Bstd:49232.7,StrandBias:10.0,Multiplicity:1.00
0.199	0.292	0.407	0.102
0.500	0.097	0.402	0.001
0.001	0.203	0.292	0.504
0.301	0.102	0.204	0.394
0.001	0.001	0.897	0.101
0.393	0.292	0.115	0.199
0.800	0.001	0.001	0.198
0.296	0.001	0.199	0.504
0.394	0.097	0.111	0.398
0.001	0.291	0.504	0.204
>GRAGCCKTCG	20-GRAGCCKTCG	6.748005	-0.000003	0	T:112.0(1.78%),B:5646.2(2.65%),P:1e0	Tpos:104.0,Tstd:0.0,Bpos:517.5,Bstd:321.8,StrandBias:10.0,Multiplicity:1.00
0.001	0.225	0.771	0.003
0.407	0.207	0.385	0.001
0.414	0.189	0.189	0.208
0.003	0.406	0.590	0.001
0.010	0.789	0.200	0.001
0.218	0.393	0.189	0.201
0.214	0.004	0.400	0.382
0.007	0.382	0.014	0.597
0.018	0.781	0.004	0.197
0.189	0.203	0.385	0.222
>GCNCCAGGCS	21-GCNCCAGGCS	9.355770	-0.000000	0	T:84.0(1.34%),B:4700.2(2.21%),P:1e0	Tpos:145.3,Tstd:56.7,Bpos:620.7,Bstd:1926.8,StrandBias:-1.0,Multiplicity:1.00
0.001	0.279	0.719	0.001
0.001	0.997	0.001	0.001
0.300	0.233	0.233	0.233
0.001	0.719	0.264	0.016
0.001	0.766	0.232	0.001
0.703	0.295	0.001	0.001
0.034	0.015	0.950	0.001
0.233	0.001	0.513	0.253
0.015	0.751	0.001	0.233
0.001	0.502	0.466	0.031
>VGCCCCGTCC	22-VGCCCCGTCC	6.785819	-0.000000	0	T:378.0(6.01%),B:16580.8(7.79%),P:1e0	Tpos:54.5,Tstd:49.5,Bpos:343.6,Bstd:759.2,StrandBias:0.0,Multiplicity:1.00
0.229	0.309	0.312	0.151
0.158	0.001	0.761	0.080
0.001	0.924	0.001	0.074
0.001	0.605	0.085	0.309
0.156	0.384	0.234	0.226
0.301	0.462	0.236	0.001
0.075	0.226	0.624	0.075
0.001	0.239	0.228	0.532
0.001	0.464	0.231	0.304
0.078	0.607	0.312	0.003
>ATGGAATGGA	23-ATGGAATGGA	-3.325178	0.000000	0	T:6292.0(100.00%),B:212935.1(100.00%),P:1e0	Tpos:116.7,Tstd:89.3,Bpos:12354.6,Bstd:66648.3,StrandBias:-0.0,Multiplicity:1.60
0.700	0.100	0.100	0.100
0.100	0.100	0.100	0.700
0.100	0.100	0.700	0.100
0.100	0.100	0.700	0.100
0.700	0.100	0.100	0.100
0.700	0.100	0.100	0.100
0.100	0.100	0.100	0.700
0.100	0.100	0.700	0.100
0.100	0.100	0.700	0.100
0.700	0.100	0.100	0.100
>CSAGMCRYCY	24-CSAGMCRYCY	10.372174	0.000000	0	T:100.0(1.59%),B:6182.5(2.90%),P:1e0	Tpos:48.0,Tstd:27.0,Bpos:5030.4,Bstd:13651.2,StrandBias:0.0,Multiplicity:1.00
0.001	0.997	0.001	0.001
0.001	0.499	0.499	0.001
0.997	0.001	0.001	0.001
0.001	0.001	0.997	0.001
0.499	0.499	0.001	0.001
0.001	0.997	0.001	0.001
0.499	0.001	0.499	0.001
0.001	0.499	0.001	0.499
0.001	0.997	0.001	0.001
0.001	0.499	0.001	0.499
>GGCCYGGYCG	25-GGCCYGGYCG	5.977719	0.000000	0	T:940.0(14.94%),B:39158.1(18.39%),P:1e0	Tpos:148.6,Tstd:60.5,Bpos:1277.1,Bstd:7983.3,StrandBias:-1.4,Multiplicity:1.00
0.174	0.179	0.646	0.001
0.119	0.001	0.763	0.117
0.001	0.530	0.294	0.175
0.001	0.647	0.059	0.293
0.121	0.290	0.178	0.410
0.001	0.241	0.527	0.231
0.352	0.118	0.529	0.001
0.001	0.354	0.180	0.465
0.001	0.706	0.118	0.175
0.058	0.234	0.532	0.176
