>NYTGTGGTTWNN	1-NYTGTGGTTWNN	6.450135	-4314.856167	0	T:4355.0(69.21%),B:33509.8(15.74%),P:1e-1873	Tpos:115.4,Tstd:59.2,Bpos:14331.0,Bstd:80951.0,StrandBias:0.1,Multiplicity:1.38
0.198	0.251	0.231	0.320
0.154	0.345	0.134	0.367
0.116	0.042	0.058	0.784
0.001	0.001	0.997	0.001
0.097	0.294	0.009	0.600
0.001	0.001	0.997	0.001
0.001	0.001	0.997	0.001
0.001	0.124	0.148	0.727
0.098	0.244	0.088	0.570
0.343	0.060	0.183	0.414
0.235	0.264	0.262	0.238
0.228	0.300	0.274	0.198
>RASAGGAAGTGR	2-RASAGGAAGTGR	6.344052	-1498.708300	0	T:3902.0(62.02%),B:60221.6(28.28%),P:1e-650	Tpos:114.7,Tstd:68.5,Bpos:7981.7,Bstd:52902.1,StrandBias:-0.0,Multiplicity:1.54
0.417	0.166	0.273	0.144
0.487	0.009	0.251	0.253
0.238	0.311	0.401	0.049
0.620	0.091	0.279	0.010
0.047	0.001	0.951	0.001
0.001	0.001	0.997	0.001
0.997	0.001	0.001	0.001
0.865	0.001	0.001	0.133
0.181	0.133	0.685	0.001
0.048	0.236	0.066	0.650
0.211	0.133	0.440	0.216
0.293	0.155	0.386	0.166
>ARKWAGGCWGRT	3-ARKWAGGCWGRT	3.389334	-441.948185	0	T:5731.0(91.08%),B:163207.4(76.65%),P:1e-191	Tpos:118.3,Tstd:93.0,Bpos:5700.7,Bstd:26943.5,StrandBias:0.0,Multiplicity:1.51
0.748	0.111	0.090	0.051
0.492	0.023	0.432	0.054
0.058	0.081	0.504	0.357
0.382	0.113	0.101	0.404
0.595	0.050	0.176	0.179
0.069	0.011	0.544	0.376
0.064	0.253	0.605	0.078
0.047	0.589	0.303	0.061
0.502	0.008	0.019	0.471
0.294	0.025	0.626	0.055
0.413	0.077	0.459	0.051
0.127	0.128	0.114	0.631
>NTGHAAAACCAH	4-NTGHAAAACCAH	3.253806	-392.334151	0	T:5713.0(90.80%),B:164533.9(77.27%),P:1e-170	Tpos:118.2,Tstd:92.7,Bpos:11778.5,Bstd:65721.4,StrandBias:0.1,Multiplicity:1.59
0.277	0.162	0.250	0.311
0.170	0.142	0.157	0.531
0.129	0.289	0.445	0.136
0.407	0.258	0.008	0.327
0.509	0.169	0.200	0.122
0.577	0.176	0.144	0.103
0.611	0.364	0.022	0.003
0.603	0.197	0.131	0.069
0.223	0.473	0.158	0.146
0.162	0.640	0.057	0.141
0.666	0.276	0.013	0.045
0.361	0.270	0.155	0.214
>TGGAATGGAATG	5-TGGAATGGAATG	2.625881	-373.922973	0	T:6180.0(98.22%),B:190488.7(89.46%),P:1e-162	Tpos:122.8,Tstd:105.7,Bpos:8156.3,Bstd:50930.7,StrandBias:-0.0,Multiplicity:2.30
0.100	0.100	0.100	0.700
0.100	0.100	0.700	0.100
0.100	0.100	0.700	0.100
0.700	0.100	0.100	0.100
0.700	0.100	0.100	0.100
0.100	0.100	0.100	0.700
0.100	0.100	0.700	0.100
0.100	0.100	0.700	0.100
0.700	0.100	0.100	0.100
0.700	0.100	0.100	0.100
0.100	0.100	0.100	0.700
0.100	0.100	0.700	0.100
>MACACTTYCTGR	6-MACACTTYCTGR	-5.843659	-356.503850	0	T:5899.0(93.75%),B:175163.3(82.26%),P:1e-154	Tpos:118.7,Tstd:95.6,Bpos:10707.3,Bstd:66568.0,StrandBias:0.0,Multiplicity:1.54
0.573	0.425	0.001	0.001
0.711	0.014	0.001	0.274
0.137	0.576	0.286	0.001
0.997	0.001	0.001	0.001
0.001	0.854	0.137	0.008
0.001	0.001	0.001	0.997
0.001	0.001	0.136	0.862
0.001	0.437	0.001	0.561
0.001	0.995	0.003	0.001
0.137	0.001	0.017	0.845
0.136	0.001	0.862	0.001
0.565	0.001	0.433	0.001
>YTYTYYTTYTTY	7-YTYTYYTTYTTY	3.837805	-353.991476	0	T:5491.0(87.27%),B:156336.3(73.42%),P:1e-153	Tpos:115.6,Tstd:82.9,Bpos:7363.3,Bstd:38765.6,StrandBias:0.0,Multiplicity:1.50
0.197	0.275	0.113	0.415
0.176	0.272	0.066	0.487
0.139	0.307	0.150	0.404
0.134	0.296	0.084	0.486
0.014	0.346	0.158	0.482
0.042	0.415	0.036	0.507
0.147	0.182	0.066	0.605
0.021	0.275	0.244	0.460
0.019	0.416	0.094	0.471
0.001	0.401	0.014	0.584
0.066	0.325	0.044	0.565
0.051	0.377	0.050	0.522
>NAATGGAATGGD	8-NAATGGAATGGD	3.683629	-345.310557	0	T:5102.0(81.09%),B:140622.1(66.04%),P:1e-149	Tpos:117.4,Tstd:91.3,Bpos:7254.4,Bstd:34804.6,StrandBias:0.0,Multiplicity:1.53
0.256	0.197	0.313	0.233
0.554	0.154	0.142	0.150
0.626	0.131	0.138	0.105
0.207	0.030	0.190	0.573
0.174	0.015	0.673	0.138
0.189	0.130	0.589	0.092
0.685	0.114	0.129	0.072
0.634	0.073	0.164	0.129
0.212	0.027	0.169	0.592
0.215	0.038	0.540	0.207
0.215	0.119	0.548	0.118
0.357	0.176	0.248	0.218
>AGAGGATGTGGT	9-AGAGGATGTGGT	2.625881	-266.691406	0	T:6285.0(99.89%),B:202936.1(95.30%),P:1e-115	Tpos:120.5,Tstd:96.2,Bpos:4046.8,Bstd:28774.6,StrandBias:0.0,Multiplicity:1.86
0.700	0.100	0.100	0.100
0.100	0.100	0.700	0.100
0.700	0.100	0.100	0.100
0.100	0.100	0.700	0.100
0.100	0.100	0.700	0.100
0.700	0.100	0.100	0.100
0.100	0.100	0.100	0.700
0.100	0.100	0.700	0.100
0.100	0.100	0.100	0.700
0.100	0.100	0.700	0.100
0.100	0.100	0.700	0.100
0.100	0.100	0.100	0.700
>ATGGAATGGAAT	10-ATGGAATGGAAT	-12.936837	-151.496177	0	T:4048.0(64.34%),B:113842.7(53.46%),P:1e-65	Tpos:120.0,Tstd:100.2,Bpos:15113.2,Bstd:75887.1,StrandBias:0.1,Multiplicity:1.62
0.997	0.001	0.001	0.001
0.001	0.001	0.001	0.997
0.001	0.159	0.839	0.001
0.001	0.001	0.997	0.001
0.997	0.001	0.001	0.001
0.997	0.001	0.001	0.001
0.001	0.001	0.001	0.997
0.001	0.079	0.919	0.001
0.001	0.001	0.997	0.001
0.997	0.001	0.001	0.001
0.997	0.001	0.001	0.001
0.001	0.001	0.001	0.997
>SNGSGCVSSGGC	11-SNGSGCVSSGGC	-1.144295	-54.934719	0	T:6289.0(99.95%),B:210690.7(98.95%),P:1e-23	Tpos:119.2,Tstd:85.8,Bpos:2873.9,Bstd:24557.1,StrandBias:0.0,Multiplicity:1.56
0.094	0.506	0.389	0.011
0.254	0.174	0.279	0.294
0.050	0.248	0.701	0.001
0.135	0.478	0.333	0.055
0.007	0.338	0.499	0.157
0.024	0.729	0.246	0.001
0.228	0.358	0.214	0.199
0.070	0.362	0.475	0.092
0.215	0.321	0.368	0.097
0.179	0.297	0.465	0.059
0.003	0.364	0.537	0.096
0.069	0.557	0.229	0.145
>GGCGGTGGCTGC	12-GGCGGTGGCTGC	0.000000	-40.081000	0	T:6292.0(100.00%),B:211563.3(99.36%),P:1e-17
0.100	0.100	0.700	0.100
0.100	0.100	0.700	0.100
0.100	0.700	0.100	0.100
0.100	0.100	0.700	0.100
0.100	0.100	0.700	0.100
0.100	0.100	0.100	0.700
0.100	0.100	0.700	0.100
0.100	0.100	0.700	0.100
0.100	0.700	0.100	0.100
0.100	0.100	0.100	0.700
0.100	0.100	0.700	0.100
0.100	0.700	0.100	0.100
>CGAATGGAATCA	13-CGAATGGAATCA	0.000000	-26.819003	0	T:6292.0(100.00%),B:212016.8(99.57%),P:1e-11
0.100	0.700	0.100	0.100
0.100	0.100	0.700	0.100
0.700	0.100	0.100	0.100
0.700	0.100	0.100	0.100
0.100	0.100	0.100	0.700
0.100	0.100	0.700	0.100
0.100	0.100	0.700	0.100
0.700	0.100	0.100	0.100
0.700	0.100	0.100	0.100
0.100	0.100	0.100	0.700
0.100	0.700	0.100	0.100
0.700	0.100	0.100	0.100
>CCACCACCACCA	14-CCACCACCACCA	0.679971	-26.204886	0	T:6292.0(100.00%),B:212038.0(99.58%),P:1e-11	Tpos:121.6,Tstd:93.6,Bpos:2966.2,Bstd:26955.3,StrandBias:0.0,Multiplicity:2.66
0.100	0.700	0.100	0.100
0.100	0.700	0.100	0.100
0.700	0.100	0.100	0.100
0.100	0.700	0.100	0.100
0.100	0.700	0.100	0.100
0.700	0.100	0.100	0.100
0.100	0.700	0.100	0.100
0.100	0.700	0.100	0.100
0.700	0.100	0.100	0.100
0.100	0.700	0.100	0.100
0.100	0.700	0.100	0.100
0.700	0.100	0.100	0.100
>CTCAAAACCACA	15-CTCAAAACCACA	0.000000	-14.518848	0	T:6292.0(100.00%),B:212437.8(99.77%),P:1e-6
0.100	0.700	0.100	0.100
0.100	0.100	0.100	0.700
0.100	0.700	0.100	0.100
0.700	0.100	0.100	0.100
0.700	0.100	0.100	0.100
0.700	0.100	0.100	0.100
0.700	0.100	0.100	0.100
0.100	0.700	0.100	0.100
0.100	0.700	0.100	0.100
0.700	0.100	0.100	0.100
0.100	0.700	0.100	0.100
0.700	0.100	0.100	0.100
>GGAATGGAATGG	16-GGAATGGAATGG	0.000000	-14.022672	0	T:6292.0(100.00%),B:212454.7(99.77%),P:1e-6
0.100	0.100	0.700	0.100
0.100	0.100	0.700	0.100
0.700	0.100	0.100	0.100
0.700	0.100	0.100	0.100
0.100	0.100	0.100	0.700
0.100	0.100	0.700	0.100
0.100	0.100	0.700	0.100
0.700	0.100	0.100	0.100
0.700	0.100	0.100	0.100
0.100	0.100	0.100	0.700
0.100	0.100	0.700	0.100
0.100	0.100	0.700	0.100
>GCCGCCATCTTG	17-GCCGCCATCTTG	0.000000	-8.409799	0	T:6291.0(99.98%),B:212562.5(99.83%),P:1e-3
0.100	0.100	0.700	0.100
0.100	0.700	0.100	0.100
0.100	0.700	0.100	0.100
0.100	0.100	0.700	0.100
0.100	0.700	0.100	0.100
0.100	0.700	0.100	0.100
0.700	0.100	0.100	0.100
0.100	0.100	0.100	0.700
0.100	0.700	0.100	0.100
0.100	0.100	0.100	0.700
0.100	0.100	0.100	0.700
0.100	0.100	0.700	0.100
>CTGTGGTCAGGG	18-CTGTGGTCAGGG	0.000000	-6.293218	0	T:6292.0(100.00%),B:212719.4(99.90%),P:1e-2
0.100	0.700	0.100	0.100
0.100	0.100	0.100	0.700
0.100	0.100	0.700	0.100
0.100	0.100	0.100	0.700
0.100	0.100	0.700	0.100
0.100	0.100	0.700	0.100
0.100	0.100	0.100	0.700
0.100	0.700	0.100	0.100
0.700	0.100	0.100	0.100
0.100	0.100	0.700	0.100
0.100	0.100	0.700	0.100
0.100	0.100	0.700	0.100
>GTGTGGTTGTGG	19-GTGTGGTTGTGG	0.000000	-6.147470	0	T:6292.0(100.00%),B:212724.0(99.90%),P:1e-2
0.100	0.100	0.700	0.100
0.100	0.100	0.100	0.700
0.100	0.100	0.700	0.100
0.100	0.100	0.100	0.700
0.100	0.100	0.700	0.100
0.100	0.100	0.700	0.100
0.100	0.100	0.100	0.700
0.100	0.100	0.100	0.700
0.100	0.100	0.700	0.100
0.100	0.100	0.100	0.700
0.100	0.100	0.700	0.100
0.100	0.100	0.700	0.100
>AAAGGGAAGTGG	20-AAAGGGAAGTGG	0.000000	-4.398763	0	T:6292.0(100.00%),B:212784.6(99.93%),P:1e-1
0.700	0.100	0.100	0.100
0.700	0.100	0.100	0.100
0.700	0.100	0.100	0.100
0.100	0.100	0.700	0.100
0.100	0.100	0.700	0.100
0.100	0.100	0.700	0.100
0.700	0.100	0.100	0.100
0.700	0.100	0.100	0.100
0.100	0.100	0.700	0.100
0.100	0.100	0.100	0.700
0.100	0.100	0.700	0.100
0.100	0.100	0.700	0.100
>GGTGACCACAGA	21-GGTGACCACAGA	0.000000	-4.078220	0	T:6292.0(100.00%),B:212795.2(99.93%),P:1e-1
0.100	0.100	0.700	0.100
0.100	0.100	0.700	0.100
0.100	0.100	0.100	0.700
0.100	0.100	0.700	0.100
0.700	0.100	0.100	0.100
0.100	0.700	0.100	0.100
0.100	0.700	0.100	0.100
0.700	0.100	0.100	0.100
0.100	0.700	0.100	0.100
0.700	0.100	0.100	0.100
0.100	0.100	0.700	0.100
0.700	0.100	0.100	0.100
>GAGAGGATGTGG	22-GAGAGGATGTGG	0.000000	-3.204093	0	T:6292.0(100.00%),B:212825.8(99.95%),P:1e-1
0.100	0.100	0.700	0.100
0.700	0.100	0.100	0.100
0.100	0.100	0.700	0.100
0.700	0.100	0.100	0.100
0.100	0.100	0.700	0.100
0.100	0.100	0.700	0.100
0.700	0.100	0.100	0.100
0.100	0.100	0.100	0.700
0.100	0.100	0.700	0.100
0.100	0.100	0.100	0.700
0.100	0.100	0.700	0.100
0.100	0.100	0.700	0.100
>CTTCCTCTTCCT	23-CTTCCTCTTCCT	0.000000	-2.605726	0	T:6291.0(99.98%),B:212789.6(99.93%),P:1e-1
0.100	0.700	0.100	0.100
0.100	0.100	0.100	0.700
0.100	0.100	0.100	0.700
0.100	0.700	0.100	0.100
0.100	0.700	0.100	0.100
0.100	0.100	0.100	0.700
0.100	0.700	0.100	0.100
0.100	0.100	0.100	0.700
0.100	0.100	0.100	0.700
0.100	0.700	0.100	0.100
0.100	0.700	0.100	0.100
0.100	0.100	0.100	0.700
>CCACTTCCGCCC	24-CCACTTCCGCCC	-3.211849	0.000000	0	T:6292.0(100.00%),B:212935.1(100.00%),P:1e0	Tpos:148.8,Tstd:73.8,Bpos:1811.5,Bstd:6041.7,StrandBias:0.6,Multiplicity:1.00
0.100	0.700	0.100	0.100
0.100	0.700	0.100	0.100
0.700	0.100	0.100	0.100
0.100	0.700	0.100	0.100
0.100	0.100	0.100	0.700
0.100	0.100	0.100	0.700
0.100	0.700	0.100	0.100
0.100	0.700	0.100	0.100
0.100	0.100	0.700	0.100
0.100	0.700	0.100	0.100
0.100	0.700	0.100	0.100
0.100	0.700	0.100	0.100
>HTMTVTRTWWAW	25-HTMTVTRTWWAW	-18.333635	0.000000	0	T:6292.0(100.00%),B:212935.1(100.00%),P:1e0	Tpos:114.1,Tstd:93.5,Bpos:17469.5,Bstd:82523.3,StrandBias:0.0,Multiplicity:1.45
0.307	0.270	0.157	0.266
0.248	0.198	0.072	0.482
0.333	0.468	0.001	0.198
0.134	0.001	0.001	0.864
0.197	0.307	0.343	0.153
0.314	0.001	0.001	0.684
0.298	0.045	0.405	0.252
0.243	0.018	0.189	0.550
0.274	0.158	0.207	0.361
0.406	0.153	0.009	0.432
0.604	0.090	0.001	0.305
0.265	0.194	0.189	0.352
