>BYTGTGGTTW	1-BYTGTGGTTW	7.185918	-1227.995868	0	T:1631.0(25.92%),B:12623.5(5.96%),P:1e-533	Tpos:25.5,Tstd:11.3,Bpos:10553.1,Bstd:55895.7,StrandBias:0.1,Multiplicity:1.07
0.124	0.244	0.266	0.365
0.132	0.464	0.067	0.337
0.077	0.059	0.054	0.810
0.045	0.029	0.903	0.023
0.045	0.254	0.037	0.664
0.030	0.029	0.918	0.023
0.016	0.027	0.938	0.019
0.022	0.068	0.064	0.846
0.060	0.213	0.067	0.660
0.354	0.057	0.160	0.429
>TGYGGTTWNN	2-TGYGGTTWNN	6.609941	-1222.686119	0	T:1789.0(28.43%),B:15364.4(7.25%),P:1e-531	Tpos:24.9,Tstd:12.9,Bpos:29965.2,Bstd:117381.0,StrandBias:0.1,Multiplicity:1.00
0.110	0.147	0.110	0.633
0.057	0.015	0.877	0.051
0.071	0.453	0.008	0.468
0.058	0.001	0.940	0.001
0.001	0.001	0.997	0.001
0.001	0.172	0.115	0.712
0.096	0.296	0.045	0.563
0.425	0.086	0.190	0.299
0.190	0.224	0.322	0.265
0.233	0.226	0.240	0.302
>HAACCGCARN	3-HAACCGCARN	6.845615	-950.637402	0	T:1025.0(16.29%),B:6035.0(2.85%),P:1e-412	Tpos:27.8,Tstd:11.8,Bpos:1612.0,Bstd:6126.7,StrandBias:0.2,Multiplicity:1.00
0.328	0.272	0.111	0.289
0.461	0.119	0.231	0.190
0.632	0.080	0.262	0.026
0.031	0.878	0.029	0.062
0.031	0.850	0.111	0.008
0.334	0.001	0.522	0.143
0.026	0.861	0.102	0.011
0.600	0.104	0.161	0.135
0.403	0.111	0.405	0.081
0.340	0.277	0.192	0.192
>BHTGTGGTTW	4-BHTGTGGTTW	6.664525	-569.787083	0	T:1165.0(18.52%),B:12553.0(5.92%),P:1e-247	Tpos:25.1,Tstd:12.2,Bpos:5622.1,Bstd:19499.2,StrandBias:0.1,Multiplicity:1.02
0.054	0.262	0.341	0.342
0.276	0.286	0.063	0.376
0.284	0.127	0.104	0.485
0.036	0.020	0.840	0.104
0.148	0.154	0.046	0.652
0.065	0.013	0.901	0.021
0.075	0.067	0.857	0.001
0.031	0.239	0.149	0.581
0.126	0.120	0.165	0.589
0.399	0.052	0.136	0.413
>NNHTGTGGTY	5-NNHTGTGGTY	7.352167	-298.975383	0	T:375.0(5.96%),B:2514.9(1.19%),P:1e-129	Tpos:25.9,Tstd:14.6,Bpos:3992.6,Bstd:8689.2,StrandBias:-0.3,Multiplicity:1.00
0.251	0.190	0.268	0.290
0.283	0.232	0.186	0.299
0.236	0.330	0.098	0.336
0.292	0.001	0.125	0.582
0.001	0.001	0.997	0.001
0.106	0.350	0.001	0.543
0.001	0.001	0.945	0.053
0.001	0.035	0.926	0.038
0.001	0.179	0.211	0.609
0.195	0.281	0.100	0.424
>NHTGYGGTHA	6-NHTGYGGTHA	7.680385	-92.357931	0	T:116.0(1.84%),B:782.8(0.37%),P:1e-40	Tpos:22.1,Tstd:10.4,Bpos:3372.1,Bstd:8159.1,StrandBias:1.6,Multiplicity:1.00
0.222	0.290	0.315	0.173
0.325	0.319	0.112	0.244
0.196	0.029	0.001	0.774
0.058	0.013	0.928	0.001
0.102	0.440	0.001	0.457
0.001	0.041	0.923	0.035
0.104	0.080	0.815	0.001
0.019	0.229	0.184	0.568
0.277	0.248	0.129	0.346
0.529	0.100	0.155	0.216
>AGGAAGTGRB	7-AGGAAGTGRB	9.388471	-86.396745	0	T:93.0(1.48%),B:528.0(0.25%),P:1e-37	Tpos:21.0,Tstd:17.0,Bpos:4517.7,Bstd:8586.2,StrandBias:-10.0,Multiplicity:1.00
0.649	0.159	0.191	0.001
0.028	0.001	0.970	0.001
0.001	0.001	0.997	0.001
0.955	0.001	0.010	0.034
0.817	0.001	0.001	0.181
0.187	0.171	0.641	0.001
0.033	0.213	0.029	0.725
0.246	0.066	0.458	0.231
0.346	0.165	0.356	0.133
0.144	0.280	0.260	0.316
>AGGAAGTGNB	8-AGGAAGTGNB	9.965163	-82.012898	0	T:93.0(1.48%),B:562.6(0.27%),P:1e-35	Tpos:27.3,Tstd:11.5,Bpos:3194.3,Bstd:8507.8,StrandBias:0.1,Multiplicity:1.00
0.641	0.076	0.282	0.001
0.006	0.001	0.992	0.001
0.001	0.001	0.997	0.001
0.996	0.002	0.001	0.001
0.911	0.001	0.001	0.087
0.099	0.083	0.817	0.001
0.001	0.001	0.001	0.997
0.252	0.178	0.479	0.091
0.208	0.257	0.262	0.273
0.099	0.283	0.273	0.345
>VMGGAAGTNV	9-VMGGAAGTNV	7.740722	-77.099592	0	T:197.0(3.13%),B:2374.2(1.12%),P:1e-33	Tpos:25.3,Tstd:11.9,Bpos:3077.6,Bstd:7605.3,StrandBias:0.0,Multiplicity:1.00
0.222	0.329	0.369	0.081
0.448	0.320	0.171	0.060
0.057	0.108	0.819	0.016
0.030	0.001	0.968	0.001
0.794	0.047	0.033	0.126
0.763	0.010	0.001	0.226
0.180	0.219	0.553	0.048
0.067	0.278	0.094	0.561
0.279	0.195	0.315	0.210
0.358	0.215	0.318	0.109
>ASMGGAAGTR	10-ASMGGAAGTR	8.084996	-64.091040	0	T:164.0(2.61%),B:1983.8(0.94%),P:1e-27	Tpos:24.0,Tstd:11.7,Bpos:2903.7,Bstd:8463.9,StrandBias:-0.1,Multiplicity:1.00
0.505	0.028	0.198	0.269
0.201	0.298	0.426	0.075
0.410	0.316	0.251	0.023
0.079	0.023	0.856	0.042
0.049	0.032	0.896	0.023
0.795	0.067	0.045	0.093
0.842	0.050	0.021	0.087
0.226	0.214	0.538	0.022
0.029	0.333	0.074	0.564
0.322	0.153	0.380	0.145
>BCRCTTCCTB	11-BCRCTTCCTB	8.420648	-59.307788	0	T:243.0(3.86%),B:3776.3(1.78%),P:1e-25	Tpos:24.5,Tstd:12.1,Bpos:1075.5,Bstd:4095.1,StrandBias:-0.4,Multiplicity:1.00
0.169	0.363	0.221	0.247
0.190	0.390	0.194	0.226
0.490	0.127	0.382	0.001
0.001	0.632	0.062	0.305
0.151	0.001	0.001	0.847
0.001	0.001	0.001	0.997
0.001	0.997	0.001	0.001
0.001	0.997	0.001	0.001
0.001	0.162	0.343	0.494
0.042	0.343	0.363	0.252
>AACCACARVC	12-AACCACARVC	9.559913	-46.562699	0	T:54.0(0.86%),B:343.0(0.16%),P:1e-20	Tpos:18.3,Tstd:18.9,Bpos:368.0,Bstd:0.0,StrandBias:1.0,Multiplicity:1.00
0.620	0.108	0.216	0.056
0.533	0.093	0.360	0.014
0.031	0.930	0.021	0.018
0.009	0.989	0.001	0.001
0.755	0.001	0.205	0.039
0.027	0.964	0.001	0.008
0.851	0.001	0.001	0.147
0.363	0.087	0.364	0.185
0.287	0.398	0.251	0.064
0.255	0.496	0.021	0.228
>NRVVGGAART	13-NRVVGGAART	7.248308	-42.844214	0	T:355.0(5.64%),B:7160.7(3.38%),P:1e-18	Tpos:23.9,Tstd:13.4,Bpos:4264.0,Bstd:11695.3,StrandBias:0.2,Multiplicity:1.01
0.275	0.222	0.292	0.211
0.404	0.073	0.272	0.251
0.254	0.342	0.365	0.039
0.394	0.304	0.281	0.022
0.048	0.001	0.950	0.001
0.001	0.063	0.928	0.008
0.947	0.001	0.031	0.021
0.770	0.001	0.001	0.228
0.325	0.191	0.427	0.058
0.090	0.262	0.155	0.492
>RRMGGAAGTS	14-RRMGGAAGTS	8.319748	-34.025542	0	T:106.0(1.68%),B:1456.3(0.69%),P:1e-14	Tpos:26.5,Tstd:16.5,Bpos:5025.0,Bstd:11186.4,StrandBias:-10.0,Multiplicity:1.00
0.470	0.001	0.327	0.202
0.261	0.219	0.375	0.145
0.434	0.327	0.205	0.034
0.001	0.001	0.942	0.056
0.001	0.001	0.997	0.001
0.997	0.001	0.001	0.001
0.759	0.001	0.001	0.239
0.280	0.224	0.495	0.001
0.001	0.313	0.146	0.540
0.227	0.271	0.387	0.115
>GYGGTYWGVS	15-GYGGTYWGVS	8.500414	-26.702572	0	T:59.0(0.94%),B:669.0(0.32%),P:1e-11	Tpos:27.4,Tstd:12.5,Bpos:2979.0,Bstd:8203.5,StrandBias:0.3,Multiplicity:1.00
0.001	0.001	0.997	0.001
0.001	0.444	0.001	0.554
0.001	0.001	0.997	0.001
0.001	0.001	0.997	0.001
0.001	0.001	0.001	0.997
0.230	0.400	0.001	0.369
0.409	0.001	0.216	0.374
0.192	0.219	0.403	0.186
0.363	0.273	0.351	0.012
0.103	0.297	0.388	0.212
>RCTTCCKBHK	16-RCTTCCKBHK	7.930714	-26.111607	0	T:188.0(2.99%),B:3658.7(1.73%),P:1e-11	Tpos:24.5,Tstd:13.4,Bpos:2600.1,Bstd:8364.2,StrandBias:0.1,Multiplicity:1.00
0.504	0.137	0.358	0.001
0.001	0.514	0.192	0.293
0.272	0.001	0.001	0.726
0.001	0.001	0.001	0.997
0.001	0.997	0.001	0.001
0.001	0.997	0.001	0.001
0.055	0.114	0.388	0.444
0.167	0.325	0.301	0.207
0.321	0.306	0.001	0.372
0.180	0.163	0.254	0.403
>ACTTCCTSYY	17-ACTTCCTSYY	8.545438	-12.028782	0	T:150.0(2.38%),B:3435.3(1.62%),P:1e-5	Tpos:25.9,Tstd:13.2,Bpos:2895.6,Bstd:8228.0,StrandBias:0.1,Multiplicity:1.00
0.680	0.091	0.228	0.001
0.001	0.627	0.103	0.269
0.110	0.051	0.068	0.771
0.001	0.053	0.001	0.945
0.012	0.952	0.026	0.010
0.014	0.943	0.001	0.042
0.012	0.252	0.257	0.478
0.026	0.347	0.415	0.212
0.159	0.435	0.080	0.326
0.148	0.399	0.157	0.295
>CTTCCTBTTT	18-CTTCCTBTTT	9.283063	-10.788843	0	T:67.0(1.06%),B:1287.1(0.61%),P:1e-4	Tpos:28.8,Tstd:12.1,Bpos:4473.6,Bstd:12234.9,StrandBias:-0.1,Multiplicity:1.00
0.043	0.556	0.202	0.199
0.084	0.001	0.017	0.898
0.001	0.001	0.013	0.985
0.027	0.971	0.001	0.001
0.001	0.984	0.001	0.014
0.001	0.280	0.173	0.546
0.165	0.289	0.324	0.222
0.238	0.285	0.017	0.460
0.001	0.338	0.041	0.620
0.195	0.178	0.142	0.485
>AGGAAGYNKB	19-AGGAAGYNKB	8.608892	-10.423204	0	T:31.0(0.49%),B:445.3(0.21%),P:1e-4	Tpos:29.3,Tstd:7.6,Bpos:3023.4,Bstd:6824.1,StrandBias:1.0,Multiplicity:1.00
0.566	0.290	0.143	0.001
0.001	0.001	0.987	0.011
0.001	0.001	0.997	0.001
0.936	0.045	0.018	0.001
0.896	0.001	0.001	0.102
0.319	0.183	0.497	0.001
0.079	0.355	0.096	0.470
0.271	0.214	0.328	0.188
0.224	0.093	0.399	0.284
0.126	0.366	0.242	0.266
>ACCGCATWRK	20-ACCGCATWRK	9.313276	-8.656311	0	T:28.0(0.45%),B:426.5(0.20%),P:1e-3	Tpos:19.0,Tstd:10.7,Bpos:1789.9,Bstd:4674.6,StrandBias:-0.7,Multiplicity:1.00
0.997	0.001	0.001	0.001
0.001	0.997	0.001	0.001
0.001	0.997	0.001	0.001
0.335	0.001	0.663	0.001
0.001	0.997	0.001	0.001
0.997	0.001	0.001	0.001
0.235	0.001	0.300	0.464
0.499	0.033	0.070	0.398
0.357	0.071	0.369	0.203
0.158	0.189	0.360	0.293
>DDHYTGTGGT	21-DDHYTGTGGT	8.874870	-3.463843	0	T:6.0(0.10%),B:76.8(0.04%),P:1e-1	Tpos:44.0,Tstd:0.0,Bpos:6560.0,Bstd:10518.4,StrandBias:10.0,Multiplicity:1.00
0.351	0.158	0.269	0.222
0.211	0.183	0.263	0.343
0.321	0.252	0.141	0.286
0.148	0.355	0.001	0.496
0.174	0.001	0.021	0.804
0.001	0.001	0.997	0.001
0.024	0.269	0.001	0.706
0.001	0.001	0.997	0.001
0.001	0.019	0.979	0.001
0.001	0.157	0.198	0.644
>ATCGAATGGA	22-ATCGAATGGA	10.608628	-2.494301	0	T:10.0(0.16%),B:199.2(0.09%),P:1e-1	Tpos:27.1,Tstd:12.5,Bpos:12781.6,Bstd:10925.7,StrandBias:4.5,Multiplicity:2.30
0.997	0.001	0.001	0.001
0.001	0.001	0.001	0.997
0.001	0.563	0.299	0.137
0.001	0.001	0.997	0.001
0.758	0.001	0.093	0.148
0.911	0.087	0.001	0.001
0.001	0.256	0.001	0.742
0.163	0.306	0.530	0.001
0.167	0.001	0.831	0.001
0.997	0.001	0.001	0.001
>AAAAGAGGAA	23-AAAAGAGGAA	10.296193	-2.353773	0	T:27.0(0.43%),B:686.8(0.32%),P:1e-1	Tpos:20.8,Tstd:11.9,Bpos:5396.8,Bstd:12137.3,StrandBias:0.7,Multiplicity:1.00
0.700	0.100	0.100	0.100
0.700	0.100	0.100	0.100
0.700	0.100	0.100	0.100
0.700	0.100	0.100	0.100
0.100	0.100	0.700	0.100
0.700	0.100	0.100	0.100
0.100	0.100	0.700	0.100
0.100	0.100	0.700	0.100
0.700	0.100	0.100	0.100
0.700	0.100	0.100	0.100
>AGGAAGTGAN	24-AGGAAGTGAN	9.147597	-0.370653	0	T:12.0(0.19%),B:453.2(0.21%),P:1e0	Tpos:45.0,Tstd:0.0,Bpos:5011.7,Bstd:10623.4,StrandBias:-10.0,Multiplicity:1.00
0.486	0.250	0.263	0.001
0.001	0.001	0.997	0.001
0.001	0.001	0.997	0.001
0.997	0.001	0.001	0.001
0.921	0.001	0.001	0.077
0.246	0.110	0.643	0.001
0.001	0.274	0.001	0.724
0.213	0.221	0.376	0.190
0.421	0.253	0.194	0.132
0.245	0.252	0.274	0.229
>YBRCTTCCTS	25-YBRCTTCCTS	9.452928	-0.001274	0	T:10.0(0.16%),B:755.5(0.36%),P:1e0	Tpos:25.3,Tstd:14.3,Bpos:2564.0,Bstd:8384.6,StrandBias:-1.3,Multiplicity:1.00
0.118	0.366	0.180	0.337
0.140	0.221	0.283	0.356
0.456	0.038	0.505	0.001
0.001	0.736	0.036	0.227
0.039	0.001	0.001	0.959
0.001	0.001	0.001	0.997
0.001	0.997	0.001	0.001
0.001	0.970	0.001	0.028
0.001	0.188	0.187	0.624
0.001	0.435	0.431	0.134
