>AAACCRCA	1-AAACCRCA	6.964561	-1238.503695	0	T:1925.0(30.59%),B:17625.3(8.32%),P:1e-537	Tpos:25.5,Tstd:11.8,Bpos:16365.2,Bstd:78973.3,StrandBias:-0.1,Multiplicity:1.08
0.637	0.153	0.038	0.172
0.636	0.021	0.269	0.074
0.862	0.047	0.090	0.001
0.001	0.997	0.001	0.001
0.001	0.997	0.001	0.001
0.483	0.001	0.487	0.028
0.001	0.997	0.001	0.001
0.846	0.027	0.022	0.105
>AACCRCAR	2-AACCRCAR	6.369277	-1081.274497	0	T:1343.0(21.34%),B:9494.7(4.48%),P:1e-469	Tpos:26.2,Tstd:12.9,Bpos:1941.5,Bstd:6797.3,StrandBias:-0.3,Multiplicity:1.00
0.479	0.167	0.232	0.122
0.676	0.134	0.172	0.018
0.069	0.852	0.047	0.032
0.072	0.802	0.083	0.043
0.384	0.077	0.454	0.085
0.020	0.804	0.078	0.098
0.658	0.088	0.136	0.118
0.384	0.143	0.346	0.127
>TARCCACA	3-TARCCACA	6.441004	-760.520864	0	T:1307.0(20.77%),B:12448.3(5.87%),P:1e-330	Tpos:24.7,Tstd:12.0,Bpos:5112.0,Bstd:12969.1,StrandBias:-0.2,Multiplicity:1.03
0.282	0.145	0.053	0.520
0.462	0.106	0.188	0.245
0.500	0.104	0.372	0.024
0.018	0.859	0.034	0.089
0.126	0.756	0.062	0.056
0.586	0.051	0.200	0.163
0.106	0.786	0.053	0.055
0.660	0.130	0.110	0.100
>ACCRCAGA	4-ACCRCAGA	7.765913	-358.159582	0	T:707.0(11.24%),B:7231.7(3.41%),P:1e-155	Tpos:24.9,Tstd:13.5,Bpos:4016.5,Bstd:23243.6,StrandBias:-0.3,Multiplicity:1.01
0.883	0.033	0.079	0.005
0.027	0.952	0.007	0.014
0.036	0.962	0.001	0.001
0.499	0.001	0.440	0.060
0.004	0.949	0.042	0.005
0.808	0.036	0.112	0.044
0.272	0.080	0.522	0.126
0.485	0.186	0.213	0.115
>CTGTGGTT	5-CTGTGGTT	8.657288	-353.069499	0	T:616.0(9.79%),B:5693.4(2.69%),P:1e-153	Tpos:24.6,Tstd:11.4,Bpos:2856.2,Bstd:7746.1,StrandBias:0.4,Multiplicity:1.00
0.156	0.499	0.266	0.078
0.075	0.001	0.001	0.923
0.001	0.001	0.997	0.001
0.148	0.150	0.001	0.701
0.001	0.001	0.997	0.001
0.001	0.001	0.997	0.001
0.001	0.088	0.089	0.822
0.115	0.199	0.060	0.626
>TGCGGTTA	6-TGCGGTTA	6.696670	-305.767733	0	T:469.0(7.45%),B:3850.6(1.82%),P:1e-132	Tpos:27.8,Tstd:10.4,Bpos:1608.7,Bstd:5056.5,StrandBias:0.0,Multiplicity:1.00
0.180	0.129	0.253	0.438
0.224	0.039	0.689	0.048
0.143	0.548	0.001	0.308
0.001	0.001	0.892	0.106
0.001	0.026	0.972	0.001
0.039	0.192	0.008	0.761
0.207	0.041	0.166	0.586
0.547	0.001	0.275	0.177
>AAACCACA	7-AAACCACA	8.512415	-302.560571	0	T:794.0(12.62%),B:9880.3(4.66%),P:1e-131	Tpos:25.7,Tstd:12.0,Bpos:5476.2,Bstd:15704.2,StrandBias:-0.1,Multiplicity:1.01
0.795	0.001	0.003	0.201
0.997	0.001	0.001	0.001
0.731	0.267	0.001	0.001
0.001	0.997	0.001	0.001
0.001	0.997	0.001	0.001
0.840	0.001	0.001	0.158
0.001	0.997	0.001	0.001
0.431	0.257	0.110	0.202
>GTGGTTTY	8-GTGGTTTY	9.981650	-198.393908	0	T:477.0(7.58%),B:5540.1(2.61%),P:1e-86	Tpos:25.0,Tstd:13.5,Bpos:3876.0,Bstd:10679.6,StrandBias:-0.6,Multiplicity:1.02
0.001	0.001	0.997	0.001
0.001	0.001	0.001	0.997
0.001	0.001	0.997	0.001
0.001	0.001	0.997	0.001
0.001	0.001	0.001	0.997
0.001	0.001	0.001	0.997
0.001	0.001	0.001	0.997
0.093	0.337	0.174	0.395
>BTAACCAC	9-BTAACCAC	8.346556	-143.414475	0	T:248.0(3.94%),B:2247.0(1.06%),P:1e-62	Tpos:24.3,Tstd:13.4,Bpos:4736.8,Bstd:11502.4,StrandBias:-0.2,Multiplicity:1.02
0.141	0.330	0.200	0.330
0.265	0.110	0.016	0.609
0.542	0.122	0.139	0.197
0.845	0.013	0.141	0.001
0.001	0.989	0.001	0.009
0.014	0.967	0.018	0.001
0.762	0.014	0.189	0.035
0.029	0.959	0.006	0.006
>ACCACAGG	10-ACCACAGG	9.584000	-119.773559	0	T:402.0(6.39%),B:5661.1(2.67%),P:1e-52	Tpos:28.4,Tstd:13.5,Bpos:66435.6,Bstd:172892.0,StrandBias:-0.5,Multiplicity:1.00
0.997	0.001	0.001	0.001
0.001	0.997	0.001	0.001
0.001	0.997	0.001	0.001
0.997	0.001	0.001	0.001
0.001	0.997	0.001	0.001
0.997	0.001	0.001	0.001
0.258	0.001	0.740	0.001
0.001	0.001	0.875	0.123
>ACCACAAA	11-ACCACAAA	10.820382	-105.112703	0	T:246.0(3.91%),B:2795.3(1.32%),P:1e-45	Tpos:24.4,Tstd:14.0,Bpos:7902.1,Bstd:42461.8,StrandBias:-0.6,Multiplicity:1.03
0.997	0.001	0.001	0.001
0.001	0.997	0.001	0.001
0.001	0.997	0.001	0.001
0.997	0.001	0.001	0.001
0.001	0.997	0.001	0.001
0.997	0.001	0.001	0.001
0.932	0.001	0.001	0.066
0.834	0.001	0.001	0.164
>GGAAGTGG	12-GGAAGTGG	10.427564	-52.813404	0	T:309.0(4.91%),B:5555.7(2.62%),P:1e-22	Tpos:24.1,Tstd:14.9,Bpos:4302.9,Bstd:20670.0,StrandBias:0.5,Multiplicity:1.00
0.001	0.001	0.997	0.001
0.001	0.001	0.997	0.001
0.997	0.001	0.001	0.001
0.738	0.001	0.001	0.260
0.001	0.001	0.997	0.001
0.001	0.001	0.001	0.997
0.075	0.001	0.840	0.084
0.001	0.102	0.844	0.053
>ACCACADC	13-ACCACADC	8.521872	-51.425375	0	T:240.0(3.81%),B:3952.1(1.86%),P:1e-22	Tpos:26.9,Tstd:14.0,Bpos:4177.9,Bstd:11106.9,StrandBias:-0.2,Multiplicity:1.00
0.997	0.001	0.001	0.001
0.001	0.997	0.001	0.001
0.189	0.809	0.001	0.001
0.806	0.002	0.191	0.001
0.001	0.809	0.189	0.001
0.997	0.001	0.001	0.001
0.316	0.002	0.283	0.399
0.192	0.464	0.164	0.180
>AGGAAGTG	14-AGGAAGTG	10.439483	-46.925525	0	T:271.0(4.31%),B:4853.9(2.29%),P:1e-20	Tpos:25.8,Tstd:11.9,Bpos:3315.3,Bstd:8772.4,StrandBias:-0.1,Multiplicity:1.01
0.781	0.075	0.143	0.001
0.001	0.001	0.997	0.001
0.001	0.001	0.997	0.001
0.997	0.001	0.001	0.001
0.953	0.001	0.001	0.045
0.081	0.033	0.885	0.001
0.020	0.014	0.001	0.965
0.062	0.048	0.828	0.062
>CTGTGGTC	15-CTGTGGTC	10.415141	-41.949984	0	T:225.0(3.58%),B:3925.6(1.85%),P:1e-18	Tpos:26.5,Tstd:12.9,Bpos:2970.8,Bstd:7678.7,StrandBias:-0.2,Multiplicity:1.00
0.134	0.692	0.001	0.173
0.001	0.001	0.001	0.997
0.001	0.001	0.997	0.001
0.001	0.001	0.001	0.997
0.001	0.001	0.997	0.001
0.001	0.001	0.997	0.001
0.001	0.001	0.001	0.997
0.249	0.749	0.001	0.001
>SAGGAAGT	16-SAGGAAGT	7.575178	-23.145105	0	T:658.0(10.46%),B:17229.9(8.13%),P:1e-10	Tpos:24.1,Tstd:13.1,Bpos:3608.4,Bstd:22629.1,StrandBias:0.1,Multiplicity:1.02
0.220	0.446	0.326	0.007
0.484	0.271	0.228	0.017
0.045	0.015	0.928	0.012
0.001	0.001	0.984	0.014
0.954	0.018	0.001	0.027
0.884	0.011	0.001	0.104
0.196	0.097	0.706	0.001
0.012	0.221	0.031	0.736
>TTGCGYAA	17-TTGCGYAA	8.077315	-2.769309	0	T:20.0(0.32%),B:456.1(0.22%),P:1e-1	Tpos:25.1,Tstd:13.0,Bpos:1874.3,Bstd:6740.1,StrandBias:-0.2,Multiplicity:1.00
0.011	0.014	0.001	0.974
0.056	0.001	0.028	0.915
0.177	0.088	0.492	0.243
0.092	0.794	0.001	0.113
0.260	0.117	0.543	0.080
0.129	0.434	0.134	0.304
0.869	0.115	0.015	0.001
0.984	0.001	0.001	0.014
>TGCGGTSG	18-TGCGGTSG	9.298670	-2.002888	0	T:118.0(1.88%),B:3571.2(1.68%),P:1e0	Tpos:26.4,Tstd:11.2,Bpos:2377.1,Bstd:7186.9,StrandBias:0.1,Multiplicity:1.00
0.001	0.003	0.134	0.862
0.001	0.132	0.866	0.001
0.007	0.858	0.133	0.002
0.001	0.001	0.997	0.001
0.001	0.001	0.866	0.132
0.001	0.001	0.001	0.997
0.001	0.354	0.502	0.143
0.135	0.002	0.854	0.009
>CACCACAA	19-CACCACAA	10.885399	-0.632213	0	T:79.0(1.26%),B:2673.6(1.26%),P:1e0	Tpos:29.0,Tstd:11.4,Bpos:5152.0,Bstd:21231.5,StrandBias:0.7,Multiplicity:1.00
0.001	0.832	0.001	0.166
0.997	0.001	0.001	0.001
0.001	0.997	0.001	0.001
0.001	0.997	0.001	0.001
0.997	0.001	0.001	0.001
0.001	0.997	0.001	0.001
0.997	0.001	0.001	0.001
0.997	0.001	0.001	0.001
>TTCCTCTT	20-TTCCTCTT	10.466016	-0.052058	0	T:155.0(2.46%),B:5926.1(2.80%),P:1e0	Tpos:24.8,Tstd:12.1,Bpos:4631.5,Bstd:11798.0,StrandBias:-1.0,Multiplicity:1.00
0.001	0.001	0.001	0.997
0.001	0.001	0.001	0.997
0.001	0.997	0.001	0.001
0.001	0.997	0.001	0.001
0.001	0.001	0.001	0.997
0.001	0.997	0.001	0.001
0.001	0.001	0.001	0.997
0.048	0.238	0.167	0.547
>DACCACAY	21-DACCACAY	9.524008	-0.041214	0	T:31.0(0.49%),B:1397.0(0.66%),P:1e0	Tpos:28.8,Tstd:9.4,Bpos:7256.8,Bstd:14032.3,StrandBias:0.3,Multiplicity:1.00
0.288	0.004	0.287	0.421
0.997	0.001	0.001	0.001
0.001	0.997	0.001	0.001
0.001	0.997	0.001	0.001
0.997	0.001	0.001	0.001
0.001	0.997	0.001	0.001
0.997	0.001	0.001	0.001
0.003	0.370	0.122	0.505
>TCACTTCC	22-TCACTTCC	10.098321	-0.029029	0	T:96.0(1.53%),B:3893.6(1.84%),P:1e0	Tpos:21.2,Tstd:12.2,Bpos:4515.1,Bstd:10722.0,StrandBias:-0.4,Multiplicity:1.00
0.036	0.290	0.070	0.604
0.069	0.833	0.058	0.040
0.990	0.001	0.008	0.001
0.001	0.780	0.092	0.127
0.001	0.001	0.001	0.997
0.004	0.001	0.001	0.994
0.001	0.997	0.001	0.001
0.001	0.966	0.001	0.032
>TGTGGTAS	23-TGTGGTAS	9.028054	-0.003787	0	T:36.0(0.57%),B:1827.0(0.86%),P:1e0	Tpos:25.6,Tstd:11.2,Bpos:4789.6,Bstd:10958.7,StrandBias:0.5,Multiplicity:1.00
0.003	0.001	0.180	0.816
0.001	0.001	0.997	0.001
0.179	0.001	0.001	0.819
0.179	0.001	0.819	0.001
0.001	0.001	0.997	0.001
0.001	0.001	0.003	0.995
0.522	0.287	0.001	0.190
0.183	0.363	0.450	0.004
>YRKTTCCT	24-YRKTTCCT	8.968752	-0.000001	0	T:17.0(0.27%),B:1517.8(0.72%),P:1e0	Tpos:29.8,Tstd:14.1,Bpos:2640.9,Bstd:18677.9,StrandBias:1.3,Multiplicity:1.00
0.064	0.476	0.003	0.457
0.460	0.001	0.538	0.001
0.001	0.066	0.456	0.476
0.001	0.001	0.001	0.997
0.001	0.001	0.001	0.997
0.001	0.997	0.001	0.001
0.001	0.997	0.001	0.001
0.001	0.003	0.001	0.995
>AGAGGAAG	25-AGAGGAAG	7.752275	-0.000000	0	T:650.0(10.33%),B:26154.8(12.34%),P:1e0	Tpos:24.8,Tstd:13.2,Bpos:3803.5,Bstd:13578.2,StrandBias:-0.1,Multiplicity:1.02
0.833	0.001	0.093	0.073
0.012	0.254	0.705	0.029
0.891	0.036	0.072	0.001
0.001	0.001	0.997	0.001
0.001	0.001	0.997	0.001
0.997	0.001	0.001	0.001
0.984	0.001	0.001	0.014
0.163	0.042	0.794	0.001
