>GAATGGAATGGA	3-GAATGGAATGGA	10.665426	-46.025032	0	T:22.0(7.97%),B:927.2(0.44%),P:1e-19
0.102	0.001	0.849	0.048
0.905	0.050	0.021	0.024
0.720	0.074	0.119	0.087
0.077	0.089	0.017	0.817
0.064	0.181	0.712	0.043
0.056	0.001	0.920	0.023
0.979	0.019	0.001	0.001
0.818	0.023	0.135	0.024
0.055	0.193	0.001	0.751
0.042	0.149	0.738	0.071
0.059	0.030	0.861	0.050
0.932	0.001	0.001	0.066
