>TCGAATGGAMTC	4-TCGAATGGAMTC	11.055478	-44.858120	0	T:14.0(5.07%),B:189.9(0.09%),P:1e-19
0.105	0.001	0.041	0.853
0.041	0.715	0.042	0.202
0.190	0.108	0.539	0.163
0.940	0.001	0.058	0.001
0.819	0.001	0.124	0.056
0.052	0.130	0.001	0.817
0.101	0.046	0.584	0.269
0.095	0.001	0.903	0.001
0.894	0.001	0.059	0.046
0.454	0.373	0.055	0.118
0.249	0.001	0.001	0.749
0.053	0.817	0.092	0.038
