>WGAVWGRCCTST	16-ASAGGYCWBTCW	7.775818	-0.000002	0	T:217.0(1.60%),B:5022.0(2.16%),P:1e0
0.410	0.001	0.255	0.334
0.250	0.164	0.502	0.084
0.834	0.081	0.084	0.001
0.245	0.336	0.248	0.171
0.423	0.004	0.243	0.331
0.084	0.002	0.747	0.167
0.331	0.169	0.415	0.085
0.167	0.495	0.255	0.083
0.081	0.669	0.084	0.166
0.083	0.002	0.081	0.834
0.085	0.496	0.417	0.002
0.167	0.093	0.083	0.657
