>DKAKMTHCTTCH	15-DKAKMTHCTTCH,BestGuess:POL008.1_DCE_S_I/Jaspar(0.598)	8.454789	-0.000005	0	T:30.0(0.22%),B:1052.3(0.45%),P:1e0
0.292	0.001	0.415	0.292
0.001	0.143	0.429	0.427
0.705	0.001	0.293	0.001
0.163	0.137	0.422	0.279
0.435	0.558	0.006	0.001
0.137	0.143	0.156	0.564
0.279	0.285	0.007	0.429
0.001	0.713	0.001	0.285
0.137	0.292	0.001	0.570
0.001	0.278	0.001	0.720
0.143	0.693	0.020	0.144
0.292	0.292	0.001	0.415
