>YCAGGCAGRCCC	17-YCAGGCAGRCCC	8.276901	-0.000002	0	T:205.0(1.51%),B:4784.5(2.06%),P:1e0
0.102	0.397	0.001	0.500
0.102	0.494	0.099	0.304
0.901	0.002	0.096	0.001
0.207	0.001	0.693	0.099
0.196	0.307	0.491	0.006
0.307	0.596	0.001	0.096
0.500	0.105	0.196	0.199
0.301	0.105	0.497	0.097
0.298	0.102	0.398	0.202
0.001	0.696	0.099	0.204
0.001	0.794	0.001	0.204
0.295	0.596	0.001	0.108
