>GGAWCWGGCTRC	23-GYAGCCWGWTCC	6.953546	0.000000	0	T:1106.0(8.17%),B:23476.0(10.11%),P:1e0
0.343	0.001	0.571	0.085
0.243	0.172	0.584	0.001
0.585	0.324	0.090	0.001
0.414	0.001	0.090	0.495
0.247	0.662	0.090	0.001
0.495	0.086	0.001	0.418
0.081	0.001	0.662	0.256
0.081	0.253	0.414	0.253
0.252	0.661	0.001	0.086
0.162	0.004	0.001	0.833
0.410	0.171	0.338	0.081
0.328	0.509	0.001	0.162
