>TGRARGNNCTNY	25-TGRARGNNCTNY	6.938581	0.000000	0	T:141.0(1.04%),B:4690.9(2.02%),P:1e0
0.213	0.001	0.215	0.571
0.144	0.146	0.709	0.001
0.431	0.144	0.424	0.001
0.573	0.001	0.215	0.211
0.424	0.001	0.501	0.074
0.215	0.001	0.499	0.285
0.283	0.209	0.216	0.292
0.144	0.288	0.281	0.288
0.209	0.572	0.001	0.218
0.001	0.361	0.001	0.637
0.283	0.218	0.218	0.281
0.001	0.504	0.001	0.494
