>GRAKGTRSTTRA	14-GRAKGTRSTTRA,BestGuess:PH0117.1_Nkx3-1/Jaspar(0.599)	7.949157	-0.000620	0	T:47.0(0.35%),B:1252.1(0.54%),P:1e0
0.233	0.001	0.702	0.064
0.395	0.001	0.487	0.117
0.595	0.117	0.230	0.058
0.175	0.103	0.361	0.361
0.001	0.167	0.594	0.238
0.005	0.342	0.122	0.531
0.415	0.058	0.288	0.239
0.117	0.414	0.464	0.005
0.175	0.171	0.127	0.527
0.001	0.058	0.004	0.937
0.410	0.117	0.414	0.059
0.537	0.058	0.230	0.175
