>KWGGARAKTTCT	18-KWGGARAKTTCT	7.995337	-0.000001	0	T:42.0(0.31%),B:1408.5(0.61%),P:1e0
0.130	0.064	0.436	0.371
0.435	0.001	0.123	0.440
0.375	0.063	0.561	0.001
0.250	0.187	0.562	0.001
0.499	0.187	0.313	0.001
0.380	0.186	0.247	0.187
0.563	0.066	0.125	0.246
0.124	0.061	0.380	0.436
0.124	0.123	0.001	0.752
0.001	0.187	0.246	0.566
0.001	0.681	0.122	0.196
0.190	0.186	0.065	0.559
