>ASAGGYCWBTCW	16-ASAGGYCWBTCW,BestGuess:ZFX(Zf)/mES-Zfx-ChIP-Seq(GSE11431)/Homer(0.587)	7.775818	-0.000002	0	T:217.0(1.60%),B:5022.0(2.16%),P:1e0
0.657	0.083	0.093	0.167
0.002	0.417	0.496	0.085
0.834	0.081	0.002	0.083
0.166	0.084	0.669	0.081
0.083	0.255	0.495	0.167
0.085	0.415	0.169	0.331
0.167	0.747	0.002	0.084
0.331	0.243	0.004	0.423
0.171	0.248	0.336	0.245
0.001	0.084	0.081	0.834
0.084	0.502	0.164	0.250
0.334	0.255	0.001	0.410
