>DGAAGDAKMTMH	15-DKAKMTHCTTCH	8.454789	-0.000005	0	T:30.0(0.22%),B:1052.3(0.45%),P:1e0
0.415	0.001	0.292	0.292
0.144	0.020	0.693	0.143
0.720	0.001	0.278	0.001
0.570	0.001	0.292	0.137
0.285	0.001	0.713	0.001
0.429	0.007	0.285	0.279
0.564	0.156	0.143	0.137
0.001	0.006	0.558	0.435
0.279	0.422	0.137	0.163
0.001	0.293	0.001	0.705
0.427	0.429	0.143	0.001
0.292	0.415	0.001	0.292
