>RMAAYCWTGTTD	24-HAACAWGRTTKY	6.806137	0.000000	0	T:1168.0(8.63%),B:25046.4(10.78%),P:1e0
0.334	0.230	0.434	0.001
0.438	0.558	0.003	0.001
0.772	0.107	0.001	0.120
0.555	0.221	0.221	0.003
0.238	0.330	0.001	0.431
0.107	0.780	0.003	0.110
0.544	0.001	0.001	0.454
0.001	0.003	0.341	0.655
0.110	0.137	0.752	0.001
0.227	0.003	0.217	0.553
0.220	0.121	0.231	0.428
0.321	0.107	0.334	0.238
