>ATTCCATTCCAT	10-ATTCCATTCCAT	3.317113	-177.413980	0	T:7879.0(58.22%),B:116134.5(50.00%),P:1e-77
0.768	0.053	0.082	0.097
0.077	0.054	0.096	0.773
0.076	0.054	0.051	0.819
0.081	0.767	0.081	0.071
0.060	0.709	0.138	0.093
0.776	0.057	0.115	0.052
0.097	0.081	0.101	0.721
0.101	0.054	0.102	0.743
0.090	0.737	0.091	0.082
0.056	0.682	0.210	0.052
0.761	0.057	0.113	0.069
0.084	0.098	0.070	0.748
