>MWSARCWGSCTK	18-MWSARCWGSCTK	7.200600	-1.028842	0	T:7.0(0.76%),B:1493.1(0.62%),P:1e0
0.278	0.409	0.116	0.196
0.429	0.102	0.001	0.468
0.151	0.435	0.412	0.003
0.435	0.264	0.023	0.278
0.375	0.185	0.250	0.190
0.239	0.446	0.202	0.114
0.476	0.001	0.001	0.522
0.020	0.001	0.661	0.318
0.062	0.429	0.301	0.207
0.150	0.625	0.001	0.224
0.358	0.059	0.001	0.582
0.136	0.131	0.440	0.293
