>AAAATTTTTWAT	13-AAAATTTTTWAT	-1.723430	-12.193374	0	T:683.0(73.68%),B:160499.9(66.92%),P:1e-5
0.629	0.074	0.001	0.296
0.888	0.001	0.001	0.110
0.814	0.001	0.037	0.148
0.629	0.001	0.001	0.369
0.184	0.001	0.001	0.814
0.406	0.001	0.001	0.592
0.221	0.001	0.001	0.777
0.073	0.001	0.001	0.925
0.147	0.001	0.001	0.851
0.407	0.001	0.037	0.555
0.851	0.001	0.037	0.111
0.332	0.001	0.001	0.666
