>TGGDDTKGWGDD	6-TGGDDTKGWGDD,BestGuess:NKX2-2/MA1645.1/Jaspar(0.586)	4.011828	-48.969706	0	T:834.0(89.97%),B:186914.3(77.93%),P:1e-21
0.294	0.001	0.200	0.505
0.055	0.001	0.570	0.374
0.163	0.044	0.526	0.267
0.324	0.069	0.375	0.232
0.306	0.044	0.382	0.269
0.200	0.094	0.124	0.582
0.069	0.001	0.450	0.480
0.037	0.324	0.595	0.044
0.395	0.001	0.149	0.455
0.214	0.028	0.485	0.274
0.310	0.021	0.349	0.320
0.211	0.076	0.359	0.354
