>CTGAAGCCTGAD	17-CTGAAGCCTGAD	9.251236	-1.633754	0	T:4.0(0.43%),B:588.0(0.25%),P:1e0
0.151	0.556	0.151	0.142
0.414	0.004	0.004	0.578
0.063	0.113	0.803	0.021
0.477	0.234	0.180	0.109
0.674	0.021	0.125	0.180
0.213	0.146	0.494	0.146
0.243	0.465	0.109	0.184
0.192	0.740	0.001	0.067
0.225	0.001	0.001	0.773
0.042	0.067	0.816	0.075
0.490	0.092	0.285	0.134
0.243	0.176	0.360	0.222
