>HHCWCMAHHCCA	6-TGGDDTKGWGDD	4.011828	-48.969706	0	T:834.0(89.97%),B:186914.3(77.93%),P:1e-21
0.354	0.359	0.076	0.211
0.320	0.349	0.021	0.310
0.274	0.485	0.028	0.214
0.455	0.149	0.001	0.395
0.044	0.595	0.324	0.037
0.480	0.450	0.001	0.069
0.582	0.124	0.094	0.200
0.269	0.382	0.044	0.306
0.232	0.375	0.069	0.324
0.267	0.526	0.044	0.163
0.374	0.570	0.001	0.055
0.505	0.200	0.001	0.294
