>AATGGAATGGAA	11-AATGGAATGGAA	10.599178	-20.954367	0	T:22.0(2.37%),B:1084.6(0.45%),P:1e-9
0.783	0.132	0.036	0.049
0.664	0.161	0.174	0.001
0.050	0.042	0.001	0.907
0.064	0.256	0.534	0.146
0.102	0.139	0.758	0.001
0.956	0.042	0.001	0.001
0.655	0.193	0.140	0.012
0.039	0.079	0.058	0.824
0.068	0.249	0.583	0.100
0.206	0.150	0.561	0.083
0.847	0.092	0.017	0.044
0.731	0.158	0.090	0.021
