>YTTTYTTYWTTT	12-YTTTYTTYWTTT	4.679681	-13.740502	0	T:692.0(74.65%),B:161758.5(67.44%),P:1e-5
0.203	0.370	0.099	0.329
0.081	0.147	0.013	0.759
0.094	0.119	0.096	0.691
0.109	0.109	0.089	0.693
0.134	0.382	0.109	0.375
0.091	0.187	0.008	0.714
0.089	0.071	0.063	0.777
0.142	0.400	0.084	0.375
0.453	0.096	0.023	0.428
0.106	0.159	0.056	0.679
0.147	0.030	0.041	0.782
0.124	0.086	0.073	0.717
