>GGAATGGAATGG	4-GGAATGGAATGG	10.273596	-18.568390	0	T:13.0(4.71%),B:1207.9(0.56%),P:1e-8
0.168	0.173	0.658	0.001
0.163	0.163	0.669	0.005
0.836	0.162	0.001	0.001
0.673	0.001	0.163	0.163
0.326	0.009	0.001	0.664
0.005	0.001	0.826	0.168
0.326	0.005	0.668	0.001
0.831	0.163	0.005	0.001
0.831	0.005	0.001	0.163
0.001	0.326	0.163	0.510
0.005	0.332	0.658	0.005
0.005	0.163	0.822	0.010
