>AATGGAAYGGAA	5-AATGGAAYGGAA	11.533436	-4.190961	0	T:1.0(0.36%),B:12.0(0.01%),P:1e-1
0.692	0.140	0.066	0.102
0.609	0.148	0.148	0.095
0.094	0.034	0.154	0.718
0.103	0.074	0.698	0.125
0.113	0.068	0.737	0.082
0.736	0.200	0.001	0.063
0.768	0.064	0.116	0.052
0.177	0.361	0.167	0.295
0.228	0.123	0.496	0.152
0.136	0.078	0.711	0.075
0.710	0.069	0.077	0.144
0.765	0.048	0.102	0.085
