>WCWTNCWW	1-WCWTNCWW	3.271801	-39.472534	0	T:856.0(92.34%),B:198153.7(82.61%),P:1e-17	Tpos:91.3,Tstd:52.9,Bpos:13711.4,Bstd:53503.1,StrandBias:-0.0,Multiplicity:1.49
0.371	0.096	0.116	0.417
0.066	0.632	0.301	0.001
0.430	0.179	0.001	0.390
0.133	0.242	0.222	0.404
0.318	0.176	0.298	0.209
0.056	0.460	0.301	0.182
0.477	0.056	0.026	0.440
0.404	0.063	0.076	0.457
>ATGAAACA	2-ATGAAACA	0.651650	-33.280391	0	T:846.0(91.26%),B:197141.8(82.19%),P:1e-14	Tpos:88.9,Tstd:51.1,Bpos:15638.0,Bstd:59634.3,StrandBias:-0.1,Multiplicity:1.50
0.580	0.001	0.001	0.418
0.390	0.001	0.001	0.608
0.001	0.387	0.611	0.001
0.997	0.001	0.001	0.001
0.997	0.001	0.001	0.001
0.997	0.001	0.001	0.001
0.001	0.775	0.223	0.001
0.613	0.001	0.001	0.385
>AATSATCA	3-AATSATCA	-3.915478	-30.631644	0	T:899.0(96.98%),B:217615.0(90.73%),P:1e-13	Tpos:88.6,Tstd:50.6,Bpos:14253.3,Bstd:55245.7,StrandBias:0.1,Multiplicity:1.44
0.997	0.001	0.001	0.001
0.749	0.001	0.125	0.125
0.001	0.001	0.001	0.997
0.001	0.499	0.499	0.001
0.874	0.001	0.001	0.124
0.374	0.001	0.001	0.624
0.001	0.749	0.001	0.249
0.997	0.001	0.001	0.001
>THMWTSHD	4-THMWTSHD	2.830897	-22.472520	0	T:862.0(92.99%),B:207268.5(86.41%),P:1e-9	Tpos:89.6,Tstd:51.7,Bpos:12132.8,Bstd:45356.6,StrandBias:0.0,Multiplicity:1.48
0.250	0.226	0.087	0.437
0.326	0.295	0.032	0.347
0.411	0.300	0.053	0.237
0.413	0.184	0.001	0.402
0.200	0.187	0.215	0.398
0.001	0.570	0.428	0.001
0.353	0.229	0.079	0.339
0.313	0.100	0.229	0.358
>WWWSWBAW	5-WWWSWBAW	3.616148	-21.298721	0	T:806.0(86.95%),B:189905.7(79.18%),P:1e-9	Tpos:92.6,Tstd:52.6,Bpos:14505.8,Bstd:54402.1,StrandBias:0.1,Multiplicity:1.49
0.505	0.001	0.001	0.493
0.428	0.062	0.090	0.420
0.381	0.025	0.137	0.456
0.011	0.503	0.396	0.090
0.542	0.001	0.001	0.456
0.152	0.322	0.316	0.210
0.450	0.199	0.134	0.217
0.402	0.083	0.114	0.402
>THHAAAAA	6-THHAAAAA	2.905640	-20.106905	0	T:790.0(85.22%),B:185705.7(77.42%),P:1e-8	Tpos:91.4,Tstd:51.9,Bpos:15683.2,Bstd:57618.5,StrandBias:-0.0,Multiplicity:1.53
0.287	0.071	0.180	0.462
0.293	0.210	0.151	0.346
0.367	0.251	0.109	0.272
0.520	0.021	0.142	0.317
0.465	0.201	0.228	0.107
0.470	0.130	0.172	0.228
0.526	0.083	0.154	0.237
0.500	0.092	0.118	0.290
>WTATGTGA	7-WTATGTGA	-3.476006	-18.161583	0	T:896.0(96.66%),B:221118.0(92.19%),P:1e-7	Tpos:95.6,Tstd:52.9,Bpos:11807.9,Bstd:45113.3,StrandBias:-0.1,Multiplicity:1.52
0.500	0.001	0.001	0.498
0.001	0.001	0.001	0.997
0.988	0.001	0.001	0.010
0.238	0.001	0.001	0.760
0.001	0.238	0.760	0.001
0.001	0.010	0.021	0.968
0.001	0.001	0.997	0.001
0.499	0.250	0.011	0.240
>WTAAAHWW	8-WTAAAHWW	2.704195	-17.367802	0	T:805.0(86.84%),B:191823.3(79.98%),P:1e-7	Tpos:92.0,Tstd:50.4,Bpos:14554.8,Bstd:52285.5,StrandBias:0.1,Multiplicity:1.62
0.425	0.194	0.074	0.307
0.241	0.139	0.179	0.441
0.603	0.052	0.118	0.227
0.465	0.235	0.122	0.177
0.531	0.080	0.082	0.307
0.295	0.232	0.140	0.333
0.282	0.155	0.141	0.421
0.359	0.084	0.143	0.413
>TTATWTTT	9-TTATWTTT	3.788975	-17.119501	0	T:746.0(80.47%),B:174599.3(72.79%),P:1e-7	Tpos:86.8,Tstd:53.0,Bpos:14389.5,Bstd:50058.4,StrandBias:0.0,Multiplicity:1.58
0.196	0.083	0.160	0.561
0.215	0.145	0.155	0.484
0.408	0.210	0.171	0.211
0.296	0.109	0.081	0.514
0.363	0.143	0.067	0.427
0.314	0.068	0.041	0.577
0.145	0.041	0.055	0.759
0.162	0.094	0.032	0.712
>TTTTCTCA	10-TTTTCTCA	-5.213506	-15.997001	0	T:904.0(97.52%),B:225003.5(93.81%),P:1e-6	Tpos:89.9,Tstd:52.6,Bpos:11621.0,Bstd:45432.0,StrandBias:0.3,Multiplicity:1.62
0.001	0.001	0.001	0.997
0.001	0.001	0.001	0.997
0.001	0.001	0.001	0.997
0.001	0.001	0.001	0.997
0.001	0.849	0.149	0.001
0.001	0.001	0.001	0.997
0.001	0.997	0.001	0.001
0.899	0.001	0.001	0.099
>HATTTCCT	11-HATTTCCT	4.944288	-12.715578	0	T:618.0(66.67%),B:142418.7(59.38%),P:1e-5	Tpos:88.8,Tstd:51.7,Bpos:13693.4,Bstd:50020.3,StrandBias:-0.1,Multiplicity:1.47
0.306	0.256	0.081	0.357
0.850	0.094	0.006	0.050
0.193	0.001	0.001	0.805
0.018	0.006	0.001	0.975
0.087	0.144	0.137	0.632
0.031	0.918	0.001	0.050
0.200	0.494	0.012	0.294
0.025	0.006	0.001	0.968
>SNMCWGGM	12-SNMCWGGM	2.766377	-10.819611	0	T:906.0(97.73%),B:227912.3(95.02%),P:1e-4	Tpos:90.6,Tstd:52.0,Bpos:9843.3,Bstd:38230.0,StrandBias:0.0,Multiplicity:1.57
0.193	0.360	0.272	0.175
0.281	0.281	0.158	0.281
0.324	0.430	0.001	0.245
0.254	0.676	0.009	0.061
0.560	0.001	0.001	0.438
0.228	0.001	0.526	0.245
0.001	0.237	0.543	0.219
0.254	0.386	0.158	0.202
>TTCATTTC	13-TTCATTTC	4.217060	-10.335872	0	T:627.0(67.64%),B:146910.7(61.25%),P:1e-4	Tpos:93.1,Tstd:52.3,Bpos:12534.7,Bstd:44689.1,StrandBias:0.1,Multiplicity:1.53
0.072	0.064	0.001	0.863
0.032	0.040	0.056	0.872
0.056	0.823	0.008	0.113
0.874	0.001	0.004	0.121
0.007	0.001	0.001	0.991
0.012	0.001	0.001	0.986
0.008	0.040	0.008	0.944
0.056	0.719	0.064	0.161
>AAATAGCT	14-AAATAGCT	2.399224	-8.121570	0	T:925.0(99.78%),B:236590.3(98.64%),P:1e-3	Tpos:126.2,Tstd:58.1,Bpos:12809.2,Bstd:48559.5,StrandBias:-1.6,Multiplicity:1.00
0.700	0.100	0.100	0.100
0.700	0.100	0.100	0.100
0.700	0.100	0.100	0.100
0.100	0.100	0.100	0.700
0.700	0.100	0.100	0.100
0.100	0.100	0.700	0.100
0.100	0.700	0.100	0.100
0.100	0.100	0.100	0.700
>AATGGAAT	15-AATGGAAT	-2.743184	-7.198161	0	T:525.0(56.63%),B:123203.2(51.37%),P:1e-3	Tpos:92.6,Tstd:52.9,Bpos:17630.3,Bstd:64730.9,StrandBias:-0.3,Multiplicity:2.47
0.997	0.001	0.001	0.001
0.997	0.001	0.001	0.001
0.001	0.050	0.001	0.948
0.001	0.001	0.997	0.001
0.001	0.001	0.997	0.001
0.997	0.001	0.001	0.001
0.997	0.001	0.001	0.001
0.001	0.001	0.001	0.997
>AAAAAAAA	16-AAAAAAAA	4.759968	-6.562173	0	T:653.0(70.44%),B:157763.9(65.78%),P:1e-2	Tpos:90.4,Tstd:51.2,Bpos:15006.0,Bstd:53938.2,StrandBias:-0.3,Multiplicity:1.49
0.530	0.119	0.001	0.350
0.615	0.001	0.077	0.307
0.505	0.001	0.247	0.247
0.769	0.001	0.170	0.060
0.948	0.001	0.050	0.001
0.683	0.001	0.162	0.154
0.997	0.001	0.001	0.001
0.828	0.001	0.170	0.001
>TGTGTGTG	17-TGTGTGTG	2.399224	-5.622380	0	T:916.0(98.81%),B:233842.3(97.49%),P:1e-2	Tpos:92.4,Tstd:52.0,Bpos:11654.6,Bstd:47519.6,StrandBias:-0.0,Multiplicity:2.28
0.100	0.100	0.100	0.700
0.100	0.100	0.700	0.100
0.100	0.100	0.100	0.700
0.100	0.100	0.700	0.100
0.100	0.100	0.100	0.700
0.100	0.100	0.700	0.100
0.100	0.100	0.100	0.700
0.100	0.100	0.700	0.100
>AATGTTCA	18-AATGTTCA	2.399224	-3.785596	0	T:923.0(99.57%),B:237171.3(98.88%),P:1e-1	Tpos:103.0,Tstd:70.3,Bpos:12235.3,Bstd:47756.4,StrandBias:1.0,Multiplicity:1.00
0.700	0.100	0.100	0.100
0.700	0.100	0.100	0.100
0.100	0.100	0.100	0.700
0.100	0.100	0.700	0.100
0.100	0.100	0.100	0.700
0.100	0.100	0.100	0.700
0.100	0.700	0.100	0.100
0.700	0.100	0.100	0.100
>TTCCTCCT	19-TTCCTCCT	2.399224	-3.131120	0	T:926.0(99.89%),B:238584.5(99.47%),P:1e-1	Tpos:92.8,Tstd:52.5,Bpos:9575.4,Bstd:38174.5,StrandBias:-0.0,Multiplicity:2.12
0.100	0.100	0.100	0.700
0.100	0.100	0.100	0.700
0.100	0.700	0.100	0.100
0.100	0.700	0.100	0.100
0.100	0.100	0.100	0.700
0.100	0.700	0.100	0.100
0.100	0.700	0.100	0.100
0.100	0.100	0.100	0.700
>VTBWGCAH	20-VTBWGCAH	1.417035	-1.231331	0	T:927.0(100.00%),B:239534.5(99.87%),P:1e0	Tpos:90.6,Tstd:55.6,Bpos:11754.7,Bstd:46069.9,StrandBias:-0.0,Multiplicity:1.51
0.352	0.295	0.353	0.001
0.265	0.088	0.029	0.618
0.088	0.354	0.205	0.353
0.411	0.001	0.176	0.412
0.001	0.293	0.589	0.117
0.001	0.970	0.028	0.001
0.705	0.177	0.001	0.117
0.294	0.353	0.060	0.294
>MMTRSAGC	21-MMTRSAGC	-2.625687	-0.015430	0	T:927.0(100.00%),B:239849.8(100.00%),P:1e0	Tpos:90.2,Tstd:53.1,Bpos:13313.3,Bstd:53553.9,StrandBias:-0.0,Multiplicity:1.43
0.378	0.243	0.172	0.206
0.378	0.277	0.207	0.138
0.206	0.208	0.207	0.379
0.446	0.001	0.312	0.241
0.137	0.413	0.448	0.001
0.721	0.001	0.001	0.277
0.105	0.276	0.516	0.103
0.001	0.997	0.001	0.001
>GHWTGCHA	22-GHWTGCHA	5.969539	-0.009113	0	T:6.0(0.65%),B:3419.0(1.43%),P:1e0	Tpos:81.3,Tstd:41.6,Bpos:101236.8,Bstd:194202.5,StrandBias:-1.0,Multiplicity:1.00
0.181	0.265	0.458	0.096
0.349	0.229	0.169	0.253
0.398	0.120	0.097	0.385
0.421	0.001	0.001	0.577
0.001	0.349	0.649	0.001
0.001	0.674	0.108	0.217
0.277	0.349	0.001	0.373
0.997	0.001	0.001	0.001
>ACACCACA	23-ACACCACA	9.995944	-0.000443	0	T:6.0(0.65%),B:4522.0(1.89%),P:1e0	Tpos:27.0,Tstd:0.0,Bpos:19314.2,Bstd:43005.7,StrandBias:10.0,Multiplicity:1.00
0.868	0.001	0.130	0.001
0.001	0.976	0.022	0.001
0.849	0.131	0.001	0.019
0.127	0.869	0.001	0.003
0.001	0.869	0.127	0.003
0.852	0.146	0.001	0.001
0.003	0.849	0.147	0.001
0.852	0.001	0.001	0.146
>RCKTKRSW	24-RCKTKRSW	6.913450	-0.000017	0	T:197.0(21.25%),B:65061.1(27.13%),P:1e0	Tpos:67.0,Tstd:16.9,Bpos:9115.2,Bstd:24779.0,StrandBias:1.0,Multiplicity:1.00
0.499	0.001	0.499	0.001
0.001	0.997	0.001	0.001
0.001	0.001	0.499	0.499
0.001	0.001	0.001	0.997
0.001	0.001	0.499	0.499
0.499	0.001	0.499	0.001
0.001	0.499	0.499	0.001
0.499	0.001	0.001	0.499
>CAARRSAG	25-CAARRSAG	-24.841725	0.000000	0	T:927.0(100.00%),B:239853.7(100.00%),P:1e0	Tpos:88.8,Tstd:53.6,Bpos:11259.2,Bstd:44931.9,StrandBias:-0.0,Multiplicity:1.36
0.001	0.997	0.001	0.001
0.997	0.001	0.001	0.001
0.997	0.001	0.001	0.001
0.499	0.001	0.499	0.001
0.499	0.001	0.499	0.001
0.001	0.499	0.499	0.001
0.997	0.001	0.001	0.001
0.001	0.001	0.997	0.001
