>ATGGAATCGAAT	1-ATGGAATCGAAT	11.578112	-61.888237	0	T:20.0(2.16%),B:90.9(0.04%),P:1e-26	Tpos:105.4,Tstd:56.6,Bpos:12192.6,Bstd:22963.7,StrandBias:0.5,Multiplicity:1.12
0.997	0.001	0.001	0.001
0.001	0.001	0.001	0.997
0.001	0.044	0.954	0.001
0.001	0.001	0.997	0.001
0.997	0.001	0.001	0.001
0.997	0.001	0.001	0.001
0.001	0.001	0.001	0.997
0.001	0.849	0.149	0.001
0.001	0.001	0.997	0.001
0.997	0.001	0.001	0.001
0.997	0.001	0.001	0.001
0.001	0.001	0.001	0.997
>TCTCTCTCTCTC	2-TCTCTCTCTCTC	2.625881	-57.644603	0	T:900.0(97.09%),B:209510.9(87.35%),P:1e-25	Tpos:89.0,Tstd:50.2,Bpos:12413.8,Bstd:46706.7,StrandBias:0.1,Multiplicity:2.66
0.100	0.100	0.100	0.700
0.100	0.700	0.100	0.100
0.100	0.100	0.100	0.700
0.100	0.700	0.100	0.100
0.100	0.100	0.100	0.700
0.100	0.700	0.100	0.100
0.100	0.100	0.100	0.700
0.100	0.700	0.100	0.100
0.100	0.100	0.100	0.700
0.100	0.700	0.100	0.100
0.100	0.100	0.100	0.700
0.100	0.700	0.100	0.100
>GAAYGGAAYSGA	3-GAAYGGAAYSGA	14.478266	-54.880371	0	T:16.0(1.73%),B:50.8(0.02%),P:1e-23	Tpos:96.2,Tstd:52.3,Bpos:18008.4,Bstd:18479.0,StrandBias:-0.6,Multiplicity:4.00
0.001	0.002	0.970	0.027
0.997	0.001	0.001	0.001
0.997	0.001	0.001	0.001
0.001	0.458	0.001	0.540
0.026	0.001	0.972	0.001
0.001	0.028	0.970	0.001
0.997	0.001	0.001	0.001
0.997	0.001	0.001	0.001
0.001	0.456	0.001	0.542
0.030	0.454	0.515	0.001
0.001	0.032	0.966	0.001
0.997	0.001	0.001	0.001
>NTGGDBDGGRGD	4-NTGGDBDGGRGD	3.743835	-54.649708	0	T:860.0(92.77%),B:194186.4(80.96%),P:1e-23	Tpos:90.5,Tstd:50.9,Bpos:11355.3,Bstd:45658.6,StrandBias:0.0,Multiplicity:1.48
0.259	0.176	0.315	0.250
0.231	0.001	0.305	0.463
0.148	0.001	0.555	0.296
0.167	0.222	0.389	0.222
0.315	0.056	0.333	0.296
0.139	0.259	0.269	0.333
0.296	0.001	0.287	0.416
0.001	0.001	0.619	0.379
0.009	0.019	0.639	0.333
0.389	0.001	0.490	0.120
0.296	0.111	0.592	0.001
0.305	0.001	0.389	0.305
>CACTCGGGTTGA	5-CACTCGGGTTGA	13.914016	-51.813313	0	T:11.0(1.19%),B:6.8(0.00%),P:1e-22	Tpos:104.9,Tstd:50.7,Bpos:1442.5,Bstd:1541.3,StrandBias:1.0,Multiplicity:1.33
0.076	0.922	0.001	0.001
0.997	0.001	0.001	0.001
0.001	0.911	0.001	0.087
0.001	0.001	0.001	0.997
0.076	0.922	0.001	0.001
0.001	0.001	0.997	0.001
0.087	0.001	0.911	0.001
0.001	0.001	0.997	0.001
0.001	0.001	0.001	0.997
0.001	0.001	0.001	0.997
0.001	0.001	0.997	0.001
0.997	0.001	0.001	0.001
>AATGGACTSGAA	6-AATGGACTSGAA	12.157393	-48.608319	0	T:21.0(2.27%),B:223.8(0.09%),P:1e-21	Tpos:63.0,Tstd:47.0,Bpos:16400.3,Bstd:36376.9,StrandBias:1.9,Multiplicity:1.27
0.997	0.001	0.001	0.001
0.997	0.001	0.001	0.001
0.001	0.108	0.001	0.890
0.007	0.111	0.881	0.001
0.001	0.001	0.997	0.001
0.997	0.001	0.001	0.001
0.346	0.544	0.109	0.001
0.001	0.217	0.001	0.781
0.002	0.545	0.451	0.002
0.001	0.001	0.997	0.001
0.997	0.001	0.001	0.001
0.997	0.001	0.001	0.001
>TCGAATGGAATC	7-TCGAATGGAATC	9.363043	-46.780870	0	T:24.0(2.59%),B:376.4(0.16%),P:1e-20	Tpos:124.3,Tstd:45.6,Bpos:9955.2,Bstd:32388.3,StrandBias:1.4,Multiplicity:1.81
0.001	0.001	0.001	0.997
0.127	0.850	0.022	0.001
0.001	0.001	0.997	0.001
0.997	0.001	0.001	0.001
0.997	0.001	0.001	0.001
0.001	0.001	0.001	0.997
0.001	0.001	0.997	0.001
0.001	0.001	0.981	0.017
0.997	0.001	0.001	0.001
0.997	0.001	0.001	0.001
0.001	0.001	0.001	0.997
0.001	0.853	0.145	0.001
>HWMARHTBHBWN	8-HWMARHTBHBWN	3.642673	-32.692555	0	T:851.0(91.80%),B:199092.6(83.01%),P:1e-14	Tpos:93.5,Tstd:49.2,Bpos:14881.8,Bstd:57851.6,StrandBias:0.0,Multiplicity:1.48
0.265	0.310	0.115	0.310
0.398	0.071	0.053	0.478
0.460	0.434	0.062	0.044
0.841	0.001	0.026	0.132
0.425	0.035	0.496	0.044
0.336	0.327	0.053	0.283
0.071	0.124	0.071	0.734
0.106	0.292	0.310	0.292
0.398	0.266	0.027	0.310
0.044	0.381	0.248	0.327
0.416	0.071	0.080	0.434
0.204	0.230	0.248	0.319
>GGAATGGAATGG	9-GGAATGGAATGG	11.569029	-26.275628	0	T:19.0(2.05%),B:571.7(0.24%),P:1e-11	Tpos:73.7,Tstd:44.4,Bpos:13986.2,Bstd:23366.3,StrandBias:-0.3,Multiplicity:1.25
0.043	0.173	0.725	0.059
0.108	0.064	0.791	0.037
0.925	0.001	0.051	0.023
0.740	0.001	0.189	0.070
0.048	0.001	0.115	0.836
0.061	0.001	0.795	0.143
0.037	0.043	0.883	0.037
0.977	0.001	0.021	0.001
0.826	0.001	0.111	0.062
0.021	0.001	0.047	0.931
0.047	0.111	0.802	0.040
0.155	0.047	0.775	0.023
>GATAGATAGATA	10-GATAGATAGATA	2.625881	-21.762914	0	T:887.0(95.69%),B:216325.2(90.19%),P:1e-9	Tpos:93.2,Tstd:50.9,Bpos:15107.5,Bstd:52762.0,StrandBias:-0.1,Multiplicity:2.34
0.100	0.100	0.700	0.100
0.700	0.100	0.100	0.100
0.100	0.100	0.100	0.700
0.700	0.100	0.100	0.100
0.100	0.100	0.700	0.100
0.700	0.100	0.100	0.100
0.100	0.100	0.100	0.700
0.700	0.100	0.100	0.100
0.100	0.100	0.700	0.100
0.700	0.100	0.100	0.100
0.100	0.100	0.100	0.700
0.700	0.100	0.100	0.100
>AATGGAATCATC	11-AATGGAATCATC	13.841619	-17.562291	0	T:8.0(0.86%),B:110.8(0.05%),P:1e-7	Tpos:113.2,Tstd:41.5,Bpos:17173.4,Bstd:70573.6,StrandBias:0.5,Multiplicity:1.71
0.814	0.001	0.001	0.184
0.939	0.001	0.059	0.001
0.051	0.088	0.001	0.860
0.001	0.001	0.997	0.001
0.036	0.001	0.962	0.001
0.997	0.001	0.001	0.001
0.941	0.001	0.057	0.001
0.001	0.001	0.001	0.997
0.120	0.661	0.001	0.218
0.946	0.001	0.001	0.052
0.046	0.001	0.001	0.952
0.001	0.960	0.001	0.038
>HWTTTTTTTTWT	12-HWTTTTTTTTWT	3.604340	-14.728882	0	T:750.0(80.91%),B:177362.1(73.95%),P:1e-6	Tpos:91.8,Tstd:52.1,Bpos:13743.4,Bstd:48635.9,StrandBias:0.1,Multiplicity:1.69
0.343	0.223	0.090	0.343
0.397	0.080	0.053	0.470
0.133	0.070	0.097	0.700
0.103	0.063	0.127	0.707
0.220	0.090	0.193	0.497
0.267	0.200	0.060	0.473
0.257	0.073	0.077	0.593
0.170	0.077	0.150	0.603
0.253	0.100	0.107	0.540
0.283	0.080	0.117	0.520
0.417	0.067	0.067	0.450
0.270	0.173	0.073	0.483
>CTCTCTCTCTCT	13-CTCTCTCTCTCT	-5.198591	-5.431240	0	T:488.0(52.64%),B:115793.1(48.28%),P:1e-2	Tpos:86.3,Tstd:52.4,Bpos:12776.2,Bstd:48622.6,StrandBias:0.4,Multiplicity:1.52
0.001	0.925	0.073	0.001
0.001	0.001	0.001	0.997
0.001	0.830	0.168	0.001
0.001	0.001	0.001	0.997
0.001	0.928	0.070	0.001
0.001	0.001	0.250	0.748
0.001	0.862	0.136	0.001
0.001	0.001	0.276	0.722
0.001	0.940	0.058	0.001
0.001	0.001	0.056	0.942
0.158	0.673	0.168	0.001
0.001	0.001	0.012	0.986
>NYCCWGKKTTGK	14-NYCCWGKKTTGK	7.506521	-0.495678	0	T:4.0(0.43%),B:1092.0(0.46%),P:1e0	Tpos:157.0,Tstd:16.0,Bpos:11874.8,Bstd:38079.0,StrandBias:10.0,Multiplicity:1.00
0.329	0.260	0.189	0.222
0.083	0.436	0.092	0.390
0.130	0.775	0.012	0.083
0.329	0.564	0.001	0.106
0.437	0.059	0.105	0.399
0.059	0.189	0.728	0.024
0.142	0.047	0.374	0.437
0.186	0.142	0.294	0.378
0.083	0.188	0.260	0.470
0.012	0.024	0.260	0.704
0.117	0.140	0.495	0.248
0.201	0.176	0.375	0.248
>NNNNNNNNNNNN	15-NNNNNNNNNNNN	-nan	0.000000	0	T:0.0(0.00%),B:0.0(0.00%),P:1e0	Tpos:0.0,Tstd:0.0,Bpos:0.0,Bstd:0.0,StrandBias:0.0,Multiplicity:1.00
-nan	-nan	-nan	-nan
-nan	-nan	-nan	-nan
-nan	-nan	-nan	-nan
-nan	-nan	-nan	-nan
-nan	-nan	-nan	-nan
-nan	-nan	-nan	-nan
-nan	-nan	-nan	-nan
-nan	-nan	-nan	-nan
-nan	-nan	-nan	-nan
-nan	-nan	-nan	-nan
-nan	-nan	-nan	-nan
-nan	-nan	-nan	-nan
>NNNNNNNNNNNN	16-NNNNNNNNNNNN	-nan	0.000000	0	T:0.0(0.00%),B:0.0(0.00%),P:1e0	Tpos:0.0,Tstd:0.0,Bpos:0.0,Bstd:0.0,StrandBias:0.0,Multiplicity:1.00
-nan	-nan	-nan	-nan
-nan	-nan	-nan	-nan
-nan	-nan	-nan	-nan
-nan	-nan	-nan	-nan
-nan	-nan	-nan	-nan
-nan	-nan	-nan	-nan
-nan	-nan	-nan	-nan
-nan	-nan	-nan	-nan
-nan	-nan	-nan	-nan
-nan	-nan	-nan	-nan
-nan	-nan	-nan	-nan
-nan	-nan	-nan	-nan
>NNNNNNNNNNNN	17-NNNNNNNNNNNN	-nan	0.000000	0	T:0.0(0.00%),B:0.0(0.00%),P:1e0	Tpos:0.0,Tstd:0.0,Bpos:0.0,Bstd:0.0,StrandBias:0.0,Multiplicity:1.00
-nan	-nan	-nan	-nan
-nan	-nan	-nan	-nan
-nan	-nan	-nan	-nan
-nan	-nan	-nan	-nan
-nan	-nan	-nan	-nan
-nan	-nan	-nan	-nan
-nan	-nan	-nan	-nan
-nan	-nan	-nan	-nan
-nan	-nan	-nan	-nan
-nan	-nan	-nan	-nan
-nan	-nan	-nan	-nan
-nan	-nan	-nan	-nan
>NNNNNNNNNNNN	18-NNNNNNNNNNNN	-nan	0.000000	0	T:0.0(0.00%),B:0.0(0.00%),P:1e0	Tpos:0.0,Tstd:0.0,Bpos:0.0,Bstd:0.0,StrandBias:0.0,Multiplicity:1.00
-nan	-nan	-nan	-nan
-nan	-nan	-nan	-nan
-nan	-nan	-nan	-nan
-nan	-nan	-nan	-nan
-nan	-nan	-nan	-nan
-nan	-nan	-nan	-nan
-nan	-nan	-nan	-nan
-nan	-nan	-nan	-nan
-nan	-nan	-nan	-nan
-nan	-nan	-nan	-nan
-nan	-nan	-nan	-nan
-nan	-nan	-nan	-nan
>NNNNNNNNNNNN	19-NNNNNNNNNNNN	-nan	0.000000	0	T:0.0(0.00%),B:0.0(0.00%),P:1e0	Tpos:0.0,Tstd:0.0,Bpos:0.0,Bstd:0.0,StrandBias:0.0,Multiplicity:1.00
-nan	-nan	-nan	-nan
-nan	-nan	-nan	-nan
-nan	-nan	-nan	-nan
-nan	-nan	-nan	-nan
-nan	-nan	-nan	-nan
-nan	-nan	-nan	-nan
-nan	-nan	-nan	-nan
-nan	-nan	-nan	-nan
-nan	-nan	-nan	-nan
-nan	-nan	-nan	-nan
-nan	-nan	-nan	-nan
-nan	-nan	-nan	-nan
>NNNNNNNNNNNN	20-NNNNNNNNNNNN	-nan	0.000000	0	T:0.0(0.00%),B:0.0(0.00%),P:1e0	Tpos:0.0,Tstd:0.0,Bpos:0.0,Bstd:0.0,StrandBias:0.0,Multiplicity:1.00
-nan	-nan	-nan	-nan
-nan	-nan	-nan	-nan
-nan	-nan	-nan	-nan
-nan	-nan	-nan	-nan
-nan	-nan	-nan	-nan
-nan	-nan	-nan	-nan
-nan	-nan	-nan	-nan
-nan	-nan	-nan	-nan
-nan	-nan	-nan	-nan
-nan	-nan	-nan	-nan
-nan	-nan	-nan	-nan
-nan	-nan	-nan	-nan
>NNNNNNNNNNNN	21-NNNNNNNNNNNN	-nan	0.000000	0	T:0.0(0.00%),B:0.0(0.00%),P:1e0	Tpos:0.0,Tstd:0.0,Bpos:0.0,Bstd:0.0,StrandBias:0.0,Multiplicity:1.00
-nan	-nan	-nan	-nan
-nan	-nan	-nan	-nan
-nan	-nan	-nan	-nan
-nan	-nan	-nan	-nan
-nan	-nan	-nan	-nan
-nan	-nan	-nan	-nan
-nan	-nan	-nan	-nan
-nan	-nan	-nan	-nan
-nan	-nan	-nan	-nan
-nan	-nan	-nan	-nan
-nan	-nan	-nan	-nan
-nan	-nan	-nan	-nan
>NNNNNNNNNNNN	22-NNNNNNNNNNNN	-nan	0.000000	0	T:0.0(0.00%),B:0.0(0.00%),P:1e0	Tpos:0.0,Tstd:0.0,Bpos:0.0,Bstd:0.0,StrandBias:0.0,Multiplicity:1.00
-nan	-nan	-nan	-nan
-nan	-nan	-nan	-nan
-nan	-nan	-nan	-nan
-nan	-nan	-nan	-nan
-nan	-nan	-nan	-nan
-nan	-nan	-nan	-nan
-nan	-nan	-nan	-nan
-nan	-nan	-nan	-nan
-nan	-nan	-nan	-nan
-nan	-nan	-nan	-nan
-nan	-nan	-nan	-nan
-nan	-nan	-nan	-nan
>NNNNNNNNNNNN	23-NNNNNNNNNNNN	-nan	0.000000	0	T:0.0(0.00%),B:0.0(0.00%),P:1e0	Tpos:0.0,Tstd:0.0,Bpos:0.0,Bstd:0.0,StrandBias:0.0,Multiplicity:1.00
-nan	-nan	-nan	-nan
-nan	-nan	-nan	-nan
-nan	-nan	-nan	-nan
-nan	-nan	-nan	-nan
-nan	-nan	-nan	-nan
-nan	-nan	-nan	-nan
-nan	-nan	-nan	-nan
-nan	-nan	-nan	-nan
-nan	-nan	-nan	-nan
-nan	-nan	-nan	-nan
-nan	-nan	-nan	-nan
-nan	-nan	-nan	-nan
>NNNNNNNNNNNN	24-NNNNNNNNNNNN	-nan	0.000000	0	T:0.0(0.00%),B:0.0(0.00%),P:1e0	Tpos:0.0,Tstd:0.0,Bpos:0.0,Bstd:0.0,StrandBias:0.0,Multiplicity:1.00
-nan	-nan	-nan	-nan
-nan	-nan	-nan	-nan
-nan	-nan	-nan	-nan
-nan	-nan	-nan	-nan
-nan	-nan	-nan	-nan
-nan	-nan	-nan	-nan
-nan	-nan	-nan	-nan
-nan	-nan	-nan	-nan
-nan	-nan	-nan	-nan
-nan	-nan	-nan	-nan
-nan	-nan	-nan	-nan
-nan	-nan	-nan	-nan
>NNNNNNNNNNNN	25-NNNNNNNNNNNN	-nan	0.000000	0	T:0.0(0.00%),B:0.0(0.00%),P:1e0	Tpos:0.0,Tstd:0.0,Bpos:0.0,Bstd:0.0,StrandBias:0.0,Multiplicity:1.00
-nan	-nan	-nan	-nan
-nan	-nan	-nan	-nan
-nan	-nan	-nan	-nan
-nan	-nan	-nan	-nan
-nan	-nan	-nan	-nan
-nan	-nan	-nan	-nan
-nan	-nan	-nan	-nan
-nan	-nan	-nan	-nan
-nan	-nan	-nan	-nan
-nan	-nan	-nan	-nan
-nan	-nan	-nan	-nan
-nan	-nan	-nan	-nan
