>DCHCAGHBWT	1-DCHCAGHBWT	3.966640	-42.248978	0	T:832.0(89.75%),B:188783.4(78.71%),P:1e-18	Tpos:91.5,Tstd:50.4,Bpos:12201.7,Bstd:47927.7,StrandBias:-0.1,Multiplicity:1.48
0.342	0.013	0.368	0.276
0.001	0.683	0.315	0.001
0.316	0.368	0.001	0.315
0.197	0.645	0.157	0.001
0.578	0.001	0.001	0.420
0.001	0.420	0.578	0.001
0.276	0.316	0.132	0.276
0.105	0.303	0.224	0.369
0.433	0.001	0.001	0.565
0.275	0.001	0.001	0.723
>CAACCCGAGT	2-CAACCCGAGT	8.073780	-40.881479	0	T:15.0(1.62%),B:105.2(0.04%),P:1e-17	Tpos:109.0,Tstd:50.5,Bpos:6015.8,Bstd:25596.1,StrandBias:-1.0,Multiplicity:1.20
0.001	0.997	0.001	0.001
0.997	0.001	0.001	0.001
0.997	0.001	0.001	0.001
0.001	0.997	0.001	0.001
0.001	0.997	0.001	0.001
0.001	0.941	0.057	0.001
0.001	0.001	0.997	0.001
0.997	0.001	0.001	0.001
0.055	0.001	0.943	0.001
0.001	0.001	0.001	0.997
>VDSCWGGGSW	3-VDSCWGGGSW	3.425312	-33.180548	0	T:892.0(96.22%),B:213897.2(89.18%),P:1e-14	Tpos:94.8,Tstd:51.3,Bpos:10911.9,Bstd:44976.1,StrandBias:-0.1,Multiplicity:1.66
0.313	0.294	0.235	0.157
0.255	0.177	0.235	0.333
0.098	0.334	0.412	0.157
0.235	0.589	0.137	0.039
0.508	0.001	0.001	0.490
0.019	0.001	0.902	0.078
0.294	0.001	0.607	0.098
0.313	0.001	0.685	0.001
0.176	0.392	0.431	0.001
0.469	0.001	0.001	0.529
>WWWSWGNDAW	4-WWWSWGNDAW	4.035733	-30.451606	0	T:806.0(86.95%),B:185327.5(77.27%),P:1e-13	Tpos:90.8,Tstd:52.1,Bpos:13178.4,Bstd:50685.3,StrandBias:0.1,Multiplicity:1.49
0.323	0.165	0.150	0.362
0.417	0.181	0.095	0.307
0.487	0.001	0.001	0.511
0.001	0.432	0.566	0.001
0.550	0.001	0.001	0.448
0.001	0.001	0.857	0.141
0.315	0.205	0.221	0.260
0.339	0.150	0.276	0.236
0.433	0.118	0.173	0.276
0.370	0.158	0.197	0.276
>GGAATGGAAT	5-GGAATGGAAT	11.064496	-30.084530	0	T:22.0(2.37%),B:664.3(0.28%),P:1e-13	Tpos:98.9,Tstd:52.7,Bpos:15635.8,Bstd:25297.1,StrandBias:-0.5,Multiplicity:9.91
0.001	0.072	0.926	0.001
0.001	0.050	0.948	0.001
0.997	0.001	0.001	0.001
0.997	0.001	0.001	0.001
0.001	0.039	0.001	0.959
0.001	0.010	0.988	0.001
0.001	0.042	0.956	0.001
0.997	0.001	0.001	0.001
0.997	0.001	0.001	0.001
0.001	0.001	0.001	0.997
>TTYDYCAAAN	6-TTYDYCAAAN	0.369027	-28.206034	0	T:906.0(97.73%),B:221376.9(92.30%),P:1e-12	Tpos:92.0,Tstd:52.0,Bpos:14379.1,Bstd:56542.6,StrandBias:0.3,Multiplicity:1.42
0.001	0.001	0.001	0.997
0.176	0.303	0.001	0.520
0.131	0.434	0.001	0.434
0.391	0.044	0.262	0.303
0.219	0.389	0.001	0.391
0.044	0.867	0.001	0.088
0.564	0.391	0.001	0.044
0.652	0.216	0.131	0.001
0.997	0.001	0.001	0.001
0.262	0.218	0.304	0.216
>WWSWNNCAWT	7-WWSWNNCAWT	4.013550	-26.222050	0	T:788.0(85.01%),B:181805.1(75.80%),P:1e-11	Tpos:90.7,Tstd:51.9,Bpos:14190.9,Bstd:52964.8,StrandBias:0.0,Multiplicity:1.52
0.474	0.001	0.001	0.524
0.499	0.001	0.001	0.499
0.175	0.338	0.400	0.087
0.475	0.075	0.001	0.450
0.275	0.238	0.263	0.225
0.213	0.262	0.250	0.275
0.001	0.886	0.112	0.001
0.586	0.001	0.001	0.412
0.424	0.001	0.001	0.574
0.374	0.001	0.001	0.624
>HTCTTTCTCH	8-HTCTTTCTCH	3.318147	-25.164687	0	T:849.0(91.59%),B:201679.0(84.08%),P:1e-10	Tpos:89.4,Tstd:51.4,Bpos:11704.9,Bstd:46622.2,StrandBias:0.1,Multiplicity:1.45
0.252	0.224	0.182	0.342
0.146	0.142	0.101	0.611
0.122	0.579	0.163	0.136
0.139	0.179	0.092	0.590
0.136	0.153	0.131	0.580
0.123	0.187	0.140	0.550
0.144	0.488	0.176	0.192
0.156	0.160	0.092	0.592
0.170	0.459	0.179	0.192
0.312	0.222	0.141	0.325
>ATSGAATGGA	9-ATSGAATGGA	9.337196	-21.130467	0	T:26.0(2.80%),B:1505.6(0.63%),P:1e-9	Tpos:86.7,Tstd:56.4,Bpos:13025.3,Bstd:32285.8,StrandBias:1.4,Multiplicity:1.53
0.573	0.151	0.224	0.052
0.032	0.088	0.020	0.860
0.027	0.511	0.423	0.039
0.056	0.032	0.890	0.022
0.922	0.049	0.001	0.028
0.889	0.001	0.078	0.032
0.016	0.121	0.020	0.843
0.057	0.071	0.766	0.106
0.033	0.033	0.885	0.049
0.868	0.045	0.049	0.038
>AATGGAATCA	10-AATGGAATCA	13.097038	-19.709981	0	T:19.0(2.05%),B:856.8(0.36%),P:1e-8	Tpos:98.2,Tstd:53.0,Bpos:13910.9,Bstd:49847.9,StrandBias:3.5,Multiplicity:1.50
0.936	0.001	0.001	0.062
0.919	0.031	0.036	0.014
0.035	0.035	0.001	0.929
0.001	0.001	0.997	0.001
0.053	0.001	0.945	0.001
0.997	0.001	0.001	0.001
0.953	0.014	0.032	0.001
0.043	0.014	0.001	0.942
0.059	0.784	0.036	0.121
0.880	0.015	0.078	0.027
>TTTTTWTHWW	11-TTTTTWTHWW	3.919080	-17.923325	0	T:765.0(82.52%),B:179597.2(74.88%),P:1e-7	Tpos:92.2,Tstd:52.2,Bpos:14624.6,Bstd:53614.6,StrandBias:0.1,Multiplicity:1.50
0.360	0.001	0.001	0.638
0.232	0.001	0.001	0.766
0.157	0.104	0.104	0.635
0.100	0.225	0.136	0.539
0.001	0.277	0.265	0.458
0.241	0.169	0.201	0.389
0.245	0.001	0.297	0.458
0.249	0.225	0.169	0.357
0.329	0.120	0.177	0.374
0.334	0.136	0.108	0.421
>ATACACACAC	12-ATACACACAC	2.512553	-16.215244	0	T:911.0(98.27%),B:227677.4(94.92%),P:1e-7	Tpos:91.4,Tstd:52.4,Bpos:11361.3,Bstd:43842.9,StrandBias:-0.0,Multiplicity:1.63
0.700	0.100	0.100	0.100
0.100	0.100	0.100	0.700
0.700	0.100	0.100	0.100
0.100	0.700	0.100	0.100
0.700	0.100	0.100	0.100
0.100	0.700	0.100	0.100
0.700	0.100	0.100	0.100
0.100	0.700	0.100	0.100
0.700	0.100	0.100	0.100
0.100	0.700	0.100	0.100
>WWWKYYNCTN	13-WWWKYYNCTN	4.110319	-13.158422	0	T:801.0(86.41%),B:193283.2(80.58%),P:1e-5	Tpos:88.2,Tstd:52.3,Bpos:14691.2,Bstd:57158.4,StrandBias:-0.1,Multiplicity:1.47
0.570	0.001	0.001	0.428
0.507	0.001	0.001	0.491
0.475	0.001	0.001	0.523
0.222	0.001	0.380	0.397
0.001	0.555	0.001	0.443
0.238	0.349	0.001	0.412
0.286	0.159	0.285	0.270
0.237	0.761	0.001	0.001
0.001	0.349	0.127	0.523
0.254	0.238	0.254	0.254
>TWATAATWTW	14-TWATAATWTW	-2.757112	-11.208873	0	T:684.0(73.79%),B:161597.3(67.37%),P:1e-4	Tpos:93.5,Tstd:50.8,Bpos:14656.8,Bstd:50843.9,StrandBias:0.1,Multiplicity:1.74
0.153	0.001	0.001	0.845
0.461	0.001	0.001	0.537
0.691	0.001	0.001	0.307
0.307	0.001	0.001	0.691
0.922	0.001	0.001	0.076
0.997	0.001	0.001	0.001
0.230	0.001	0.001	0.768
0.537	0.001	0.001	0.461
0.001	0.001	0.001	0.997
0.537	0.001	0.001	0.461
>ATGGAATAAA	15-ATGGAATAAA	4.257655	-10.741436	0	T:578.0(62.35%),B:133488.0(55.65%),P:1e-4	Tpos:87.1,Tstd:52.4,Bpos:14273.6,Bstd:50394.9,StrandBias:-0.1,Multiplicity:1.55
0.926	0.001	0.068	0.005
0.051	0.001	0.077	0.871
0.040	0.037	0.820	0.103
0.136	0.001	0.831	0.032
0.856	0.068	0.042	0.034
0.852	0.057	0.040	0.051
0.136	0.068	0.001	0.795
0.730	0.085	0.065	0.120
0.881	0.034	0.034	0.051
0.729	0.066	0.051	0.154
>WTYTTTTTTT	16-WTYTTTTTTT	4.697534	-5.693357	0	T:591.0(63.75%),B:142339.9(59.34%),P:1e-2	Tpos:88.4,Tstd:52.2,Bpos:14209.3,Bstd:49636.5,StrandBias:-0.0,Multiplicity:1.61
0.296	0.197	0.116	0.391
0.279	0.198	0.082	0.441
0.255	0.269	0.065	0.411
0.249	0.294	0.005	0.451
0.291	0.181	0.001	0.527
0.213	0.095	0.001	0.691
0.350	0.001	0.010	0.639
0.277	0.037	0.011	0.675
0.235	0.182	0.001	0.582
0.201	0.252	0.016	0.531
>CCCAGGAGGG	17-CCCAGGAGGG	0.566642	-2.352144	0	T:927.0(100.00%),B:239244.9(99.75%),P:1e-1	Tpos:93.2,Tstd:51.3,Bpos:9328.9,Bstd:38974.6,StrandBias:-0.1,Multiplicity:2.41
0.100	0.700	0.100	0.100
0.100	0.700	0.100	0.100
0.100	0.700	0.100	0.100
0.700	0.100	0.100	0.100
0.100	0.100	0.700	0.100
0.100	0.100	0.700	0.100
0.700	0.100	0.100	0.100
0.100	0.100	0.700	0.100
0.100	0.100	0.700	0.100
0.100	0.100	0.700	0.100
>AATGGAATGG	18-AATGGAATGG	3.961575	-1.518432	0	T:475.0(51.24%),B:119712.0(49.91%),P:1e0	Tpos:89.7,Tstd:51.1,Bpos:15225.1,Bstd:56967.6,StrandBias:-0.1,Multiplicity:1.68
0.805	0.066	0.058	0.071
0.767	0.063	0.131	0.039
0.035	0.040	0.018	0.907
0.078	0.057	0.771	0.094
0.028	0.048	0.884	0.040
0.872	0.058	0.019	0.051
0.672	0.069	0.240	0.019
0.064	0.090	0.031	0.815
0.129	0.077	0.708	0.086
0.129	0.032	0.807	0.032
>ACTCCACTCC	19-ACTCCACTCC	0.000000	-0.258482	0	T:927.0(100.00%),B:239786.1(99.97%),P:1e0
0.700	0.100	0.100	0.100
0.100	0.700	0.100	0.100
0.100	0.100	0.100	0.700
0.100	0.700	0.100	0.100
0.100	0.700	0.100	0.100
0.700	0.100	0.100	0.100
0.100	0.700	0.100	0.100
0.100	0.100	0.100	0.700
0.100	0.700	0.100	0.100
0.100	0.700	0.100	0.100
>AGAGAAGAGA	20-AGAGAAGAGA	0.000000	-0.135019	0	T:927.0(100.00%),B:239818.9(99.99%),P:1e0
0.700	0.100	0.100	0.100
0.100	0.100	0.700	0.100
0.700	0.100	0.100	0.100
0.100	0.100	0.700	0.100
0.700	0.100	0.100	0.100
0.700	0.100	0.100	0.100
0.100	0.100	0.700	0.100
0.700	0.100	0.100	0.100
0.100	0.100	0.700	0.100
0.700	0.100	0.100	0.100
>AAATGCTGAA	21-AAATGCTGAA	0.000000	-0.104156	0	T:927.0(100.00%),B:239826.5(99.99%),P:1e0
0.700	0.100	0.100	0.100
0.700	0.100	0.100	0.100
0.700	0.100	0.100	0.100
0.100	0.100	0.100	0.700
0.100	0.100	0.700	0.100
0.100	0.700	0.100	0.100
0.100	0.100	0.100	0.700
0.100	0.100	0.700	0.100
0.700	0.100	0.100	0.100
0.700	0.100	0.100	0.100
>TCTATTTCCT	22-TCTATTTCCT	0.000000	-0.104156	0	T:927.0(100.00%),B:239826.1(99.99%),P:1e0
0.100	0.100	0.100	0.700
0.100	0.700	0.100	0.100
0.100	0.100	0.100	0.700
0.700	0.100	0.100	0.100
0.100	0.100	0.100	0.700
0.100	0.100	0.100	0.700
0.100	0.100	0.100	0.700
0.100	0.700	0.100	0.100
0.100	0.700	0.100	0.100
0.100	0.100	0.100	0.700
>GAAATTAAAA	23-GAAATTAAAA	6.404373	-0.086146	0	T:367.0(39.59%),B:100225.1(41.79%),P:1e0	Tpos:24.0,Tstd:0.0,Bpos:9887.3,Bstd:29927.3,StrandBias:10.0,Multiplicity:1.00
0.100	0.100	0.700	0.100
0.700	0.100	0.100	0.100
0.700	0.100	0.100	0.100
0.700	0.100	0.100	0.100
0.100	0.100	0.100	0.700
0.100	0.100	0.100	0.700
0.700	0.100	0.100	0.100
0.700	0.100	0.100	0.100
0.700	0.100	0.100	0.100
0.700	0.100	0.100	0.100
>TATCTATCTA	24-TATCTATCTA	-1.379268	-0.003857	0	T:927.0(100.00%),B:239852.4(100.00%),P:1e0	Tpos:96.3,Tstd:53.8,Bpos:13237.3,Bstd:50495.1,StrandBias:-0.0,Multiplicity:1.54
0.100	0.100	0.100	0.700
0.700	0.100	0.100	0.100
0.100	0.100	0.100	0.700
0.100	0.700	0.100	0.100
0.100	0.100	0.100	0.700
0.700	0.100	0.100	0.100
0.100	0.100	0.100	0.700
0.100	0.700	0.100	0.100
0.100	0.100	0.100	0.700
0.700	0.100	0.100	0.100
>CTCTTCTCTG	25-CTCTTCTCTG	-7.216998	0.000000	0	T:927.0(100.00%),B:239853.7(100.00%),P:1e0	Tpos:88.1,Tstd:52.8,Bpos:11389.9,Bstd:44910.1,StrandBias:-0.0,Multiplicity:1.19
0.100	0.700	0.100	0.100
0.100	0.100	0.100	0.700
0.100	0.700	0.100	0.100
0.100	0.100	0.100	0.700
0.100	0.100	0.100	0.700
0.100	0.700	0.100	0.100
0.100	0.100	0.100	0.700
0.100	0.700	0.100	0.100
0.100	0.100	0.100	0.700
0.100	0.100	0.700	0.100
