>DCHCAGHBWT	1-DCHCAGHBWT	3.966640	-42.248978	0	T:832.0(89.75%),B:188783.4(78.71%),P:1e-18	Tpos:91.5,Tstd:50.4,Bpos:12201.7,Bstd:47927.7,StrandBias:-0.1,Multiplicity:1.48
0.342	0.013	0.368	0.276
0.001	0.683	0.315	0.001
0.316	0.368	0.001	0.315
0.197	0.645	0.157	0.001
0.578	0.001	0.001	0.420
0.001	0.420	0.578	0.001
0.276	0.316	0.132	0.276
0.105	0.303	0.224	0.369
0.433	0.001	0.001	0.565
0.275	0.001	0.001	0.723
>CAACCCGAGT	2-CAACCCGAGT	8.073780	-40.881479	0	T:15.0(1.62%),B:105.2(0.04%),P:1e-17	Tpos:109.0,Tstd:50.5,Bpos:6015.8,Bstd:25596.1,StrandBias:-1.0,Multiplicity:1.20
0.001	0.997	0.001	0.001
0.997	0.001	0.001	0.001
0.997	0.001	0.001	0.001
0.001	0.997	0.001	0.001
0.001	0.997	0.001	0.001
0.001	0.941	0.057	0.001
0.001	0.001	0.997	0.001
0.997	0.001	0.001	0.001
0.055	0.001	0.943	0.001
0.001	0.001	0.001	0.997
>VDSCWGGGSW	3-VDSCWGGGSW	3.425312	-33.180548	0	T:892.0(96.22%),B:213897.2(89.18%),P:1e-14	Tpos:94.8,Tstd:51.3,Bpos:10911.9,Bstd:44976.1,StrandBias:-0.1,Multiplicity:1.66
0.313	0.294	0.235	0.157
0.255	0.177	0.235	0.333
0.098	0.334	0.412	0.157
0.235	0.589	0.137	0.039
0.508	0.001	0.001	0.490
0.019	0.001	0.902	0.078
0.294	0.001	0.607	0.098
0.313	0.001	0.685	0.001
0.176	0.392	0.431	0.001
0.469	0.001	0.001	0.529
>WWWSWGNDAW	4-WWWSWGNDAW	4.035733	-30.451606	0	T:806.0(86.95%),B:185327.5(77.27%),P:1e-13	Tpos:90.8,Tstd:52.1,Bpos:13178.4,Bstd:50685.3,StrandBias:0.1,Multiplicity:1.49
0.323	0.165	0.150	0.362
0.417	0.181	0.095	0.307
0.487	0.001	0.001	0.511
0.001	0.432	0.566	0.001
0.550	0.001	0.001	0.448
0.001	0.001	0.857	0.141
0.315	0.205	0.221	0.260
0.339	0.150	0.276	0.236
0.433	0.118	0.173	0.276
0.370	0.158	0.197	0.276
>GGAATGGAAT	5-GGAATGGAAT	11.064496	-30.084530	0	T:22.0(2.37%),B:664.3(0.28%),P:1e-13	Tpos:98.9,Tstd:52.7,Bpos:15635.8,Bstd:25297.1,StrandBias:-0.5,Multiplicity:9.91
0.001	0.072	0.926	0.001
0.001	0.050	0.948	0.001
0.997	0.001	0.001	0.001
0.997	0.001	0.001	0.001
0.001	0.039	0.001	0.959
0.001	0.010	0.988	0.001
0.001	0.042	0.956	0.001
0.997	0.001	0.001	0.001
0.997	0.001	0.001	0.001
0.001	0.001	0.001	0.997
>TTYDYCAAAN	6-TTYDYCAAAN	0.369027	-28.206034	0	T:906.0(97.73%),B:221376.9(92.30%),P:1e-12	Tpos:92.0,Tstd:52.0,Bpos:14379.1,Bstd:56542.6,StrandBias:0.3,Multiplicity:1.42
0.001	0.001	0.001	0.997
0.176	0.303	0.001	0.520
0.131	0.434	0.001	0.434
0.391	0.044	0.262	0.303
0.219	0.389	0.001	0.391
0.044	0.867	0.001	0.088
0.564	0.391	0.001	0.044
0.652	0.216	0.131	0.001
0.997	0.001	0.001	0.001
0.262	0.218	0.304	0.216
>WWSWNNCAWT	7-WWSWNNCAWT	4.013550	-26.222050	0	T:788.0(85.01%),B:181805.1(75.80%),P:1e-11	Tpos:90.7,Tstd:51.9,Bpos:14190.9,Bstd:52964.8,StrandBias:0.0,Multiplicity:1.52
0.474	0.001	0.001	0.524
0.499	0.001	0.001	0.499
0.175	0.338	0.400	0.087
0.475	0.075	0.001	0.450
0.275	0.238	0.263	0.225
0.213	0.262	0.250	0.275
0.001	0.886	0.112	0.001
0.586	0.001	0.001	0.412
0.424	0.001	0.001	0.574
0.374	0.001	0.001	0.624
>HTCTTTCTCH	8-HTCTTTCTCH	3.318147	-25.164687	0	T:849.0(91.59%),B:201679.0(84.08%),P:1e-10	Tpos:89.4,Tstd:51.4,Bpos:11704.9,Bstd:46622.2,StrandBias:0.1,Multiplicity:1.45
0.252	0.224	0.182	0.342
0.146	0.142	0.101	0.611
0.122	0.579	0.163	0.136
0.139	0.179	0.092	0.590
0.136	0.153	0.131	0.580
0.123	0.187	0.140	0.550
0.144	0.488	0.176	0.192
0.156	0.160	0.092	0.592
0.170	0.459	0.179	0.192
0.312	0.222	0.141	0.325
>ATSGAATGGA	9-ATSGAATGGA	9.337196	-21.130467	0	T:26.0(2.80%),B:1505.6(0.63%),P:1e-9	Tpos:86.7,Tstd:56.4,Bpos:13025.3,Bstd:32285.8,StrandBias:1.4,Multiplicity:1.53
0.573	0.151	0.224	0.052
0.032	0.088	0.020	0.860
0.027	0.511	0.423	0.039
0.056	0.032	0.890	0.022
0.922	0.049	0.001	0.028
0.889	0.001	0.078	0.032
0.016	0.121	0.020	0.843
0.057	0.071	0.766	0.106
0.033	0.033	0.885	0.049
0.868	0.045	0.049	0.038
>AATGGAATCA	10-AATGGAATCA	13.097038	-19.709981	0	T:19.0(2.05%),B:856.8(0.36%),P:1e-8	Tpos:98.2,Tstd:53.0,Bpos:13910.9,Bstd:49847.9,StrandBias:3.5,Multiplicity:1.50
0.936	0.001	0.001	0.062
0.919	0.031	0.036	0.014
0.035	0.035	0.001	0.929
0.001	0.001	0.997	0.001
0.053	0.001	0.945	0.001
0.997	0.001	0.001	0.001
0.953	0.014	0.032	0.001
0.043	0.014	0.001	0.942
0.059	0.784	0.036	0.121
0.880	0.015	0.078	0.027
>TTTTTWTHWW	11-TTTTTWTHWW	3.919080	-17.923325	0	T:765.0(82.52%),B:179597.2(74.88%),P:1e-7	Tpos:92.2,Tstd:52.2,Bpos:14624.6,Bstd:53614.6,StrandBias:0.1,Multiplicity:1.50
0.360	0.001	0.001	0.638
0.232	0.001	0.001	0.766
0.157	0.104	0.104	0.635
0.100	0.225	0.136	0.539
0.001	0.277	0.265	0.458
0.241	0.169	0.201	0.389
0.245	0.001	0.297	0.458
0.249	0.225	0.169	0.357
0.329	0.120	0.177	0.374
0.334	0.136	0.108	0.421
>ATACACACAC	12-ATACACACAC	2.512553	-16.215244	0	T:911.0(98.27%),B:227677.4(94.92%),P:1e-7	Tpos:91.4,Tstd:52.4,Bpos:11361.3,Bstd:43842.9,StrandBias:-0.0,Multiplicity:1.63
0.700	0.100	0.100	0.100
0.100	0.100	0.100	0.700
0.700	0.100	0.100	0.100
0.100	0.700	0.100	0.100
0.700	0.100	0.100	0.100
0.100	0.700	0.100	0.100
0.700	0.100	0.100	0.100
0.100	0.700	0.100	0.100
0.700	0.100	0.100	0.100
0.100	0.700	0.100	0.100
>WWWKYYNCTN	13-WWWKYYNCTN	4.110319	-13.158422	0	T:801.0(86.41%),B:193283.2(80.58%),P:1e-5	Tpos:88.2,Tstd:52.3,Bpos:14691.2,Bstd:57158.4,StrandBias:-0.1,Multiplicity:1.47
0.570	0.001	0.001	0.428
0.507	0.001	0.001	0.491
0.475	0.001	0.001	0.523
0.222	0.001	0.380	0.397
0.001	0.555	0.001	0.443
0.238	0.349	0.001	0.412
0.286	0.159	0.285	0.270
0.237	0.761	0.001	0.001
0.001	0.349	0.127	0.523
0.254	0.238	0.254	0.254
>TWATAATWTW	14-TWATAATWTW	-2.757112	-11.208873	0	T:684.0(73.79%),B:161597.3(67.37%),P:1e-4	Tpos:93.5,Tstd:50.8,Bpos:14656.8,Bstd:50843.9,StrandBias:0.1,Multiplicity:1.74
0.153	0.001	0.001	0.845
0.461	0.001	0.001	0.537
0.691	0.001	0.001	0.307
0.307	0.001	0.001	0.691
0.922	0.001	0.001	0.076
0.997	0.001	0.001	0.001
0.230	0.001	0.001	0.768
0.537	0.001	0.001	0.461
0.001	0.001	0.001	0.997
0.537	0.001	0.001	0.461
>ATGGAATAAA	15-ATGGAATAAA	4.257655	-10.741436	0	T:578.0(62.35%),B:133488.0(55.65%),P:1e-4	Tpos:87.1,Tstd:52.4,Bpos:14273.6,Bstd:50394.9,StrandBias:-0.1,Multiplicity:1.55
0.926	0.001	0.068	0.005
0.051	0.001	0.077	0.871
0.040	0.037	0.820	0.103
0.136	0.001	0.831	0.032
0.856	0.068	0.042	0.034
0.852	0.057	0.040	0.051
0.136	0.068	0.001	0.795
0.730	0.085	0.065	0.120
0.881	0.034	0.034	0.051
0.729	0.066	0.051	0.154
>WTYTTTTTTT	16-WTYTTTTTTT	4.697534	-5.693357	0	T:591.0(63.75%),B:142339.9(59.34%),P:1e-2	Tpos:88.4,Tstd:52.2,Bpos:14209.3,Bstd:49636.5,StrandBias:-0.0,Multiplicity:1.61
0.296	0.197	0.116	0.391
0.279	0.198	0.082	0.441
0.255	0.269	0.065	0.411
0.249	0.294	0.005	0.451
0.291	0.181	0.001	0.527
0.213	0.095	0.001	0.691
0.350	0.001	0.010	0.639
0.277	0.037	0.011	0.675
0.235	0.182	0.001	0.582
0.201	0.252	0.016	0.531
>CCCAGGAGGG	17-CCCAGGAGGG	0.566642	-2.352144	0	T:927.0(100.00%),B:239244.9(99.75%),P:1e-1	Tpos:93.2,Tstd:51.3,Bpos:9328.9,Bstd:38974.6,StrandBias:-0.1,Multiplicity:2.41
0.100	0.700	0.100	0.100
0.100	0.700	0.100	0.100
0.100	0.700	0.100	0.100
0.700	0.100	0.100	0.100
0.100	0.100	0.700	0.100
0.100	0.100	0.700	0.100
0.700	0.100	0.100	0.100
0.100	0.100	0.700	0.100
0.100	0.100	0.700	0.100
0.100	0.100	0.700	0.100
>AATGGAATGG	18-AATGGAATGG	3.961575	-1.518432	0	T:475.0(51.24%),B:119712.0(49.91%),P:1e0	Tpos:89.7,Tstd:51.1,Bpos:15225.1,Bstd:56967.6,StrandBias:-0.1,Multiplicity:1.68
0.805	0.066	0.058	0.071
0.767	0.063	0.131	0.039
0.035	0.040	0.018	0.907
0.078	0.057	0.771	0.094
0.028	0.048	0.884	0.040
0.872	0.058	0.019	0.051
0.672	0.069	0.240	0.019
0.064	0.090	0.031	0.815
0.129	0.077	0.708	0.086
0.129	0.032	0.807	0.032
>ACTCCACTCC	19-ACTCCACTCC	0.000000	-0.258482	0	T:927.0(100.00%),B:239786.1(99.97%),P:1e0
0.700	0.100	0.100	0.100
0.100	0.700	0.100	0.100
0.100	0.100	0.100	0.700
0.100	0.700	0.100	0.100
0.100	0.700	0.100	0.100
0.700	0.100	0.100	0.100
0.100	0.700	0.100	0.100
0.100	0.100	0.100	0.700
0.100	0.700	0.100	0.100
0.100	0.700	0.100	0.100
>AGAGAAGAGA	20-AGAGAAGAGA	0.000000	-0.135019	0	T:927.0(100.00%),B:239818.9(99.99%),P:1e0
0.700	0.100	0.100	0.100
0.100	0.100	0.700	0.100
0.700	0.100	0.100	0.100
0.100	0.100	0.700	0.100
0.700	0.100	0.100	0.100
0.700	0.100	0.100	0.100
0.100	0.100	0.700	0.100
0.700	0.100	0.100	0.100
0.100	0.100	0.700	0.100
0.700	0.100	0.100	0.100
>AAATGCTGAA	21-AAATGCTGAA	0.000000	-0.104156	0	T:927.0(100.00%),B:239826.5(99.99%),P:1e0
0.700	0.100	0.100	0.100
0.700	0.100	0.100	0.100
0.700	0.100	0.100	0.100
0.100	0.100	0.100	0.700
0.100	0.100	0.700	0.100
0.100	0.700	0.100	0.100
0.100	0.100	0.100	0.700
0.100	0.100	0.700	0.100
0.700	0.100	0.100	0.100
0.700	0.100	0.100	0.100
>TCTATTTCCT	22-TCTATTTCCT	0.000000	-0.104156	0	T:927.0(100.00%),B:239826.1(99.99%),P:1e0
0.100	0.100	0.100	0.700
0.100	0.700	0.100	0.100
0.100	0.100	0.100	0.700
0.700	0.100	0.100	0.100
0.100	0.100	0.100	0.700
0.100	0.100	0.100	0.700
0.100	0.100	0.100	0.700
0.100	0.700	0.100	0.100
0.100	0.700	0.100	0.100
0.100	0.100	0.100	0.700
>GAAATTAAAA	23-GAAATTAAAA	6.404373	-0.086146	0	T:367.0(39.59%),B:100225.1(41.79%),P:1e0	Tpos:24.0,Tstd:0.0,Bpos:9887.3,Bstd:29927.3,StrandBias:10.0,Multiplicity:1.00
0.100	0.100	0.700	0.100
0.700	0.100	0.100	0.100
0.700	0.100	0.100	0.100
0.700	0.100	0.100	0.100
0.100	0.100	0.100	0.700
0.100	0.100	0.100	0.700
0.700	0.100	0.100	0.100
0.700	0.100	0.100	0.100
0.700	0.100	0.100	0.100
0.700	0.100	0.100	0.100
>TATCTATCTA	24-TATCTATCTA	-1.379268	-0.003857	0	T:927.0(100.00%),B:239852.4(100.00%),P:1e0	Tpos:96.3,Tstd:53.8,Bpos:13237.3,Bstd:50495.1,StrandBias:-0.0,Multiplicity:1.54
0.100	0.100	0.100	0.700
0.700	0.100	0.100	0.100
0.100	0.100	0.100	0.700
0.100	0.700	0.100	0.100
0.100	0.100	0.100	0.700
0.700	0.100	0.100	0.100
0.100	0.100	0.100	0.700
0.100	0.700	0.100	0.100
0.100	0.100	0.100	0.700
0.700	0.100	0.100	0.100
>CTCTTCTCTG	25-CTCTTCTCTG	-7.216998	0.000000	0	T:927.0(100.00%),B:239853.7(100.00%),P:1e0	Tpos:88.1,Tstd:52.8,Bpos:11389.9,Bstd:44910.1,StrandBias:-0.0,Multiplicity:1.19
0.100	0.700	0.100	0.100
0.100	0.100	0.100	0.700
0.100	0.700	0.100	0.100
0.100	0.100	0.100	0.700
0.100	0.100	0.100	0.700
0.100	0.700	0.100	0.100
0.100	0.100	0.100	0.700
0.100	0.700	0.100	0.100
0.100	0.100	0.100	0.700
0.100	0.100	0.700	0.100
>ATGGAATCGAAT	1-ATGGAATCGAAT	11.578112	-61.888237	0	T:20.0(2.16%),B:90.9(0.04%),P:1e-26	Tpos:105.4,Tstd:56.6,Bpos:12192.6,Bstd:22963.7,StrandBias:0.5,Multiplicity:1.12
0.997	0.001	0.001	0.001
0.001	0.001	0.001	0.997
0.001	0.044	0.954	0.001
0.001	0.001	0.997	0.001
0.997	0.001	0.001	0.001
0.997	0.001	0.001	0.001
0.001	0.001	0.001	0.997
0.001	0.849	0.149	0.001
0.001	0.001	0.997	0.001
0.997	0.001	0.001	0.001
0.997	0.001	0.001	0.001
0.001	0.001	0.001	0.997
>TCTCTCTCTCTC	2-TCTCTCTCTCTC	2.625881	-57.644603	0	T:900.0(97.09%),B:209510.9(87.35%),P:1e-25	Tpos:89.0,Tstd:50.2,Bpos:12413.8,Bstd:46706.7,StrandBias:0.1,Multiplicity:2.66
0.100	0.100	0.100	0.700
0.100	0.700	0.100	0.100
0.100	0.100	0.100	0.700
0.100	0.700	0.100	0.100
0.100	0.100	0.100	0.700
0.100	0.700	0.100	0.100
0.100	0.100	0.100	0.700
0.100	0.700	0.100	0.100
0.100	0.100	0.100	0.700
0.100	0.700	0.100	0.100
0.100	0.100	0.100	0.700
0.100	0.700	0.100	0.100
>GAAYGGAAYSGA	3-GAAYGGAAYSGA	14.478266	-54.880371	0	T:16.0(1.73%),B:50.8(0.02%),P:1e-23	Tpos:96.2,Tstd:52.3,Bpos:18008.4,Bstd:18479.0,StrandBias:-0.6,Multiplicity:4.00
0.001	0.002	0.970	0.027
0.997	0.001	0.001	0.001
0.997	0.001	0.001	0.001
0.001	0.458	0.001	0.540
0.026	0.001	0.972	0.001
0.001	0.028	0.970	0.001
0.997	0.001	0.001	0.001
0.997	0.001	0.001	0.001
0.001	0.456	0.001	0.542
0.030	0.454	0.515	0.001
0.001	0.032	0.966	0.001
0.997	0.001	0.001	0.001
>NTGGDBDGGRGD	4-NTGGDBDGGRGD	3.743835	-54.649708	0	T:860.0(92.77%),B:194186.4(80.96%),P:1e-23	Tpos:90.5,Tstd:50.9,Bpos:11355.3,Bstd:45658.6,StrandBias:0.0,Multiplicity:1.48
0.259	0.176	0.315	0.250
0.231	0.001	0.305	0.463
0.148	0.001	0.555	0.296
0.167	0.222	0.389	0.222
0.315	0.056	0.333	0.296
0.139	0.259	0.269	0.333
0.296	0.001	0.287	0.416
0.001	0.001	0.619	0.379
0.009	0.019	0.639	0.333
0.389	0.001	0.490	0.120
0.296	0.111	0.592	0.001
0.305	0.001	0.389	0.305
>CACTCGGGTTGA	5-CACTCGGGTTGA	13.914016	-51.813313	0	T:11.0(1.19%),B:6.8(0.00%),P:1e-22	Tpos:104.9,Tstd:50.7,Bpos:1442.5,Bstd:1541.3,StrandBias:1.0,Multiplicity:1.33
0.076	0.922	0.001	0.001
0.997	0.001	0.001	0.001
0.001	0.911	0.001	0.087
0.001	0.001	0.001	0.997
0.076	0.922	0.001	0.001
0.001	0.001	0.997	0.001
0.087	0.001	0.911	0.001
0.001	0.001	0.997	0.001
0.001	0.001	0.001	0.997
0.001	0.001	0.001	0.997
0.001	0.001	0.997	0.001
0.997	0.001	0.001	0.001
>AATGGACTSGAA	6-AATGGACTSGAA	12.157393	-48.608319	0	T:21.0(2.27%),B:223.8(0.09%),P:1e-21	Tpos:63.0,Tstd:47.0,Bpos:16400.3,Bstd:36376.9,StrandBias:1.9,Multiplicity:1.27
0.997	0.001	0.001	0.001
0.997	0.001	0.001	0.001
0.001	0.108	0.001	0.890
0.007	0.111	0.881	0.001
0.001	0.001	0.997	0.001
0.997	0.001	0.001	0.001
0.346	0.544	0.109	0.001
0.001	0.217	0.001	0.781
0.002	0.545	0.451	0.002
0.001	0.001	0.997	0.001
0.997	0.001	0.001	0.001
0.997	0.001	0.001	0.001
>TCGAATGGAATC	7-TCGAATGGAATC	9.363043	-46.780870	0	T:24.0(2.59%),B:376.4(0.16%),P:1e-20	Tpos:124.3,Tstd:45.6,Bpos:9955.2,Bstd:32388.3,StrandBias:1.4,Multiplicity:1.81
0.001	0.001	0.001	0.997
0.127	0.850	0.022	0.001
0.001	0.001	0.997	0.001
0.997	0.001	0.001	0.001
0.997	0.001	0.001	0.001
0.001	0.001	0.001	0.997
0.001	0.001	0.997	0.001
0.001	0.001	0.981	0.017
0.997	0.001	0.001	0.001
0.997	0.001	0.001	0.001
0.001	0.001	0.001	0.997
0.001	0.853	0.145	0.001
>HWMARHTBHBWN	8-HWMARHTBHBWN	3.642673	-32.692555	0	T:851.0(91.80%),B:199092.6(83.01%),P:1e-14	Tpos:93.5,Tstd:49.2,Bpos:14881.8,Bstd:57851.6,StrandBias:0.0,Multiplicity:1.48
0.265	0.310	0.115	0.310
0.398	0.071	0.053	0.478
0.460	0.434	0.062	0.044
0.841	0.001	0.026	0.132
0.425	0.035	0.496	0.044
0.336	0.327	0.053	0.283
0.071	0.124	0.071	0.734
0.106	0.292	0.310	0.292
0.398	0.266	0.027	0.310
0.044	0.381	0.248	0.327
0.416	0.071	0.080	0.434
0.204	0.230	0.248	0.319
>GGAATGGAATGG	9-GGAATGGAATGG	11.569029	-26.275628	0	T:19.0(2.05%),B:571.7(0.24%),P:1e-11	Tpos:73.7,Tstd:44.4,Bpos:13986.2,Bstd:23366.3,StrandBias:-0.3,Multiplicity:1.25
0.043	0.173	0.725	0.059
0.108	0.064	0.791	0.037
0.925	0.001	0.051	0.023
0.740	0.001	0.189	0.070
0.048	0.001	0.115	0.836
0.061	0.001	0.795	0.143
0.037	0.043	0.883	0.037
0.977	0.001	0.021	0.001
0.826	0.001	0.111	0.062
0.021	0.001	0.047	0.931
0.047	0.111	0.802	0.040
0.155	0.047	0.775	0.023
>GATAGATAGATA	10-GATAGATAGATA	2.625881	-21.762914	0	T:887.0(95.69%),B:216325.2(90.19%),P:1e-9	Tpos:93.2,Tstd:50.9,Bpos:15107.5,Bstd:52762.0,StrandBias:-0.1,Multiplicity:2.34
0.100	0.100	0.700	0.100
0.700	0.100	0.100	0.100
0.100	0.100	0.100	0.700
0.700	0.100	0.100	0.100
0.100	0.100	0.700	0.100
0.700	0.100	0.100	0.100
0.100	0.100	0.100	0.700
0.700	0.100	0.100	0.100
0.100	0.100	0.700	0.100
0.700	0.100	0.100	0.100
0.100	0.100	0.100	0.700
0.700	0.100	0.100	0.100
>AATGGAATCATC	11-AATGGAATCATC	13.841619	-17.562291	0	T:8.0(0.86%),B:110.8(0.05%),P:1e-7	Tpos:113.2,Tstd:41.5,Bpos:17173.4,Bstd:70573.6,StrandBias:0.5,Multiplicity:1.71
0.814	0.001	0.001	0.184
0.939	0.001	0.059	0.001
0.051	0.088	0.001	0.860
0.001	0.001	0.997	0.001
0.036	0.001	0.962	0.001
0.997	0.001	0.001	0.001
0.941	0.001	0.057	0.001
0.001	0.001	0.001	0.997
0.120	0.661	0.001	0.218
0.946	0.001	0.001	0.052
0.046	0.001	0.001	0.952
0.001	0.960	0.001	0.038
>HWTTTTTTTTWT	12-HWTTTTTTTTWT	3.604340	-14.728882	0	T:750.0(80.91%),B:177362.1(73.95%),P:1e-6	Tpos:91.8,Tstd:52.1,Bpos:13743.4,Bstd:48635.9,StrandBias:0.1,Multiplicity:1.69
0.343	0.223	0.090	0.343
0.397	0.080	0.053	0.470
0.133	0.070	0.097	0.700
0.103	0.063	0.127	0.707
0.220	0.090	0.193	0.497
0.267	0.200	0.060	0.473
0.257	0.073	0.077	0.593
0.170	0.077	0.150	0.603
0.253	0.100	0.107	0.540
0.283	0.080	0.117	0.520
0.417	0.067	0.067	0.450
0.270	0.173	0.073	0.483
>CTCTCTCTCTCT	13-CTCTCTCTCTCT	-5.198591	-5.431240	0	T:488.0(52.64%),B:115793.1(48.28%),P:1e-2	Tpos:86.3,Tstd:52.4,Bpos:12776.2,Bstd:48622.6,StrandBias:0.4,Multiplicity:1.52
0.001	0.925	0.073	0.001
0.001	0.001	0.001	0.997
0.001	0.830	0.168	0.001
0.001	0.001	0.001	0.997
0.001	0.928	0.070	0.001
0.001	0.001	0.250	0.748
0.001	0.862	0.136	0.001
0.001	0.001	0.276	0.722
0.001	0.940	0.058	0.001
0.001	0.001	0.056	0.942
0.158	0.673	0.168	0.001
0.001	0.001	0.012	0.986
>NYCCWGKKTTGK	14-NYCCWGKKTTGK	7.506521	-0.495678	0	T:4.0(0.43%),B:1092.0(0.46%),P:1e0	Tpos:157.0,Tstd:16.0,Bpos:11874.8,Bstd:38079.0,StrandBias:10.0,Multiplicity:1.00
0.329	0.260	0.189	0.222
0.083	0.436	0.092	0.390
0.130	0.775	0.012	0.083
0.329	0.564	0.001	0.106
0.437	0.059	0.105	0.399
0.059	0.189	0.728	0.024
0.142	0.047	0.374	0.437
0.186	0.142	0.294	0.378
0.083	0.188	0.260	0.470
0.012	0.024	0.260	0.704
0.117	0.140	0.495	0.248
0.201	0.176	0.375	0.248
>NNNNNNNNNNNN	15-NNNNNNNNNNNN	-nan	0.000000	0	T:0.0(0.00%),B:0.0(0.00%),P:1e0	Tpos:0.0,Tstd:0.0,Bpos:0.0,Bstd:0.0,StrandBias:0.0,Multiplicity:1.00
-nan	-nan	-nan	-nan
-nan	-nan	-nan	-nan
-nan	-nan	-nan	-nan
-nan	-nan	-nan	-nan
-nan	-nan	-nan	-nan
-nan	-nan	-nan	-nan
-nan	-nan	-nan	-nan
-nan	-nan	-nan	-nan
-nan	-nan	-nan	-nan
-nan	-nan	-nan	-nan
-nan	-nan	-nan	-nan
-nan	-nan	-nan	-nan
>NNNNNNNNNNNN	16-NNNNNNNNNNNN	-nan	0.000000	0	T:0.0(0.00%),B:0.0(0.00%),P:1e0	Tpos:0.0,Tstd:0.0,Bpos:0.0,Bstd:0.0,StrandBias:0.0,Multiplicity:1.00
-nan	-nan	-nan	-nan
-nan	-nan	-nan	-nan
-nan	-nan	-nan	-nan
-nan	-nan	-nan	-nan
-nan	-nan	-nan	-nan
-nan	-nan	-nan	-nan
-nan	-nan	-nan	-nan
-nan	-nan	-nan	-nan
-nan	-nan	-nan	-nan
-nan	-nan	-nan	-nan
-nan	-nan	-nan	-nan
-nan	-nan	-nan	-nan
>NNNNNNNNNNNN	17-NNNNNNNNNNNN	-nan	0.000000	0	T:0.0(0.00%),B:0.0(0.00%),P:1e0	Tpos:0.0,Tstd:0.0,Bpos:0.0,Bstd:0.0,StrandBias:0.0,Multiplicity:1.00
-nan	-nan	-nan	-nan
-nan	-nan	-nan	-nan
-nan	-nan	-nan	-nan
-nan	-nan	-nan	-nan
-nan	-nan	-nan	-nan
-nan	-nan	-nan	-nan
-nan	-nan	-nan	-nan
-nan	-nan	-nan	-nan
-nan	-nan	-nan	-nan
-nan	-nan	-nan	-nan
-nan	-nan	-nan	-nan
-nan	-nan	-nan	-nan
>NNNNNNNNNNNN	18-NNNNNNNNNNNN	-nan	0.000000	0	T:0.0(0.00%),B:0.0(0.00%),P:1e0	Tpos:0.0,Tstd:0.0,Bpos:0.0,Bstd:0.0,StrandBias:0.0,Multiplicity:1.00
-nan	-nan	-nan	-nan
-nan	-nan	-nan	-nan
-nan	-nan	-nan	-nan
-nan	-nan	-nan	-nan
-nan	-nan	-nan	-nan
-nan	-nan	-nan	-nan
-nan	-nan	-nan	-nan
-nan	-nan	-nan	-nan
-nan	-nan	-nan	-nan
-nan	-nan	-nan	-nan
-nan	-nan	-nan	-nan
-nan	-nan	-nan	-nan
>NNNNNNNNNNNN	19-NNNNNNNNNNNN	-nan	0.000000	0	T:0.0(0.00%),B:0.0(0.00%),P:1e0	Tpos:0.0,Tstd:0.0,Bpos:0.0,Bstd:0.0,StrandBias:0.0,Multiplicity:1.00
-nan	-nan	-nan	-nan
-nan	-nan	-nan	-nan
-nan	-nan	-nan	-nan
-nan	-nan	-nan	-nan
-nan	-nan	-nan	-nan
-nan	-nan	-nan	-nan
-nan	-nan	-nan	-nan
-nan	-nan	-nan	-nan
-nan	-nan	-nan	-nan
-nan	-nan	-nan	-nan
-nan	-nan	-nan	-nan
-nan	-nan	-nan	-nan
>NNNNNNNNNNNN	20-NNNNNNNNNNNN	-nan	0.000000	0	T:0.0(0.00%),B:0.0(0.00%),P:1e0	Tpos:0.0,Tstd:0.0,Bpos:0.0,Bstd:0.0,StrandBias:0.0,Multiplicity:1.00
-nan	-nan	-nan	-nan
-nan	-nan	-nan	-nan
-nan	-nan	-nan	-nan
-nan	-nan	-nan	-nan
-nan	-nan	-nan	-nan
-nan	-nan	-nan	-nan
-nan	-nan	-nan	-nan
-nan	-nan	-nan	-nan
-nan	-nan	-nan	-nan
-nan	-nan	-nan	-nan
-nan	-nan	-nan	-nan
-nan	-nan	-nan	-nan
>NNNNNNNNNNNN	21-NNNNNNNNNNNN	-nan	0.000000	0	T:0.0(0.00%),B:0.0(0.00%),P:1e0	Tpos:0.0,Tstd:0.0,Bpos:0.0,Bstd:0.0,StrandBias:0.0,Multiplicity:1.00
-nan	-nan	-nan	-nan
-nan	-nan	-nan	-nan
-nan	-nan	-nan	-nan
-nan	-nan	-nan	-nan
-nan	-nan	-nan	-nan
-nan	-nan	-nan	-nan
-nan	-nan	-nan	-nan
-nan	-nan	-nan	-nan
-nan	-nan	-nan	-nan
-nan	-nan	-nan	-nan
-nan	-nan	-nan	-nan
-nan	-nan	-nan	-nan
>NNNNNNNNNNNN	22-NNNNNNNNNNNN	-nan	0.000000	0	T:0.0(0.00%),B:0.0(0.00%),P:1e0	Tpos:0.0,Tstd:0.0,Bpos:0.0,Bstd:0.0,StrandBias:0.0,Multiplicity:1.00
-nan	-nan	-nan	-nan
-nan	-nan	-nan	-nan
-nan	-nan	-nan	-nan
-nan	-nan	-nan	-nan
-nan	-nan	-nan	-nan
-nan	-nan	-nan	-nan
-nan	-nan	-nan	-nan
-nan	-nan	-nan	-nan
-nan	-nan	-nan	-nan
-nan	-nan	-nan	-nan
-nan	-nan	-nan	-nan
-nan	-nan	-nan	-nan
>NNNNNNNNNNNN	23-NNNNNNNNNNNN	-nan	0.000000	0	T:0.0(0.00%),B:0.0(0.00%),P:1e0	Tpos:0.0,Tstd:0.0,Bpos:0.0,Bstd:0.0,StrandBias:0.0,Multiplicity:1.00
-nan	-nan	-nan	-nan
-nan	-nan	-nan	-nan
-nan	-nan	-nan	-nan
-nan	-nan	-nan	-nan
-nan	-nan	-nan	-nan
-nan	-nan	-nan	-nan
-nan	-nan	-nan	-nan
-nan	-nan	-nan	-nan
-nan	-nan	-nan	-nan
-nan	-nan	-nan	-nan
-nan	-nan	-nan	-nan
-nan	-nan	-nan	-nan
>NNNNNNNNNNNN	24-NNNNNNNNNNNN	-nan	0.000000	0	T:0.0(0.00%),B:0.0(0.00%),P:1e0	Tpos:0.0,Tstd:0.0,Bpos:0.0,Bstd:0.0,StrandBias:0.0,Multiplicity:1.00
-nan	-nan	-nan	-nan
-nan	-nan	-nan	-nan
-nan	-nan	-nan	-nan
-nan	-nan	-nan	-nan
-nan	-nan	-nan	-nan
-nan	-nan	-nan	-nan
-nan	-nan	-nan	-nan
-nan	-nan	-nan	-nan
-nan	-nan	-nan	-nan
-nan	-nan	-nan	-nan
-nan	-nan	-nan	-nan
-nan	-nan	-nan	-nan
>NNNNNNNNNNNN	25-NNNNNNNNNNNN	-nan	0.000000	0	T:0.0(0.00%),B:0.0(0.00%),P:1e0	Tpos:0.0,Tstd:0.0,Bpos:0.0,Bstd:0.0,StrandBias:0.0,Multiplicity:1.00
-nan	-nan	-nan	-nan
-nan	-nan	-nan	-nan
-nan	-nan	-nan	-nan
-nan	-nan	-nan	-nan
-nan	-nan	-nan	-nan
-nan	-nan	-nan	-nan
-nan	-nan	-nan	-nan
-nan	-nan	-nan	-nan
-nan	-nan	-nan	-nan
-nan	-nan	-nan	-nan
-nan	-nan	-nan	-nan
-nan	-nan	-nan	-nan
>WCWTNCWW	1-WCWTNCWW	3.271801	-39.472534	0	T:856.0(92.34%),B:198153.7(82.61%),P:1e-17	Tpos:91.3,Tstd:52.9,Bpos:13711.4,Bstd:53503.1,StrandBias:-0.0,Multiplicity:1.49
0.371	0.096	0.116	0.417
0.066	0.632	0.301	0.001
0.430	0.179	0.001	0.390
0.133	0.242	0.222	0.404
0.318	0.176	0.298	0.209
0.056	0.460	0.301	0.182
0.477	0.056	0.026	0.440
0.404	0.063	0.076	0.457
>ATGAAACA	2-ATGAAACA	0.651650	-33.280391	0	T:846.0(91.26%),B:197141.8(82.19%),P:1e-14	Tpos:88.9,Tstd:51.1,Bpos:15638.0,Bstd:59634.3,StrandBias:-0.1,Multiplicity:1.50
0.580	0.001	0.001	0.418
0.390	0.001	0.001	0.608
0.001	0.387	0.611	0.001
0.997	0.001	0.001	0.001
0.997	0.001	0.001	0.001
0.997	0.001	0.001	0.001
0.001	0.775	0.223	0.001
0.613	0.001	0.001	0.385
>AATSATCA	3-AATSATCA	-3.915478	-30.631644	0	T:899.0(96.98%),B:217615.0(90.73%),P:1e-13	Tpos:88.6,Tstd:50.6,Bpos:14253.3,Bstd:55245.7,StrandBias:0.1,Multiplicity:1.44
0.997	0.001	0.001	0.001
0.749	0.001	0.125	0.125
0.001	0.001	0.001	0.997
0.001	0.499	0.499	0.001
0.874	0.001	0.001	0.124
0.374	0.001	0.001	0.624
0.001	0.749	0.001	0.249
0.997	0.001	0.001	0.001
>THMWTSHD	4-THMWTSHD	2.830897	-22.472520	0	T:862.0(92.99%),B:207268.5(86.41%),P:1e-9	Tpos:89.6,Tstd:51.7,Bpos:12132.8,Bstd:45356.6,StrandBias:0.0,Multiplicity:1.48
0.250	0.226	0.087	0.437
0.326	0.295	0.032	0.347
0.411	0.300	0.053	0.237
0.413	0.184	0.001	0.402
0.200	0.187	0.215	0.398
0.001	0.570	0.428	0.001
0.353	0.229	0.079	0.339
0.313	0.100	0.229	0.358
>WWWSWBAW	5-WWWSWBAW	3.616148	-21.298721	0	T:806.0(86.95%),B:189905.7(79.18%),P:1e-9	Tpos:92.6,Tstd:52.6,Bpos:14505.8,Bstd:54402.1,StrandBias:0.1,Multiplicity:1.49
0.505	0.001	0.001	0.493
0.428	0.062	0.090	0.420
0.381	0.025	0.137	0.456
0.011	0.503	0.396	0.090
0.542	0.001	0.001	0.456
0.152	0.322	0.316	0.210
0.450	0.199	0.134	0.217
0.402	0.083	0.114	0.402
>THHAAAAA	6-THHAAAAA	2.905640	-20.106905	0	T:790.0(85.22%),B:185705.7(77.42%),P:1e-8	Tpos:91.4,Tstd:51.9,Bpos:15683.2,Bstd:57618.5,StrandBias:-0.0,Multiplicity:1.53
0.287	0.071	0.180	0.462
0.293	0.210	0.151	0.346
0.367	0.251	0.109	0.272
0.520	0.021	0.142	0.317
0.465	0.201	0.228	0.107
0.470	0.130	0.172	0.228
0.526	0.083	0.154	0.237
0.500	0.092	0.118	0.290
>WTATGTGA	7-WTATGTGA	-3.476006	-18.161583	0	T:896.0(96.66%),B:221118.0(92.19%),P:1e-7	Tpos:95.6,Tstd:52.9,Bpos:11807.9,Bstd:45113.3,StrandBias:-0.1,Multiplicity:1.52
0.500	0.001	0.001	0.498
0.001	0.001	0.001	0.997
0.988	0.001	0.001	0.010
0.238	0.001	0.001	0.760
0.001	0.238	0.760	0.001
0.001	0.010	0.021	0.968
0.001	0.001	0.997	0.001
0.499	0.250	0.011	0.240
>WTAAAHWW	8-WTAAAHWW	2.704195	-17.367802	0	T:805.0(86.84%),B:191823.3(79.98%),P:1e-7	Tpos:92.0,Tstd:50.4,Bpos:14554.8,Bstd:52285.5,StrandBias:0.1,Multiplicity:1.62
0.425	0.194	0.074	0.307
0.241	0.139	0.179	0.441
0.603	0.052	0.118	0.227
0.465	0.235	0.122	0.177
0.531	0.080	0.082	0.307
0.295	0.232	0.140	0.333
0.282	0.155	0.141	0.421
0.359	0.084	0.143	0.413
>TTATWTTT	9-TTATWTTT	3.788975	-17.119501	0	T:746.0(80.47%),B:174599.3(72.79%),P:1e-7	Tpos:86.8,Tstd:53.0,Bpos:14389.5,Bstd:50058.4,StrandBias:0.0,Multiplicity:1.58
0.196	0.083	0.160	0.561
0.215	0.145	0.155	0.484
0.408	0.210	0.171	0.211
0.296	0.109	0.081	0.514
0.363	0.143	0.067	0.427
0.314	0.068	0.041	0.577
0.145	0.041	0.055	0.759
0.162	0.094	0.032	0.712
>TTTTCTCA	10-TTTTCTCA	-5.213506	-15.997001	0	T:904.0(97.52%),B:225003.5(93.81%),P:1e-6	Tpos:89.9,Tstd:52.6,Bpos:11621.0,Bstd:45432.0,StrandBias:0.3,Multiplicity:1.62
0.001	0.001	0.001	0.997
0.001	0.001	0.001	0.997
0.001	0.001	0.001	0.997
0.001	0.001	0.001	0.997
0.001	0.849	0.149	0.001
0.001	0.001	0.001	0.997
0.001	0.997	0.001	0.001
0.899	0.001	0.001	0.099
>HATTTCCT	11-HATTTCCT	4.944288	-12.715578	0	T:618.0(66.67%),B:142418.7(59.38%),P:1e-5	Tpos:88.8,Tstd:51.7,Bpos:13693.4,Bstd:50020.3,StrandBias:-0.1,Multiplicity:1.47
0.306	0.256	0.081	0.357
0.850	0.094	0.006	0.050
0.193	0.001	0.001	0.805
0.018	0.006	0.001	0.975
0.087	0.144	0.137	0.632
0.031	0.918	0.001	0.050
0.200	0.494	0.012	0.294
0.025	0.006	0.001	0.968
>SNMCWGGM	12-SNMCWGGM	2.766377	-10.819611	0	T:906.0(97.73%),B:227912.3(95.02%),P:1e-4	Tpos:90.6,Tstd:52.0,Bpos:9843.3,Bstd:38230.0,StrandBias:0.0,Multiplicity:1.57
0.193	0.360	0.272	0.175
0.281	0.281	0.158	0.281
0.324	0.430	0.001	0.245
0.254	0.676	0.009	0.061
0.560	0.001	0.001	0.438
0.228	0.001	0.526	0.245
0.001	0.237	0.543	0.219
0.254	0.386	0.158	0.202
>TTCATTTC	13-TTCATTTC	4.217060	-10.335872	0	T:627.0(67.64%),B:146910.7(61.25%),P:1e-4	Tpos:93.1,Tstd:52.3,Bpos:12534.7,Bstd:44689.1,StrandBias:0.1,Multiplicity:1.53
0.072	0.064	0.001	0.863
0.032	0.040	0.056	0.872
0.056	0.823	0.008	0.113
0.874	0.001	0.004	0.121
0.007	0.001	0.001	0.991
0.012	0.001	0.001	0.986
0.008	0.040	0.008	0.944
0.056	0.719	0.064	0.161
>AAATAGCT	14-AAATAGCT	2.399224	-8.121570	0	T:925.0(99.78%),B:236590.3(98.64%),P:1e-3	Tpos:126.2,Tstd:58.1,Bpos:12809.2,Bstd:48559.5,StrandBias:-1.6,Multiplicity:1.00
0.700	0.100	0.100	0.100
0.700	0.100	0.100	0.100
0.700	0.100	0.100	0.100
0.100	0.100	0.100	0.700
0.700	0.100	0.100	0.100
0.100	0.100	0.700	0.100
0.100	0.700	0.100	0.100
0.100	0.100	0.100	0.700
>AATGGAAT	15-AATGGAAT	-2.743184	-7.198161	0	T:525.0(56.63%),B:123203.2(51.37%),P:1e-3	Tpos:92.6,Tstd:52.9,Bpos:17630.3,Bstd:64730.9,StrandBias:-0.3,Multiplicity:2.47
0.997	0.001	0.001	0.001
0.997	0.001	0.001	0.001
0.001	0.050	0.001	0.948
0.001	0.001	0.997	0.001
0.001	0.001	0.997	0.001
0.997	0.001	0.001	0.001
0.997	0.001	0.001	0.001
0.001	0.001	0.001	0.997
>AAAAAAAA	16-AAAAAAAA	4.759968	-6.562173	0	T:653.0(70.44%),B:157763.9(65.78%),P:1e-2	Tpos:90.4,Tstd:51.2,Bpos:15006.0,Bstd:53938.2,StrandBias:-0.3,Multiplicity:1.49
0.530	0.119	0.001	0.350
0.615	0.001	0.077	0.307
0.505	0.001	0.247	0.247
0.769	0.001	0.170	0.060
0.948	0.001	0.050	0.001
0.683	0.001	0.162	0.154
0.997	0.001	0.001	0.001
0.828	0.001	0.170	0.001
>TGTGTGTG	17-TGTGTGTG	2.399224	-5.622380	0	T:916.0(98.81%),B:233842.3(97.49%),P:1e-2	Tpos:92.4,Tstd:52.0,Bpos:11654.6,Bstd:47519.6,StrandBias:-0.0,Multiplicity:2.28
0.100	0.100	0.100	0.700
0.100	0.100	0.700	0.100
0.100	0.100	0.100	0.700
0.100	0.100	0.700	0.100
0.100	0.100	0.100	0.700
0.100	0.100	0.700	0.100
0.100	0.100	0.100	0.700
0.100	0.100	0.700	0.100
>AATGTTCA	18-AATGTTCA	2.399224	-3.785596	0	T:923.0(99.57%),B:237171.3(98.88%),P:1e-1	Tpos:103.0,Tstd:70.3,Bpos:12235.3,Bstd:47756.4,StrandBias:1.0,Multiplicity:1.00
0.700	0.100	0.100	0.100
0.700	0.100	0.100	0.100
0.100	0.100	0.100	0.700
0.100	0.100	0.700	0.100
0.100	0.100	0.100	0.700
0.100	0.100	0.100	0.700
0.100	0.700	0.100	0.100
0.700	0.100	0.100	0.100
>TTCCTCCT	19-TTCCTCCT	2.399224	-3.131120	0	T:926.0(99.89%),B:238584.5(99.47%),P:1e-1	Tpos:92.8,Tstd:52.5,Bpos:9575.4,Bstd:38174.5,StrandBias:-0.0,Multiplicity:2.12
0.100	0.100	0.100	0.700
0.100	0.100	0.100	0.700
0.100	0.700	0.100	0.100
0.100	0.700	0.100	0.100
0.100	0.100	0.100	0.700
0.100	0.700	0.100	0.100
0.100	0.700	0.100	0.100
0.100	0.100	0.100	0.700
>VTBWGCAH	20-VTBWGCAH	1.417035	-1.231331	0	T:927.0(100.00%),B:239534.5(99.87%),P:1e0	Tpos:90.6,Tstd:55.6,Bpos:11754.7,Bstd:46069.9,StrandBias:-0.0,Multiplicity:1.51
0.352	0.295	0.353	0.001
0.265	0.088	0.029	0.618
0.088	0.354	0.205	0.353
0.411	0.001	0.176	0.412
0.001	0.293	0.589	0.117
0.001	0.970	0.028	0.001
0.705	0.177	0.001	0.117
0.294	0.353	0.060	0.294
>MMTRSAGC	21-MMTRSAGC	-2.625687	-0.015430	0	T:927.0(100.00%),B:239849.8(100.00%),P:1e0	Tpos:90.2,Tstd:53.1,Bpos:13313.3,Bstd:53553.9,StrandBias:-0.0,Multiplicity:1.43
0.378	0.243	0.172	0.206
0.378	0.277	0.207	0.138
0.206	0.208	0.207	0.379
0.446	0.001	0.312	0.241
0.137	0.413	0.448	0.001
0.721	0.001	0.001	0.277
0.105	0.276	0.516	0.103
0.001	0.997	0.001	0.001
>GHWTGCHA	22-GHWTGCHA	5.969539	-0.009113	0	T:6.0(0.65%),B:3419.0(1.43%),P:1e0	Tpos:81.3,Tstd:41.6,Bpos:101236.8,Bstd:194202.5,StrandBias:-1.0,Multiplicity:1.00
0.181	0.265	0.458	0.096
0.349	0.229	0.169	0.253
0.398	0.120	0.097	0.385
0.421	0.001	0.001	0.577
0.001	0.349	0.649	0.001
0.001	0.674	0.108	0.217
0.277	0.349	0.001	0.373
0.997	0.001	0.001	0.001
>ACACCACA	23-ACACCACA	9.995944	-0.000443	0	T:6.0(0.65%),B:4522.0(1.89%),P:1e0	Tpos:27.0,Tstd:0.0,Bpos:19314.2,Bstd:43005.7,StrandBias:10.0,Multiplicity:1.00
0.868	0.001	0.130	0.001
0.001	0.976	0.022	0.001
0.849	0.131	0.001	0.019
0.127	0.869	0.001	0.003
0.001	0.869	0.127	0.003
0.852	0.146	0.001	0.001
0.003	0.849	0.147	0.001
0.852	0.001	0.001	0.146
>RCKTKRSW	24-RCKTKRSW	6.913450	-0.000017	0	T:197.0(21.25%),B:65061.1(27.13%),P:1e0	Tpos:67.0,Tstd:16.9,Bpos:9115.2,Bstd:24779.0,StrandBias:1.0,Multiplicity:1.00
0.499	0.001	0.499	0.001
0.001	0.997	0.001	0.001
0.001	0.001	0.499	0.499
0.001	0.001	0.001	0.997
0.001	0.001	0.499	0.499
0.499	0.001	0.499	0.001
0.001	0.499	0.499	0.001
0.499	0.001	0.001	0.499
>CAARRSAG	25-CAARRSAG	-24.841725	0.000000	0	T:927.0(100.00%),B:239853.7(100.00%),P:1e0	Tpos:88.8,Tstd:53.6,Bpos:11259.2,Bstd:44931.9,StrandBias:-0.0,Multiplicity:1.36
0.001	0.997	0.001	0.001
0.997	0.001	0.001	0.001
0.997	0.001	0.001	0.001
0.499	0.001	0.499	0.001
0.499	0.001	0.499	0.001
0.001	0.499	0.499	0.001
0.997	0.001	0.001	0.001
0.001	0.001	0.997	0.001
