>TCGAACGG	1-TCGAACGG	8.001181	-31.736962	0	T:15.0(5.43%),B:631.7(0.30%),P:1e-13	Tpos:86.6,Tstd:58.8,Bpos:12879.2,Bstd:50661.0,StrandBias:4.0,Multiplicity:1.55
0.001	0.001	0.001	0.997
0.001	0.966	0.032	0.001
0.001	0.001	0.997	0.001
0.997	0.001	0.001	0.001
0.997	0.001	0.001	0.001
0.001	0.950	0.001	0.048
0.001	0.001	0.997	0.001
0.001	0.001	0.997	0.001
>GAATGGAA	2-GAATGGAA	8.236954	-19.177765	0	T:29.0(10.51%),B:6190.2(2.93%),P:1e-8	Tpos:106.2,Tstd:55.7,Bpos:12588.5,Bstd:44844.2,StrandBias:0.7,Multiplicity:1.00
0.100	0.100	0.700	0.100
0.700	0.100	0.100	0.100
0.700	0.100	0.100	0.100
0.100	0.100	0.100	0.700
0.100	0.100	0.700	0.100
0.100	0.100	0.700	0.100
0.700	0.100	0.100	0.100
0.700	0.100	0.100	0.100
>ATATCACA	3-ATATCACA	-3.842800	-15.870770	0	T:261.0(94.57%),B:178087.0(84.34%),P:1e-6	Tpos:94.1,Tstd:51.4,Bpos:15746.5,Bstd:57032.4,StrandBias:-0.1,Multiplicity:1.61
0.997	0.001	0.001	0.001
0.001	0.001	0.001	0.997
0.997	0.001	0.001	0.001
0.001	0.001	0.001	0.997
0.001	0.997	0.001	0.001
0.666	0.332	0.001	0.001
0.001	0.997	0.001	0.001
0.997	0.001	0.001	0.001
>ATTCCATT	4-ATTCCATT	10.974983	-13.327173	0	T:28.0(10.14%),B:7754.8(3.67%),P:1e-5	Tpos:93.2,Tstd:54.8,Bpos:14017.7,Bstd:42657.9,StrandBias:-1.5,Multiplicity:9.25
0.997	0.001	0.001	0.001
0.001	0.001	0.001	0.997
0.001	0.001	0.001	0.997
0.001	0.997	0.001	0.001
0.001	0.956	0.042	0.001
0.949	0.001	0.049	0.001
0.001	0.001	0.001	0.997
0.001	0.001	0.001	0.997
>NAATGDDN	5-NAATGDDN	2.796754	-11.587182	0	T:272.0(98.55%),B:195749.4(92.71%),P:1e-5	Tpos:88.2,Tstd:54.4,Bpos:13103.1,Bstd:48329.0,StrandBias:0.2,Multiplicity:1.40
0.323	0.242	0.205	0.230
0.453	0.255	0.037	0.255
0.466	0.205	0.199	0.130
0.236	0.025	0.230	0.509
0.001	0.117	0.881	0.001
0.348	0.143	0.205	0.304
0.236	0.124	0.273	0.366
0.236	0.217	0.261	0.286
>TGGAATDR	6-TGGAATDR	4.945151	-10.443362	0	T:200.0(72.46%),B:128195.7(60.71%),P:1e-4	Tpos:96.4,Tstd:55.1,Bpos:14439.6,Bstd:51405.8,StrandBias:-0.1,Multiplicity:1.42
0.278	0.001	0.170	0.551
0.003	0.001	0.887	0.109
0.125	0.019	0.542	0.314
0.822	0.001	0.019	0.158
0.997	0.001	0.001	0.001
0.001	0.001	0.001	0.997
0.266	0.035	0.354	0.344
0.320	0.069	0.406	0.205
>TTTAATTC	7-TTTAATTC	1.996611	-9.412384	0	T:171.0(61.96%),B:106580.8(50.48%),P:1e-4	Tpos:91.2,Tstd:50.1,Bpos:15852.4,Bstd:55163.5,StrandBias:0.1,Multiplicity:1.32
0.292	0.142	0.001	0.565
0.363	0.001	0.001	0.635
0.001	0.211	0.001	0.787
0.777	0.001	0.001	0.221
0.997	0.001	0.001	0.001
0.001	0.001	0.001	0.997
0.001	0.001	0.001	0.997
0.001	0.997	0.001	0.001
>TTGMTYAT	8-TTGMTYAT	0.286327	-8.683761	0	T:260.0(94.20%),B:184705.8(87.48%),P:1e-3	Tpos:96.4,Tstd:54.4,Bpos:13233.2,Bstd:48744.0,StrandBias:-0.2,Multiplicity:1.48
0.001	0.001	0.001	0.997
0.001	0.001	0.001	0.997
0.001	0.290	0.707	0.002
0.565	0.430	0.004	0.001
0.140	0.290	0.001	0.569
0.001	0.571	0.001	0.427
0.707	0.001	0.001	0.291
0.289	0.001	0.001	0.709
>TKSCTGGN	9-TKSCTGGN	2.286400	-7.949718	0	T:276.0(100.00%),B:205151.0(97.16%),P:1e-3	Tpos:91.1,Tstd:54.0,Bpos:11805.9,Bstd:44042.0,StrandBias:0.1,Multiplicity:1.77
0.165	0.001	0.280	0.554
0.110	0.001	0.390	0.499
0.001	0.496	0.502	0.001
0.168	0.500	0.221	0.111
0.281	0.001	0.001	0.717
0.221	0.001	0.557	0.221
0.001	0.278	0.720	0.001
0.221	0.224	0.332	0.223
>TTSTTTCW	10-TTSTTTCW	4.404086	-6.753902	0	T:224.0(81.16%),B:154363.4(73.11%),P:1e-2	Tpos:97.4,Tstd:53.4,Bpos:19849.4,Bstd:69487.8,StrandBias:-0.1,Multiplicity:1.62
0.395	0.001	0.001	0.603
0.245	0.001	0.169	0.585
0.001	0.527	0.471	0.001
0.001	0.226	0.056	0.717
0.170	0.151	0.170	0.509
0.321	0.076	0.113	0.491
0.001	0.603	0.395	0.001
0.489	0.001	0.001	0.509
>TTTATTTA	11-TTTATTTA	4.345134	-6.677607	0	T:237.0(85.87%),B:165805.4(78.52%),P:1e-2	Tpos:91.0,Tstd:54.8,Bpos:15757.1,Bstd:54330.2,StrandBias:0.0,Multiplicity:2.34
0.100	0.100	0.100	0.700
0.100	0.100	0.100	0.700
0.100	0.100	0.100	0.700
0.700	0.100	0.100	0.100
0.100	0.100	0.100	0.700
0.100	0.100	0.100	0.700
0.100	0.100	0.100	0.700
0.700	0.100	0.100	0.100
>TTAWCTTT	12-TTAWCTTT	0.794169	-5.882331	0	T:222.0(80.43%),B:154251.1(73.05%),P:1e-2	Tpos:90.4,Tstd:52.0,Bpos:15675.8,Bstd:56076.6,StrandBias:0.4,Multiplicity:1.54
0.349	0.001	0.001	0.649
0.325	0.001	0.001	0.673
0.997	0.001	0.001	0.001
0.487	0.001	0.001	0.511
0.001	0.814	0.162	0.023
0.001	0.001	0.001	0.997
0.001	0.001	0.001	0.997
0.001	0.001	0.001	0.997
>ACAGAGAG	13-ACAGAGAG	2.399224	-4.755059	0	T:276.0(100.00%),B:207541.3(98.29%),P:1e-2	Tpos:96.7,Tstd:57.0,Bpos:12628.8,Bstd:47695.7,StrandBias:-0.1,Multiplicity:2.13
0.700	0.100	0.100	0.100
0.100	0.700	0.100	0.100
0.700	0.100	0.100	0.100
0.100	0.100	0.700	0.100
0.700	0.100	0.100	0.100
0.100	0.100	0.700	0.100
0.700	0.100	0.100	0.100
0.100	0.100	0.700	0.100
>AATTTAAT	14-AATTTAAT	3.665669	-4.406590	0	T:184.0(66.67%),B:126475.2(59.90%),P:1e-1	Tpos:91.3,Tstd:54.4,Bpos:15360.8,Bstd:52163.1,StrandBias:0.0,Multiplicity:2.01
0.899	0.050	0.001	0.050
0.925	0.025	0.025	0.025
0.001	0.001	0.001	0.997
0.050	0.017	0.001	0.932
0.001	0.001	0.001	0.997
0.829	0.001	0.018	0.152
0.721	0.101	0.051	0.127
0.203	0.025	0.051	0.721
>WAMWAAWW	15-WAMWAAWW	3.094785	-4.277972	0	T:254.0(92.03%),B:185137.6(87.68%),P:1e-1	Tpos:93.1,Tstd:54.1,Bpos:16405.0,Bstd:59057.4,StrandBias:0.2,Multiplicity:1.46
0.378	0.153	0.072	0.398
0.490	0.234	0.275	0.001
0.469	0.346	0.183	0.001
0.469	0.122	0.082	0.326
0.479	0.255	0.265	0.001
0.562	0.204	0.214	0.020
0.408	0.194	0.001	0.398
0.337	0.133	0.153	0.378
>TTAAAAAT	16-TTAAAAAT	-2.213583	-4.104791	0	T:239.0(86.59%),B:172257.7(81.58%),P:1e-1	Tpos:92.4,Tstd:52.8,Bpos:15423.3,Bstd:55447.4,StrandBias:0.3,Multiplicity:1.45
0.121	0.001	0.001	0.877
0.121	0.001	0.001	0.877
0.869	0.008	0.122	0.001
0.997	0.001	0.001	0.001
0.997	0.001	0.001	0.001
0.997	0.001	0.001	0.001
0.997	0.001	0.001	0.001
0.130	0.001	0.001	0.868
>NTCAGCWC	17-NTCAGCWC	1.897860	-3.680686	0	T:276.0(100.00%),B:208351.9(98.67%),P:1e-1	Tpos:93.3,Tstd:53.0,Bpos:13247.8,Bstd:49396.0,StrandBias:0.2,Multiplicity:1.40
0.210	0.210	0.263	0.316
0.262	0.001	0.001	0.736
0.001	0.997	0.001	0.001
0.577	0.001	0.001	0.421
0.210	0.261	0.424	0.104
0.105	0.734	0.160	0.001
0.421	0.106	0.001	0.472
0.052	0.472	0.212	0.264
>ATGGAATK	18-ATGGAATK	-2.743184	-3.443642	0	T:162.0(58.70%),B:111818.7(52.96%),P:1e-1	Tpos:96.8,Tstd:54.4,Bpos:15659.2,Bstd:56581.7,StrandBias:0.5,Multiplicity:2.02
0.997	0.001	0.001	0.001
0.001	0.001	0.001	0.997
0.001	0.001	0.997	0.001
0.001	0.001	0.997	0.001
0.997	0.001	0.001	0.001
0.997	0.001	0.001	0.001
0.001	0.001	0.001	0.997
0.001	0.199	0.400	0.400
>AAAGCACT	19-AAAGCACT	2.399224	-2.042711	0	T:276.0(100.00%),B:209592.5(99.26%),P:1e0	Tpos:94.9,Tstd:52.1,Bpos:14055.0,Bstd:52940.6,StrandBias:-0.0,Multiplicity:2.41
0.700	0.100	0.100	0.100
0.700	0.100	0.100	0.100
0.700	0.100	0.100	0.100
0.100	0.100	0.700	0.100
0.100	0.700	0.100	0.100
0.700	0.100	0.100	0.100
0.100	0.700	0.100	0.100
0.100	0.100	0.100	0.700
>HATTCGGG	20-HATTCGGG	6.730150	-0.748828	0	T:22.0(7.97%),B:16325.8(7.73%),P:1e0	Tpos:44.0,Tstd:8.0,Bpos:13614.3,Bstd:54450.4,StrandBias:0.0,Multiplicity:1.00
0.318	0.318	0.023	0.341
0.658	0.012	0.001	0.329
0.012	0.012	0.318	0.658
0.001	0.330	0.011	0.658
0.012	0.658	0.329	0.001
0.001	0.001	0.658	0.340
0.340	0.001	0.658	0.001
0.011	0.001	0.987	0.001
>ATCTGTTT	21-ATCTGTTT	10.654661	-0.151986	0	T:6.0(2.17%),B:6550.2(3.10%),P:1e0	Tpos:98.0,Tstd:8.0,Bpos:10323.1,Bstd:37401.4,StrandBias:-10.0,Multiplicity:1.00
0.869	0.125	0.005	0.001
0.001	0.001	0.001	0.997
0.001	0.874	0.124	0.001
0.001	0.001	0.001	0.997
0.001	0.130	0.868	0.001
0.001	0.001	0.001	0.997
0.001	0.001	0.001	0.997
0.001	0.005	0.001	0.993
>ATGATCCC	22-ATGATCCC	-2.104424	-0.033965	0	T:276.0(100.00%),B:211124.7(99.99%),P:1e0	Tpos:94.3,Tstd:55.2,Bpos:13330.8,Bstd:50073.2,StrandBias:-0.0,Multiplicity:1.37
0.511	0.163	0.001	0.325
0.336	0.001	0.001	0.662
0.174	0.001	0.500	0.325
0.488	0.325	0.012	0.174
0.012	0.337	0.163	0.488
0.001	0.500	0.337	0.162
0.001	0.661	0.001	0.337
0.162	0.836	0.001	0.001
>ATRWYWKG	23-ATRWYWKG	7.395723	-0.007899	0	T:36.0(13.04%),B:38606.3(18.28%),P:1e0	Tpos:155.0,Tstd:31.0,Bpos:19703.4,Bstd:52359.7,StrandBias:-10.0,Multiplicity:1.00
0.977	0.001	0.001	0.021
0.001	0.046	0.001	0.952
0.465	0.001	0.531	0.003
0.464	0.001	0.001	0.534
0.001	0.487	0.024	0.488
0.488	0.001	0.044	0.467
0.001	0.001	0.534	0.464
0.001	0.022	0.976	0.001
>CCCAGCTG	24-CCCAGCTG	10.130393	-0.001468	0	T:1.0(0.36%),B:4935.3(2.34%),P:1e0	Tpos:89.0,Tstd:0.0,Bpos:9751.8,Bstd:25299.6,StrandBias:-10.0,Multiplicity:1.00
0.002	0.869	0.015	0.114
0.001	0.885	0.113	0.001
0.115	0.869	0.001	0.015
0.870	0.001	0.001	0.128
0.014	0.115	0.870	0.001
0.113	0.885	0.001	0.001
0.001	0.016	0.001	0.982
0.015	0.113	0.871	0.001
>AGAGGGAA	25-AGAGGGAA	-1.492596	0.000000	0	T:276.0(100.00%),B:211150.8(100.00%),P:1e0	Tpos:92.8,Tstd:54.0,Bpos:11764.5,Bstd:46612.8,StrandBias:-0.1,Multiplicity:1.46
0.700	0.100	0.100	0.100
0.100	0.100	0.700	0.100
0.700	0.100	0.100	0.100
0.100	0.100	0.700	0.100
0.100	0.100	0.700	0.100
0.100	0.100	0.700	0.100
0.700	0.100	0.100	0.100
0.700	0.100	0.100	0.100
