>ATGGAATGGA	1-ATGGAATGGA	9.784563	-57.565740	0	T:25.0(9.06%),B:834.3(0.40%),P:1e-25	Tpos:101.4,Tstd:42.2,Bpos:13354.0,Bstd:43852.6,StrandBias:0.4,Multiplicity:1.17
0.817	0.058	0.058	0.067
0.046	0.001	0.055	0.898
0.054	0.338	0.518	0.090
0.078	0.024	0.855	0.043
0.869	0.043	0.014	0.074
0.810	0.049	0.084	0.057
0.019	0.122	0.054	0.805
0.084	0.073	0.807	0.036
0.096	0.103	0.748	0.053
0.877	0.013	0.026	0.084
>TCGAATGGAA	2-TCGAATGGAA	13.463388	-52.307023	0	T:13.0(4.71%),B:73.3(0.03%),P:1e-22	Tpos:72.8,Tstd:60.0,Bpos:18771.2,Bstd:62439.7,StrandBias:3.8,Multiplicity:1.36
0.001	0.001	0.001	0.997
0.001	0.689	0.309	0.001
0.001	0.001	0.997	0.001
0.997	0.001	0.001	0.001
0.997	0.001	0.001	0.001
0.001	0.001	0.001	0.997
0.001	0.001	0.997	0.001
0.001	0.001	0.997	0.001
0.997	0.001	0.001	0.001
0.997	0.001	0.001	0.001
>ATSGAATGGA	3-ATSGAATGGA	11.441364	-47.797830	0	T:11.0(3.99%),B:44.8(0.02%),P:1e-20	Tpos:98.5,Tstd:51.2,Bpos:10008.4,Bstd:34778.8,StrandBias:4.0,Multiplicity:1.70
0.702	0.199	0.064	0.035
0.031	0.134	0.001	0.834
0.041	0.468	0.418	0.073
0.052	0.033	0.914	0.001
0.933	0.065	0.001	0.001
0.856	0.001	0.113	0.030
0.046	0.136	0.013	0.805
0.085	0.191	0.654	0.070
0.048	0.031	0.896	0.025
0.941	0.009	0.035	0.015
>ATCATCGAAT	4-ATCATCGAAT	13.181459	-47.580291	0	T:11.0(3.99%),B:45.7(0.02%),P:1e-20	Tpos:56.2,Tstd:53.5,Bpos:6574.8,Bstd:20346.8,StrandBias:2.3,Multiplicity:1.00
0.997	0.001	0.001	0.001
0.001	0.001	0.059	0.939
0.001	0.997	0.001	0.001
0.997	0.001	0.001	0.001
0.054	0.001	0.001	0.944
0.067	0.776	0.001	0.156
0.001	0.001	0.969	0.029
0.936	0.001	0.001	0.062
0.934	0.064	0.001	0.001
0.053	0.070	0.001	0.876
>GAATGGAATS	5-GAATGGAATS	9.601520	-43.671406	0	T:25.0(9.06%),B:1510.4(0.72%),P:1e-18	Tpos:103.7,Tstd:54.2,Bpos:13481.7,Bstd:29441.2,StrandBias:2.0,Multiplicity:1.36
0.065	0.098	0.794	0.043
0.870	0.034	0.038	0.058
0.707	0.033	0.212	0.048
0.030	0.089	0.022	0.859
0.084	0.009	0.844	0.063
0.035	0.036	0.900	0.029
0.883	0.021	0.039	0.057
0.792	0.117	0.062	0.029
0.063	0.051	0.031	0.855
0.030	0.501	0.437	0.032
>AATGGAATCA	6-AATGGAATCA	10.166818	-37.910143	0	T:27.0(9.78%),B:2371.0(1.12%),P:1e-16	Tpos:90.5,Tstd:57.9,Bpos:39405.7,Bstd:109237.0,StrandBias:0.5,Multiplicity:1.19
0.918	0.026	0.029	0.027
0.882	0.001	0.089	0.028
0.019	0.056	0.031	0.894
0.114	0.062	0.676	0.148
0.001	0.001	0.977	0.021
0.997	0.001	0.001	0.001
0.929	0.042	0.028	0.001
0.001	0.001	0.024	0.974
0.021	0.957	0.001	0.021
0.960	0.038	0.001	0.001
>TSGAATGGAA	7-TSGAATGGAA	9.634384	-37.778250	0	T:27.0(9.78%),B:2384.1(1.13%),P:1e-16	Tpos:110.8,Tstd:51.8,Bpos:11624.8,Bstd:40150.4,StrandBias:1.5,Multiplicity:1.59
0.076	0.056	0.033	0.835
0.035	0.427	0.496	0.041
0.164	0.094	0.727	0.015
0.902	0.040	0.018	0.040
0.805	0.037	0.093	0.065
0.032	0.143	0.015	0.810
0.060	0.088	0.831	0.021
0.089	0.040	0.861	0.010
0.881	0.054	0.009	0.056
0.859	0.008	0.097	0.036
>GGAATGGAAT	8-GGAATGGAAT	10.869968	-37.554191	0	T:22.0(7.97%),B:1396.9(0.66%),P:1e-16	Tpos:90.0,Tstd:53.1,Bpos:16262.1,Bstd:34633.2,StrandBias:1.6,Multiplicity:7.23
0.017	0.060	0.846	0.077
0.001	0.111	0.887	0.001
0.929	0.051	0.019	0.001
0.979	0.001	0.019	0.001
0.001	0.064	0.001	0.934
0.161	0.115	0.563	0.161
0.020	0.136	0.824	0.020
0.923	0.001	0.001	0.075
0.902	0.096	0.001	0.001
0.001	0.001	0.001	0.997
>CAACCCGAGT	9-CAACCCGAGT	10.808667	-35.026808	0	T:10.0(3.62%),B:102.1(0.05%),P:1e-15	Tpos:118.0,Tstd:56.3,Bpos:8246.4,Bstd:32622.3,StrandBias:0.6,Multiplicity:1.11
0.001	0.997	0.001	0.001
0.997	0.001	0.001	0.001
0.997	0.001	0.001	0.001
0.001	0.997	0.001	0.001
0.001	0.811	0.100	0.088
0.047	0.903	0.001	0.049
0.050	0.001	0.889	0.060
0.997	0.001	0.001	0.001
0.267	0.001	0.731	0.001
0.001	0.001	0.071	0.927
>TCCDTTCGAT	10-TCCDTTCGAT	11.375920	-20.390400	0	T:4.0(1.45%),B:8.5(0.00%),P:1e-8	Tpos:110.0,Tstd:50.0,Bpos:6734.4,Bstd:8967.1,StrandBias:-10.0,Multiplicity:1.00
0.059	0.067	0.001	0.873
0.064	0.654	0.125	0.157
0.081	0.804	0.001	0.114
0.310	0.052	0.391	0.247
0.064	0.063	0.001	0.872
0.074	0.001	0.001	0.924
0.001	0.947	0.001	0.051
0.094	0.155	0.749	0.002
0.886	0.001	0.001	0.112
0.003	0.001	0.081	0.915
>CATCAAATGG	11-CATCAAATGG	8.714710	-16.323193	0	T:22.0(7.97%),B:4290.2(2.03%),P:1e-7	Tpos:97.3,Tstd:52.9,Bpos:12298.1,Bstd:43699.3,StrandBias:0.9,Multiplicity:1.21
0.079	0.757	0.088	0.076
0.997	0.001	0.001	0.001
0.048	0.001	0.001	0.950
0.114	0.827	0.001	0.058
0.927	0.071	0.001	0.001
0.855	0.001	0.066	0.078
0.921	0.001	0.077	0.001
0.055	0.001	0.001	0.943
0.064	0.001	0.934	0.001
0.047	0.001	0.951	0.001
>ATTCCATTCC	12-ATTCCATTCC	7.576887	-11.061307	0	T:36.0(13.04%),B:12853.7(6.09%),P:1e-4	Tpos:98.3,Tstd:60.4,Bpos:16374.0,Bstd:57047.2,StrandBias:-0.4,Multiplicity:1.38
0.771	0.050	0.054	0.125
0.020	0.162	0.001	0.817
0.200	0.001	0.001	0.798
0.089	0.754	0.069	0.088
0.122	0.762	0.046	0.070
0.800	0.074	0.081	0.045
0.054	0.154	0.086	0.706
0.086	0.072	0.059	0.783
0.125	0.622	0.212	0.041
0.001	0.903	0.093	0.003
>TTCAATCATG	13-TTCAATCATG	7.443096	-8.316648	0	T:39.0(14.13%),B:16465.1(7.80%),P:1e-3	Tpos:99.3,Tstd:55.0,Bpos:14245.5,Bstd:50061.9,StrandBias:0.0,Multiplicity:1.11
0.081	0.041	0.042	0.836
0.164	0.075	0.058	0.703
0.063	0.826	0.028	0.083
0.911	0.014	0.001	0.074
0.754	0.058	0.069	0.119
0.052	0.024	0.127	0.797
0.032	0.746	0.154	0.068
0.865	0.093	0.001	0.041
0.048	0.073	0.070	0.809
0.073	0.119	0.764	0.044
