>ATGGAATGGA	1-ATGGAATGGA	9.784563	-57.565740	0	T:25.0(9.06%),B:834.3(0.40%),P:1e-25	Tpos:101.4,Tstd:42.2,Bpos:13354.0,Bstd:43852.6,StrandBias:0.4,Multiplicity:1.17
0.817	0.058	0.058	0.067
0.046	0.001	0.055	0.898
0.054	0.338	0.518	0.090
0.078	0.024	0.855	0.043
0.869	0.043	0.014	0.074
0.810	0.049	0.084	0.057
0.019	0.122	0.054	0.805
0.084	0.073	0.807	0.036
0.096	0.103	0.748	0.053
0.877	0.013	0.026	0.084
>TCGAATGGAA	2-TCGAATGGAA	13.463388	-52.307023	0	T:13.0(4.71%),B:73.3(0.03%),P:1e-22	Tpos:72.8,Tstd:60.0,Bpos:18771.2,Bstd:62439.7,StrandBias:3.8,Multiplicity:1.36
0.001	0.001	0.001	0.997
0.001	0.689	0.309	0.001
0.001	0.001	0.997	0.001
0.997	0.001	0.001	0.001
0.997	0.001	0.001	0.001
0.001	0.001	0.001	0.997
0.001	0.001	0.997	0.001
0.001	0.001	0.997	0.001
0.997	0.001	0.001	0.001
0.997	0.001	0.001	0.001
>ATSGAATGGA	3-ATSGAATGGA	11.441364	-47.797830	0	T:11.0(3.99%),B:44.8(0.02%),P:1e-20	Tpos:98.5,Tstd:51.2,Bpos:10008.4,Bstd:34778.8,StrandBias:4.0,Multiplicity:1.70
0.702	0.199	0.064	0.035
0.031	0.134	0.001	0.834
0.041	0.468	0.418	0.073
0.052	0.033	0.914	0.001
0.933	0.065	0.001	0.001
0.856	0.001	0.113	0.030
0.046	0.136	0.013	0.805
0.085	0.191	0.654	0.070
0.048	0.031	0.896	0.025
0.941	0.009	0.035	0.015
>ATCATCGAAT	4-ATCATCGAAT	13.181459	-47.580291	0	T:11.0(3.99%),B:45.7(0.02%),P:1e-20	Tpos:56.2,Tstd:53.5,Bpos:6574.8,Bstd:20346.8,StrandBias:2.3,Multiplicity:1.00
0.997	0.001	0.001	0.001
0.001	0.001	0.059	0.939
0.001	0.997	0.001	0.001
0.997	0.001	0.001	0.001
0.054	0.001	0.001	0.944
0.067	0.776	0.001	0.156
0.001	0.001	0.969	0.029
0.936	0.001	0.001	0.062
0.934	0.064	0.001	0.001
0.053	0.070	0.001	0.876
>GAATGGAATS	5-GAATGGAATS	9.601520	-43.671406	0	T:25.0(9.06%),B:1510.4(0.72%),P:1e-18	Tpos:103.7,Tstd:54.2,Bpos:13481.7,Bstd:29441.2,StrandBias:2.0,Multiplicity:1.36
0.065	0.098	0.794	0.043
0.870	0.034	0.038	0.058
0.707	0.033	0.212	0.048
0.030	0.089	0.022	0.859
0.084	0.009	0.844	0.063
0.035	0.036	0.900	0.029
0.883	0.021	0.039	0.057
0.792	0.117	0.062	0.029
0.063	0.051	0.031	0.855
0.030	0.501	0.437	0.032
>AATGGAATCA	6-AATGGAATCA	10.166818	-37.910143	0	T:27.0(9.78%),B:2371.0(1.12%),P:1e-16	Tpos:90.5,Tstd:57.9,Bpos:39405.7,Bstd:109237.0,StrandBias:0.5,Multiplicity:1.19
0.918	0.026	0.029	0.027
0.882	0.001	0.089	0.028
0.019	0.056	0.031	0.894
0.114	0.062	0.676	0.148
0.001	0.001	0.977	0.021
0.997	0.001	0.001	0.001
0.929	0.042	0.028	0.001
0.001	0.001	0.024	0.974
0.021	0.957	0.001	0.021
0.960	0.038	0.001	0.001
>TSGAATGGAA	7-TSGAATGGAA	9.634384	-37.778250	0	T:27.0(9.78%),B:2384.1(1.13%),P:1e-16	Tpos:110.8,Tstd:51.8,Bpos:11624.8,Bstd:40150.4,StrandBias:1.5,Multiplicity:1.59
0.076	0.056	0.033	0.835
0.035	0.427	0.496	0.041
0.164	0.094	0.727	0.015
0.902	0.040	0.018	0.040
0.805	0.037	0.093	0.065
0.032	0.143	0.015	0.810
0.060	0.088	0.831	0.021
0.089	0.040	0.861	0.010
0.881	0.054	0.009	0.056
0.859	0.008	0.097	0.036
>GGAATGGAAT	8-GGAATGGAAT	10.869968	-37.554191	0	T:22.0(7.97%),B:1396.9(0.66%),P:1e-16	Tpos:90.0,Tstd:53.1,Bpos:16262.1,Bstd:34633.2,StrandBias:1.6,Multiplicity:7.23
0.017	0.060	0.846	0.077
0.001	0.111	0.887	0.001
0.929	0.051	0.019	0.001
0.979	0.001	0.019	0.001
0.001	0.064	0.001	0.934
0.161	0.115	0.563	0.161
0.020	0.136	0.824	0.020
0.923	0.001	0.001	0.075
0.902	0.096	0.001	0.001
0.001	0.001	0.001	0.997
>CAACCCGAGT	9-CAACCCGAGT	10.808667	-35.026808	0	T:10.0(3.62%),B:102.1(0.05%),P:1e-15	Tpos:118.0,Tstd:56.3,Bpos:8246.4,Bstd:32622.3,StrandBias:0.6,Multiplicity:1.11
0.001	0.997	0.001	0.001
0.997	0.001	0.001	0.001
0.997	0.001	0.001	0.001
0.001	0.997	0.001	0.001
0.001	0.811	0.100	0.088
0.047	0.903	0.001	0.049
0.050	0.001	0.889	0.060
0.997	0.001	0.001	0.001
0.267	0.001	0.731	0.001
0.001	0.001	0.071	0.927
>TCCDTTCGAT	10-TCCDTTCGAT	11.375920	-20.390400	0	T:4.0(1.45%),B:8.5(0.00%),P:1e-8	Tpos:110.0,Tstd:50.0,Bpos:6734.4,Bstd:8967.1,StrandBias:-10.0,Multiplicity:1.00
0.059	0.067	0.001	0.873
0.064	0.654	0.125	0.157
0.081	0.804	0.001	0.114
0.310	0.052	0.391	0.247
0.064	0.063	0.001	0.872
0.074	0.001	0.001	0.924
0.001	0.947	0.001	0.051
0.094	0.155	0.749	0.002
0.886	0.001	0.001	0.112
0.003	0.001	0.081	0.915
>CATCAAATGG	11-CATCAAATGG	8.714710	-16.323193	0	T:22.0(7.97%),B:4290.2(2.03%),P:1e-7	Tpos:97.3,Tstd:52.9,Bpos:12298.1,Bstd:43699.3,StrandBias:0.9,Multiplicity:1.21
0.079	0.757	0.088	0.076
0.997	0.001	0.001	0.001
0.048	0.001	0.001	0.950
0.114	0.827	0.001	0.058
0.927	0.071	0.001	0.001
0.855	0.001	0.066	0.078
0.921	0.001	0.077	0.001
0.055	0.001	0.001	0.943
0.064	0.001	0.934	0.001
0.047	0.001	0.951	0.001
>ATTCCATTCC	12-ATTCCATTCC	7.576887	-11.061307	0	T:36.0(13.04%),B:12853.7(6.09%),P:1e-4	Tpos:98.3,Tstd:60.4,Bpos:16374.0,Bstd:57047.2,StrandBias:-0.4,Multiplicity:1.38
0.771	0.050	0.054	0.125
0.020	0.162	0.001	0.817
0.200	0.001	0.001	0.798
0.089	0.754	0.069	0.088
0.122	0.762	0.046	0.070
0.800	0.074	0.081	0.045
0.054	0.154	0.086	0.706
0.086	0.072	0.059	0.783
0.125	0.622	0.212	0.041
0.001	0.903	0.093	0.003
>TTCAATCATG	13-TTCAATCATG	7.443096	-8.316648	0	T:39.0(14.13%),B:16465.1(7.80%),P:1e-3	Tpos:99.3,Tstd:55.0,Bpos:14245.5,Bstd:50061.9,StrandBias:0.0,Multiplicity:1.11
0.081	0.041	0.042	0.836
0.164	0.075	0.058	0.703
0.063	0.826	0.028	0.083
0.911	0.014	0.001	0.074
0.754	0.058	0.069	0.119
0.052	0.024	0.127	0.797
0.032	0.746	0.154	0.068
0.865	0.093	0.001	0.041
0.048	0.073	0.070	0.809
0.073	0.119	0.764	0.044
>ATGGAATGGAAT	1-ATGGAATGGAAT	9.676507	-83.212195	0	T:23.0(8.33%),B:192.6(0.09%),P:1e-36	Tpos:88.7,Tstd:53.0,Bpos:16750.6,Bstd:21937.2,StrandBias:1.6,Multiplicity:3.30
0.997	0.001	0.001	0.001
0.001	0.001	0.001	0.997
0.001	0.122	0.876	0.001
0.001	0.001	0.997	0.001
0.997	0.001	0.001	0.001
0.997	0.001	0.001	0.001
0.001	0.001	0.001	0.997
0.001	0.019	0.979	0.001
0.001	0.001	0.997	0.001
0.997	0.001	0.001	0.001
0.997	0.001	0.001	0.001
0.001	0.001	0.001	0.997
>TCGAATGGACTS	2-TCGAATGGACTS	9.750043	-81.363836	0	T:24.0(8.70%),B:255.1(0.12%),P:1e-35	Tpos:108.4,Tstd:49.0,Bpos:8067.1,Bstd:38625.9,StrandBias:10.0,Multiplicity:1.00
0.119	0.089	0.001	0.791
0.120	0.542	0.248	0.090
0.060	0.120	0.700	0.120
0.760	0.060	0.030	0.150
0.580	0.060	0.240	0.120
0.060	0.032	0.090	0.818
0.091	0.198	0.620	0.091
0.049	0.090	0.741	0.120
0.730	0.120	0.090	0.060
0.292	0.528	0.150	0.030
0.111	0.079	0.030	0.780
0.120	0.412	0.359	0.110
>TCGAATGGAATC	3-TCGAATGGAATC	16.026542	-63.838499	0	T:11.0(3.99%),B:6.9(0.00%),P:1e-27	Tpos:69.3,Tstd:64.7,Bpos:2066.0,Bstd:0.0,StrandBias:3.3,Multiplicity:1.22
0.001	0.001	0.001	0.997
0.001	0.714	0.284	0.001
0.001	0.001	0.997	0.001
0.997	0.001	0.001	0.001
0.997	0.001	0.001	0.001
0.001	0.001	0.001	0.997
0.001	0.001	0.997	0.001
0.001	0.001	0.997	0.001
0.997	0.001	0.001	0.001
0.997	0.001	0.001	0.001
0.001	0.001	0.001	0.997
0.001	0.785	0.213	0.001
>CGAATGGAATCA	4-CGAATGGAATCA	13.649527	-53.315998	0	T:13.0(4.71%),B:67.2(0.03%),P:1e-23	Tpos:129.3,Tstd:40.6,Bpos:24055.4,Bstd:64050.5,StrandBias:2.2,Multiplicity:1.10
0.083	0.731	0.071	0.115
0.268	0.150	0.520	0.062
0.887	0.025	0.061	0.027
0.948	0.001	0.024	0.027
0.081	0.035	0.001	0.883
0.051	0.077	0.759	0.113
0.076	0.001	0.825	0.098
0.960	0.001	0.001	0.038
0.840	0.092	0.029	0.039
0.038	0.001	0.024	0.937
0.029	0.886	0.001	0.084
0.828	0.059	0.112	0.001
>GAATGGAATGGA	5-GAATGGAATGGA	10.735840	-50.767416	0	T:24.0(8.70%),B:978.9(0.46%),P:1e-22	Tpos:102.8,Tstd:48.8,Bpos:16788.1,Bstd:24979.2,StrandBias:1.8,Multiplicity:1.95
0.082	0.053	0.822	0.043
0.883	0.044	0.050	0.023
0.753	0.074	0.126	0.047
0.077	0.065	0.009	0.849
0.034	0.138	0.712	0.116
0.069	0.021	0.872	0.038
0.967	0.023	0.009	0.001
0.830	0.040	0.117	0.013
0.062	0.108	0.008	0.822
0.022	0.167	0.753	0.058
0.103	0.064	0.805	0.028
0.934	0.016	0.001	0.049
>ATSGAACGGAAM	6-ATSGAACGGAAM	8.249939	-45.966692	0	T:14.0(5.07%),B:173.1(0.08%),P:1e-19	Tpos:83.7,Tstd:71.8,Bpos:8530.3,Bstd:21720.7,StrandBias:2.6,Multiplicity:1.00
0.982	0.001	0.001	0.016
0.001	0.001	0.001	0.997
0.001	0.534	0.464	0.001
0.001	0.001	0.997	0.001
0.997	0.001	0.001	0.001
0.997	0.001	0.001	0.001
0.001	0.982	0.001	0.016
0.001	0.001	0.997	0.001
0.001	0.001	0.997	0.001
0.997	0.001	0.001	0.001
0.930	0.052	0.017	0.001
0.464	0.534	0.001	0.001
>AATGGAATCAAC	7-AATGGAATCAAC	10.628198	-43.825460	0	T:26.0(9.42%),B:1676.7(0.79%),P:1e-19	Tpos:82.2,Tstd:57.0,Bpos:15154.5,Bstd:50495.4,StrandBias:1.1,Multiplicity:1.00
0.853	0.054	0.001	0.092
0.853	0.001	0.079	0.067
0.168	0.001	0.001	0.830
0.116	0.002	0.747	0.135
0.001	0.054	0.944	0.001
0.840	0.001	0.092	0.067
0.907	0.001	0.091	0.001
0.001	0.001	0.001	0.997
0.055	0.699	0.205	0.041
0.814	0.001	0.184	0.001
0.779	0.219	0.001	0.001
0.160	0.745	0.053	0.042
>TCATYGAATGGA	8-TCATYGAATGGA	11.086169	-41.133301	0	T:14.0(5.07%),B:249.2(0.12%),P:1e-17	Tpos:135.3,Tstd:36.2,Bpos:9915.7,Bstd:30423.5,StrandBias:1.0,Multiplicity:1.00
0.098	0.070	0.129	0.703
0.123	0.786	0.035	0.056
0.870	0.001	0.048	0.081
0.141	0.052	0.069	0.738
0.133	0.425	0.130	0.311
0.173	0.135	0.602	0.090
0.784	0.047	0.119	0.050
0.852	0.001	0.086	0.061
0.156	0.001	0.001	0.842
0.147	0.001	0.748	0.104
0.050	0.021	0.834	0.095
0.817	0.036	0.091	0.056
>AATGGAATCATC	9-AATGGAATCATC	12.653313	-36.043090	0	T:14.0(5.07%),B:365.8(0.17%),P:1e-15	Tpos:98.6,Tstd:51.2,Bpos:133442.5,Bstd:213234.0,StrandBias:1.8,Multiplicity:1.69
0.941	0.001	0.001	0.057
0.929	0.001	0.069	0.001
0.001	0.089	0.001	0.909
0.063	0.002	0.933	0.002
0.001	0.001	0.945	0.053
0.997	0.001	0.001	0.001
0.878	0.058	0.063	0.001
0.001	0.001	0.064	0.934
0.133	0.729	0.001	0.137
0.941	0.057	0.001	0.001
0.012	0.001	0.001	0.986
0.001	0.858	0.048	0.093
>CAACCCGAGTGG	10-CAACCCGAGTGG	15.019057	-24.200632	0	T:5.0(1.81%),B:13.9(0.01%),P:1e-10	Tpos:132.5,Tstd:52.1,Bpos:594.3,Bstd:1049.9,StrandBias:1.6,Multiplicity:1.33
0.001	0.997	0.001	0.001
0.997	0.001	0.001	0.001
0.997	0.001	0.001	0.001
0.001	0.997	0.001	0.001
0.001	0.671	0.001	0.327
0.001	0.997	0.001	0.001
0.001	0.001	0.997	0.001
0.997	0.001	0.001	0.001
0.001	0.001	0.997	0.001
0.001	0.001	0.001	0.997
0.001	0.001	0.997	0.001
0.001	0.001	0.693	0.305
>GGAGGTTGGGTC	11-GGAGGTTGGGTC	14.157165	-19.269456	0	T:5.0(1.81%),B:40.3(0.02%),P:1e-8	Tpos:98.8,Tstd:48.3,Bpos:11752.9,Bstd:42420.8,StrandBias:2.0,Multiplicity:1.00
0.001	0.001	0.997	0.001
0.001	0.207	0.585	0.207
0.997	0.001	0.001	0.001
0.001	0.001	0.997	0.001
0.001	0.183	0.815	0.001
0.001	0.001	0.001	0.997
0.001	0.001	0.001	0.997
0.001	0.001	0.997	0.001
0.001	0.001	0.997	0.001
0.001	0.001	0.997	0.001
0.001	0.001	0.001	0.997
0.001	0.805	0.001	0.193
>ACATTTCACAGC	12-ACATTTCACAGC	13.779966	-15.405049	0	T:6.0(2.17%),B:180.8(0.09%),P:1e-6	Tpos:92.2,Tstd:44.5,Bpos:13669.8,Bstd:43386.1,StrandBias:0.0,Multiplicity:1.00
0.997	0.001	0.001	0.001
0.141	0.857	0.001	0.001
0.997	0.001	0.001	0.001
0.001	0.001	0.001	0.997
0.001	0.001	0.001	0.997
0.001	0.001	0.171	0.827
0.001	0.997	0.001	0.001
0.845	0.001	0.001	0.153
0.001	0.997	0.001	0.001
0.997	0.001	0.001	0.001
0.166	0.235	0.598	0.001
0.001	0.997	0.001	0.001
>CATTGCTGGATT	13-CATTGCTGGATT	8.462670	-14.171426	0	T:10.0(3.62%),B:947.4(0.45%),P:1e-6	Tpos:105.2,Tstd:48.5,Bpos:13623.0,Bstd:51440.0,StrandBias:2.0,Multiplicity:1.00
0.001	0.997	0.001	0.001
0.997	0.001	0.001	0.001
0.291	0.001	0.001	0.707
0.009	0.001	0.001	0.989
0.001	0.001	0.997	0.001
0.001	0.997	0.001	0.001
0.349	0.001	0.001	0.649
0.001	0.001	0.649	0.349
0.001	0.001	0.695	0.303
0.997	0.001	0.001	0.001
0.001	0.340	0.001	0.658
0.001	0.001	0.001	0.997
>CATCAGATGAAA	14-CATCAGATGAAA	12.717381	-12.687523	0	T:6.0(2.17%),B:291.4(0.14%),P:1e-5	Tpos:77.5,Tstd:46.5,Bpos:11706.5,Bstd:39977.7,StrandBias:1.0,Multiplicity:1.00
0.171	0.827	0.001	0.001
0.675	0.001	0.323	0.001
0.001	0.001	0.001	0.997
0.226	0.772	0.001	0.001
0.728	0.001	0.270	0.001
0.313	0.184	0.502	0.001
0.997	0.001	0.001	0.001
0.001	0.001	0.001	0.997
0.001	0.001	0.636	0.362
0.789	0.001	0.209	0.001
0.961	0.001	0.001	0.037
0.997	0.001	0.001	0.001
>TTGACACTTTCA	15-TTGACACTTTCA	11.670048	-10.240528	0	T:7.0(2.54%),B:670.0(0.32%),P:1e-4	Tpos:96.9,Tstd:48.7,Bpos:13940.2,Bstd:45930.7,StrandBias:-0.7,Multiplicity:1.14
0.001	0.001	0.001	0.997
0.153	0.001	0.001	0.845
0.107	0.184	0.708	0.001
0.876	0.001	0.120	0.003
0.117	0.881	0.001	0.001
0.878	0.001	0.001	0.120
0.001	0.843	0.001	0.155
0.108	0.253	0.191	0.449
0.134	0.001	0.001	0.864
0.158	0.001	0.001	0.840
0.072	0.842	0.001	0.085
0.997	0.001	0.001	0.001
>GTACTTTSATAT	16-GTACTTTSATAT	10.750767	-9.805670	0	T:8.0(2.90%),B:979.1(0.46%),P:1e-4	Tpos:102.5,Tstd:45.0,Bpos:12322.4,Bstd:48043.4,StrandBias:2.2,Multiplicity:1.38
0.001	0.001	0.997	0.001
0.001	0.160	0.001	0.838
0.878	0.001	0.120	0.001
0.099	0.899	0.001	0.001
0.001	0.140	0.001	0.858
0.001	0.001	0.160	0.838
0.001	0.001	0.151	0.847
0.001	0.449	0.310	0.240
0.870	0.120	0.001	0.009
0.001	0.001	0.135	0.863
0.838	0.160	0.001	0.001
0.001	0.001	0.001	0.997
>AAAACATGGATA	17-AAAACATGGATA	13.200314	-5.207360	0	T:4.0(1.45%),B:528.5(0.25%),P:1e-2	Tpos:132.8,Tstd:47.3,Bpos:17398.7,Bstd:65587.0,StrandBias:2.3,Multiplicity:1.50
0.702	0.001	0.001	0.296
0.487	0.306	0.206	0.001
0.997	0.001	0.001	0.001
0.997	0.001	0.001	0.001
0.001	0.997	0.001	0.001
0.997	0.001	0.001	0.001
0.001	0.001	0.001	0.997
0.001	0.001	0.758	0.240
0.001	0.001	0.997	0.001
0.997	0.001	0.001	0.001
0.396	0.001	0.001	0.602
0.758	0.001	0.001	0.240
>TCGAACGG	1-TCGAACGG	8.001181	-31.736962	0	T:15.0(5.43%),B:631.7(0.30%),P:1e-13	Tpos:86.6,Tstd:58.8,Bpos:12879.2,Bstd:50661.0,StrandBias:4.0,Multiplicity:1.55
0.001	0.001	0.001	0.997
0.001	0.966	0.032	0.001
0.001	0.001	0.997	0.001
0.997	0.001	0.001	0.001
0.997	0.001	0.001	0.001
0.001	0.950	0.001	0.048
0.001	0.001	0.997	0.001
0.001	0.001	0.997	0.001
>GAATGGAA	2-GAATGGAA	8.236954	-19.177765	0	T:29.0(10.51%),B:6190.2(2.93%),P:1e-8	Tpos:106.2,Tstd:55.7,Bpos:12588.5,Bstd:44844.2,StrandBias:0.7,Multiplicity:1.00
0.100	0.100	0.700	0.100
0.700	0.100	0.100	0.100
0.700	0.100	0.100	0.100
0.100	0.100	0.100	0.700
0.100	0.100	0.700	0.100
0.100	0.100	0.700	0.100
0.700	0.100	0.100	0.100
0.700	0.100	0.100	0.100
>ATATCACA	3-ATATCACA	-3.842800	-15.870770	0	T:261.0(94.57%),B:178087.0(84.34%),P:1e-6	Tpos:94.1,Tstd:51.4,Bpos:15746.5,Bstd:57032.4,StrandBias:-0.1,Multiplicity:1.61
0.997	0.001	0.001	0.001
0.001	0.001	0.001	0.997
0.997	0.001	0.001	0.001
0.001	0.001	0.001	0.997
0.001	0.997	0.001	0.001
0.666	0.332	0.001	0.001
0.001	0.997	0.001	0.001
0.997	0.001	0.001	0.001
>ATTCCATT	4-ATTCCATT	10.974983	-13.327173	0	T:28.0(10.14%),B:7754.8(3.67%),P:1e-5	Tpos:93.2,Tstd:54.8,Bpos:14017.7,Bstd:42657.9,StrandBias:-1.5,Multiplicity:9.25
0.997	0.001	0.001	0.001
0.001	0.001	0.001	0.997
0.001	0.001	0.001	0.997
0.001	0.997	0.001	0.001
0.001	0.956	0.042	0.001
0.949	0.001	0.049	0.001
0.001	0.001	0.001	0.997
0.001	0.001	0.001	0.997
>NAATGDDN	5-NAATGDDN	2.796754	-11.587182	0	T:272.0(98.55%),B:195749.4(92.71%),P:1e-5	Tpos:88.2,Tstd:54.4,Bpos:13103.1,Bstd:48329.0,StrandBias:0.2,Multiplicity:1.40
0.323	0.242	0.205	0.230
0.453	0.255	0.037	0.255
0.466	0.205	0.199	0.130
0.236	0.025	0.230	0.509
0.001	0.117	0.881	0.001
0.348	0.143	0.205	0.304
0.236	0.124	0.273	0.366
0.236	0.217	0.261	0.286
>TGGAATDR	6-TGGAATDR	4.945151	-10.443362	0	T:200.0(72.46%),B:128195.7(60.71%),P:1e-4	Tpos:96.4,Tstd:55.1,Bpos:14439.6,Bstd:51405.8,StrandBias:-0.1,Multiplicity:1.42
0.278	0.001	0.170	0.551
0.003	0.001	0.887	0.109
0.125	0.019	0.542	0.314
0.822	0.001	0.019	0.158
0.997	0.001	0.001	0.001
0.001	0.001	0.001	0.997
0.266	0.035	0.354	0.344
0.320	0.069	0.406	0.205
>TTTAATTC	7-TTTAATTC	1.996611	-9.412384	0	T:171.0(61.96%),B:106580.8(50.48%),P:1e-4	Tpos:91.2,Tstd:50.1,Bpos:15852.4,Bstd:55163.5,StrandBias:0.1,Multiplicity:1.32
0.292	0.142	0.001	0.565
0.363	0.001	0.001	0.635
0.001	0.211	0.001	0.787
0.777	0.001	0.001	0.221
0.997	0.001	0.001	0.001
0.001	0.001	0.001	0.997
0.001	0.001	0.001	0.997
0.001	0.997	0.001	0.001
>TTGMTYAT	8-TTGMTYAT	0.286327	-8.683761	0	T:260.0(94.20%),B:184705.8(87.48%),P:1e-3	Tpos:96.4,Tstd:54.4,Bpos:13233.2,Bstd:48744.0,StrandBias:-0.2,Multiplicity:1.48
0.001	0.001	0.001	0.997
0.001	0.001	0.001	0.997
0.001	0.290	0.707	0.002
0.565	0.430	0.004	0.001
0.140	0.290	0.001	0.569
0.001	0.571	0.001	0.427
0.707	0.001	0.001	0.291
0.289	0.001	0.001	0.709
>TKSCTGGN	9-TKSCTGGN	2.286400	-7.949718	0	T:276.0(100.00%),B:205151.0(97.16%),P:1e-3	Tpos:91.1,Tstd:54.0,Bpos:11805.9,Bstd:44042.0,StrandBias:0.1,Multiplicity:1.77
0.165	0.001	0.280	0.554
0.110	0.001	0.390	0.499
0.001	0.496	0.502	0.001
0.168	0.500	0.221	0.111
0.281	0.001	0.001	0.717
0.221	0.001	0.557	0.221
0.001	0.278	0.720	0.001
0.221	0.224	0.332	0.223
>TTSTTTCW	10-TTSTTTCW	4.404086	-6.753902	0	T:224.0(81.16%),B:154363.4(73.11%),P:1e-2	Tpos:97.4,Tstd:53.4,Bpos:19849.4,Bstd:69487.8,StrandBias:-0.1,Multiplicity:1.62
0.395	0.001	0.001	0.603
0.245	0.001	0.169	0.585
0.001	0.527	0.471	0.001
0.001	0.226	0.056	0.717
0.170	0.151	0.170	0.509
0.321	0.076	0.113	0.491
0.001	0.603	0.395	0.001
0.489	0.001	0.001	0.509
>TTTATTTA	11-TTTATTTA	4.345134	-6.677607	0	T:237.0(85.87%),B:165805.4(78.52%),P:1e-2	Tpos:91.0,Tstd:54.8,Bpos:15757.1,Bstd:54330.2,StrandBias:0.0,Multiplicity:2.34
0.100	0.100	0.100	0.700
0.100	0.100	0.100	0.700
0.100	0.100	0.100	0.700
0.700	0.100	0.100	0.100
0.100	0.100	0.100	0.700
0.100	0.100	0.100	0.700
0.100	0.100	0.100	0.700
0.700	0.100	0.100	0.100
>TTAWCTTT	12-TTAWCTTT	0.794169	-5.882331	0	T:222.0(80.43%),B:154251.1(73.05%),P:1e-2	Tpos:90.4,Tstd:52.0,Bpos:15675.8,Bstd:56076.6,StrandBias:0.4,Multiplicity:1.54
0.349	0.001	0.001	0.649
0.325	0.001	0.001	0.673
0.997	0.001	0.001	0.001
0.487	0.001	0.001	0.511
0.001	0.814	0.162	0.023
0.001	0.001	0.001	0.997
0.001	0.001	0.001	0.997
0.001	0.001	0.001	0.997
>ACAGAGAG	13-ACAGAGAG	2.399224	-4.755059	0	T:276.0(100.00%),B:207541.3(98.29%),P:1e-2	Tpos:96.7,Tstd:57.0,Bpos:12628.8,Bstd:47695.7,StrandBias:-0.1,Multiplicity:2.13
0.700	0.100	0.100	0.100
0.100	0.700	0.100	0.100
0.700	0.100	0.100	0.100
0.100	0.100	0.700	0.100
0.700	0.100	0.100	0.100
0.100	0.100	0.700	0.100
0.700	0.100	0.100	0.100
0.100	0.100	0.700	0.100
>AATTTAAT	14-AATTTAAT	3.665669	-4.406590	0	T:184.0(66.67%),B:126475.2(59.90%),P:1e-1	Tpos:91.3,Tstd:54.4,Bpos:15360.8,Bstd:52163.1,StrandBias:0.0,Multiplicity:2.01
0.899	0.050	0.001	0.050
0.925	0.025	0.025	0.025
0.001	0.001	0.001	0.997
0.050	0.017	0.001	0.932
0.001	0.001	0.001	0.997
0.829	0.001	0.018	0.152
0.721	0.101	0.051	0.127
0.203	0.025	0.051	0.721
>WAMWAAWW	15-WAMWAAWW	3.094785	-4.277972	0	T:254.0(92.03%),B:185137.6(87.68%),P:1e-1	Tpos:93.1,Tstd:54.1,Bpos:16405.0,Bstd:59057.4,StrandBias:0.2,Multiplicity:1.46
0.378	0.153	0.072	0.398
0.490	0.234	0.275	0.001
0.469	0.346	0.183	0.001
0.469	0.122	0.082	0.326
0.479	0.255	0.265	0.001
0.562	0.204	0.214	0.020
0.408	0.194	0.001	0.398
0.337	0.133	0.153	0.378
>TTAAAAAT	16-TTAAAAAT	-2.213583	-4.104791	0	T:239.0(86.59%),B:172257.7(81.58%),P:1e-1	Tpos:92.4,Tstd:52.8,Bpos:15423.3,Bstd:55447.4,StrandBias:0.3,Multiplicity:1.45
0.121	0.001	0.001	0.877
0.121	0.001	0.001	0.877
0.869	0.008	0.122	0.001
0.997	0.001	0.001	0.001
0.997	0.001	0.001	0.001
0.997	0.001	0.001	0.001
0.997	0.001	0.001	0.001
0.130	0.001	0.001	0.868
>NTCAGCWC	17-NTCAGCWC	1.897860	-3.680686	0	T:276.0(100.00%),B:208351.9(98.67%),P:1e-1	Tpos:93.3,Tstd:53.0,Bpos:13247.8,Bstd:49396.0,StrandBias:0.2,Multiplicity:1.40
0.210	0.210	0.263	0.316
0.262	0.001	0.001	0.736
0.001	0.997	0.001	0.001
0.577	0.001	0.001	0.421
0.210	0.261	0.424	0.104
0.105	0.734	0.160	0.001
0.421	0.106	0.001	0.472
0.052	0.472	0.212	0.264
>ATGGAATK	18-ATGGAATK	-2.743184	-3.443642	0	T:162.0(58.70%),B:111818.7(52.96%),P:1e-1	Tpos:96.8,Tstd:54.4,Bpos:15659.2,Bstd:56581.7,StrandBias:0.5,Multiplicity:2.02
0.997	0.001	0.001	0.001
0.001	0.001	0.001	0.997
0.001	0.001	0.997	0.001
0.001	0.001	0.997	0.001
0.997	0.001	0.001	0.001
0.997	0.001	0.001	0.001
0.001	0.001	0.001	0.997
0.001	0.199	0.400	0.400
>AAAGCACT	19-AAAGCACT	2.399224	-2.042711	0	T:276.0(100.00%),B:209592.5(99.26%),P:1e0	Tpos:94.9,Tstd:52.1,Bpos:14055.0,Bstd:52940.6,StrandBias:-0.0,Multiplicity:2.41
0.700	0.100	0.100	0.100
0.700	0.100	0.100	0.100
0.700	0.100	0.100	0.100
0.100	0.100	0.700	0.100
0.100	0.700	0.100	0.100
0.700	0.100	0.100	0.100
0.100	0.700	0.100	0.100
0.100	0.100	0.100	0.700
>HATTCGGG	20-HATTCGGG	6.730150	-0.748828	0	T:22.0(7.97%),B:16325.8(7.73%),P:1e0	Tpos:44.0,Tstd:8.0,Bpos:13614.3,Bstd:54450.4,StrandBias:0.0,Multiplicity:1.00
0.318	0.318	0.023	0.341
0.658	0.012	0.001	0.329
0.012	0.012	0.318	0.658
0.001	0.330	0.011	0.658
0.012	0.658	0.329	0.001
0.001	0.001	0.658	0.340
0.340	0.001	0.658	0.001
0.011	0.001	0.987	0.001
>ATCTGTTT	21-ATCTGTTT	10.654661	-0.151986	0	T:6.0(2.17%),B:6550.2(3.10%),P:1e0	Tpos:98.0,Tstd:8.0,Bpos:10323.1,Bstd:37401.4,StrandBias:-10.0,Multiplicity:1.00
0.869	0.125	0.005	0.001
0.001	0.001	0.001	0.997
0.001	0.874	0.124	0.001
0.001	0.001	0.001	0.997
0.001	0.130	0.868	0.001
0.001	0.001	0.001	0.997
0.001	0.001	0.001	0.997
0.001	0.005	0.001	0.993
>ATGATCCC	22-ATGATCCC	-2.104424	-0.033965	0	T:276.0(100.00%),B:211124.7(99.99%),P:1e0	Tpos:94.3,Tstd:55.2,Bpos:13330.8,Bstd:50073.2,StrandBias:-0.0,Multiplicity:1.37
0.511	0.163	0.001	0.325
0.336	0.001	0.001	0.662
0.174	0.001	0.500	0.325
0.488	0.325	0.012	0.174
0.012	0.337	0.163	0.488
0.001	0.500	0.337	0.162
0.001	0.661	0.001	0.337
0.162	0.836	0.001	0.001
>ATRWYWKG	23-ATRWYWKG	7.395723	-0.007899	0	T:36.0(13.04%),B:38606.3(18.28%),P:1e0	Tpos:155.0,Tstd:31.0,Bpos:19703.4,Bstd:52359.7,StrandBias:-10.0,Multiplicity:1.00
0.977	0.001	0.001	0.021
0.001	0.046	0.001	0.952
0.465	0.001	0.531	0.003
0.464	0.001	0.001	0.534
0.001	0.487	0.024	0.488
0.488	0.001	0.044	0.467
0.001	0.001	0.534	0.464
0.001	0.022	0.976	0.001
>CCCAGCTG	24-CCCAGCTG	10.130393	-0.001468	0	T:1.0(0.36%),B:4935.3(2.34%),P:1e0	Tpos:89.0,Tstd:0.0,Bpos:9751.8,Bstd:25299.6,StrandBias:-10.0,Multiplicity:1.00
0.002	0.869	0.015	0.114
0.001	0.885	0.113	0.001
0.115	0.869	0.001	0.015
0.870	0.001	0.001	0.128
0.014	0.115	0.870	0.001
0.113	0.885	0.001	0.001
0.001	0.016	0.001	0.982
0.015	0.113	0.871	0.001
>AGAGGGAA	25-AGAGGGAA	-1.492596	0.000000	0	T:276.0(100.00%),B:211150.8(100.00%),P:1e0	Tpos:92.8,Tstd:54.0,Bpos:11764.5,Bstd:46612.8,StrandBias:-0.1,Multiplicity:1.46
0.700	0.100	0.100	0.100
0.100	0.100	0.700	0.100
0.700	0.100	0.100	0.100
0.100	0.100	0.700	0.100
0.100	0.100	0.700	0.100
0.100	0.100	0.700	0.100
0.700	0.100	0.100	0.100
0.700	0.100	0.100	0.100
