>TGTGTGTGTGTG	17-TGTGTGTGTGTG	10.935522	-1.672772	0	T:381.0(1.73%),B:3092.3(1.64%),P:1e0
0.091	0.180	0.086	0.643
0.151	0.171	0.677	0.001
0.058	0.167	0.068	0.707
0.154	0.013	0.832	0.001
0.098	0.117	0.080	0.705
0.198	0.053	0.748	0.001
0.111	0.174	0.068	0.647
0.252	0.027	0.720	0.001
0.082	0.122	0.163	0.633
0.130	0.106	0.756	0.008
0.080	0.142	0.097	0.681
0.143	0.096	0.691	0.070
