>GWGGGAGGARGD	25-GWGGGAGGARGD	12.268695	-0.166552	0	T:38.0(0.17%),B:380.3(0.20%),P:1e0
0.030	0.062	0.892	0.016
0.446	0.001	0.019	0.534
0.036	0.025	0.904	0.035
0.045	0.025	0.904	0.026
0.115	0.085	0.768	0.032
0.869	0.011	0.003	0.117
0.051	0.001	0.947	0.001
0.016	0.065	0.869	0.050
0.560	0.001	0.210	0.229
0.503	0.013	0.359	0.125
0.091	0.080	0.723	0.106
0.243	0.036	0.372	0.349
