>CACACACACACA	20-CACACACACACA	10.057091	-0.951999	0	T:487.0(2.21%),B:4091.2(2.17%),P:1e0
0.009	0.784	0.083	0.124
0.664	0.069	0.189	0.078
0.035	0.809	0.056	0.100
0.602	0.155	0.132	0.111
0.050	0.651	0.055	0.244
0.864	0.062	0.073	0.001
0.030	0.796	0.052	0.122
0.656	0.116	0.115	0.113
0.040	0.717	0.060	0.183
0.664	0.060	0.162	0.114
0.019	0.701	0.080	0.200
0.619	0.080	0.177	0.124
