>TGCCAYCTGSTG	9-TGCCAYCTGSTG	9.494203	-46.757184	0	T:140.0(0.63%),B:440.4(0.23%),P:1e-20
0.041	0.291	0.010	0.658
0.103	0.100	0.581	0.216
0.164	0.576	0.130	0.130
0.153	0.689	0.030	0.128
0.534	0.329	0.013	0.124
0.107	0.424	0.023	0.446
0.173	0.637	0.095	0.095
0.201	0.034	0.018	0.747
0.133	0.068	0.577	0.222
0.074	0.351	0.443	0.131
0.064	0.091	0.089	0.756
0.107	0.077	0.680	0.136
