>NGGGGAATTCCC	2-NGGGGAATTCCC	7.583759	-596.151292	0	T:1466.0(6.64%),B:3992.2(2.12%),P:1e-258
0.298	0.220	0.244	0.237
0.198	0.160	0.445	0.197
0.018	0.021	0.843	0.118
0.002	0.001	0.915	0.082
0.234	0.055	0.636	0.075
0.488	0.122	0.298	0.092
0.495	0.112	0.111	0.282
0.306	0.107	0.115	0.472
0.116	0.233	0.111	0.540
0.071	0.586	0.017	0.326
0.034	0.950	0.013	0.003
0.153	0.716	0.055	0.076
