>TSYCATGGSARC	12-GYTSCCATGRSA	10.271756	-3.871702	0	T:37.0(0.17%),B:213.3(0.11%),P:1e-1
0.156	0.129	0.015	0.700
0.130	0.458	0.322	0.090
0.126	0.492	0.023	0.359
0.037	0.846	0.001	0.116
0.650	0.177	0.001	0.172
0.118	0.001	0.293	0.588
0.129	0.001	0.869	0.001
0.309	0.001	0.689	0.001
0.125	0.410	0.303	0.162
0.937	0.006	0.001	0.056
0.437	0.145	0.309	0.110
0.001	0.676	0.080	0.243
