>CACACACACACR	15-CACACACACACR	10.204482	-2.031178	0	T:526.0(2.38%),B:4255.9(2.26%),P:1e0
0.033	0.821	0.017	0.129
0.658	0.044	0.248	0.050
0.003	0.786	0.012	0.199
0.716	0.122	0.132	0.030
0.001	0.924	0.002	0.073
0.822	0.058	0.094	0.026
0.001	0.815	0.025	0.159
0.606	0.093	0.209	0.092
0.027	0.769	0.047	0.157
0.763	0.032	0.106	0.099
0.021	0.640	0.061	0.278
0.438	0.062	0.342	0.157
