>GTGTGTGTGTGT	19-GTGTGTGTGTGT	11.222750	-1.094594	0	T:385.0(1.74%),B:3204.7(1.70%),P:1e0
0.084	0.104	0.746	0.066
0.098	0.087	0.092	0.723
0.126	0.062	0.793	0.019
0.107	0.095	0.100	0.698
0.124	0.074	0.787	0.015
0.093	0.109	0.108	0.690
0.135	0.019	0.833	0.013
0.086	0.090	0.090	0.734
0.142	0.032	0.816	0.010
0.113	0.099	0.080	0.708
0.095	0.092	0.757	0.056
0.107	0.084	0.091	0.718
