>ACACACACACAC	21-ACACACACACAC	12.308868	-0.945137	0	T:359.0(1.63%),B:3009.5(1.60%),P:1e0
0.859	0.039	0.038	0.064
0.014	0.847	0.052	0.087
0.745	0.065	0.105	0.085
0.004	0.865	0.016	0.115
0.822	0.026	0.105	0.047
0.020	0.828	0.029	0.123
0.784	0.058	0.110	0.048
0.005	0.848	0.022	0.125
0.767	0.049	0.076	0.108
0.017	0.846	0.031	0.106
0.790	0.068	0.072	0.070
0.001	0.951	0.001	0.047
