>CACACACACACA	16-CACACACACACA	10.189417	-1.836137	0	T:551.0(2.50%),B:4488.2(2.39%),P:1e0
0.014	0.799	0.034	0.153
0.676	0.114	0.085	0.125
0.003	0.771	0.001	0.225
0.767	0.065	0.139	0.029
0.001	0.789	0.017	0.193
0.772	0.104	0.095	0.029
0.001	0.740	0.014	0.245
0.659	0.098	0.183	0.060
0.023	0.804	0.017	0.156
0.835	0.029	0.112	0.024
0.001	0.834	0.001	0.164
0.814	0.020	0.147	0.019
