>ACACACACACAC	18-ACACACACACAC	9.680725	-1.100372	0	T:668.0(3.03%),B:5592.3(2.97%),P:1e0
0.596	0.195	0.166	0.043
0.044	0.723	0.042	0.191
0.712	0.125	0.125	0.038
0.013	0.822	0.022	0.143
0.733	0.105	0.129	0.033
0.004	0.825	0.033	0.138
0.758	0.033	0.126	0.083
0.009	0.841	0.022	0.128
0.730	0.087	0.155	0.028
0.012	0.873	0.018	0.097
0.715	0.056	0.142	0.087
0.047	0.757	0.040	0.156
