>AGTTTCACTTCC	10-AGTTTCACTTCC	11.519163	-28.651628	0	T:89.0(0.40%),B:291.5(0.15%),P:1e-12
0.508	0.098	0.121	0.273
0.092	0.205	0.648	0.055
0.045	0.120	0.078	0.757
0.026	0.143	0.161	0.670
0.026	0.152	0.048	0.774
0.001	0.973	0.025	0.001
0.884	0.096	0.001	0.019
0.001	0.980	0.018	0.001
0.027	0.018	0.001	0.954
0.001	0.038	0.043	0.918
0.001	0.956	0.034	0.009
0.001	0.974	0.001	0.024
