>CYYYCYCYYYYY	6-CYYYCYCYYYYY,BestGuess:PB0097.1_Zfp281_1/Jaspar(0.615)	4.268484	-364.064008	0	T:5253.0(83.49%),B:145518.5(68.47%),P:1e-158
0.176	0.510	0.001	0.313
0.123	0.454	0.042	0.381
0.174	0.375	0.116	0.335
0.101	0.473	0.020	0.406
0.132	0.519	0.001	0.348
0.132	0.473	0.001	0.394
0.166	0.509	0.012	0.313
0.181	0.402	0.014	0.403
0.062	0.352	0.126	0.460
0.001	0.444	0.129	0.426
0.001	0.488	0.056	0.455
0.141	0.392	0.077	0.391
