>SSSGSCCRGSVS	11-SSSGSCCRGSVS,BestGuess:KLF15/MA1513.1/Jaspar(0.603)	1.640995	-166.789072	0	T:6010.0(95.52%),B:189374.4(89.10%),P:1e-72
0.001	0.379	0.523	0.097
0.082	0.384	0.349	0.185
0.172	0.405	0.318	0.106
0.126	0.176	0.454	0.244
0.001	0.418	0.542	0.039
0.001	0.609	0.372	0.018
0.184	0.408	0.246	0.163
0.261	0.219	0.372	0.149
0.001	0.278	0.720	0.001
0.176	0.395	0.368	0.061
0.244	0.265	0.366	0.125
0.061	0.403	0.457	0.079
