>ARAGAGGAAGTG	10-ARAGAGGAAGTG,BestGuess:SPIB/MA0081.2/Jaspar(0.936)	9.876543	-14.197295	0	T:58.0(0.26%),B:226.0(0.12%),P:1e-6
0.491	0.052	0.154	0.303
0.455	0.124	0.343	0.078
0.553	0.086	0.217	0.144
0.046	0.298	0.631	0.025
0.526	0.122	0.188	0.164
0.052	0.044	0.830	0.074
0.070	0.102	0.758	0.070
0.670	0.119	0.148	0.063
0.678	0.080	0.135	0.107
0.075	0.096	0.758	0.071
0.107	0.116	0.149	0.628
0.281	0.057	0.582	0.080
