>TGTGTGTGTGGT	23-TGTGTGTGTGGT,BestGuess:KLF9/MA1107.2/Jaspar(0.758)	11.740388	-0.077446	0	T:12.0(0.05%),B:150.0(0.08%),P:1e0
0.133	0.117	0.105	0.645
0.104	0.095	0.718	0.083
0.103	0.133	0.146	0.618
0.119	0.122	0.675	0.084
0.095	0.115	0.101	0.689
0.072	0.098	0.754	0.076
0.138	0.168	0.107	0.587
0.073	0.109	0.722	0.096
0.125	0.093	0.112	0.670
0.145	0.102	0.660	0.093
0.115	0.132	0.649	0.104
0.131	0.138	0.118	0.613
