>BCAYGTGAYNTG	14-BCAYGTGAYNTG,BestGuess:USF1(bHLH)/GM12878-Usf1-ChIP-Seq(GSE32465)/Homer(0.881)	9.389021	-3.389799	0	T:68.0(0.31%),B:449.5(0.24%),P:1e-1
0.045	0.310	0.291	0.353
0.027	0.873	0.077	0.023
0.871	0.061	0.027	0.041
0.026	0.548	0.027	0.399
0.079	0.040	0.842	0.039
0.122	0.036	0.036	0.806
0.021	0.262	0.677	0.040
0.482	0.060	0.320	0.138
0.038	0.451	0.156	0.355
0.203	0.229	0.341	0.227
0.151	0.062	0.122	0.665
0.027	0.275	0.562	0.136
