>WAACCACARV	1-WAACCACARV	5.950855	-4467.392932	0	T:4530.0(72.00%),B:35942.4(16.88%),P:1e-1940	Tpos:114.4,Tstd:59.0,Bpos:16833.1,Bstd:89730.3,StrandBias:-0.1,Multiplicity:1.46
0.340	0.187	0.041	0.431
0.595	0.074	0.281	0.050
0.913	0.035	0.050	0.002
0.008	0.988	0.001	0.003
0.004	0.991	0.004	0.001
0.703	0.014	0.261	0.022
0.002	0.990	0.001	0.007
0.872	0.021	0.034	0.073
0.451	0.066	0.345	0.137
0.261	0.291	0.304	0.144
>ACTTCCBSHT	2-ACTTCCBSHT	5.450573	-1488.918701	0	T:3993.0(63.46%),B:63105.1(29.64%),P:1e-646	Tpos:115.2,Tstd:76.2,Bpos:8136.4,Bstd:53599.1,StrandBias:-0.0,Multiplicity:1.52
0.600	0.117	0.212	0.071
0.049	0.530	0.187	0.234
0.173	0.001	0.040	0.786
0.111	0.019	0.042	0.828
0.021	0.877	0.075	0.027
0.070	0.692	0.050	0.188
0.088	0.263	0.357	0.293
0.072	0.422	0.302	0.204
0.280	0.282	0.083	0.354
0.202	0.206	0.184	0.408
>TTCCTBHTHN	3-TTCCTBHTHN	4.112769	-868.209838	0	T:5468.0(86.90%),B:134712.8(63.26%),P:1e-377	Tpos:118.5,Tstd:91.0,Bpos:6820.7,Bstd:39458.1,StrandBias:0.1,Multiplicity:1.57
0.001	0.001	0.001	0.997
0.001	0.103	0.001	0.895
0.001	0.997	0.001	0.001
0.169	0.829	0.001	0.001
0.001	0.234	0.134	0.631
0.001	0.367	0.262	0.370
0.321	0.282	0.051	0.346
0.104	0.310	0.001	0.585
0.334	0.209	0.171	0.285
0.244	0.243	0.247	0.265
>NNNNTTTCCH	4-NNNNTTTCCH	4.172620	-801.938783	0	T:5778.0(91.83%),B:151802.2(71.29%),P:1e-348	Tpos:118.7,Tstd:92.7,Bpos:7974.8,Bstd:49610.9,StrandBias:-0.1,Multiplicity:1.48
0.255	0.272	0.245	0.228
0.216	0.309	0.203	0.272
0.291	0.208	0.236	0.265
0.263	0.252	0.238	0.247
0.138	0.269	0.112	0.481
0.001	0.001	0.001	0.997
0.003	0.296	0.032	0.669
0.059	0.682	0.069	0.190
0.192	0.764	0.001	0.043
0.226	0.360	0.066	0.348
>GTGTGTGGGT	5-GTGTGTGGGT	1.745203	-635.529641	0	T:6042.0(96.03%),B:172181.5(80.86%),P:1e-276	Tpos:121.3,Tstd:96.8,Bpos:3860.6,Bstd:26041.3,StrandBias:-0.1,Multiplicity:1.63
0.134	0.048	0.684	0.134
0.067	0.001	0.068	0.864
0.167	0.095	0.638	0.100
0.045	0.001	0.054	0.900
0.067	0.034	0.865	0.034
0.118	0.001	0.228	0.653
0.001	0.001	0.997	0.001
0.133	0.001	0.832	0.034
0.033	0.102	0.799	0.066
0.102	0.101	0.067	0.730
>TTTTGGTTTT	6-TTTTGGTTTT	-13.786106	-413.508545	0	T:5853.0(93.02%),B:170385.9(80.02%),P:1e-179	Tpos:121.2,Tstd:102.1,Bpos:8452.0,Bstd:46303.3,StrandBias:-0.0,Multiplicity:1.97
0.001	0.001	0.001	0.997
0.001	0.001	0.001	0.997
0.001	0.399	0.001	0.599
0.001	0.001	0.001	0.997
0.001	0.001	0.997	0.001
0.001	0.001	0.997	0.001
0.001	0.001	0.001	0.997
0.001	0.001	0.001	0.997
0.001	0.001	0.001	0.997
0.001	0.001	0.001	0.997
>YAGAGGCCHA	7-YAGAGGCCHA	2.809019	-392.046492	0	T:6222.0(98.89%),B:192876.0(90.58%),P:1e-170	Tpos:121.5,Tstd:99.3,Bpos:4166.4,Bstd:33654.8,StrandBias:0.0,Multiplicity:1.74
0.136	0.369	0.150	0.345
0.528	0.263	0.048	0.161
0.120	0.316	0.476	0.088
0.538	0.069	0.177	0.216
0.090	0.030	0.645	0.235
0.048	0.283	0.605	0.064
0.206	0.674	0.080	0.040
0.144	0.598	0.148	0.110
0.289	0.310	0.024	0.377
0.533	0.112	0.191	0.164
>GAAGAAATGG	8-GAAGAAATGG	-7.320109	-375.207924	0	T:5355.0(85.11%),B:149487.1(70.20%),P:1e-162	Tpos:117.6,Tstd:84.4,Bpos:10239.0,Bstd:56294.0,StrandBias:-0.1,Multiplicity:1.51
0.032	0.001	0.966	0.001
0.997	0.001	0.001	0.001
0.997	0.001	0.001	0.001
0.001	0.001	0.997	0.001
0.997	0.001	0.001	0.001
0.997	0.001	0.001	0.001
0.997	0.001	0.001	0.001
0.001	0.001	0.172	0.826
0.001	0.001	0.997	0.001
0.222	0.001	0.776	0.001
>NCTATCTCTN	9-NCTATCTCTN	2.924355	-360.724762	0	T:5776.0(91.80%),B:168942.9(79.34%),P:1e-156	Tpos:118.5,Tstd:93.1,Bpos:8630.7,Bstd:55034.6,StrandBias:0.1,Multiplicity:1.55
0.251	0.242	0.205	0.303
0.152	0.541	0.143	0.164
0.196	0.196	0.086	0.522
0.498	0.175	0.184	0.143
0.176	0.152	0.127	0.545
0.139	0.563	0.166	0.132
0.167	0.145	0.074	0.614
0.112	0.571	0.168	0.149
0.171	0.134	0.082	0.613
0.217	0.232	0.261	0.290
>ATTCCATTCC	10-ATTCCATTCC	-7.141641	-279.438498	0	T:4573.0(72.68%),B:124015.4(58.24%),P:1e-121	Tpos:120.7,Tstd:98.0,Bpos:14408.3,Bstd:76796.3,StrandBias:-0.2,Multiplicity:1.93
0.997	0.001	0.001	0.001
0.001	0.001	0.001	0.997
0.001	0.001	0.001	0.997
0.001	0.997	0.001	0.001
0.001	0.931	0.067	0.001
0.997	0.001	0.001	0.001
0.001	0.001	0.001	0.997
0.001	0.001	0.001	0.997
0.001	0.997	0.001	0.001
0.001	0.823	0.175	0.001
>AWWWNARAAA	11-AWWWNARAAA	3.580814	-191.935893	0	T:4957.0(78.78%),B:143954.0(67.60%),P:1e-83	Tpos:113.3,Tstd:92.2,Bpos:16104.2,Bstd:75359.5,StrandBias:-0.0,Multiplicity:1.87
0.462	0.142	0.110	0.287
0.394	0.102	0.095	0.409
0.346	0.169	0.145	0.340
0.417	0.001	0.182	0.400
0.310	0.207	0.311	0.172
0.750	0.001	0.001	0.248
0.435	0.015	0.452	0.099
0.997	0.001	0.001	0.001
0.639	0.001	0.214	0.146
0.521	0.001	0.268	0.210
>ACTAGTCTST	12-ACTAGTCTST	-2.749304	-190.025204	0	T:5721.0(90.92%),B:175099.5(82.23%),P:1e-82	Tpos:119.4,Tstd:108.3,Bpos:10040.2,Bstd:53428.9,StrandBias:0.0,Multiplicity:1.75
0.591	0.001	0.001	0.407
0.240	0.462	0.297	0.001
0.001	0.001	0.001	0.997
0.981	0.001	0.017	0.001
0.241	0.148	0.518	0.093
0.352	0.001	0.001	0.646
0.001	0.499	0.294	0.205
0.370	0.001	0.001	0.628
0.130	0.443	0.426	0.001
0.295	0.001	0.001	0.703
>TTKGCWGCAT	13-TTKGCWGCAT	1.989409	-152.066183	0	T:6282.0(99.84%),B:206526.2(96.99%),P:1e-66	Tpos:121.0,Tstd:98.0,Bpos:3909.7,Bstd:25082.1,StrandBias:-0.0,Multiplicity:1.54
0.052	0.183	0.116	0.649
0.289	0.071	0.161	0.479
0.052	0.057	0.384	0.507
0.043	0.322	0.616	0.019
0.095	0.630	0.142	0.133
0.497	0.055	0.054	0.394
0.142	0.090	0.664	0.104
0.024	0.623	0.325	0.028
0.527	0.353	0.051	0.069
0.170	0.209	0.199	0.422
>ACCTCAGCTT	14-ACCTCAGCTT	2.512553	-97.460651	0	T:6290.0(99.97%),B:209322.8(98.30%),P:1e-42	Tpos:119.6,Tstd:89.5,Bpos:4139.6,Bstd:31349.8,StrandBias:-0.0,Multiplicity:2.58
0.700	0.100	0.100	0.100
0.100	0.700	0.100	0.100
0.100	0.700	0.100	0.100
0.100	0.100	0.100	0.700
0.100	0.700	0.100	0.100
0.700	0.100	0.100	0.100
0.100	0.100	0.700	0.100
0.100	0.700	0.100	0.100
0.100	0.100	0.100	0.700
0.100	0.100	0.100	0.700
>GTGGGCGGAG	15-GTGGGCGGAG	0.566642	-6.176619	0	T:6292.0(100.00%),B:212723.3(99.90%),P:1e-2	Tpos:122.5,Tstd:96.5,Bpos:1650.2,Bstd:15363.0,StrandBias:-0.0,Multiplicity:2.19
0.100	0.100	0.700	0.100
0.100	0.100	0.100	0.700
0.100	0.100	0.700	0.100
0.100	0.100	0.700	0.100
0.100	0.100	0.700	0.100
0.100	0.700	0.100	0.100
0.100	0.100	0.700	0.100
0.100	0.100	0.700	0.100
0.700	0.100	0.100	0.100
0.100	0.100	0.700	0.100
>AGCCCCGCCC	16-AGCCCCGCCC	8.350283	-1.243395	0	T:662.0(10.52%),B:21927.9(10.30%),P:1e0	Tpos:115.0,Tstd:0.0,Bpos:321.5,Bstd:527.0,StrandBias:-10.0,Multiplicity:1.00
0.700	0.100	0.100	0.100
0.100	0.100	0.700	0.100
0.100	0.700	0.100	0.100
0.100	0.700	0.100	0.100
0.100	0.700	0.100	0.100
0.100	0.700	0.100	0.100
0.100	0.100	0.700	0.100
0.100	0.700	0.100	0.100
0.100	0.700	0.100	0.100
0.100	0.700	0.100	0.100
>GGCTCCGCCC	17-GGCTCCGCCC	8.350283	-0.656224	0	T:508.0(8.07%),B:17214.7(8.08%),P:1e0	Tpos:121.0,Tstd:43.0,Bpos:1309.5,Bstd:6716.3,StrandBias:10.0,Multiplicity:1.00
0.100	0.100	0.700	0.100
0.100	0.100	0.700	0.100
0.100	0.700	0.100	0.100
0.100	0.100	0.100	0.700
0.100	0.700	0.100	0.100
0.100	0.700	0.100	0.100
0.100	0.100	0.700	0.100
0.100	0.700	0.100	0.100
0.100	0.700	0.100	0.100
0.100	0.700	0.100	0.100
>GGTGGGATCC	18-GGTGGGATCC	13.832898	-0.530020	0	T:6.0(0.10%),B:210.3(0.10%),P:1e0	Tpos:107.0,Tstd:0.0,Bpos:4074.0,Bstd:0.0,StrandBias:10.0,Multiplicity:1.00
0.001	0.001	0.997	0.001
0.001	0.001	0.997	0.001
0.001	0.001	0.001	0.997
0.001	0.001	0.997	0.001
0.001	0.001	0.997	0.001
0.001	0.001	0.997	0.001
0.997	0.001	0.001	0.001
0.001	0.001	0.001	0.997
0.001	0.997	0.001	0.001
0.001	0.997	0.001	0.001
>CCGCGGAGCC	19-CCGCGGAGCC	12.061318	-0.297561	0	T:21.0(0.33%),B:805.0(0.38%),P:1e0	Tpos:96.0,Tstd:0.0,Bpos:485.5,Bstd:790.1,StrandBias:10.0,Multiplicity:1.00
0.001	0.817	0.181	0.001
0.173	0.788	0.038	0.001
0.174	0.001	0.785	0.040
0.001	0.990	0.001	0.008
0.001	0.222	0.776	0.001
0.001	0.183	0.815	0.001
0.778	0.048	0.001	0.173
0.001	0.001	0.816	0.182
0.001	0.997	0.001	0.001
0.001	0.824	0.001	0.174
>GYTSCYSTTS	20-GYTSCYSTTS	10.372174	-0.001023	0	T:192.0(3.05%),B:8032.7(3.77%),P:1e0	Tpos:96.0,Tstd:92.0,Bpos:3605.9,Bstd:6963.4,StrandBias:-10.0,Multiplicity:1.00
0.001	0.001	0.997	0.001
0.001	0.499	0.001	0.499
0.001	0.001	0.001	0.997
0.001	0.499	0.499	0.001
0.001	0.997	0.001	0.001
0.001	0.499	0.001	0.499
0.001	0.499	0.499	0.001
0.001	0.001	0.001	0.997
0.001	0.001	0.001	0.997
0.001	0.499	0.499	0.001
>GMASSGGSTS	21-GMASSGGSTS	10.372174	-0.000320	0	T:208.0(3.31%),B:8814.6(4.14%),P:1e0	Tpos:98.7,Tstd:65.1,Bpos:460.1,Bstd:987.3,StrandBias:10.0,Multiplicity:1.00
0.001	0.001	0.997	0.001
0.499	0.499	0.001	0.001
0.997	0.001	0.001	0.001
0.001	0.499	0.499	0.001
0.001	0.499	0.499	0.001
0.001	0.001	0.997	0.001
0.001	0.001	0.997	0.001
0.001	0.499	0.499	0.001
0.001	0.001	0.001	0.997
0.001	0.499	0.499	0.001
>GAATGYGWCC	22-GAATGYGWCC	7.095328	-0.000000	0	T:300.0(4.77%),B:13524.6(6.35%),P:1e0	Tpos:114.4,Tstd:75.0,Bpos:2871.0,Bstd:6729.8,StrandBias:-0.6,Multiplicity:1.00
0.001	0.398	0.600	0.001
0.604	0.394	0.001	0.001
0.600	0.001	0.210	0.189
0.001	0.209	0.189	0.601
0.016	0.399	0.584	0.001
0.017	0.395	0.189	0.398
0.001	0.208	0.790	0.001
0.382	0.017	0.189	0.411
0.001	0.997	0.001	0.001
0.222	0.588	0.001	0.189
>SCACCRKSCS	23-SCACCRKSCS	9.943786	-0.000000	0	T:48.0(0.76%),B:3301.9(1.55%),P:1e0	Tpos:46.5,Tstd:14.5,Bpos:450.9,Bstd:847.4,StrandBias:0.0,Multiplicity:1.00
0.001	0.495	0.503	0.001
0.001	0.940	0.058	0.001
0.876	0.058	0.001	0.065
0.001	0.911	0.087	0.001
0.030	0.968	0.001	0.001
0.437	0.035	0.527	0.001
0.001	0.001	0.562	0.436
0.088	0.466	0.445	0.001
0.001	0.969	0.001	0.029
0.001	0.474	0.524	0.001
>NNNNNNNNNN	24-NNNNNNNNNN	-nan	0.000000	0	T:0.0(0.00%),B:0.0(0.00%),P:1e0	Tpos:0.0,Tstd:0.0,Bpos:0.0,Bstd:0.0,StrandBias:0.0,Multiplicity:1.00
-nan	-nan	-nan	-nan
-nan	-nan	-nan	-nan
-nan	-nan	-nan	-nan
-nan	-nan	-nan	-nan
-nan	-nan	-nan	-nan
-nan	-nan	-nan	-nan
-nan	-nan	-nan	-nan
-nan	-nan	-nan	-nan
-nan	-nan	-nan	-nan
-nan	-nan	-nan	-nan
>ATGGAATGGA	25-ATGGAATGGA	-3.325178	0.000000	0	T:6292.0(100.00%),B:212935.1(100.00%),P:1e0	Tpos:118.5,Tstd:100.6,Bpos:10056.8,Bstd:59259.7,StrandBias:0.0,Multiplicity:1.51
0.700	0.100	0.100	0.100
0.100	0.100	0.100	0.700
0.100	0.100	0.700	0.100
0.100	0.100	0.700	0.100
0.700	0.100	0.100	0.100
0.700	0.100	0.100	0.100
0.100	0.100	0.100	0.700
0.100	0.100	0.700	0.100
0.100	0.100	0.700	0.100
0.700	0.100	0.100	0.100
>NYTGTGGTTWNN	1-NYTGTGGTTWNN	6.437473	-4402.767792	0	T:4218.0(67.04%),B:29927.8(14.05%),P:1e-1912	Tpos:114.4,Tstd:57.0,Bpos:16109.9,Bstd:87502.7,StrandBias:0.1,Multiplicity:1.33
0.202	0.234	0.230	0.333
0.105	0.369	0.136	0.390
0.111	0.104	0.062	0.723
0.031	0.003	0.965	0.001
0.082	0.307	0.004	0.607
0.019	0.001	0.979	0.001
0.003	0.001	0.995	0.001
0.001	0.114	0.084	0.801
0.077	0.196	0.143	0.584
0.412	0.059	0.194	0.336
0.311	0.231	0.242	0.216
0.294	0.244	0.298	0.164
>VAVAGGAAGTGR	2-VAVAGGAAGTGR	5.750953	-1511.601552	0	T:4396.0(69.87%),B:75119.6(35.28%),P:1e-656	Tpos:115.3,Tstd:67.6,Bpos:8793.0,Bstd:57573.8,StrandBias:-0.0,Multiplicity:1.69
0.320	0.248	0.266	0.167
0.475	0.066	0.201	0.258
0.283	0.310	0.349	0.058
0.624	0.107	0.257	0.012
0.035	0.001	0.949	0.015
0.002	0.004	0.993	0.001
0.986	0.001	0.008	0.005
0.846	0.001	0.001	0.152
0.236	0.121	0.636	0.007
0.001	0.230	0.092	0.677
0.230	0.136	0.492	0.141
0.248	0.199	0.362	0.191
>AAACCACAAAAC	3-AAACCACAAAAC	2.625881	-482.878342	0	T:6133.0(97.47%),B:183351.1(86.11%),P:1e-209	Tpos:120.0,Tstd:96.5,Bpos:7571.1,Bstd:48707.6,StrandBias:-0.0,Multiplicity:1.84
0.700	0.100	0.100	0.100
0.700	0.100	0.100	0.100
0.700	0.100	0.100	0.100
0.100	0.700	0.100	0.100
0.100	0.700	0.100	0.100
0.700	0.100	0.100	0.100
0.100	0.700	0.100	0.100
0.700	0.100	0.100	0.100
0.700	0.100	0.100	0.100
0.700	0.100	0.100	0.100
0.700	0.100	0.100	0.100
0.100	0.700	0.100	0.100
>ARRAAARRAAAR	4-ARRAAARRAAAR	3.862605	-311.138342	0	T:5109.0(81.20%),B:142708.3(67.02%),P:1e-135	Tpos:118.5,Tstd:96.1,Bpos:7166.2,Bstd:33306.6,StrandBias:-0.0,Multiplicity:1.51
0.468	0.022	0.272	0.238
0.389	0.001	0.472	0.138
0.403	0.083	0.448	0.067
0.580	0.074	0.224	0.122
0.543	0.088	0.252	0.117
0.454	0.001	0.280	0.265
0.380	0.001	0.498	0.121
0.452	0.034	0.416	0.097
0.576	0.053	0.264	0.107
0.517	0.103	0.268	0.112
0.483	0.039	0.216	0.263
0.417	0.069	0.275	0.239
>NAATGGAATGGA	5-NAATGGAATGGA	3.437639	-284.580847	0	T:4954.0(78.73%),B:138098.6(64.85%),P:1e-123	Tpos:118.0,Tstd:99.9,Bpos:6909.2,Bstd:33989.9,StrandBias:0.0,Multiplicity:1.50
0.300	0.227	0.259	0.214
0.652	0.126	0.105	0.117
0.642	0.123	0.125	0.110
0.148	0.082	0.148	0.622
0.149	0.058	0.666	0.127
0.164	0.124	0.595	0.117
0.639	0.119	0.129	0.113
0.649	0.099	0.134	0.118
0.151	0.076	0.135	0.638
0.134	0.062	0.655	0.149
0.169	0.108	0.608	0.115
0.373	0.196	0.212	0.219
>TCACTTCCTCTT	6-TCACTTCCTCTT	2.625881	-229.959225	0	T:6272.0(99.68%),B:202807.8(95.24%),P:1e-99	Tpos:121.0,Tstd:94.2,Bpos:6423.3,Bstd:46279.8,StrandBias:-0.0,Multiplicity:2.65
0.100	0.100	0.100	0.700
0.100	0.700	0.100	0.100
0.700	0.100	0.100	0.100
0.100	0.700	0.100	0.100
0.100	0.100	0.100	0.700
0.100	0.100	0.100	0.700
0.100	0.700	0.100	0.100
0.100	0.700	0.100	0.100
0.100	0.100	0.100	0.700
0.100	0.700	0.100	0.100
0.100	0.100	0.100	0.700
0.100	0.100	0.100	0.700
>TWMWTWWBHAAA	7-TWMWTWWBHAAA	2.771033	-180.931174	0	T:4763.0(75.70%),B:137394.4(64.52%),P:1e-78	Tpos:115.6,Tstd:101.1,Bpos:13144.3,Bstd:60290.3,StrandBias:-0.0,Multiplicity:2.02
0.182	0.077	0.244	0.497
0.360	0.118	0.159	0.362
0.433	0.339	0.036	0.191
0.513	0.095	0.001	0.391
0.264	0.166	0.155	0.415
0.524	0.048	0.025	0.403
0.380	0.007	0.089	0.524
0.100	0.319	0.264	0.317
0.385	0.255	0.016	0.344
0.449	0.216	0.098	0.237
0.823	0.002	0.173	0.002
0.636	0.107	0.050	0.207
>ATGGAATGGAAT	8-ATGGAATGGAAT	0.962629	-126.293957	0	T:3900.0(61.98%),B:110790.5(52.03%),P:1e-54	Tpos:120.7,Tstd:100.4,Bpos:14485.6,Bstd:70793.8,StrandBias:0.2,Multiplicity:1.62
0.863	0.058	0.069	0.010
0.026	0.060	0.028	0.886
0.041	0.272	0.659	0.028
0.119	0.063	0.763	0.055
0.909	0.011	0.017	0.063
0.848	0.088	0.024	0.040
0.024	0.063	0.058	0.855
0.112	0.141	0.698	0.049
0.058	0.107	0.797	0.038
0.939	0.001	0.030	0.030
0.888	0.051	0.021	0.040
0.036	0.063	0.001	0.900
>AAACCACAAAAG	9-AAACCACAAAAG	0.679971	-54.957126	0	T:6292.0(100.00%),B:211056.9(99.12%),P:1e-23	Tpos:120.2,Tstd:94.8,Bpos:7183.4,Bstd:50648.7,StrandBias:0.1,Multiplicity:2.26
0.700	0.100	0.100	0.100
0.700	0.100	0.100	0.100
0.700	0.100	0.100	0.100
0.100	0.700	0.100	0.100
0.100	0.700	0.100	0.100
0.700	0.100	0.100	0.100
0.100	0.700	0.100	0.100
0.700	0.100	0.100	0.100
0.700	0.100	0.100	0.100
0.700	0.100	0.100	0.100
0.700	0.100	0.100	0.100
0.100	0.100	0.700	0.100
>TCGAATGGAATC	10-TCGAATGGAATC	0.679971	-49.025933	0	T:6292.0(100.00%),B:211258.2(99.21%),P:1e-21	Tpos:119.8,Tstd:96.4,Bpos:6133.9,Bstd:48929.7,StrandBias:-0.0,Multiplicity:1.76
0.100	0.100	0.100	0.700
0.100	0.700	0.100	0.100
0.100	0.100	0.700	0.100
0.700	0.100	0.100	0.100
0.700	0.100	0.100	0.100
0.100	0.100	0.100	0.700
0.100	0.100	0.700	0.100
0.100	0.100	0.700	0.100
0.700	0.100	0.100	0.100
0.700	0.100	0.100	0.100
0.100	0.100	0.100	0.700
0.100	0.700	0.100	0.100
>ACAGGCTGBGGT	11-ACAGGCTGBGGT	-10.260261	-10.871408	0	T:6292.0(100.00%),B:212562.6(99.83%),P:1e-4	Tpos:119.1,Tstd:88.9,Bpos:2241.7,Bstd:16265.1,StrandBias:0.0,Multiplicity:1.84
0.842	0.137	0.020	0.001
0.138	0.549	0.312	0.001
0.982	0.001	0.001	0.016
0.001	0.001	0.997	0.001
0.001	0.155	0.843	0.001
0.001	0.725	0.137	0.137
0.274	0.001	0.001	0.724
0.001	0.001	0.997	0.001
0.137	0.292	0.277	0.294
0.001	0.001	0.861	0.137
0.136	0.001	0.862	0.001
0.140	0.001	0.154	0.705
>GCCSCSSCCCCC	12-GCCSCSSCCCCC	-33.118068	-3.437181	0	T:6292.0(100.00%),B:212817.7(99.94%),P:1e-1	Tpos:122.2,Tstd:97.9,Bpos:2411.0,Bstd:19318.9,StrandBias:0.0,Multiplicity:1.58
0.001	0.001	0.997	0.001
0.001	0.997	0.001	0.001
0.001	0.997	0.001	0.001
0.001	0.499	0.499	0.001
0.001	0.997	0.001	0.001
0.001	0.499	0.499	0.001
0.001	0.499	0.499	0.001
0.001	0.997	0.001	0.001
0.001	0.997	0.001	0.001
0.001	0.997	0.001	0.001
0.001	0.997	0.001	0.001
0.001	0.997	0.001	0.001
>VTGTRWAMACAG	13-VTGTRWAMACAG	6.875815	-0.466711	0	T:718.0(11.41%),B:24567.7(11.54%),P:1e0	Tpos:132.6,Tstd:77.4,Bpos:7395.6,Bstd:13895.0,StrandBias:0.5,Multiplicity:1.00
0.252	0.368	0.379	0.001
0.120	0.001	0.001	0.878
0.120	0.120	0.759	0.001
0.241	0.006	0.011	0.742
0.384	0.131	0.483	0.001
0.494	0.001	0.001	0.504
0.631	0.247	0.001	0.121
0.489	0.374	0.006	0.132
0.610	0.001	0.005	0.384
0.006	0.500	0.247	0.247
0.627	0.005	0.001	0.367
0.121	0.247	0.500	0.132
>AMCAAWMATCTN	14-AMCAAWMATCTN	10.358630	-0.033443	0	T:5.0(0.08%),B:334.9(0.16%),P:1e0	Tpos:94.0,Tstd:0.0,Bpos:16104.2,Bstd:12698.2,StrandBias:10.0,Multiplicity:1.00
0.507	0.236	0.256	0.001
0.490	0.487	0.001	0.023
0.259	0.487	0.021	0.233
0.720	0.259	0.020	0.001
0.997	0.001	0.001	0.001
0.468	0.001	0.001	0.530
0.510	0.466	0.001	0.023
0.721	0.023	0.023	0.233
0.002	0.001	0.235	0.762
0.001	0.725	0.001	0.273
0.019	0.001	0.001	0.979
0.254	0.254	0.256	0.236
>HTAAATSTGCTA	15-HTAAATSTGCTA	8.967540	-0.024608	0	T:5.0(0.08%),B:350.9(0.16%),P:1e0	Tpos:59.0,Tstd:0.0,Bpos:1696.0,Bstd:707.8,StrandBias:10.0,Multiplicity:1.00
0.332	0.190	0.160	0.318
0.349	0.001	0.001	0.649
0.491	0.186	0.322	0.001
0.522	0.001	0.159	0.318
0.653	0.159	0.001	0.187
0.336	0.001	0.173	0.491
0.187	0.480	0.332	0.001
0.001	0.001	0.001	0.997
0.001	0.001	0.639	0.359
0.001	0.504	0.176	0.319
0.001	0.349	0.001	0.649
0.636	0.159	0.017	0.188
>DGTCATCATTAC	16-DGTCATCATTAC	10.747181	-0.013529	0	T:13.0(0.21%),B:756.5(0.36%),P:1e0	Tpos:108.7,Tstd:24.2,Bpos:5608.9,Bstd:7920.8,StrandBias:-1.0,Multiplicity:1.00
0.350	0.041	0.304	0.304
0.019	0.338	0.642	0.001
0.358	0.001	0.001	0.640
0.023	0.964	0.002	0.011
0.990	0.001	0.008	0.001
0.359	0.001	0.001	0.639
0.315	0.609	0.033	0.043
0.609	0.021	0.011	0.359
0.001	0.001	0.010	0.988
0.012	0.011	0.023	0.954
0.629	0.045	0.325	0.001
0.031	0.967	0.001	0.001
>VTSWCTKWYAAT	17-VTSWCTKWYAAT	8.710875	-0.009914	0	T:16.0(0.25%),B:910.5(0.43%),P:1e0	Tpos:117.0,Tstd:0.0,Bpos:5057.7,Bstd:3867.3,StrandBias:-10.0,Multiplicity:1.00
0.419	0.291	0.290	0.001
0.152	0.275	0.001	0.572
0.001	0.572	0.426	0.001
0.434	0.001	0.001	0.564
0.282	0.442	0.275	0.001
0.137	0.001	0.001	0.861
0.145	0.138	0.297	0.420
0.572	0.001	0.001	0.426
0.153	0.275	0.153	0.420
0.695	0.160	0.001	0.144
0.716	0.001	0.138	0.145
0.001	0.007	0.282	0.710
>YTCTADCTGMAG	18-YTCTADCTGMAG	6.351794	-0.001367	0	T:966.0(15.35%),B:35690.7(16.76%),P:1e0	Tpos:119.6,Tstd:79.4,Bpos:7974.1,Bstd:21799.2,StrandBias:0.3,Multiplicity:1.00
0.001	0.439	0.246	0.314
0.184	0.255	0.002	0.559
0.130	0.498	0.187	0.184
0.061	0.122	0.001	0.816
0.558	0.184	0.135	0.123
0.248	0.067	0.312	0.373
0.069	0.739	0.123	0.069
0.378	0.001	0.002	0.619
0.061	0.125	0.691	0.123
0.315	0.435	0.189	0.061
0.621	0.002	0.003	0.374
0.184	0.064	0.629	0.123
>AAAGWTGANYAA	19-AAAGWTGANYAA	9.070132	-0.000534	0	T:15.0(0.24%),B:1054.5(0.50%),P:1e0	Tpos:152.0,Tstd:68.0,Bpos:6763.4,Bstd:13065.6,StrandBias:10.0,Multiplicity:1.00
0.694	0.298	0.004	0.004
0.710	0.282	0.001	0.007
0.851	0.141	0.001	0.007
0.001	0.001	0.580	0.418
0.447	0.004	0.138	0.412
0.164	0.001	0.145	0.690
0.001	0.293	0.702	0.004
0.552	0.141	0.001	0.306
0.279	0.156	0.282	0.282
0.145	0.416	0.004	0.435
0.568	0.279	0.008	0.145
0.565	0.137	0.008	0.290
>AKGTWTTCTCTG	20-AKGTWTTCTCTG	8.976789	-0.000020	0	T:65.0(1.03%),B:3511.1(1.65%),P:1e0	Tpos:90.5,Tstd:1.5,Bpos:14167.6,Bstd:23820.6,StrandBias:-10.0,Multiplicity:1.00
0.677	0.001	0.001	0.321
0.001	0.001	0.478	0.520
0.002	0.320	0.519	0.159
0.002	0.322	0.159	0.517
0.356	0.161	0.004	0.479
0.318	0.002	0.200	0.479
0.001	0.002	0.039	0.958
0.001	0.679	0.001	0.319
0.326	0.001	0.035	0.638
0.320	0.481	0.198	0.001
0.321	0.001	0.001	0.677
0.159	0.001	0.838	0.002
>TTGCTGARASAG	21-TTGCTGARASAG	7.009342	-0.000002	0	T:700.0(11.13%),B:27782.0(13.05%),P:1e0	Tpos:111.2,Tstd:56.4,Bpos:7005.8,Bstd:16349.7,StrandBias:0.8,Multiplicity:1.00
0.241	0.028	0.121	0.610
0.120	0.001	0.001	0.878
0.121	0.121	0.515	0.243
0.122	0.636	0.121	0.121
0.248	0.001	0.001	0.750
0.243	0.121	0.515	0.121
0.632	0.001	0.120	0.247
0.488	0.027	0.484	0.001
0.637	0.121	0.121	0.121
0.001	0.482	0.395	0.122
0.851	0.001	0.001	0.147
0.005	0.001	0.993	0.001
>CTGTRTSTHTWR	22-CTGTRTSTHTWR	7.945373	-0.000002	0	T:58.0(0.92%),B:3392.8(1.59%),P:1e0	Tpos:278.0,Tstd:0.0,Bpos:7579.0,Bstd:15024.2,StrandBias:10.0,Multiplicity:1.00
0.001	0.505	0.252	0.242
0.001	0.001	0.005	0.993
0.001	0.253	0.494	0.252
0.005	0.126	0.001	0.868
0.374	0.121	0.379	0.126
0.395	0.001	0.001	0.603
0.001	0.362	0.505	0.132
0.121	0.264	0.001	0.614
0.379	0.362	0.001	0.258
0.132	0.242	0.127	0.500
0.368	0.138	0.121	0.374
0.373	0.012	0.489	0.126
>CADAATTDGCAG	23-CADAATTDGCAG	9.394224	-0.000002	0	T:75.0(1.19%),B:4137.4(1.94%),P:1e0	Tpos:85.2,Tstd:62.3,Bpos:9222.5,Bstd:16562.1,StrandBias:0.0,Multiplicity:1.00
0.001	0.997	0.001	0.001
0.997	0.001	0.001	0.001
0.304	0.040	0.305	0.351
0.915	0.008	0.001	0.076
0.617	0.001	0.038	0.344
0.009	0.380	0.001	0.610
0.008	0.381	0.002	0.609
0.353	0.001	0.304	0.342
0.001	0.352	0.646	0.001
0.038	0.619	0.342	0.001
0.997	0.001	0.001	0.001
0.009	0.038	0.647	0.306
>NNNNNNNNNNNN	24-NNNNNNNNNNNN	-nan	0.000000	0	T:0.0(0.00%),B:0.0(0.00%),P:1e0	Tpos:0.0,Tstd:0.0,Bpos:0.0,Bstd:0.0,StrandBias:0.0,Multiplicity:1.00
-nan	-nan	-nan	-nan
-nan	-nan	-nan	-nan
-nan	-nan	-nan	-nan
-nan	-nan	-nan	-nan
-nan	-nan	-nan	-nan
-nan	-nan	-nan	-nan
-nan	-nan	-nan	-nan
-nan	-nan	-nan	-nan
-nan	-nan	-nan	-nan
-nan	-nan	-nan	-nan
-nan	-nan	-nan	-nan
-nan	-nan	-nan	-nan
>HAGWWCTTBYAG	25-HAGWWCTTBYAG	6.500161	0.000000	0	T:631.0(10.03%),B:27191.2(12.77%),P:1e0	Tpos:104.8,Tstd:70.1,Bpos:8653.3,Bstd:18166.0,StrandBias:-1.7,Multiplicity:1.00
0.363	0.269	0.121	0.248
0.979	0.001	0.001	0.019
0.133	0.242	0.624	0.001
0.497	0.007	0.134	0.363
0.509	0.001	0.128	0.362
0.128	0.489	0.140	0.243
0.134	0.007	0.128	0.731
0.241	0.001	0.241	0.517
0.134	0.249	0.376	0.241
0.001	0.503	0.001	0.495
0.878	0.001	0.001	0.120
0.134	0.121	0.611	0.134
>AAACCRCA	1-AAACCRCA	6.460503	-4266.465686	0	T:4080.0(64.84%),B:28345.3(13.31%),P:1e-1852	Tpos:115.7,Tstd:59.8,Bpos:14251.0,Bstd:79553.4,StrandBias:-0.1,Multiplicity:1.35
0.723	0.115	0.034	0.128
0.659	0.001	0.291	0.049
0.831	0.063	0.105	0.001
0.001	0.997	0.001	0.001
0.001	0.997	0.001	0.001
0.502	0.001	0.444	0.053
0.001	0.997	0.001	0.001
0.881	0.035	0.028	0.056
>TTTGTGGT	2-TTTGTGGT	0.383066	-1278.473867	0	T:5326.0(84.65%),B:115705.7(54.34%),P:1e-555	Tpos:116.9,Tstd:87.5,Bpos:12447.6,Bstd:71071.1,StrandBias:0.1,Multiplicity:1.79
0.152	0.142	0.001	0.705
0.074	0.160	0.001	0.765
0.001	0.001	0.001	0.997
0.001	0.001	0.997	0.001
0.001	0.001	0.001	0.997
0.001	0.001	0.997	0.001
0.001	0.001	0.997	0.001
0.001	0.001	0.001	0.997
>AGGAAGTG	3-AGGAAGTG	4.869572	-1244.491374	0	T:3349.0(53.23%),B:50165.5(23.56%),P:1e-540	Tpos:114.4,Tstd:72.3,Bpos:10618.9,Bstd:66024.4,StrandBias:0.0,Multiplicity:1.36
0.767	0.069	0.163	0.001
0.001	0.001	0.997	0.001
0.001	0.001	0.997	0.001
0.997	0.001	0.001	0.001
0.957	0.001	0.001	0.041
0.077	0.033	0.889	0.001
0.001	0.011	0.001	0.987
0.058	0.050	0.808	0.084
>CTGTGGTG	4-CTGTGGTG	-2.924102	-897.447315	0	T:6091.0(96.81%),B:166565.0(78.22%),P:1e-389	Tpos:118.7,Tstd:90.3,Bpos:4793.3,Bstd:31263.5,StrandBias:0.0,Multiplicity:2.11
0.001	0.997	0.001	0.001
0.001	0.001	0.001	0.997
0.001	0.001	0.997	0.001
0.001	0.001	0.001	0.997
0.001	0.001	0.997	0.001
0.001	0.001	0.997	0.001
0.001	0.001	0.001	0.997
0.166	0.001	0.832	0.001
>WCACAKWN	5-WCACAKWN	3.804569	-423.101848	0	T:5656.0(89.89%),B:160507.5(75.38%),P:1e-183	Tpos:114.5,Tstd:85.7,Bpos:10784.0,Bstd:59182.9,StrandBias:0.0,Multiplicity:1.57
0.384	0.126	0.210	0.280
0.001	0.997	0.001	0.001
0.997	0.001	0.001	0.001
0.115	0.784	0.100	0.001
0.997	0.001	0.001	0.001
0.195	0.085	0.311	0.409
0.283	0.097	0.210	0.411
0.250	0.184	0.283	0.283
>TTTTAGTT	6-TTTTAGTT	-3.577440	-344.329969	0	T:5607.0(89.11%),B:161915.8(76.04%),P:1e-149	Tpos:115.2,Tstd:87.0,Bpos:9958.2,Bstd:53353.0,StrandBias:-0.0,Multiplicity:1.78
0.103	0.001	0.002	0.894
0.001	0.001	0.001	0.997
0.001	0.001	0.001	0.997
0.001	0.219	0.001	0.779
0.892	0.001	0.001	0.106
0.011	0.001	0.885	0.103
0.001	0.001	0.001	0.997
0.160	0.001	0.061	0.778
>YYACCACA	7-YYACCACA	-4.127473	-306.883981	0	T:6262.0(99.52%),B:199191.7(93.55%),P:1e-133	Tpos:119.7,Tstd:93.8,Bpos:9734.9,Bstd:58412.1,StrandBias:0.0,Multiplicity:2.84
0.001	0.499	0.001	0.499
0.001	0.499	0.001	0.499
0.997	0.001	0.001	0.001
0.001	0.997	0.001	0.001
0.001	0.997	0.001	0.001
0.997	0.001	0.001	0.001
0.001	0.997	0.001	0.001
0.997	0.001	0.001	0.001
>AWTGDKTA	8-AWTGDKTA	-4.219833	-268.095189	0	T:5838.0(92.78%),B:176276.9(82.78%),P:1e-116	Tpos:119.9,Tstd:95.5,Bpos:11056.5,Bstd:63690.0,StrandBias:0.0,Multiplicity:1.69
0.997	0.001	0.001	0.001
0.503	0.001	0.002	0.494
0.009	0.001	0.001	0.989
0.002	0.001	0.996	0.001
0.304	0.076	0.239	0.380
0.001	0.114	0.380	0.505
0.005	0.004	0.002	0.989
0.995	0.002	0.001	0.002
>ACAKTHWN	9-ACAKTHWN	3.714031	-221.646150	0	T:5384.0(85.57%),B:158933.6(74.64%),P:1e-96	Tpos:118.1,Tstd:98.9,Bpos:10370.0,Bstd:51668.3,StrandBias:-0.0,Multiplicity:1.64
0.907	0.067	0.025	0.001
0.144	0.801	0.054	0.001
0.997	0.001	0.001	0.001
0.177	0.072	0.354	0.398
0.249	0.085	0.241	0.425
0.331	0.351	0.090	0.229
0.393	0.164	0.001	0.442
0.288	0.304	0.202	0.206
>MATTTTYT	10-MATTTTYT	3.131726	-200.789881	0	T:4870.0(77.40%),B:140045.7(65.77%),P:1e-87	Tpos:113.7,Tstd:95.1,Bpos:14559.5,Bstd:65659.9,StrandBias:0.0,Multiplicity:2.02
0.321	0.388	0.059	0.233
0.997	0.001	0.001	0.001
0.270	0.001	0.095	0.634
0.182	0.001	0.206	0.611
0.223	0.237	0.001	0.539
0.323	0.001	0.001	0.675
0.255	0.310	0.001	0.434
0.260	0.221	0.033	0.486
>TTCCTTTC	11-TTCCTTTC	2.399224	-122.313049	0	T:6289.0(99.95%),B:208340.6(97.84%),P:1e-53	Tpos:121.4,Tstd:99.7,Bpos:5921.7,Bstd:42688.0,StrandBias:-0.1,Multiplicity:3.56
0.100	0.100	0.100	0.700
0.100	0.100	0.100	0.700
0.100	0.700	0.100	0.100
0.100	0.700	0.100	0.100
0.100	0.100	0.100	0.700
0.100	0.100	0.100	0.700
0.100	0.100	0.100	0.700
0.100	0.700	0.100	0.100
>CCAGAAGT	12-CCAGAAGT	2.399224	-31.060972	0	T:6292.0(100.00%),B:211871.3(99.50%),P:1e-13	Tpos:120.0,Tstd:91.8,Bpos:5807.9,Bstd:44697.8,StrandBias:0.0,Multiplicity:2.60
0.100	0.700	0.100	0.100
0.100	0.700	0.100	0.100
0.700	0.100	0.100	0.100
0.100	0.100	0.700	0.100
0.700	0.100	0.100	0.100
0.700	0.100	0.100	0.100
0.100	0.100	0.700	0.100
0.100	0.100	0.100	0.700
>AGGCAGCT	13-AGGCAGCT	2.399224	-29.096450	0	T:6288.0(99.94%),B:211538.7(99.34%),P:1e-12	Tpos:118.4,Tstd:86.7,Bpos:3342.5,Bstd:27085.9,StrandBias:-0.0,Multiplicity:2.22
0.700	0.100	0.100	0.100
0.100	0.100	0.700	0.100
0.100	0.100	0.700	0.100
0.100	0.700	0.100	0.100
0.700	0.100	0.100	0.100
0.100	0.100	0.700	0.100
0.100	0.700	0.100	0.100
0.100	0.100	0.100	0.700
>TTTGGTTT	14-TTTGGTTT	0.000000	-9.938004	0	T:6292.0(100.00%),B:212594.3(99.84%),P:1e-4
0.100	0.100	0.100	0.700
0.100	0.100	0.100	0.700
0.100	0.100	0.100	0.700
0.100	0.100	0.700	0.100
0.100	0.100	0.700	0.100
0.100	0.100	0.100	0.700
0.100	0.100	0.100	0.700
0.100	0.100	0.100	0.700
>CAAAGGAA	15-CAAAGGAA	0.000000	-0.524194	0	T:6292.0(100.00%),B:212917.4(99.99%),P:1e0
0.100	0.700	0.100	0.100
0.700	0.100	0.100	0.100
0.700	0.100	0.100	0.100
0.700	0.100	0.100	0.100
0.100	0.100	0.700	0.100
0.100	0.100	0.700	0.100
0.700	0.100	0.100	0.100
0.700	0.100	0.100	0.100
>TGTGGAAA	16-TGTGGAAA	0.000000	-0.349458	0	T:6292.0(100.00%),B:212923.9(99.99%),P:1e0
0.100	0.100	0.100	0.700
0.100	0.100	0.700	0.100
0.100	0.100	0.100	0.700
0.100	0.100	0.700	0.100
0.100	0.100	0.700	0.100
0.700	0.100	0.100	0.100
0.700	0.100	0.100	0.100
0.700	0.100	0.100	0.100
>AGTGGTTA	17-AGTGGTTA	0.000000	-0.291214	0	T:6292.0(100.00%),B:212925.2(100.00%),P:1e0
0.700	0.100	0.100	0.100
0.100	0.100	0.700	0.100
0.100	0.100	0.100	0.700
0.100	0.100	0.700	0.100
0.100	0.100	0.700	0.100
0.100	0.100	0.100	0.700
0.100	0.100	0.100	0.700
0.700	0.100	0.100	0.100
>BGRGGGGS	18-BGRGGGGS	-9.949752	-0.145605	0	T:6292.0(100.00%),B:212930.6(100.00%),P:1e0	Tpos:122.1,Tstd:96.5,Bpos:4233.4,Bstd:32506.2,StrandBias:0.0,Multiplicity:1.48
0.107	0.258	0.329	0.305
0.001	0.317	0.681	0.001
0.539	0.001	0.459	0.001
0.001	0.001	0.997	0.001
0.001	0.399	0.599	0.001
0.023	0.401	0.575	0.001
0.153	0.258	0.411	0.177
0.001	0.446	0.552	0.001
>CTCAGAGC	19-CTCAGAGC	0.453314	-0.029121	0	T:6292.0(100.00%),B:212934.4(100.00%),P:1e0	Tpos:122.2,Tstd:104.5,Bpos:4846.1,Bstd:41148.0,StrandBias:0.0,Multiplicity:2.45
0.100	0.700	0.100	0.100
0.100	0.100	0.100	0.700
0.100	0.700	0.100	0.100
0.700	0.100	0.100	0.100
0.100	0.100	0.700	0.100
0.700	0.100	0.100	0.100
0.100	0.100	0.700	0.100
0.100	0.700	0.100	0.100
>TGGTGAGG	20-TGGTGAGG	0.000000	-0.029121	0	T:6292.0(100.00%),B:212934.7(100.00%),P:1e0
0.100	0.100	0.100	0.700
0.100	0.100	0.700	0.100
0.100	0.100	0.700	0.100
0.100	0.100	0.100	0.700
0.100	0.100	0.700	0.100
0.700	0.100	0.100	0.100
0.100	0.100	0.700	0.100
0.100	0.100	0.700	0.100
>TGTGGCCT	21-TGTGGCCT	0.000000	-0.029121	0	T:6292.0(100.00%),B:212934.9(100.00%),P:1e0
0.100	0.100	0.100	0.700
0.100	0.100	0.700	0.100
0.100	0.100	0.100	0.700
0.100	0.100	0.700	0.100
0.100	0.100	0.700	0.100
0.100	0.700	0.100	0.100
0.100	0.700	0.100	0.100
0.100	0.100	0.100	0.700
>NNNNNNNN	22-NNNNNNNN	-nan	0.000000	0	T:0.0(0.00%),B:0.0(0.00%),P:1e0	Tpos:0.0,Tstd:0.0,Bpos:0.0,Bstd:0.0,StrandBias:0.0,Multiplicity:1.00
-nan	-nan	-nan	-nan
-nan	-nan	-nan	-nan
-nan	-nan	-nan	-nan
-nan	-nan	-nan	-nan
-nan	-nan	-nan	-nan
-nan	-nan	-nan	-nan
-nan	-nan	-nan	-nan
-nan	-nan	-nan	-nan
>YTTTDCAA	23-YTTTDCAA	-16.302970	0.000000	0	T:6292.0(100.00%),B:212935.1(100.00%),P:1e0	Tpos:111.7,Tstd:100.9,Bpos:12208.8,Bstd:63731.8,StrandBias:-0.0,Multiplicity:1.17
0.056	0.386	0.221	0.337
0.279	0.166	0.001	0.554
0.168	0.056	0.278	0.498
0.003	0.055	0.279	0.663
0.279	0.055	0.333	0.333
0.277	0.448	0.001	0.274
0.499	0.117	0.055	0.330
0.502	0.055	0.110	0.333
>TTTCTGCC	24-TTTCTGCC	0.000000	0.000000	0	T:6292.0(100.00%),B:212935.0(100.00%),P:1e0
0.100	0.100	0.100	0.700
0.100	0.100	0.100	0.700
0.100	0.100	0.100	0.700
0.100	0.700	0.100	0.100
0.100	0.100	0.100	0.700
0.100	0.100	0.700	0.100
0.100	0.700	0.100	0.100
0.100	0.700	0.100	0.100
>TGGTGACA	25-TGGTGACA	0.000000	0.000000	0	T:6292.0(100.00%),B:212935.1(100.00%),P:1e0
0.100	0.100	0.100	0.700
0.100	0.100	0.700	0.100
0.100	0.100	0.700	0.100
0.100	0.100	0.100	0.700
0.100	0.100	0.700	0.100
0.700	0.100	0.100	0.100
0.100	0.700	0.100	0.100
0.700	0.100	0.100	0.100
