>WAACCACARV	1-WAACCACARV	5.950855	-4467.392932	0	T:4530.0(72.00%),B:35942.4(16.88%),P:1e-1940	Tpos:114.4,Tstd:59.0,Bpos:16833.1,Bstd:89730.3,StrandBias:-0.1,Multiplicity:1.46
0.340	0.187	0.041	0.431
0.595	0.074	0.281	0.050
0.913	0.035	0.050	0.002
0.008	0.988	0.001	0.003
0.004	0.991	0.004	0.001
0.703	0.014	0.261	0.022
0.002	0.990	0.001	0.007
0.872	0.021	0.034	0.073
0.451	0.066	0.345	0.137
0.261	0.291	0.304	0.144
>ACTTCCBSHT	2-ACTTCCBSHT	5.450573	-1488.918701	0	T:3993.0(63.46%),B:63105.1(29.64%),P:1e-646	Tpos:115.2,Tstd:76.2,Bpos:8136.4,Bstd:53599.1,StrandBias:-0.0,Multiplicity:1.52
0.600	0.117	0.212	0.071
0.049	0.530	0.187	0.234
0.173	0.001	0.040	0.786
0.111	0.019	0.042	0.828
0.021	0.877	0.075	0.027
0.070	0.692	0.050	0.188
0.088	0.263	0.357	0.293
0.072	0.422	0.302	0.204
0.280	0.282	0.083	0.354
0.202	0.206	0.184	0.408
>TTCCTBHTHN	3-TTCCTBHTHN	4.112769	-868.209838	0	T:5468.0(86.90%),B:134712.8(63.26%),P:1e-377	Tpos:118.5,Tstd:91.0,Bpos:6820.7,Bstd:39458.1,StrandBias:0.1,Multiplicity:1.57
0.001	0.001	0.001	0.997
0.001	0.103	0.001	0.895
0.001	0.997	0.001	0.001
0.169	0.829	0.001	0.001
0.001	0.234	0.134	0.631
0.001	0.367	0.262	0.370
0.321	0.282	0.051	0.346
0.104	0.310	0.001	0.585
0.334	0.209	0.171	0.285
0.244	0.243	0.247	0.265
>NNNNTTTCCH	4-NNNNTTTCCH	4.172620	-801.938783	0	T:5778.0(91.83%),B:151802.2(71.29%),P:1e-348	Tpos:118.7,Tstd:92.7,Bpos:7974.8,Bstd:49610.9,StrandBias:-0.1,Multiplicity:1.48
0.255	0.272	0.245	0.228
0.216	0.309	0.203	0.272
0.291	0.208	0.236	0.265
0.263	0.252	0.238	0.247
0.138	0.269	0.112	0.481
0.001	0.001	0.001	0.997
0.003	0.296	0.032	0.669
0.059	0.682	0.069	0.190
0.192	0.764	0.001	0.043
0.226	0.360	0.066	0.348
>GTGTGTGGGT	5-GTGTGTGGGT	1.745203	-635.529641	0	T:6042.0(96.03%),B:172181.5(80.86%),P:1e-276	Tpos:121.3,Tstd:96.8,Bpos:3860.6,Bstd:26041.3,StrandBias:-0.1,Multiplicity:1.63
0.134	0.048	0.684	0.134
0.067	0.001	0.068	0.864
0.167	0.095	0.638	0.100
0.045	0.001	0.054	0.900
0.067	0.034	0.865	0.034
0.118	0.001	0.228	0.653
0.001	0.001	0.997	0.001
0.133	0.001	0.832	0.034
0.033	0.102	0.799	0.066
0.102	0.101	0.067	0.730
>TTTTGGTTTT	6-TTTTGGTTTT	-13.786106	-413.508545	0	T:5853.0(93.02%),B:170385.9(80.02%),P:1e-179	Tpos:121.2,Tstd:102.1,Bpos:8452.0,Bstd:46303.3,StrandBias:-0.0,Multiplicity:1.97
0.001	0.001	0.001	0.997
0.001	0.001	0.001	0.997
0.001	0.399	0.001	0.599
0.001	0.001	0.001	0.997
0.001	0.001	0.997	0.001
0.001	0.001	0.997	0.001
0.001	0.001	0.001	0.997
0.001	0.001	0.001	0.997
0.001	0.001	0.001	0.997
0.001	0.001	0.001	0.997
>YAGAGGCCHA	7-YAGAGGCCHA	2.809019	-392.046492	0	T:6222.0(98.89%),B:192876.0(90.58%),P:1e-170	Tpos:121.5,Tstd:99.3,Bpos:4166.4,Bstd:33654.8,StrandBias:0.0,Multiplicity:1.74
0.136	0.369	0.150	0.345
0.528	0.263	0.048	0.161
0.120	0.316	0.476	0.088
0.538	0.069	0.177	0.216
0.090	0.030	0.645	0.235
0.048	0.283	0.605	0.064
0.206	0.674	0.080	0.040
0.144	0.598	0.148	0.110
0.289	0.310	0.024	0.377
0.533	0.112	0.191	0.164
>GAAGAAATGG	8-GAAGAAATGG	-7.320109	-375.207924	0	T:5355.0(85.11%),B:149487.1(70.20%),P:1e-162	Tpos:117.6,Tstd:84.4,Bpos:10239.0,Bstd:56294.0,StrandBias:-0.1,Multiplicity:1.51
0.032	0.001	0.966	0.001
0.997	0.001	0.001	0.001
0.997	0.001	0.001	0.001
0.001	0.001	0.997	0.001
0.997	0.001	0.001	0.001
0.997	0.001	0.001	0.001
0.997	0.001	0.001	0.001
0.001	0.001	0.172	0.826
0.001	0.001	0.997	0.001
0.222	0.001	0.776	0.001
>NCTATCTCTN	9-NCTATCTCTN	2.924355	-360.724762	0	T:5776.0(91.80%),B:168942.9(79.34%),P:1e-156	Tpos:118.5,Tstd:93.1,Bpos:8630.7,Bstd:55034.6,StrandBias:0.1,Multiplicity:1.55
0.251	0.242	0.205	0.303
0.152	0.541	0.143	0.164
0.196	0.196	0.086	0.522
0.498	0.175	0.184	0.143
0.176	0.152	0.127	0.545
0.139	0.563	0.166	0.132
0.167	0.145	0.074	0.614
0.112	0.571	0.168	0.149
0.171	0.134	0.082	0.613
0.217	0.232	0.261	0.290
>ATTCCATTCC	10-ATTCCATTCC	-7.141641	-279.438498	0	T:4573.0(72.68%),B:124015.4(58.24%),P:1e-121	Tpos:120.7,Tstd:98.0,Bpos:14408.3,Bstd:76796.3,StrandBias:-0.2,Multiplicity:1.93
0.997	0.001	0.001	0.001
0.001	0.001	0.001	0.997
0.001	0.001	0.001	0.997
0.001	0.997	0.001	0.001
0.001	0.931	0.067	0.001
0.997	0.001	0.001	0.001
0.001	0.001	0.001	0.997
0.001	0.001	0.001	0.997
0.001	0.997	0.001	0.001
0.001	0.823	0.175	0.001
>AWWWNARAAA	11-AWWWNARAAA	3.580814	-191.935893	0	T:4957.0(78.78%),B:143954.0(67.60%),P:1e-83	Tpos:113.3,Tstd:92.2,Bpos:16104.2,Bstd:75359.5,StrandBias:-0.0,Multiplicity:1.87
0.462	0.142	0.110	0.287
0.394	0.102	0.095	0.409
0.346	0.169	0.145	0.340
0.417	0.001	0.182	0.400
0.310	0.207	0.311	0.172
0.750	0.001	0.001	0.248
0.435	0.015	0.452	0.099
0.997	0.001	0.001	0.001
0.639	0.001	0.214	0.146
0.521	0.001	0.268	0.210
>ACTAGTCTST	12-ACTAGTCTST	-2.749304	-190.025204	0	T:5721.0(90.92%),B:175099.5(82.23%),P:1e-82	Tpos:119.4,Tstd:108.3,Bpos:10040.2,Bstd:53428.9,StrandBias:0.0,Multiplicity:1.75
0.591	0.001	0.001	0.407
0.240	0.462	0.297	0.001
0.001	0.001	0.001	0.997
0.981	0.001	0.017	0.001
0.241	0.148	0.518	0.093
0.352	0.001	0.001	0.646
0.001	0.499	0.294	0.205
0.370	0.001	0.001	0.628
0.130	0.443	0.426	0.001
0.295	0.001	0.001	0.703
>TTKGCWGCAT	13-TTKGCWGCAT	1.989409	-152.066183	0	T:6282.0(99.84%),B:206526.2(96.99%),P:1e-66	Tpos:121.0,Tstd:98.0,Bpos:3909.7,Bstd:25082.1,StrandBias:-0.0,Multiplicity:1.54
0.052	0.183	0.116	0.649
0.289	0.071	0.161	0.479
0.052	0.057	0.384	0.507
0.043	0.322	0.616	0.019
0.095	0.630	0.142	0.133
0.497	0.055	0.054	0.394
0.142	0.090	0.664	0.104
0.024	0.623	0.325	0.028
0.527	0.353	0.051	0.069
0.170	0.209	0.199	0.422
>ACCTCAGCTT	14-ACCTCAGCTT	2.512553	-97.460651	0	T:6290.0(99.97%),B:209322.8(98.30%),P:1e-42	Tpos:119.6,Tstd:89.5,Bpos:4139.6,Bstd:31349.8,StrandBias:-0.0,Multiplicity:2.58
0.700	0.100	0.100	0.100
0.100	0.700	0.100	0.100
0.100	0.700	0.100	0.100
0.100	0.100	0.100	0.700
0.100	0.700	0.100	0.100
0.700	0.100	0.100	0.100
0.100	0.100	0.700	0.100
0.100	0.700	0.100	0.100
0.100	0.100	0.100	0.700
0.100	0.100	0.100	0.700
>GTGGGCGGAG	15-GTGGGCGGAG	0.566642	-6.176619	0	T:6292.0(100.00%),B:212723.3(99.90%),P:1e-2	Tpos:122.5,Tstd:96.5,Bpos:1650.2,Bstd:15363.0,StrandBias:-0.0,Multiplicity:2.19
0.100	0.100	0.700	0.100
0.100	0.100	0.100	0.700
0.100	0.100	0.700	0.100
0.100	0.100	0.700	0.100
0.100	0.100	0.700	0.100
0.100	0.700	0.100	0.100
0.100	0.100	0.700	0.100
0.100	0.100	0.700	0.100
0.700	0.100	0.100	0.100
0.100	0.100	0.700	0.100
>AGCCCCGCCC	16-AGCCCCGCCC	8.350283	-1.243395	0	T:662.0(10.52%),B:21927.9(10.30%),P:1e0	Tpos:115.0,Tstd:0.0,Bpos:321.5,Bstd:527.0,StrandBias:-10.0,Multiplicity:1.00
0.700	0.100	0.100	0.100
0.100	0.100	0.700	0.100
0.100	0.700	0.100	0.100
0.100	0.700	0.100	0.100
0.100	0.700	0.100	0.100
0.100	0.700	0.100	0.100
0.100	0.100	0.700	0.100
0.100	0.700	0.100	0.100
0.100	0.700	0.100	0.100
0.100	0.700	0.100	0.100
>GGCTCCGCCC	17-GGCTCCGCCC	8.350283	-0.656224	0	T:508.0(8.07%),B:17214.7(8.08%),P:1e0	Tpos:121.0,Tstd:43.0,Bpos:1309.5,Bstd:6716.3,StrandBias:10.0,Multiplicity:1.00
0.100	0.100	0.700	0.100
0.100	0.100	0.700	0.100
0.100	0.700	0.100	0.100
0.100	0.100	0.100	0.700
0.100	0.700	0.100	0.100
0.100	0.700	0.100	0.100
0.100	0.100	0.700	0.100
0.100	0.700	0.100	0.100
0.100	0.700	0.100	0.100
0.100	0.700	0.100	0.100
>GGTGGGATCC	18-GGTGGGATCC	13.832898	-0.530020	0	T:6.0(0.10%),B:210.3(0.10%),P:1e0	Tpos:107.0,Tstd:0.0,Bpos:4074.0,Bstd:0.0,StrandBias:10.0,Multiplicity:1.00
0.001	0.001	0.997	0.001
0.001	0.001	0.997	0.001
0.001	0.001	0.001	0.997
0.001	0.001	0.997	0.001
0.001	0.001	0.997	0.001
0.001	0.001	0.997	0.001
0.997	0.001	0.001	0.001
0.001	0.001	0.001	0.997
0.001	0.997	0.001	0.001
0.001	0.997	0.001	0.001
>CCGCGGAGCC	19-CCGCGGAGCC	12.061318	-0.297561	0	T:21.0(0.33%),B:805.0(0.38%),P:1e0	Tpos:96.0,Tstd:0.0,Bpos:485.5,Bstd:790.1,StrandBias:10.0,Multiplicity:1.00
0.001	0.817	0.181	0.001
0.173	0.788	0.038	0.001
0.174	0.001	0.785	0.040
0.001	0.990	0.001	0.008
0.001	0.222	0.776	0.001
0.001	0.183	0.815	0.001
0.778	0.048	0.001	0.173
0.001	0.001	0.816	0.182
0.001	0.997	0.001	0.001
0.001	0.824	0.001	0.174
>GYTSCYSTTS	20-GYTSCYSTTS	10.372174	-0.001023	0	T:192.0(3.05%),B:8032.7(3.77%),P:1e0	Tpos:96.0,Tstd:92.0,Bpos:3605.9,Bstd:6963.4,StrandBias:-10.0,Multiplicity:1.00
0.001	0.001	0.997	0.001
0.001	0.499	0.001	0.499
0.001	0.001	0.001	0.997
0.001	0.499	0.499	0.001
0.001	0.997	0.001	0.001
0.001	0.499	0.001	0.499
0.001	0.499	0.499	0.001
0.001	0.001	0.001	0.997
0.001	0.001	0.001	0.997
0.001	0.499	0.499	0.001
>GMASSGGSTS	21-GMASSGGSTS	10.372174	-0.000320	0	T:208.0(3.31%),B:8814.6(4.14%),P:1e0	Tpos:98.7,Tstd:65.1,Bpos:460.1,Bstd:987.3,StrandBias:10.0,Multiplicity:1.00
0.001	0.001	0.997	0.001
0.499	0.499	0.001	0.001
0.997	0.001	0.001	0.001
0.001	0.499	0.499	0.001
0.001	0.499	0.499	0.001
0.001	0.001	0.997	0.001
0.001	0.001	0.997	0.001
0.001	0.499	0.499	0.001
0.001	0.001	0.001	0.997
0.001	0.499	0.499	0.001
>GAATGYGWCC	22-GAATGYGWCC	7.095328	-0.000000	0	T:300.0(4.77%),B:13524.6(6.35%),P:1e0	Tpos:114.4,Tstd:75.0,Bpos:2871.0,Bstd:6729.8,StrandBias:-0.6,Multiplicity:1.00
0.001	0.398	0.600	0.001
0.604	0.394	0.001	0.001
0.600	0.001	0.210	0.189
0.001	0.209	0.189	0.601
0.016	0.399	0.584	0.001
0.017	0.395	0.189	0.398
0.001	0.208	0.790	0.001
0.382	0.017	0.189	0.411
0.001	0.997	0.001	0.001
0.222	0.588	0.001	0.189
>SCACCRKSCS	23-SCACCRKSCS	9.943786	-0.000000	0	T:48.0(0.76%),B:3301.9(1.55%),P:1e0	Tpos:46.5,Tstd:14.5,Bpos:450.9,Bstd:847.4,StrandBias:0.0,Multiplicity:1.00
0.001	0.495	0.503	0.001
0.001	0.940	0.058	0.001
0.876	0.058	0.001	0.065
0.001	0.911	0.087	0.001
0.030	0.968	0.001	0.001
0.437	0.035	0.527	0.001
0.001	0.001	0.562	0.436
0.088	0.466	0.445	0.001
0.001	0.969	0.001	0.029
0.001	0.474	0.524	0.001
>NNNNNNNNNN	24-NNNNNNNNNN	-nan	0.000000	0	T:0.0(0.00%),B:0.0(0.00%),P:1e0	Tpos:0.0,Tstd:0.0,Bpos:0.0,Bstd:0.0,StrandBias:0.0,Multiplicity:1.00
-nan	-nan	-nan	-nan
-nan	-nan	-nan	-nan
-nan	-nan	-nan	-nan
-nan	-nan	-nan	-nan
-nan	-nan	-nan	-nan
-nan	-nan	-nan	-nan
-nan	-nan	-nan	-nan
-nan	-nan	-nan	-nan
-nan	-nan	-nan	-nan
-nan	-nan	-nan	-nan
>ATGGAATGGA	25-ATGGAATGGA	-3.325178	0.000000	0	T:6292.0(100.00%),B:212935.1(100.00%),P:1e0	Tpos:118.5,Tstd:100.6,Bpos:10056.8,Bstd:59259.7,StrandBias:0.0,Multiplicity:1.51
0.700	0.100	0.100	0.100
0.100	0.100	0.100	0.700
0.100	0.100	0.700	0.100
0.100	0.100	0.700	0.100
0.700	0.100	0.100	0.100
0.700	0.100	0.100	0.100
0.100	0.100	0.100	0.700
0.100	0.100	0.700	0.100
0.100	0.100	0.700	0.100
0.700	0.100	0.100	0.100
