>NYTGTGGTTWNN	1-NYTGTGGTTWNN	6.437473	-4402.767792	0	T:4218.0(67.04%),B:29927.8(14.05%),P:1e-1912	Tpos:114.4,Tstd:57.0,Bpos:16109.9,Bstd:87502.7,StrandBias:0.1,Multiplicity:1.33
0.202	0.234	0.230	0.333
0.105	0.369	0.136	0.390
0.111	0.104	0.062	0.723
0.031	0.003	0.965	0.001
0.082	0.307	0.004	0.607
0.019	0.001	0.979	0.001
0.003	0.001	0.995	0.001
0.001	0.114	0.084	0.801
0.077	0.196	0.143	0.584
0.412	0.059	0.194	0.336
0.311	0.231	0.242	0.216
0.294	0.244	0.298	0.164
>VAVAGGAAGTGR	2-VAVAGGAAGTGR	5.750953	-1511.601552	0	T:4396.0(69.87%),B:75119.6(35.28%),P:1e-656	Tpos:115.3,Tstd:67.6,Bpos:8793.0,Bstd:57573.8,StrandBias:-0.0,Multiplicity:1.69
0.320	0.248	0.266	0.167
0.475	0.066	0.201	0.258
0.283	0.310	0.349	0.058
0.624	0.107	0.257	0.012
0.035	0.001	0.949	0.015
0.002	0.004	0.993	0.001
0.986	0.001	0.008	0.005
0.846	0.001	0.001	0.152
0.236	0.121	0.636	0.007
0.001	0.230	0.092	0.677
0.230	0.136	0.492	0.141
0.248	0.199	0.362	0.191
>AAACCACAAAAC	3-AAACCACAAAAC	2.625881	-482.878342	0	T:6133.0(97.47%),B:183351.1(86.11%),P:1e-209	Tpos:120.0,Tstd:96.5,Bpos:7571.1,Bstd:48707.6,StrandBias:-0.0,Multiplicity:1.84
0.700	0.100	0.100	0.100
0.700	0.100	0.100	0.100
0.700	0.100	0.100	0.100
0.100	0.700	0.100	0.100
0.100	0.700	0.100	0.100
0.700	0.100	0.100	0.100
0.100	0.700	0.100	0.100
0.700	0.100	0.100	0.100
0.700	0.100	0.100	0.100
0.700	0.100	0.100	0.100
0.700	0.100	0.100	0.100
0.100	0.700	0.100	0.100
>ARRAAARRAAAR	4-ARRAAARRAAAR	3.862605	-311.138342	0	T:5109.0(81.20%),B:142708.3(67.02%),P:1e-135	Tpos:118.5,Tstd:96.1,Bpos:7166.2,Bstd:33306.6,StrandBias:-0.0,Multiplicity:1.51
0.468	0.022	0.272	0.238
0.389	0.001	0.472	0.138
0.403	0.083	0.448	0.067
0.580	0.074	0.224	0.122
0.543	0.088	0.252	0.117
0.454	0.001	0.280	0.265
0.380	0.001	0.498	0.121
0.452	0.034	0.416	0.097
0.576	0.053	0.264	0.107
0.517	0.103	0.268	0.112
0.483	0.039	0.216	0.263
0.417	0.069	0.275	0.239
>NAATGGAATGGA	5-NAATGGAATGGA	3.437639	-284.580847	0	T:4954.0(78.73%),B:138098.6(64.85%),P:1e-123	Tpos:118.0,Tstd:99.9,Bpos:6909.2,Bstd:33989.9,StrandBias:0.0,Multiplicity:1.50
0.300	0.227	0.259	0.214
0.652	0.126	0.105	0.117
0.642	0.123	0.125	0.110
0.148	0.082	0.148	0.622
0.149	0.058	0.666	0.127
0.164	0.124	0.595	0.117
0.639	0.119	0.129	0.113
0.649	0.099	0.134	0.118
0.151	0.076	0.135	0.638
0.134	0.062	0.655	0.149
0.169	0.108	0.608	0.115
0.373	0.196	0.212	0.219
>TCACTTCCTCTT	6-TCACTTCCTCTT	2.625881	-229.959225	0	T:6272.0(99.68%),B:202807.8(95.24%),P:1e-99	Tpos:121.0,Tstd:94.2,Bpos:6423.3,Bstd:46279.8,StrandBias:-0.0,Multiplicity:2.65
0.100	0.100	0.100	0.700
0.100	0.700	0.100	0.100
0.700	0.100	0.100	0.100
0.100	0.700	0.100	0.100
0.100	0.100	0.100	0.700
0.100	0.100	0.100	0.700
0.100	0.700	0.100	0.100
0.100	0.700	0.100	0.100
0.100	0.100	0.100	0.700
0.100	0.700	0.100	0.100
0.100	0.100	0.100	0.700
0.100	0.100	0.100	0.700
>TWMWTWWBHAAA	7-TWMWTWWBHAAA	2.771033	-180.931174	0	T:4763.0(75.70%),B:137394.4(64.52%),P:1e-78	Tpos:115.6,Tstd:101.1,Bpos:13144.3,Bstd:60290.3,StrandBias:-0.0,Multiplicity:2.02
0.182	0.077	0.244	0.497
0.360	0.118	0.159	0.362
0.433	0.339	0.036	0.191
0.513	0.095	0.001	0.391
0.264	0.166	0.155	0.415
0.524	0.048	0.025	0.403
0.380	0.007	0.089	0.524
0.100	0.319	0.264	0.317
0.385	0.255	0.016	0.344
0.449	0.216	0.098	0.237
0.823	0.002	0.173	0.002
0.636	0.107	0.050	0.207
>ATGGAATGGAAT	8-ATGGAATGGAAT	0.962629	-126.293957	0	T:3900.0(61.98%),B:110790.5(52.03%),P:1e-54	Tpos:120.7,Tstd:100.4,Bpos:14485.6,Bstd:70793.8,StrandBias:0.2,Multiplicity:1.62
0.863	0.058	0.069	0.010
0.026	0.060	0.028	0.886
0.041	0.272	0.659	0.028
0.119	0.063	0.763	0.055
0.909	0.011	0.017	0.063
0.848	0.088	0.024	0.040
0.024	0.063	0.058	0.855
0.112	0.141	0.698	0.049
0.058	0.107	0.797	0.038
0.939	0.001	0.030	0.030
0.888	0.051	0.021	0.040
0.036	0.063	0.001	0.900
>AAACCACAAAAG	9-AAACCACAAAAG	0.679971	-54.957126	0	T:6292.0(100.00%),B:211056.9(99.12%),P:1e-23	Tpos:120.2,Tstd:94.8,Bpos:7183.4,Bstd:50648.7,StrandBias:0.1,Multiplicity:2.26
0.700	0.100	0.100	0.100
0.700	0.100	0.100	0.100
0.700	0.100	0.100	0.100
0.100	0.700	0.100	0.100
0.100	0.700	0.100	0.100
0.700	0.100	0.100	0.100
0.100	0.700	0.100	0.100
0.700	0.100	0.100	0.100
0.700	0.100	0.100	0.100
0.700	0.100	0.100	0.100
0.700	0.100	0.100	0.100
0.100	0.100	0.700	0.100
>TCGAATGGAATC	10-TCGAATGGAATC	0.679971	-49.025933	0	T:6292.0(100.00%),B:211258.2(99.21%),P:1e-21	Tpos:119.8,Tstd:96.4,Bpos:6133.9,Bstd:48929.7,StrandBias:-0.0,Multiplicity:1.76
0.100	0.100	0.100	0.700
0.100	0.700	0.100	0.100
0.100	0.100	0.700	0.100
0.700	0.100	0.100	0.100
0.700	0.100	0.100	0.100
0.100	0.100	0.100	0.700
0.100	0.100	0.700	0.100
0.100	0.100	0.700	0.100
0.700	0.100	0.100	0.100
0.700	0.100	0.100	0.100
0.100	0.100	0.100	0.700
0.100	0.700	0.100	0.100
>ACAGGCTGBGGT	11-ACAGGCTGBGGT	-10.260261	-10.871408	0	T:6292.0(100.00%),B:212562.6(99.83%),P:1e-4	Tpos:119.1,Tstd:88.9,Bpos:2241.7,Bstd:16265.1,StrandBias:0.0,Multiplicity:1.84
0.842	0.137	0.020	0.001
0.138	0.549	0.312	0.001
0.982	0.001	0.001	0.016
0.001	0.001	0.997	0.001
0.001	0.155	0.843	0.001
0.001	0.725	0.137	0.137
0.274	0.001	0.001	0.724
0.001	0.001	0.997	0.001
0.137	0.292	0.277	0.294
0.001	0.001	0.861	0.137
0.136	0.001	0.862	0.001
0.140	0.001	0.154	0.705
>GCCSCSSCCCCC	12-GCCSCSSCCCCC	-33.118068	-3.437181	0	T:6292.0(100.00%),B:212817.7(99.94%),P:1e-1	Tpos:122.2,Tstd:97.9,Bpos:2411.0,Bstd:19318.9,StrandBias:0.0,Multiplicity:1.58
0.001	0.001	0.997	0.001
0.001	0.997	0.001	0.001
0.001	0.997	0.001	0.001
0.001	0.499	0.499	0.001
0.001	0.997	0.001	0.001
0.001	0.499	0.499	0.001
0.001	0.499	0.499	0.001
0.001	0.997	0.001	0.001
0.001	0.997	0.001	0.001
0.001	0.997	0.001	0.001
0.001	0.997	0.001	0.001
0.001	0.997	0.001	0.001
>VTGTRWAMACAG	13-VTGTRWAMACAG	6.875815	-0.466711	0	T:718.0(11.41%),B:24567.7(11.54%),P:1e0	Tpos:132.6,Tstd:77.4,Bpos:7395.6,Bstd:13895.0,StrandBias:0.5,Multiplicity:1.00
0.252	0.368	0.379	0.001
0.120	0.001	0.001	0.878
0.120	0.120	0.759	0.001
0.241	0.006	0.011	0.742
0.384	0.131	0.483	0.001
0.494	0.001	0.001	0.504
0.631	0.247	0.001	0.121
0.489	0.374	0.006	0.132
0.610	0.001	0.005	0.384
0.006	0.500	0.247	0.247
0.627	0.005	0.001	0.367
0.121	0.247	0.500	0.132
>AMCAAWMATCTN	14-AMCAAWMATCTN	10.358630	-0.033443	0	T:5.0(0.08%),B:334.9(0.16%),P:1e0	Tpos:94.0,Tstd:0.0,Bpos:16104.2,Bstd:12698.2,StrandBias:10.0,Multiplicity:1.00
0.507	0.236	0.256	0.001
0.490	0.487	0.001	0.023
0.259	0.487	0.021	0.233
0.720	0.259	0.020	0.001
0.997	0.001	0.001	0.001
0.468	0.001	0.001	0.530
0.510	0.466	0.001	0.023
0.721	0.023	0.023	0.233
0.002	0.001	0.235	0.762
0.001	0.725	0.001	0.273
0.019	0.001	0.001	0.979
0.254	0.254	0.256	0.236
>HTAAATSTGCTA	15-HTAAATSTGCTA	8.967540	-0.024608	0	T:5.0(0.08%),B:350.9(0.16%),P:1e0	Tpos:59.0,Tstd:0.0,Bpos:1696.0,Bstd:707.8,StrandBias:10.0,Multiplicity:1.00
0.332	0.190	0.160	0.318
0.349	0.001	0.001	0.649
0.491	0.186	0.322	0.001
0.522	0.001	0.159	0.318
0.653	0.159	0.001	0.187
0.336	0.001	0.173	0.491
0.187	0.480	0.332	0.001
0.001	0.001	0.001	0.997
0.001	0.001	0.639	0.359
0.001	0.504	0.176	0.319
0.001	0.349	0.001	0.649
0.636	0.159	0.017	0.188
>DGTCATCATTAC	16-DGTCATCATTAC	10.747181	-0.013529	0	T:13.0(0.21%),B:756.5(0.36%),P:1e0	Tpos:108.7,Tstd:24.2,Bpos:5608.9,Bstd:7920.8,StrandBias:-1.0,Multiplicity:1.00
0.350	0.041	0.304	0.304
0.019	0.338	0.642	0.001
0.358	0.001	0.001	0.640
0.023	0.964	0.002	0.011
0.990	0.001	0.008	0.001
0.359	0.001	0.001	0.639
0.315	0.609	0.033	0.043
0.609	0.021	0.011	0.359
0.001	0.001	0.010	0.988
0.012	0.011	0.023	0.954
0.629	0.045	0.325	0.001
0.031	0.967	0.001	0.001
>VTSWCTKWYAAT	17-VTSWCTKWYAAT	8.710875	-0.009914	0	T:16.0(0.25%),B:910.5(0.43%),P:1e0	Tpos:117.0,Tstd:0.0,Bpos:5057.7,Bstd:3867.3,StrandBias:-10.0,Multiplicity:1.00
0.419	0.291	0.290	0.001
0.152	0.275	0.001	0.572
0.001	0.572	0.426	0.001
0.434	0.001	0.001	0.564
0.282	0.442	0.275	0.001
0.137	0.001	0.001	0.861
0.145	0.138	0.297	0.420
0.572	0.001	0.001	0.426
0.153	0.275	0.153	0.420
0.695	0.160	0.001	0.144
0.716	0.001	0.138	0.145
0.001	0.007	0.282	0.710
>YTCTADCTGMAG	18-YTCTADCTGMAG	6.351794	-0.001367	0	T:966.0(15.35%),B:35690.7(16.76%),P:1e0	Tpos:119.6,Tstd:79.4,Bpos:7974.1,Bstd:21799.2,StrandBias:0.3,Multiplicity:1.00
0.001	0.439	0.246	0.314
0.184	0.255	0.002	0.559
0.130	0.498	0.187	0.184
0.061	0.122	0.001	0.816
0.558	0.184	0.135	0.123
0.248	0.067	0.312	0.373
0.069	0.739	0.123	0.069
0.378	0.001	0.002	0.619
0.061	0.125	0.691	0.123
0.315	0.435	0.189	0.061
0.621	0.002	0.003	0.374
0.184	0.064	0.629	0.123
>AAAGWTGANYAA	19-AAAGWTGANYAA	9.070132	-0.000534	0	T:15.0(0.24%),B:1054.5(0.50%),P:1e0	Tpos:152.0,Tstd:68.0,Bpos:6763.4,Bstd:13065.6,StrandBias:10.0,Multiplicity:1.00
0.694	0.298	0.004	0.004
0.710	0.282	0.001	0.007
0.851	0.141	0.001	0.007
0.001	0.001	0.580	0.418
0.447	0.004	0.138	0.412
0.164	0.001	0.145	0.690
0.001	0.293	0.702	0.004
0.552	0.141	0.001	0.306
0.279	0.156	0.282	0.282
0.145	0.416	0.004	0.435
0.568	0.279	0.008	0.145
0.565	0.137	0.008	0.290
>AKGTWTTCTCTG	20-AKGTWTTCTCTG	8.976789	-0.000020	0	T:65.0(1.03%),B:3511.1(1.65%),P:1e0	Tpos:90.5,Tstd:1.5,Bpos:14167.6,Bstd:23820.6,StrandBias:-10.0,Multiplicity:1.00
0.677	0.001	0.001	0.321
0.001	0.001	0.478	0.520
0.002	0.320	0.519	0.159
0.002	0.322	0.159	0.517
0.356	0.161	0.004	0.479
0.318	0.002	0.200	0.479
0.001	0.002	0.039	0.958
0.001	0.679	0.001	0.319
0.326	0.001	0.035	0.638
0.320	0.481	0.198	0.001
0.321	0.001	0.001	0.677
0.159	0.001	0.838	0.002
>TTGCTGARASAG	21-TTGCTGARASAG	7.009342	-0.000002	0	T:700.0(11.13%),B:27782.0(13.05%),P:1e0	Tpos:111.2,Tstd:56.4,Bpos:7005.8,Bstd:16349.7,StrandBias:0.8,Multiplicity:1.00
0.241	0.028	0.121	0.610
0.120	0.001	0.001	0.878
0.121	0.121	0.515	0.243
0.122	0.636	0.121	0.121
0.248	0.001	0.001	0.750
0.243	0.121	0.515	0.121
0.632	0.001	0.120	0.247
0.488	0.027	0.484	0.001
0.637	0.121	0.121	0.121
0.001	0.482	0.395	0.122
0.851	0.001	0.001	0.147
0.005	0.001	0.993	0.001
>CTGTRTSTHTWR	22-CTGTRTSTHTWR	7.945373	-0.000002	0	T:58.0(0.92%),B:3392.8(1.59%),P:1e0	Tpos:278.0,Tstd:0.0,Bpos:7579.0,Bstd:15024.2,StrandBias:10.0,Multiplicity:1.00
0.001	0.505	0.252	0.242
0.001	0.001	0.005	0.993
0.001	0.253	0.494	0.252
0.005	0.126	0.001	0.868
0.374	0.121	0.379	0.126
0.395	0.001	0.001	0.603
0.001	0.362	0.505	0.132
0.121	0.264	0.001	0.614
0.379	0.362	0.001	0.258
0.132	0.242	0.127	0.500
0.368	0.138	0.121	0.374
0.373	0.012	0.489	0.126
>CADAATTDGCAG	23-CADAATTDGCAG	9.394224	-0.000002	0	T:75.0(1.19%),B:4137.4(1.94%),P:1e0	Tpos:85.2,Tstd:62.3,Bpos:9222.5,Bstd:16562.1,StrandBias:0.0,Multiplicity:1.00
0.001	0.997	0.001	0.001
0.997	0.001	0.001	0.001
0.304	0.040	0.305	0.351
0.915	0.008	0.001	0.076
0.617	0.001	0.038	0.344
0.009	0.380	0.001	0.610
0.008	0.381	0.002	0.609
0.353	0.001	0.304	0.342
0.001	0.352	0.646	0.001
0.038	0.619	0.342	0.001
0.997	0.001	0.001	0.001
0.009	0.038	0.647	0.306
>NNNNNNNNNNNN	24-NNNNNNNNNNNN	-nan	0.000000	0	T:0.0(0.00%),B:0.0(0.00%),P:1e0	Tpos:0.0,Tstd:0.0,Bpos:0.0,Bstd:0.0,StrandBias:0.0,Multiplicity:1.00
-nan	-nan	-nan	-nan
-nan	-nan	-nan	-nan
-nan	-nan	-nan	-nan
-nan	-nan	-nan	-nan
-nan	-nan	-nan	-nan
-nan	-nan	-nan	-nan
-nan	-nan	-nan	-nan
-nan	-nan	-nan	-nan
-nan	-nan	-nan	-nan
-nan	-nan	-nan	-nan
-nan	-nan	-nan	-nan
-nan	-nan	-nan	-nan
>HAGWWCTTBYAG	25-HAGWWCTTBYAG	6.500161	0.000000	0	T:631.0(10.03%),B:27191.2(12.77%),P:1e0	Tpos:104.8,Tstd:70.1,Bpos:8653.3,Bstd:18166.0,StrandBias:-1.7,Multiplicity:1.00
0.363	0.269	0.121	0.248
0.979	0.001	0.001	0.019
0.133	0.242	0.624	0.001
0.497	0.007	0.134	0.363
0.509	0.001	0.128	0.362
0.128	0.489	0.140	0.243
0.134	0.007	0.128	0.731
0.241	0.001	0.241	0.517
0.134	0.249	0.376	0.241
0.001	0.503	0.001	0.495
0.878	0.001	0.001	0.120
0.134	0.121	0.611	0.134
