>AAACCRCA	1-AAACCRCA	6.460503	-4266.465686	0	T:4080.0(64.84%),B:28345.3(13.31%),P:1e-1852	Tpos:115.7,Tstd:59.8,Bpos:14251.0,Bstd:79553.4,StrandBias:-0.1,Multiplicity:1.35
0.723	0.115	0.034	0.128
0.659	0.001	0.291	0.049
0.831	0.063	0.105	0.001
0.001	0.997	0.001	0.001
0.001	0.997	0.001	0.001
0.502	0.001	0.444	0.053
0.001	0.997	0.001	0.001
0.881	0.035	0.028	0.056
>TTTGTGGT	2-TTTGTGGT	0.383066	-1278.473867	0	T:5326.0(84.65%),B:115705.7(54.34%),P:1e-555	Tpos:116.9,Tstd:87.5,Bpos:12447.6,Bstd:71071.1,StrandBias:0.1,Multiplicity:1.79
0.152	0.142	0.001	0.705
0.074	0.160	0.001	0.765
0.001	0.001	0.001	0.997
0.001	0.001	0.997	0.001
0.001	0.001	0.001	0.997
0.001	0.001	0.997	0.001
0.001	0.001	0.997	0.001
0.001	0.001	0.001	0.997
>AGGAAGTG	3-AGGAAGTG	4.869572	-1244.491374	0	T:3349.0(53.23%),B:50165.5(23.56%),P:1e-540	Tpos:114.4,Tstd:72.3,Bpos:10618.9,Bstd:66024.4,StrandBias:0.0,Multiplicity:1.36
0.767	0.069	0.163	0.001
0.001	0.001	0.997	0.001
0.001	0.001	0.997	0.001
0.997	0.001	0.001	0.001
0.957	0.001	0.001	0.041
0.077	0.033	0.889	0.001
0.001	0.011	0.001	0.987
0.058	0.050	0.808	0.084
>CTGTGGTG	4-CTGTGGTG	-2.924102	-897.447315	0	T:6091.0(96.81%),B:166565.0(78.22%),P:1e-389	Tpos:118.7,Tstd:90.3,Bpos:4793.3,Bstd:31263.5,StrandBias:0.0,Multiplicity:2.11
0.001	0.997	0.001	0.001
0.001	0.001	0.001	0.997
0.001	0.001	0.997	0.001
0.001	0.001	0.001	0.997
0.001	0.001	0.997	0.001
0.001	0.001	0.997	0.001
0.001	0.001	0.001	0.997
0.166	0.001	0.832	0.001
>WCACAKWN	5-WCACAKWN	3.804569	-423.101848	0	T:5656.0(89.89%),B:160507.5(75.38%),P:1e-183	Tpos:114.5,Tstd:85.7,Bpos:10784.0,Bstd:59182.9,StrandBias:0.0,Multiplicity:1.57
0.384	0.126	0.210	0.280
0.001	0.997	0.001	0.001
0.997	0.001	0.001	0.001
0.115	0.784	0.100	0.001
0.997	0.001	0.001	0.001
0.195	0.085	0.311	0.409
0.283	0.097	0.210	0.411
0.250	0.184	0.283	0.283
>TTTTAGTT	6-TTTTAGTT	-3.577440	-344.329969	0	T:5607.0(89.11%),B:161915.8(76.04%),P:1e-149	Tpos:115.2,Tstd:87.0,Bpos:9958.2,Bstd:53353.0,StrandBias:-0.0,Multiplicity:1.78
0.103	0.001	0.002	0.894
0.001	0.001	0.001	0.997
0.001	0.001	0.001	0.997
0.001	0.219	0.001	0.779
0.892	0.001	0.001	0.106
0.011	0.001	0.885	0.103
0.001	0.001	0.001	0.997
0.160	0.001	0.061	0.778
>YYACCACA	7-YYACCACA	-4.127473	-306.883981	0	T:6262.0(99.52%),B:199191.7(93.55%),P:1e-133	Tpos:119.7,Tstd:93.8,Bpos:9734.9,Bstd:58412.1,StrandBias:0.0,Multiplicity:2.84
0.001	0.499	0.001	0.499
0.001	0.499	0.001	0.499
0.997	0.001	0.001	0.001
0.001	0.997	0.001	0.001
0.001	0.997	0.001	0.001
0.997	0.001	0.001	0.001
0.001	0.997	0.001	0.001
0.997	0.001	0.001	0.001
>AWTGDKTA	8-AWTGDKTA	-4.219833	-268.095189	0	T:5838.0(92.78%),B:176276.9(82.78%),P:1e-116	Tpos:119.9,Tstd:95.5,Bpos:11056.5,Bstd:63690.0,StrandBias:0.0,Multiplicity:1.69
0.997	0.001	0.001	0.001
0.503	0.001	0.002	0.494
0.009	0.001	0.001	0.989
0.002	0.001	0.996	0.001
0.304	0.076	0.239	0.380
0.001	0.114	0.380	0.505
0.005	0.004	0.002	0.989
0.995	0.002	0.001	0.002
>ACAKTHWN	9-ACAKTHWN	3.714031	-221.646150	0	T:5384.0(85.57%),B:158933.6(74.64%),P:1e-96	Tpos:118.1,Tstd:98.9,Bpos:10370.0,Bstd:51668.3,StrandBias:-0.0,Multiplicity:1.64
0.907	0.067	0.025	0.001
0.144	0.801	0.054	0.001
0.997	0.001	0.001	0.001
0.177	0.072	0.354	0.398
0.249	0.085	0.241	0.425
0.331	0.351	0.090	0.229
0.393	0.164	0.001	0.442
0.288	0.304	0.202	0.206
>MATTTTYT	10-MATTTTYT	3.131726	-200.789881	0	T:4870.0(77.40%),B:140045.7(65.77%),P:1e-87	Tpos:113.7,Tstd:95.1,Bpos:14559.5,Bstd:65659.9,StrandBias:0.0,Multiplicity:2.02
0.321	0.388	0.059	0.233
0.997	0.001	0.001	0.001
0.270	0.001	0.095	0.634
0.182	0.001	0.206	0.611
0.223	0.237	0.001	0.539
0.323	0.001	0.001	0.675
0.255	0.310	0.001	0.434
0.260	0.221	0.033	0.486
>TTCCTTTC	11-TTCCTTTC	2.399224	-122.313049	0	T:6289.0(99.95%),B:208340.6(97.84%),P:1e-53	Tpos:121.4,Tstd:99.7,Bpos:5921.7,Bstd:42688.0,StrandBias:-0.1,Multiplicity:3.56
0.100	0.100	0.100	0.700
0.100	0.100	0.100	0.700
0.100	0.700	0.100	0.100
0.100	0.700	0.100	0.100
0.100	0.100	0.100	0.700
0.100	0.100	0.100	0.700
0.100	0.100	0.100	0.700
0.100	0.700	0.100	0.100
>CCAGAAGT	12-CCAGAAGT	2.399224	-31.060972	0	T:6292.0(100.00%),B:211871.3(99.50%),P:1e-13	Tpos:120.0,Tstd:91.8,Bpos:5807.9,Bstd:44697.8,StrandBias:0.0,Multiplicity:2.60
0.100	0.700	0.100	0.100
0.100	0.700	0.100	0.100
0.700	0.100	0.100	0.100
0.100	0.100	0.700	0.100
0.700	0.100	0.100	0.100
0.700	0.100	0.100	0.100
0.100	0.100	0.700	0.100
0.100	0.100	0.100	0.700
>AGGCAGCT	13-AGGCAGCT	2.399224	-29.096450	0	T:6288.0(99.94%),B:211538.7(99.34%),P:1e-12	Tpos:118.4,Tstd:86.7,Bpos:3342.5,Bstd:27085.9,StrandBias:-0.0,Multiplicity:2.22
0.700	0.100	0.100	0.100
0.100	0.100	0.700	0.100
0.100	0.100	0.700	0.100
0.100	0.700	0.100	0.100
0.700	0.100	0.100	0.100
0.100	0.100	0.700	0.100
0.100	0.700	0.100	0.100
0.100	0.100	0.100	0.700
>TTTGGTTT	14-TTTGGTTT	0.000000	-9.938004	0	T:6292.0(100.00%),B:212594.3(99.84%),P:1e-4
0.100	0.100	0.100	0.700
0.100	0.100	0.100	0.700
0.100	0.100	0.100	0.700
0.100	0.100	0.700	0.100
0.100	0.100	0.700	0.100
0.100	0.100	0.100	0.700
0.100	0.100	0.100	0.700
0.100	0.100	0.100	0.700
>CAAAGGAA	15-CAAAGGAA	0.000000	-0.524194	0	T:6292.0(100.00%),B:212917.4(99.99%),P:1e0
0.100	0.700	0.100	0.100
0.700	0.100	0.100	0.100
0.700	0.100	0.100	0.100
0.700	0.100	0.100	0.100
0.100	0.100	0.700	0.100
0.100	0.100	0.700	0.100
0.700	0.100	0.100	0.100
0.700	0.100	0.100	0.100
>TGTGGAAA	16-TGTGGAAA	0.000000	-0.349458	0	T:6292.0(100.00%),B:212923.9(99.99%),P:1e0
0.100	0.100	0.100	0.700
0.100	0.100	0.700	0.100
0.100	0.100	0.100	0.700
0.100	0.100	0.700	0.100
0.100	0.100	0.700	0.100
0.700	0.100	0.100	0.100
0.700	0.100	0.100	0.100
0.700	0.100	0.100	0.100
>AGTGGTTA	17-AGTGGTTA	0.000000	-0.291214	0	T:6292.0(100.00%),B:212925.2(100.00%),P:1e0
0.700	0.100	0.100	0.100
0.100	0.100	0.700	0.100
0.100	0.100	0.100	0.700
0.100	0.100	0.700	0.100
0.100	0.100	0.700	0.100
0.100	0.100	0.100	0.700
0.100	0.100	0.100	0.700
0.700	0.100	0.100	0.100
>BGRGGGGS	18-BGRGGGGS	-9.949752	-0.145605	0	T:6292.0(100.00%),B:212930.6(100.00%),P:1e0	Tpos:122.1,Tstd:96.5,Bpos:4233.4,Bstd:32506.2,StrandBias:0.0,Multiplicity:1.48
0.107	0.258	0.329	0.305
0.001	0.317	0.681	0.001
0.539	0.001	0.459	0.001
0.001	0.001	0.997	0.001
0.001	0.399	0.599	0.001
0.023	0.401	0.575	0.001
0.153	0.258	0.411	0.177
0.001	0.446	0.552	0.001
>CTCAGAGC	19-CTCAGAGC	0.453314	-0.029121	0	T:6292.0(100.00%),B:212934.4(100.00%),P:1e0	Tpos:122.2,Tstd:104.5,Bpos:4846.1,Bstd:41148.0,StrandBias:0.0,Multiplicity:2.45
0.100	0.700	0.100	0.100
0.100	0.100	0.100	0.700
0.100	0.700	0.100	0.100
0.700	0.100	0.100	0.100
0.100	0.100	0.700	0.100
0.700	0.100	0.100	0.100
0.100	0.100	0.700	0.100
0.100	0.700	0.100	0.100
>TGGTGAGG	20-TGGTGAGG	0.000000	-0.029121	0	T:6292.0(100.00%),B:212934.7(100.00%),P:1e0
0.100	0.100	0.100	0.700
0.100	0.100	0.700	0.100
0.100	0.100	0.700	0.100
0.100	0.100	0.100	0.700
0.100	0.100	0.700	0.100
0.700	0.100	0.100	0.100
0.100	0.100	0.700	0.100
0.100	0.100	0.700	0.100
>TGTGGCCT	21-TGTGGCCT	0.000000	-0.029121	0	T:6292.0(100.00%),B:212934.9(100.00%),P:1e0
0.100	0.100	0.100	0.700
0.100	0.100	0.700	0.100
0.100	0.100	0.100	0.700
0.100	0.100	0.700	0.100
0.100	0.100	0.700	0.100
0.100	0.700	0.100	0.100
0.100	0.700	0.100	0.100
0.100	0.100	0.100	0.700
>NNNNNNNN	22-NNNNNNNN	-nan	0.000000	0	T:0.0(0.00%),B:0.0(0.00%),P:1e0	Tpos:0.0,Tstd:0.0,Bpos:0.0,Bstd:0.0,StrandBias:0.0,Multiplicity:1.00
-nan	-nan	-nan	-nan
-nan	-nan	-nan	-nan
-nan	-nan	-nan	-nan
-nan	-nan	-nan	-nan
-nan	-nan	-nan	-nan
-nan	-nan	-nan	-nan
-nan	-nan	-nan	-nan
-nan	-nan	-nan	-nan
>YTTTDCAA	23-YTTTDCAA	-16.302970	0.000000	0	T:6292.0(100.00%),B:212935.1(100.00%),P:1e0	Tpos:111.7,Tstd:100.9,Bpos:12208.8,Bstd:63731.8,StrandBias:-0.0,Multiplicity:1.17
0.056	0.386	0.221	0.337
0.279	0.166	0.001	0.554
0.168	0.056	0.278	0.498
0.003	0.055	0.279	0.663
0.279	0.055	0.333	0.333
0.277	0.448	0.001	0.274
0.499	0.117	0.055	0.330
0.502	0.055	0.110	0.333
>TTTCTGCC	24-TTTCTGCC	0.000000	0.000000	0	T:6292.0(100.00%),B:212935.0(100.00%),P:1e0
0.100	0.100	0.100	0.700
0.100	0.100	0.100	0.700
0.100	0.100	0.100	0.700
0.100	0.700	0.100	0.100
0.100	0.100	0.100	0.700
0.100	0.100	0.700	0.100
0.100	0.700	0.100	0.100
0.100	0.700	0.100	0.100
>TGGTGACA	25-TGGTGACA	0.000000	0.000000	0	T:6292.0(100.00%),B:212935.1(100.00%),P:1e0
0.100	0.100	0.100	0.700
0.100	0.100	0.700	0.100
0.100	0.100	0.700	0.100
0.100	0.100	0.100	0.700
0.100	0.100	0.700	0.100
0.700	0.100	0.100	0.100
0.100	0.700	0.100	0.100
0.700	0.100	0.100	0.100
