>WAACCACARV	1-WAACCACARV	7.295982	-1982.281450	0	T:3240.0(23.94%),B:14826.0(6.34%),P:1e-860	Tpos:51.8,Tstd:23.4,Bpos:12051.7,Bstd:57969.3,StrandBias:-0.1,Multiplicity:1.12
0.415	0.168	0.046	0.371
0.646	0.068	0.217	0.069
0.826	0.073	0.081	0.020
0.024	0.933	0.024	0.019
0.018	0.935	0.028	0.019
0.697	0.039	0.212	0.052
0.018	0.934	0.024	0.024
0.832	0.051	0.047	0.070
0.368	0.073	0.428	0.132
0.355	0.255	0.239	0.150
>KNYTGTGGTT	2-KNYTGTGGTT	5.626044	-1402.062531	0	T:5551.0(41.02%),B:47573.1(20.34%),P:1e-608	Tpos:50.9,Tstd:24.7,Bpos:11812.9,Bstd:67172.3,StrandBias:-0.0,Multiplicity:1.12
0.166	0.207	0.388	0.239
0.199	0.296	0.204	0.301
0.128	0.371	0.118	0.383
0.149	0.084	0.102	0.665
0.045	0.047	0.850	0.058
0.087	0.357	0.041	0.515
0.038	0.056	0.856	0.050
0.059	0.060	0.827	0.054
0.035	0.177	0.096	0.692
0.121	0.238	0.121	0.520
>NHAACCACAR	3-NHAACCACAR	7.833698	-1329.624186	0	T:2109.0(15.58%),B:9038.9(3.87%),P:1e-577	Tpos:47.7,Tstd:27.8,Bpos:5915.2,Bstd:13773.8,StrandBias:-0.3,Multiplicity:1.00
0.292	0.222	0.179	0.308
0.366	0.254	0.030	0.351
0.576	0.110	0.200	0.114
0.655	0.127	0.217	0.001
0.001	0.997	0.001	0.001
0.001	0.995	0.003	0.001
0.593	0.047	0.134	0.226
0.001	0.981	0.001	0.017
0.740	0.045	0.029	0.186
0.355	0.062	0.422	0.161
>NNNAACCACA	4-NNNAACCACA	6.968183	-1297.369396	0	T:2346.0(17.34%),B:11354.2(4.86%),P:1e-563	Tpos:63.6,Tstd:36.7,Bpos:962.7,Bstd:3553.3,StrandBias:0.3,Multiplicity:1.00
0.213	0.284	0.286	0.217
0.268	0.285	0.267	0.181
0.299	0.205	0.187	0.310
0.602	0.129	0.093	0.176
0.652	0.098	0.231	0.019
0.040	0.866	0.069	0.025
0.038	0.923	0.017	0.022
0.585	0.049	0.239	0.127
0.072	0.815	0.058	0.055
0.685	0.078	0.032	0.205
>HTGTGGTTDN	5-HTGTGGTTDN	7.953591	-1181.737660	0	T:1627.0(12.02%),B:5975.6(2.56%),P:1e-513	Tpos:35.3,Tstd:42.2,Bpos:86.3,Bstd:203.4,StrandBias:1.0,Multiplicity:1.00
0.263	0.269	0.064	0.404
0.123	0.071	0.078	0.728
0.005	0.029	0.958	0.008
0.071	0.223	0.001	0.705
0.001	0.001	0.997	0.001
0.007	0.001	0.991	0.001
0.001	0.247	0.130	0.622
0.197	0.207	0.151	0.445
0.358	0.045	0.275	0.322
0.176	0.304	0.300	0.219
>YTGTGGTTWH	6-YTGTGGTTWH	8.867664	-1089.049345	0	T:1309.0(9.67%),B:4092.8(1.75%),P:1e-472	Tpos:5.0,Tstd:0.0,Bpos:404.0,Bstd:435.5,StrandBias:10.0,Multiplicity:1.00
0.001	0.555	0.028	0.416
0.125	0.095	0.009	0.771
0.010	0.001	0.931	0.058
0.131	0.104	0.001	0.764
0.001	0.001	0.997	0.001
0.001	0.001	0.997	0.001
0.001	0.094	0.104	0.801
0.206	0.058	0.159	0.577
0.341	0.145	0.159	0.356
0.326	0.273	0.136	0.265
>NDWAACCACA	7-NDWAACCACA	8.390993	-806.720106	0	T:1546.0(11.42%),B:7655.4(3.27%),P:1e-350	Tpos:54.7,Tstd:42.1,Bpos:307.6,Bstd:1415.9,StrandBias:0.1,Multiplicity:1.00
0.267	0.213	0.254	0.266
0.324	0.097	0.304	0.275
0.362	0.108	0.194	0.336
0.635	0.107	0.151	0.107
0.689	0.056	0.254	0.001
0.001	0.997	0.001	0.001
0.001	0.997	0.001	0.001
0.864	0.001	0.001	0.134
0.001	0.997	0.001	0.001
0.838	0.001	0.001	0.160
>NNWAACCACA	8-NNWAACCACA	7.232956	-579.203307	0	T:903.0(6.67%),B:3671.5(1.57%),P:1e-251	Tpos:39.0,Tstd:0.0,Bpos:119.3,Bstd:62.6,StrandBias:10.0,Multiplicity:1.00
0.229	0.231	0.204	0.335
0.212	0.294	0.275	0.219
0.270	0.169	0.169	0.392
0.536	0.107	0.191	0.166
0.594	0.084	0.267	0.055
0.030	0.911	0.022	0.037
0.010	0.883	0.058	0.049
0.561	0.023	0.266	0.150
0.053	0.845	0.077	0.025
0.594	0.081	0.109	0.216
>AGGAAGTGGT	9-AGGAAGTGGT	9.777077	-255.399280	0	T:539.0(3.98%),B:2809.7(1.20%),P:1e-110	Tpos:50.1,Tstd:24.3,Bpos:3795.6,Bstd:12733.5,StrandBias:0.1,Multiplicity:1.01
0.670	0.140	0.167	0.023
0.036	0.014	0.940	0.010
0.026	0.018	0.912	0.044
0.877	0.043	0.047	0.033
0.700	0.012	0.001	0.287
0.027	0.010	0.959	0.004
0.008	0.040	0.001	0.951
0.073	0.067	0.780	0.080
0.129	0.073	0.720	0.078
0.086	0.193	0.227	0.494
>GTGGTTTNBN	10-GTGGTTTNBN	9.004921	-79.535454	0	T:120.0(0.89%),B:475.9(0.20%),P:1e-34	Tpos:48.5,Tstd:21.0,Bpos:6182.6,Bstd:16592.3,StrandBias:-0.2,Multiplicity:1.03
0.001	0.001	0.997	0.001
0.001	0.282	0.001	0.716
0.001	0.001	0.997	0.001
0.001	0.001	0.997	0.001
0.001	0.001	0.001	0.997
0.001	0.217	0.001	0.781
0.225	0.001	0.309	0.465
0.298	0.283	0.223	0.196
0.148	0.338	0.277	0.236
0.274	0.192	0.218	0.316
>RCCACADNNV	11-RCCACADNNV	7.371902	-73.223120	0	T:84.0(0.62%),B:248.8(0.11%),P:1e-31	Tpos:50.0,Tstd:45.0,Bpos:5.0,Bstd:0.0,StrandBias:0.0,Multiplicity:1.00
0.456	0.217	0.326	0.001
0.001	0.863	0.024	0.112
0.001	0.996	0.002	0.001
0.645	0.001	0.227	0.127
0.077	0.723	0.122	0.078
0.772	0.142	0.085	0.001
0.364	0.144	0.246	0.246
0.276	0.234	0.261	0.228
0.286	0.304	0.189	0.221
0.220	0.352	0.246	0.182
>CACTTCCBCH	12-CACTTCCBCH	7.854868	-64.276866	0	T:393.0(2.90%),B:3608.3(1.54%),P:1e-27	Tpos:54.0,Tstd:30.1,Bpos:3435.2,Bstd:12382.5,StrandBias:0.2,Multiplicity:1.01
0.122	0.417	0.203	0.258
0.559	0.137	0.303	0.001
0.019	0.470	0.195	0.316
0.162	0.001	0.001	0.836
0.001	0.104	0.040	0.855
0.001	0.981	0.007	0.011
0.004	0.899	0.001	0.096
0.036	0.290	0.342	0.333
0.110	0.419	0.267	0.205
0.293	0.301	0.071	0.335
>AVVGGAAGYV	13-AVVGGAAGYV	8.165042	-51.408990	0	T:378.0(2.79%),B:3703.8(1.58%),P:1e-22	Tpos:54.3,Tstd:27.9,Bpos:2397.1,Bstd:8877.8,StrandBias:0.5,Multiplicity:1.02
0.441	0.001	0.290	0.268
0.235	0.317	0.376	0.072
0.405	0.281	0.313	0.001
0.001	0.001	0.997	0.001
0.001	0.001	0.997	0.001
0.997	0.001	0.001	0.001
0.811	0.001	0.001	0.187
0.270	0.204	0.525	0.001
0.001	0.451	0.001	0.547
0.243	0.255	0.332	0.171
>DACAGGAAGT	14-DACAGGAAGT	8.423073	-41.699363	0	T:1127.0(8.33%),B:14829.3(6.34%),P:1e-18	Tpos:50.6,Tstd:26.0,Bpos:5688.9,Bstd:28213.0,StrandBias:-0.0,Multiplicity:1.04
0.370	0.125	0.253	0.252
0.479	0.001	0.234	0.287
0.146	0.563	0.259	0.032
0.542	0.265	0.192	0.001
0.001	0.001	0.997	0.001
0.001	0.001	0.997	0.001
0.997	0.001	0.001	0.001
0.997	0.001	0.001	0.001
0.218	0.001	0.780	0.001
0.001	0.328	0.001	0.670
>GTGGTTTBTN	15-GTGGTTTBTN	10.444368	-35.598502	0	T:86.0(0.64%),B:508.0(0.22%),P:1e-15	Tpos:53.5,Tstd:30.8,Bpos:5401.1,Bstd:18595.5,StrandBias:0.8,Multiplicity:1.00
0.001	0.001	0.997	0.001
0.001	0.001	0.001	0.997
0.001	0.001	0.997	0.001
0.001	0.001	0.997	0.001
0.001	0.001	0.001	0.997
0.001	0.001	0.001	0.997
0.317	0.001	0.001	0.681
0.178	0.353	0.205	0.265
0.333	0.022	0.133	0.512
0.265	0.242	0.271	0.223
>TCCATTCSAT	16-TCCATTCSAT	11.445729	-4.240791	0	T:5.0(0.04%),B:22.7(0.01%),P:1e-1	Tpos:43.6,Tstd:28.2,Bpos:7920.6,Bstd:12044.8,StrandBias:-1.3,Multiplicity:1.40
0.012	0.037	0.013	0.938
0.036	0.884	0.045	0.035
0.095	0.584	0.175	0.146
0.822	0.008	0.125	0.045
0.052	0.031	0.035	0.882
0.044	0.059	0.028	0.869
0.034	0.898	0.067	0.001
0.032	0.389	0.481	0.098
0.888	0.034	0.054	0.024
0.052	0.144	0.042	0.762
>GGAATGGAAT	17-GGAATGGAAT	11.656944	-2.195568	0	T:27.0(0.20%),B:357.9(0.15%),P:1e0	Tpos:51.5,Tstd:24.7,Bpos:12745.2,Bstd:14699.1,StrandBias:1.4,Multiplicity:3.92
0.001	0.117	0.881	0.001
0.001	0.001	0.997	0.001
0.997	0.001	0.001	0.001
0.997	0.001	0.001	0.001
0.001	0.018	0.001	0.980
0.001	0.017	0.981	0.001
0.001	0.001	0.997	0.001
0.997	0.001	0.001	0.001
0.997	0.001	0.001	0.001
0.001	0.001	0.001	0.997
>AGGAAGTGRN	18-AGGAAGTGRN	10.115711	-1.895190	0	T:74.0(0.55%),B:1121.3(0.48%),P:1e0	Tpos:54.0,Tstd:27.6,Bpos:5602.6,Bstd:14596.4,StrandBias:-0.2,Multiplicity:1.00
0.703	0.126	0.170	0.001
0.001	0.001	0.997	0.001
0.001	0.001	0.997	0.001
0.997	0.001	0.001	0.001
0.997	0.001	0.001	0.001
0.162	0.094	0.743	0.001
0.001	0.177	0.001	0.821
0.219	0.097	0.516	0.168
0.459	0.089	0.324	0.129
0.235	0.199	0.332	0.234
>WNTYWTGTGG	19-WNTYWTGTGG	9.128389	-1.802838	0	T:31.0(0.23%),B:439.7(0.19%),P:1e0	Tpos:50.8,Tstd:22.8,Bpos:8085.3,Bstd:19334.7,StrandBias:-0.7,Multiplicity:1.00
0.359	0.055	0.202	0.385
0.287	0.197	0.209	0.307
0.053	0.199	0.255	0.493
0.159	0.388	0.203	0.250
0.316	0.261	0.001	0.422
0.001	0.001	0.001	0.997
0.001	0.001	0.997	0.001
0.001	0.001	0.001	0.997
0.001	0.001	0.997	0.001
0.001	0.001	0.997	0.001
>MTTGCGGTGR	20-MTTGCGGTGR	11.095584	-1.341610	0	T:14.0(0.10%),B:196.5(0.08%),P:1e0	Tpos:45.8,Tstd:29.8,Bpos:2149.4,Bstd:3236.2,StrandBias:-0.6,Multiplicity:1.00
0.301	0.445	0.250	0.003
0.001	0.007	0.001	0.991
0.001	0.001	0.001	0.997
0.001	0.001	0.997	0.001
0.001	0.637	0.001	0.361
0.001	0.001	0.997	0.001
0.001	0.001	0.997	0.001
0.001	0.001	0.001	0.997
0.353	0.001	0.645	0.001
0.449	0.007	0.352	0.193
>GATGASTCAT	21-GATGASTCAT	8.886989	-0.832468	0	T:47.0(0.35%),B:786.3(0.34%),P:1e0	Tpos:49.9,Tstd:27.0,Bpos:6402.1,Bstd:16880.3,StrandBias:0.5,Multiplicity:1.00
0.272	0.183	0.443	0.101
0.435	0.263	0.195	0.108
0.037	0.067	0.044	0.852
0.056	0.001	0.699	0.244
0.871	0.001	0.001	0.127
0.033	0.425	0.473	0.069
0.120	0.004	0.001	0.875
0.158	0.831	0.010	0.001
0.708	0.019	0.201	0.072
0.062	0.285	0.184	0.469
>NMRSAGGAAR	22-NMRSAGGAAR	8.567197	-0.456577	0	T:42.0(0.31%),B:759.4(0.32%),P:1e0	Tpos:48.3,Tstd:21.9,Bpos:5526.8,Bstd:13101.4,StrandBias:1.6,Multiplicity:1.00
0.303	0.183	0.226	0.288
0.455	0.323	0.221	0.001
0.395	0.037	0.363	0.204
0.229	0.446	0.324	0.001
0.570	0.281	0.148	0.001
0.001	0.001	0.997	0.001
0.001	0.001	0.997	0.001
0.908	0.034	0.030	0.028
0.933	0.001	0.001	0.065
0.413	0.156	0.430	0.001
>CCACAANMVN	23-CCACAANMVN	9.445976	-0.039487	0	T:20.0(0.15%),B:497.9(0.21%),P:1e0	Tpos:60.0,Tstd:0.0,Bpos:7081.7,Bstd:17148.1,StrandBias:10.0,Multiplicity:1.00
0.001	0.997	0.001	0.001
0.001	0.997	0.001	0.001
0.997	0.001	0.001	0.001
0.001	0.997	0.001	0.001
0.997	0.001	0.001	0.001
0.763	0.001	0.235	0.001
0.285	0.232	0.315	0.168
0.415	0.468	0.115	0.001
0.349	0.216	0.302	0.134
0.225	0.208	0.222	0.345
>CGRSAGGAAG	24-CGRSAGGAAG	9.744980	-0.036082	0	T:10.0(0.07%),B:286.2(0.12%),P:1e0	Tpos:26.0,Tstd:19.0,Bpos:1367.4,Bstd:4459.1,StrandBias:-1.0,Multiplicity:1.00
0.242	0.396	0.173	0.190
0.092	0.183	0.506	0.219
0.353	0.001	0.455	0.191
0.184	0.417	0.398	0.001
0.533	0.259	0.207	0.001
0.001	0.001	0.997	0.001
0.001	0.001	0.997	0.001
0.997	0.001	0.001	0.001
0.997	0.001	0.001	0.001
0.185	0.001	0.813	0.001
>NDNNYTGTGG	25-NDNNYTGTGG	8.311540	-0.000000	0	T:9.0(0.07%),B:578.2(0.25%),P:1e0	Tpos:36.7,Tstd:2.1,Bpos:7657.3,Bstd:17191.8,StrandBias:1.0,Multiplicity:1.00
0.207	0.247	0.239	0.306
0.262	0.103	0.273	0.362
0.192	0.245	0.276	0.287
0.248	0.220	0.230	0.302
0.001	0.445	0.001	0.553
0.001	0.001	0.001	0.997
0.001	0.001	0.997	0.001
0.001	0.258	0.001	0.740
0.001	0.001	0.997	0.001
0.001	0.001	0.997	0.001
>YTGTGGTTWNNN	1-YTGTGGTTWNNN	7.162933	-2039.860807	0	T:3435.0(25.38%),B:16241.5(6.95%),P:1e-885	Tpos:51.8,Tstd:23.0,Bpos:11163.3,Bstd:56174.2,StrandBias:0.1,Multiplicity:1.12
0.132	0.355	0.131	0.382
0.094	0.067	0.066	0.773
0.028	0.034	0.928	0.010
0.081	0.273	0.040	0.606
0.001	0.001	0.997	0.001
0.001	0.005	0.993	0.001
0.021	0.091	0.093	0.795
0.088	0.217	0.089	0.606
0.343	0.047	0.221	0.388
0.228	0.257	0.258	0.257
0.222	0.269	0.280	0.229
0.187	0.237	0.333	0.243
>BYTGTGGTTDNN	2-BYTGTGGTTDNN	6.263187	-1369.834488	0	T:5394.0(39.86%),B:45910.9(19.63%),P:1e-594	Tpos:50.7,Tstd:24.4,Bpos:6780.5,Bstd:36268.5,StrandBias:-0.0,Multiplicity:1.12
0.145	0.257	0.287	0.312
0.150	0.417	0.039	0.393
0.143	0.051	0.085	0.721
0.001	0.066	0.917	0.016
0.083	0.253	0.033	0.631
0.005	0.001	0.977	0.017
0.001	0.001	0.996	0.002
0.034	0.204	0.134	0.628
0.103	0.292	0.105	0.500
0.290	0.100	0.257	0.353
0.199	0.254	0.345	0.202
0.188	0.272	0.296	0.244
>ASAGGAAGTGGN	3-ASAGGAAGTGGN	9.060306	-144.474243	0	T:791.0(5.84%),B:6961.3(2.98%),P:1e-62	Tpos:50.5,Tstd:25.9,Bpos:4463.0,Bstd:13875.2,StrandBias:0.1,Multiplicity:1.02
0.445	0.145	0.190	0.221
0.187	0.402	0.323	0.088
0.519	0.274	0.206	0.001
0.001	0.001	0.983	0.015
0.001	0.001	0.997	0.001
0.958	0.040	0.001	0.001
0.855	0.001	0.001	0.143
0.189	0.042	0.768	0.001
0.001	0.160	0.001	0.838
0.125	0.001	0.625	0.249
0.206	0.177	0.543	0.074
0.275	0.256	0.228	0.241
>ARVAGGAAGTGG	4-ARVAGGAAGTGG	10.413579	-129.420153	0	T:334.0(2.47%),B:2004.5(0.86%),P:1e-56	Tpos:56.2,Tstd:25.0,Bpos:5546.7,Bstd:18135.8,StrandBias:0.2,Multiplicity:1.02
0.480	0.100	0.262	0.158
0.393	0.011	0.424	0.172
0.294	0.286	0.341	0.079
0.591	0.148	0.260	0.001
0.077	0.001	0.921	0.001
0.001	0.001	0.997	0.001
0.910	0.088	0.001	0.001
0.586	0.001	0.001	0.412
0.103	0.059	0.837	0.001
0.001	0.001	0.001	0.997
0.209	0.001	0.587	0.203
0.001	0.111	0.627	0.261
>VYCACTTCCTSY	5-VYCACTTCCTSY	9.356554	-95.500299	0	T:327.0(2.42%),B:2320.9(0.99%),P:1e-41	Tpos:50.6,Tstd:24.6,Bpos:3528.6,Bstd:12026.3,StrandBias:0.1,Multiplicity:1.02
0.265	0.315	0.285	0.135
0.167	0.351	0.198	0.285
0.198	0.431	0.186	0.185
0.660	0.001	0.303	0.036
0.001	0.725	0.006	0.268
0.108	0.001	0.001	0.890
0.001	0.001	0.038	0.960
0.001	0.997	0.001	0.001
0.001	0.997	0.001	0.001
0.001	0.218	0.217	0.564
0.048	0.352	0.403	0.196
0.221	0.359	0.032	0.388
>WAAGRGGAAGTG	6-WAAGRGGAAGTG	9.689061	-60.429000	0	T:134.0(0.99%),B:734.8(0.31%),P:1e-26	Tpos:66.4,Tstd:27.1,Bpos:4653.3,Bstd:10726.8,StrandBias:0.6,Multiplicity:1.00
0.356	0.175	0.104	0.365
0.544	0.180	0.073	0.203
0.456	0.017	0.232	0.295
0.226	0.214	0.470	0.090
0.521	0.032	0.405	0.042
0.033	0.001	0.850	0.116
0.014	0.084	0.901	0.001
0.885	0.048	0.057	0.010
0.861	0.032	0.045	0.062
0.231	0.229	0.527	0.013
0.077	0.188	0.057	0.678
0.157	0.087	0.491	0.265
>AAWRRGGAAGTG	7-AAWRRGGAAGTG	10.435534	-60.021796	0	T:85.0(0.63%),B:319.1(0.14%),P:1e-26	Tpos:31.1,Tstd:21.4,Bpos:6990.0,Bstd:14804.2,StrandBias:0.8,Multiplicity:1.00
0.449	0.010	0.256	0.284
0.526	0.080	0.193	0.201
0.394	0.134	0.152	0.320
0.402	0.001	0.406	0.192
0.481	0.046	0.472	0.001
0.107	0.001	0.891	0.001
0.001	0.001	0.997	0.001
0.871	0.001	0.091	0.037
0.874	0.001	0.043	0.082
0.088	0.236	0.675	0.001
0.068	0.074	0.035	0.823
0.142	0.146	0.470	0.242
>NNRDVAGGAAGT	8-NNRDVAGGAAGT	8.722523	-49.692534	0	T:288.0(2.13%),B:2600.0(1.11%),P:1e-21	Tpos:49.5,Tstd:25.8,Bpos:7222.9,Bstd:18441.7,StrandBias:0.3,Multiplicity:1.01
0.277	0.240	0.278	0.206
0.340	0.234	0.197	0.230
0.351	0.197	0.259	0.194
0.410	0.001	0.311	0.278
0.223	0.311	0.359	0.106
0.512	0.224	0.263	0.001
0.001	0.001	0.997	0.001
0.001	0.001	0.997	0.001
0.997	0.001	0.001	0.001
0.997	0.001	0.001	0.001
0.313	0.171	0.515	0.001
0.001	0.387	0.050	0.562
>AAATGGGGAAGT	9-AAATGGGGAAGT	11.349514	-40.418029	0	T:120.0(0.89%),B:800.6(0.34%),P:1e-17	Tpos:55.0,Tstd:26.4,Bpos:5713.8,Bstd:13401.1,StrandBias:0.6,Multiplicity:1.00
0.610	0.075	0.226	0.089
0.821	0.045	0.078	0.056
0.861	0.036	0.040	0.063
0.265	0.001	0.144	0.590
0.181	0.001	0.731	0.087
0.125	0.046	0.828	0.001
0.035	0.001	0.963	0.001
0.001	0.001	0.997	0.001
0.948	0.001	0.050	0.001
0.997	0.001	0.001	0.001
0.004	0.126	0.869	0.001
0.026	0.137	0.061	0.776
>NNRSAGGAARYN	10-NNRSAGGAARYN	9.518943	-40.096442	0	T:250.0(1.85%),B:2325.5(0.99%),P:1e-17	Tpos:52.8,Tstd:24.7,Bpos:4613.8,Bstd:12940.9,StrandBias:0.2,Multiplicity:1.00
0.289	0.200	0.278	0.233
0.331	0.191	0.290	0.188
0.410	0.001	0.343	0.246
0.001	0.505	0.493	0.001
0.853	0.145	0.001	0.001
0.001	0.001	0.997	0.001
0.001	0.001	0.997	0.001
0.997	0.001	0.001	0.001
0.997	0.001	0.001	0.001
0.437	0.001	0.561	0.001
0.001	0.343	0.224	0.432
0.242	0.216	0.302	0.240
>GAATGGAATGGA	11-GAATGGAATGGA	10.230846	-25.408518	0	T:23.0(0.17%),B:53.7(0.02%),P:1e-11	Tpos:51.0,Tstd:20.0,Bpos:16079.6,Bstd:16926.6,StrandBias:3.3,Multiplicity:1.22
0.077	0.104	0.673	0.146
0.716	0.124	0.062	0.098
0.560	0.198	0.091	0.151
0.121	0.122	0.070	0.687
0.130	0.159	0.541	0.170
0.137	0.146	0.628	0.089
0.794	0.076	0.129	0.001
0.610	0.176	0.137	0.077
0.096	0.137	0.029	0.738
0.104	0.225	0.525	0.146
0.148	0.139	0.605	0.108
0.736	0.040	0.105	0.119
>VTTAACCACAGH	12-VTTAACCACAGH	9.402763	-25.320622	0	T:39.0(0.29%),B:166.2(0.07%),P:1e-10	Tpos:66.0,Tstd:20.0,Bpos:1297.9,Bstd:3789.6,StrandBias:0.0,Multiplicity:1.00
0.336	0.259	0.299	0.106
0.133	0.057	0.223	0.587
0.141	0.186	0.089	0.584
0.879	0.038	0.029	0.054
0.898	0.048	0.031	0.023
0.090	0.761	0.058	0.091
0.031	0.588	0.242	0.139
0.539	0.053	0.294	0.114
0.037	0.756	0.031	0.176
0.516	0.206	0.237	0.041
0.183	0.063	0.724	0.030
0.265	0.254	0.116	0.365
>ATGGAATGGAAT	13-ATGGAATGGAAT	12.679694	-24.640466	0	T:20.0(0.15%),B:39.4(0.02%),P:1e-10	Tpos:49.1,Tstd:24.9,Bpos:16022.6,Bstd:9177.8,StrandBias:1.5,Multiplicity:1.65
0.810	0.087	0.089	0.014
0.028	0.046	0.019	0.907
0.038	0.309	0.561	0.092
0.088	0.035	0.840	0.037
0.918	0.013	0.041	0.028
0.876	0.074	0.035	0.015
0.028	0.091	0.031	0.850
0.074	0.139	0.748	0.039
0.041	0.051	0.839	0.069
0.931	0.028	0.018	0.023
0.839	0.052	0.080	0.029
0.012	0.069	0.031	0.888
>NACTTCCTSYBN	14-NACTTCCTSYBN	8.709993	-14.797942	0	T:62.0(0.46%),B:512.9(0.22%),P:1e-6	Tpos:11.0,Tstd:7.1,Bpos:3648.4,Bstd:7805.9,StrandBias:-1.0,Multiplicity:1.00
0.224	0.320	0.269	0.187
0.606	0.001	0.392	0.001
0.002	0.512	0.182	0.304
0.189	0.007	0.001	0.803
0.003	0.023	0.055	0.919
0.001	0.945	0.029	0.025
0.020	0.978	0.001	0.001
0.053	0.254	0.193	0.500
0.134	0.292	0.367	0.207
0.181	0.305	0.141	0.373
0.192	0.250	0.209	0.348
0.219	0.229	0.217	0.335
>GATTCCATTCGA	15-GATTCCATTCGA	13.144233	-12.518518	0	T:10.0(0.07%),B:21.5(0.01%),P:1e-5	Tpos:38.2,Tstd:24.4,Bpos:7261.6,Bstd:12287.8,StrandBias:-1.2,Multiplicity:1.25
0.058	0.058	0.883	0.001
0.997	0.001	0.001	0.001
0.001	0.047	0.047	0.905
0.001	0.001	0.001	0.997
0.047	0.894	0.001	0.058
0.041	0.900	0.001	0.058
0.997	0.001	0.001	0.001
0.001	0.001	0.001	0.997
0.001	0.001	0.046	0.952
0.047	0.652	0.058	0.243
0.041	0.058	0.871	0.030
0.997	0.001	0.001	0.001
>TGGAATGGAATG	16-TGGAATGGAATG	13.532621	-12.514207	0	T:17.0(0.13%),B:69.2(0.03%),P:1e-5	Tpos:39.2,Tstd:26.6,Bpos:9434.3,Bstd:16357.8,StrandBias:0.7,Multiplicity:1.14
0.001	0.001	0.001	0.997
0.001	0.055	0.943	0.001
0.001	0.055	0.943	0.001
0.943	0.055	0.001	0.001
0.904	0.001	0.056	0.039
0.001	0.001	0.028	0.970
0.111	0.001	0.887	0.001
0.056	0.001	0.908	0.035
0.997	0.001	0.001	0.001
0.775	0.001	0.056	0.168
0.056	0.056	0.001	0.887
0.056	0.056	0.887	0.001
>AATGGAATGGAA	17-AATGGAATGGAA	13.399007	-9.824268	0	T:20.0(0.15%),B:116.8(0.05%),P:1e-4	Tpos:54.5,Tstd:29.2,Bpos:9480.2,Bstd:11959.3,StrandBias:0.8,Multiplicity:1.38
0.978	0.001	0.020	0.001
0.842	0.001	0.093	0.064
0.001	0.046	0.001	0.952
0.079	0.001	0.874	0.046
0.022	0.029	0.948	0.001
0.970	0.028	0.001	0.001
0.915	0.001	0.046	0.038
0.001	0.046	0.001	0.952
0.070	0.001	0.818	0.111
0.019	0.001	0.979	0.001
0.997	0.001	0.001	0.001
0.812	0.094	0.047	0.047
>DVAVAGGAAGYR	18-DVAVAGGAAGYR	9.103460	-5.208014	0	T:8.0(0.06%),B:42.6(0.02%),P:1e-2	Tpos:62.0,Tstd:0.0,Bpos:4911.6,Bstd:12763.6,StrandBias:10.0,Multiplicity:1.00
0.343	0.162	0.253	0.241
0.357	0.247	0.228	0.168
0.432	0.111	0.279	0.178
0.291	0.307	0.315	0.087
0.527	0.155	0.313	0.005
0.001	0.001	0.997	0.001
0.001	0.001	0.997	0.001
0.831	0.069	0.099	0.001
0.884	0.012	0.007	0.097
0.272	0.179	0.548	0.001
0.071	0.422	0.129	0.378
0.245	0.215	0.391	0.149
>RRCAGGAARYVB	19-RRCAGGAARYVB	9.478581	-4.325179	0	T:63.0(0.47%),B:799.8(0.34%),P:1e-1	Tpos:42.9,Tstd:25.1,Bpos:4192.9,Bstd:15860.1,StrandBias:0.2,Multiplicity:1.00
0.363	0.171	0.280	0.186
0.368	0.121	0.361	0.150
0.092	0.497	0.319	0.092
0.700	0.298	0.001	0.001
0.001	0.001	0.997	0.001
0.037	0.001	0.961	0.001
0.997	0.001	0.001	0.001
0.997	0.001	0.001	0.001
0.386	0.100	0.513	0.001
0.001	0.389	0.176	0.434
0.342	0.269	0.241	0.149
0.155	0.293	0.341	0.211
>AAAAGSAGAAGT	20-AAAAGSAGAAGT	10.224619	-4.302732	0	T:13.0(0.10%),B:106.7(0.05%),P:1e-1	Tpos:37.0,Tstd:26.1,Bpos:6275.0,Bstd:16078.6,StrandBias:0.2,Multiplicity:1.00
0.522	0.109	0.189	0.180
0.588	0.160	0.117	0.135
0.744	0.078	0.092	0.086
0.523	0.076	0.186	0.215
0.090	0.150	0.635	0.125
0.122	0.461	0.357	0.059
0.637	0.048	0.161	0.154
0.110	0.082	0.757	0.051
0.683	0.108	0.150	0.059
0.527	0.072	0.163	0.238
0.085	0.198	0.580	0.137
0.078	0.181	0.138	0.603
>NBRAVAGGAARY	21-NBRAVAGGAARY	9.830180	-2.404381	0	T:13.0(0.10%),B:144.9(0.06%),P:1e-1	Tpos:47.5,Tstd:25.3,Bpos:6531.0,Bstd:13249.5,StrandBias:-1.6,Multiplicity:1.00
0.249	0.237	0.291	0.223
0.150	0.301	0.206	0.343
0.379	0.206	0.258	0.158
0.491	0.001	0.299	0.209
0.305	0.312	0.382	0.001
0.755	0.243	0.001	0.001
0.001	0.001	0.997	0.001
0.001	0.001	0.997	0.001
0.997	0.001	0.001	0.001
0.997	0.001	0.001	0.001
0.417	0.071	0.511	0.001
0.001	0.448	0.038	0.513
>NAGTTSHTGTGG	22-NAGTTSHTGTGG	10.657775	-1.076807	0	T:2.0(0.01%),B:20.8(0.01%),P:1e0	Tpos:7.0,Tstd:0.0,Bpos:3468.5,Bstd:6851.8,StrandBias:-10.0,Multiplicity:1.00
0.303	0.234	0.241	0.222
0.502	0.118	0.172	0.208
0.059	0.303	0.457	0.181
0.224	0.101	0.145	0.530
0.143	0.001	0.336	0.520
0.062	0.327	0.425	0.185
0.233	0.316	0.124	0.327
0.001	0.001	0.001	0.997
0.001	0.001	0.997	0.001
0.001	0.001	0.001	0.997
0.001	0.001	0.997	0.001
0.001	0.001	0.997	0.001
>NNNNNRCTTCCT	23-NNNNNRCTTCCT	8.295235	-0.521694	0	T:1.0(0.01%),B:15.2(0.01%),P:1e0	Tpos:71.0,Tstd:0.0,Bpos:969.6,Bstd:1255.2,StrandBias:10.0,Multiplicity:1.00
0.296	0.271	0.219	0.214
0.293	0.255	0.198	0.254
0.317	0.298	0.216	0.169
0.242	0.325	0.219	0.213
0.240	0.238	0.292	0.230
0.353	0.199	0.347	0.101
0.008	0.603	0.031	0.358
0.027	0.012	0.001	0.960
0.001	0.011	0.003	0.985
0.011	0.985	0.002	0.002
0.018	0.960	0.008	0.014
0.034	0.286	0.190	0.489
>VRVAGGAARYNN	24-VRVAGGAARYNN	8.790991	-0.430761	0	T:48.0(0.35%),B:871.8(0.37%),P:1e0	Tpos:55.3,Tstd:26.9,Bpos:5211.9,Bstd:14967.9,StrandBias:0.5,Multiplicity:1.00
0.329	0.209	0.308	0.153
0.311	0.172	0.350	0.167
0.256	0.353	0.311	0.080
0.624	0.374	0.001	0.001
0.001	0.001	0.997	0.001
0.001	0.009	0.989	0.001
0.997	0.001	0.001	0.001
0.997	0.001	0.001	0.001
0.408	0.180	0.411	0.001
0.001	0.511	0.001	0.487
0.279	0.265	0.239	0.218
0.315	0.243	0.271	0.172
>NBNBVCTTCCTB	25-NBNBVCTTCCTB	8.650629	-0.041309	0	T:1.0(0.01%),B:56.5(0.02%),P:1e0	Tpos:64.0,Tstd:0.0,Bpos:1163.8,Bstd:2394.8,StrandBias:-10.0,Multiplicity:1.00
0.235	0.289	0.215	0.260
0.167	0.336	0.250	0.247
0.264	0.324	0.188	0.224
0.186	0.341	0.242	0.231
0.311	0.223	0.322	0.145
0.001	0.500	0.195	0.304
0.204	0.001	0.001	0.794
0.001	0.001	0.001	0.997
0.001	0.997	0.001	0.001
0.001	0.997	0.001	0.001
0.001	0.001	0.370	0.628
0.001	0.317	0.399	0.283
>TGYGGTTT	1-TGYGGTTT	6.736573	-1914.401984	0	T:4130.0(30.52%),B:24222.3(10.36%),P:1e-831	Tpos:52.0,Tstd:23.8,Bpos:14944.8,Bstd:74048.2,StrandBias:0.0,Multiplicity:1.16
0.064	0.030	0.037	0.869
0.001	0.001	0.997	0.001
0.044	0.476	0.001	0.480
0.001	0.001	0.997	0.001
0.001	0.001	0.997	0.001
0.001	0.104	0.063	0.832
0.050	0.260	0.014	0.676
0.145	0.029	0.124	0.702
>YTGTGGTT	2-YTGTGGTT	8.432285	-1522.880138	0	T:2221.0(16.41%),B:8821.8(3.77%),P:1e-661	Tpos:52.1,Tstd:21.0,Bpos:1943.5,Bstd:8165.2,StrandBias:-0.4,Multiplicity:1.00
0.001	0.480	0.144	0.375
0.245	0.001	0.001	0.753
0.001	0.001	0.997	0.001
0.001	0.315	0.001	0.683
0.001	0.001	0.997	0.001
0.001	0.001	0.997	0.001
0.001	0.001	0.001	0.997
0.134	0.084	0.159	0.623
>TTGTGGTT	3-TTGTGGTT	7.208699	-1440.859867	0	T:2338.0(17.28%),B:10306.5(4.41%),P:1e-625	Tpos:48.7,Tstd:28.6,Bpos:5496.6,Bstd:15973.9,StrandBias:0.1,Multiplicity:1.02
0.200	0.205	0.174	0.421
0.155	0.071	0.176	0.598
0.035	0.076	0.820	0.069
0.017	0.288	0.034	0.661
0.050	0.056	0.820	0.074
0.045	0.034	0.857	0.064
0.032	0.113	0.084	0.771
0.110	0.156	0.094	0.640
>GTGGTTTT	4-GTGGTTTT	5.800651	-940.744866	0	T:2462.0(18.19%),B:15579.8(6.66%),P:1e-408	Tpos:51.6,Tstd:26.3,Bpos:6762.8,Bstd:18391.1,StrandBias:0.0,Multiplicity:1.04
0.001	0.001	0.997	0.001
0.001	0.001	0.001	0.997
0.001	0.001	0.997	0.001
0.001	0.001	0.997	0.001
0.001	0.001	0.001	0.997
0.001	0.001	0.001	0.997
0.079	0.001	0.001	0.919
0.065	0.162	0.276	0.498
>ACCACAAA	5-ACCACAAA	8.763321	-622.120686	0	T:1759.0(13.00%),B:11452.7(4.90%),P:1e-270	Tpos:52.1,Tstd:27.3,Bpos:7456.5,Bstd:29349.5,StrandBias:-0.1,Multiplicity:1.03
0.997	0.001	0.001	0.001
0.001	0.997	0.001	0.001
0.001	0.997	0.001	0.001
0.997	0.001	0.001	0.001
0.001	0.997	0.001	0.001
0.997	0.001	0.001	0.001
0.736	0.001	0.179	0.084
0.687	0.001	0.135	0.177
>TTGTGGTT	6-TTGTGGTT	8.811743	-581.373099	0	T:903.0(6.67%),B:3658.4(1.56%),P:1e-252	Tpos:43.2,Tstd:28.8,Bpos:4741.5,Bstd:21469.0,StrandBias:1.1,Multiplicity:1.00
0.235	0.181	0.159	0.425
0.156	0.044	0.160	0.640
0.001	0.002	0.996	0.001
0.093	0.186	0.007	0.714
0.002	0.004	0.993	0.001
0.002	0.002	0.995	0.001
0.001	0.091	0.060	0.848
0.082	0.171	0.115	0.632
>AACCACWA	7-AACCACWA	7.947819	-462.898534	0	T:1237.0(9.14%),B:7684.8(3.29%),P:1e-201	Tpos:47.8,Tstd:29.0,Bpos:6113.7,Bstd:15143.9,StrandBias:-0.2,Multiplicity:1.00
0.746	0.123	0.028	0.103
0.997	0.001	0.001	0.001
0.001	0.997	0.001	0.001
0.001	0.997	0.001	0.001
0.768	0.148	0.001	0.083
0.147	0.851	0.001	0.001
0.449	0.148	0.001	0.401
0.487	0.199	0.191	0.123
>CCACTTCC	8-CCACTTCC	10.255003	-59.198921	0	T:604.0(4.46%),B:6507.6(2.78%),P:1e-25	Tpos:51.3,Tstd:27.3,Bpos:5629.9,Bstd:23826.4,StrandBias:0.1,Multiplicity:1.01
0.091	0.564	0.125	0.220
0.099	0.783	0.001	0.117
0.997	0.001	0.001	0.001
0.001	0.997	0.001	0.001
0.001	0.001	0.001	0.997
0.001	0.001	0.001	0.997
0.001	0.997	0.001	0.001
0.001	0.997	0.001	0.001
>NACTTCCT	9-NACTTCCT	8.324572	-57.237261	0	T:569.0(4.20%),B:6088.1(2.60%),P:1e-24	Tpos:50.2,Tstd:25.9,Bpos:4625.5,Bstd:13946.4,StrandBias:-0.0,Multiplicity:1.02
0.225	0.323	0.174	0.279
0.579	0.082	0.338	0.001
0.019	0.754	0.065	0.162
0.070	0.001	0.011	0.918
0.028	0.001	0.028	0.943
0.011	0.966	0.011	0.012
0.001	0.965	0.006	0.028
0.001	0.230	0.216	0.553
>ACTTCCTG	10-ACTTCCTG	7.184237	-22.257615	0	T:1978.0(14.62%),B:29778.0(12.73%),P:1e-9	Tpos:51.0,Tstd:26.8,Bpos:5270.0,Bstd:22269.4,StrandBias:-0.1,Multiplicity:1.05
0.701	0.044	0.254	0.001
0.001	0.741	0.072	0.186
0.096	0.008	0.002	0.894
0.029	0.020	0.033	0.918
0.010	0.977	0.009	0.004
0.001	0.963	0.001	0.035
0.017	0.220	0.191	0.572
0.058	0.235	0.479	0.228
>TCACTTCC	11-TCACTTCC	10.172510	-0.074416	0	T:257.0(1.90%),B:4860.0(2.08%),P:1e0	Tpos:53.2,Tstd:30.3,Bpos:5821.4,Bstd:16475.9,StrandBias:-0.5,Multiplicity:1.00
0.117	0.001	0.161	0.721
0.132	0.564	0.186	0.118
0.997	0.001	0.001	0.001
0.001	0.997	0.001	0.001
0.001	0.001	0.001	0.997
0.001	0.001	0.001	0.997
0.001	0.997	0.001	0.001
0.001	0.997	0.001	0.001
>CTTCCTGY	12-CTTCCTGY	7.891304	-0.000218	0	T:1080.0(7.98%),B:20686.9(8.85%),P:1e0	Tpos:50.2,Tstd:27.2,Bpos:5112.7,Bstd:20417.2,StrandBias:0.2,Multiplicity:1.04
0.002	0.651	0.047	0.300
0.026	0.022	0.003	0.949
0.014	0.004	0.001	0.981
0.010	0.896	0.076	0.018
0.005	0.985	0.009	0.001
0.001	0.120	0.247	0.632
0.077	0.282	0.480	0.162
0.173	0.296	0.103	0.428
>DACAGGAA	13-DACAGGAA	8.633301	-0.000038	0	T:263.0(1.94%),B:5756.6(2.46%),P:1e0	Tpos:49.2,Tstd:28.4,Bpos:5185.5,Bstd:14485.2,StrandBias:0.3,Multiplicity:1.00
0.366	0.160	0.237	0.237
0.551	0.182	0.088	0.179
0.073	0.565	0.263	0.099
0.931	0.041	0.027	0.001
0.001	0.001	0.983	0.015
0.082	0.013	0.901	0.004
0.954	0.032	0.009	0.005
0.956	0.015	0.004	0.025
>YTCTTCCT	14-YTCTTCCT	8.499296	-0.000000	0	T:244.0(1.80%),B:9298.5(3.98%),P:1e0	Tpos:50.0,Tstd:47.0,Bpos:3866.9,Bstd:16975.3,StrandBias:0.0,Multiplicity:1.00
0.214	0.394	0.098	0.294
0.162	0.212	0.083	0.543
0.070	0.708	0.038	0.184
0.023	0.087	0.001	0.889
0.011	0.071	0.093	0.825
0.008	0.822	0.021	0.149
0.006	0.984	0.004	0.006
0.047	0.092	0.027	0.834
>GCAGGAAG	15-GCAGGAAG	5.908471	-0.000000	0	T:3625.0(26.79%),B:85223.2(36.45%),P:1e0	Tpos:49.7,Tstd:28.7,Bpos:13823.0,Bstd:72872.7,StrandBias:0.2,Multiplicity:1.04
0.277	0.098	0.503	0.122
0.306	0.515	0.057	0.122
0.730	0.034	0.133	0.103
0.029	0.001	0.953	0.017
0.297	0.032	0.661	0.010
0.870	0.001	0.121	0.008
0.773	0.001	0.138	0.088
0.050	0.027	0.801	0.122
>YCCTTCCT	16-YCCTTCCT	8.556597	-0.000000	0	T:240.0(1.77%),B:8598.2(3.68%),P:1e0	Tpos:97.0,Tstd:0.0,Bpos:944.9,Bstd:2457.2,StrandBias:10.0,Multiplicity:1.00
0.122	0.423	0.168	0.288
0.137	0.608	0.068	0.187
0.078	0.640	0.046	0.236
0.038	0.017	0.001	0.944
0.001	0.104	0.072	0.823
0.005	0.807	0.024	0.164
0.019	0.909	0.004	0.068
0.060	0.066	0.028	0.846
>TTCCTTCC	17-TTCCTTCC	5.510073	-0.000000	0	T:3052.0(22.55%),B:76347.9(32.65%),P:1e0	Tpos:50.0,Tstd:28.0,Bpos:8704.7,Bstd:42950.2,StrandBias:-0.0,Multiplicity:1.06
0.077	0.047	0.019	0.857
0.025	0.110	0.088	0.777
0.054	0.768	0.001	0.177
0.001	0.997	0.001	0.001
0.001	0.001	0.001	0.997
0.008	0.042	0.052	0.898
0.004	0.918	0.009	0.069
0.009	0.954	0.001	0.036
>AGGAAGGA	18-AGGAAGGA	7.385759	-0.000000	0	T:636.0(4.70%),B:17886.1(7.65%),P:1e0	Tpos:52.5,Tstd:25.6,Bpos:6163.6,Bstd:17165.2,StrandBias:0.7,Multiplicity:1.00
0.780	0.030	0.124	0.066
0.121	0.003	0.836	0.040
0.210	0.042	0.741	0.007
0.812	0.081	0.096	0.011
0.864	0.001	0.120	0.015
0.259	0.021	0.668	0.052
0.194	0.070	0.489	0.247
0.440	0.195	0.259	0.107
>CTTCCTGB	19-CTTCCTGB	6.923452	-0.000000	0	T:1101.0(8.14%),B:25821.3(11.04%),P:1e0	Tpos:53.2,Tstd:26.5,Bpos:5555.4,Bstd:16868.2,StrandBias:0.3,Multiplicity:1.00
0.086	0.687	0.060	0.167
0.117	0.094	0.015	0.774
0.048	0.157	0.098	0.697
0.064	0.737	0.061	0.138
0.050	0.787	0.023	0.140
0.070	0.135	0.048	0.747
0.032	0.125	0.554	0.289
0.169	0.280	0.218	0.334
>RCAGGAAG	20-RCAGGAAG	6.948864	0.000000	0	T:1322.0(9.77%),B:31701.9(13.56%),P:1e0	Tpos:51.6,Tstd:27.6,Bpos:3567.3,Bstd:12662.4,StrandBias:-0.1,Multiplicity:1.01
0.338	0.014	0.402	0.247
0.001	0.876	0.078	0.045
0.893	0.028	0.028	0.051
0.047	0.015	0.905	0.033
0.084	0.048	0.843	0.025
0.805	0.114	0.073	0.008
0.834	0.001	0.069	0.096
0.101	0.025	0.829	0.045
>CAGGAAGA	21-CAGGAAGA	3.222963	0.000000	0	T:4166.0(30.78%),B:103608.4(44.31%),P:1e0	Tpos:49.3,Tstd:27.3,Bpos:8503.4,Bstd:48717.1,StrandBias:-0.1,Multiplicity:1.15
0.001	0.997	0.001	0.001
0.997	0.001	0.001	0.001
0.001	0.001	0.997	0.001
0.001	0.001	0.997	0.001
0.997	0.001	0.001	0.001
0.997	0.001	0.001	0.001
0.001	0.001	0.997	0.001
0.608	0.001	0.390	0.001
>CTTCCTKY	22-CTTCCTKY	7.224039	0.000000	0	T:263.0(1.94%),B:7915.6(3.39%),P:1e0	Tpos:53.0,Tstd:0.0,Bpos:2656.0,Bstd:10665.3,StrandBias:10.0,Multiplicity:1.00
0.156	0.549	0.080	0.215
0.033	0.114	0.001	0.852
0.028	0.234	0.057	0.681
0.124	0.752	0.022	0.102
0.190	0.764	0.045	0.001
0.135	0.148	0.025	0.692
0.001	0.114	0.437	0.448
0.133	0.369	0.149	0.348
>CTTCCTGA	23-CTTCCTGA	8.663312	0.000000	0	T:388.0(2.87%),B:13478.9(5.76%),P:1e0	Tpos:60.0,Tstd:36.1,Bpos:461.2,Bstd:1711.5,StrandBias:-2.0,Multiplicity:1.00
0.001	0.871	0.001	0.127
0.001	0.001	0.001	0.997
0.001	0.128	0.152	0.719
0.001	0.788	0.210	0.001
0.001	0.985	0.013	0.001
0.228	0.001	0.045	0.726
0.092	0.001	0.906	0.001
0.559	0.001	0.277	0.163
>YCAGGAAG	24-YCAGGAAG	6.140730	0.000000	0	T:2528.0(18.68%),B:68180.1(29.16%),P:1e0	Tpos:50.9,Tstd:26.1,Bpos:7263.3,Bstd:45781.5,StrandBias:-0.0,Multiplicity:1.04
0.198	0.372	0.137	0.294
0.123	0.707	0.123	0.047
0.710	0.058	0.145	0.087
0.139	0.003	0.809	0.049
0.023	0.105	0.837	0.035
0.770	0.106	0.081	0.043
0.879	0.003	0.001	0.117
0.064	0.044	0.855	0.037
>TTCCCTTY	25-TTCCCTTY	7.677002	0.000000	0	T:728.0(5.38%),B:25816.6(11.04%),P:1e0	Tpos:50.9,Tstd:28.6,Bpos:15178.7,Bstd:77206.1,StrandBias:0.1,Multiplicity:1.02
0.047	0.244	0.001	0.708
0.001	0.001	0.001	0.997
0.001	0.863	0.001	0.135
0.001	0.997	0.001	0.001
0.111	0.673	0.001	0.215
0.001	0.215	0.014	0.770
0.001	0.230	0.218	0.551
0.014	0.551	0.001	0.434
