>YTGTGGTTWNNN	1-YTGTGGTTWNNN	7.162933	-2039.860807	0	T:3435.0(25.38%),B:16241.5(6.95%),P:1e-885	Tpos:51.8,Tstd:23.0,Bpos:11163.3,Bstd:56174.2,StrandBias:0.1,Multiplicity:1.12
0.132	0.355	0.131	0.382
0.094	0.067	0.066	0.773
0.028	0.034	0.928	0.010
0.081	0.273	0.040	0.606
0.001	0.001	0.997	0.001
0.001	0.005	0.993	0.001
0.021	0.091	0.093	0.795
0.088	0.217	0.089	0.606
0.343	0.047	0.221	0.388
0.228	0.257	0.258	0.257
0.222	0.269	0.280	0.229
0.187	0.237	0.333	0.243
>BYTGTGGTTDNN	2-BYTGTGGTTDNN	6.263187	-1369.834488	0	T:5394.0(39.86%),B:45910.9(19.63%),P:1e-594	Tpos:50.7,Tstd:24.4,Bpos:6780.5,Bstd:36268.5,StrandBias:-0.0,Multiplicity:1.12
0.145	0.257	0.287	0.312
0.150	0.417	0.039	0.393
0.143	0.051	0.085	0.721
0.001	0.066	0.917	0.016
0.083	0.253	0.033	0.631
0.005	0.001	0.977	0.017
0.001	0.001	0.996	0.002
0.034	0.204	0.134	0.628
0.103	0.292	0.105	0.500
0.290	0.100	0.257	0.353
0.199	0.254	0.345	0.202
0.188	0.272	0.296	0.244
>ASAGGAAGTGGN	3-ASAGGAAGTGGN	9.060306	-144.474243	0	T:791.0(5.84%),B:6961.3(2.98%),P:1e-62	Tpos:50.5,Tstd:25.9,Bpos:4463.0,Bstd:13875.2,StrandBias:0.1,Multiplicity:1.02
0.445	0.145	0.190	0.221
0.187	0.402	0.323	0.088
0.519	0.274	0.206	0.001
0.001	0.001	0.983	0.015
0.001	0.001	0.997	0.001
0.958	0.040	0.001	0.001
0.855	0.001	0.001	0.143
0.189	0.042	0.768	0.001
0.001	0.160	0.001	0.838
0.125	0.001	0.625	0.249
0.206	0.177	0.543	0.074
0.275	0.256	0.228	0.241
>ARVAGGAAGTGG	4-ARVAGGAAGTGG	10.413579	-129.420153	0	T:334.0(2.47%),B:2004.5(0.86%),P:1e-56	Tpos:56.2,Tstd:25.0,Bpos:5546.7,Bstd:18135.8,StrandBias:0.2,Multiplicity:1.02
0.480	0.100	0.262	0.158
0.393	0.011	0.424	0.172
0.294	0.286	0.341	0.079
0.591	0.148	0.260	0.001
0.077	0.001	0.921	0.001
0.001	0.001	0.997	0.001
0.910	0.088	0.001	0.001
0.586	0.001	0.001	0.412
0.103	0.059	0.837	0.001
0.001	0.001	0.001	0.997
0.209	0.001	0.587	0.203
0.001	0.111	0.627	0.261
>VYCACTTCCTSY	5-VYCACTTCCTSY	9.356554	-95.500299	0	T:327.0(2.42%),B:2320.9(0.99%),P:1e-41	Tpos:50.6,Tstd:24.6,Bpos:3528.6,Bstd:12026.3,StrandBias:0.1,Multiplicity:1.02
0.265	0.315	0.285	0.135
0.167	0.351	0.198	0.285
0.198	0.431	0.186	0.185
0.660	0.001	0.303	0.036
0.001	0.725	0.006	0.268
0.108	0.001	0.001	0.890
0.001	0.001	0.038	0.960
0.001	0.997	0.001	0.001
0.001	0.997	0.001	0.001
0.001	0.218	0.217	0.564
0.048	0.352	0.403	0.196
0.221	0.359	0.032	0.388
>WAAGRGGAAGTG	6-WAAGRGGAAGTG	9.689061	-60.429000	0	T:134.0(0.99%),B:734.8(0.31%),P:1e-26	Tpos:66.4,Tstd:27.1,Bpos:4653.3,Bstd:10726.8,StrandBias:0.6,Multiplicity:1.00
0.356	0.175	0.104	0.365
0.544	0.180	0.073	0.203
0.456	0.017	0.232	0.295
0.226	0.214	0.470	0.090
0.521	0.032	0.405	0.042
0.033	0.001	0.850	0.116
0.014	0.084	0.901	0.001
0.885	0.048	0.057	0.010
0.861	0.032	0.045	0.062
0.231	0.229	0.527	0.013
0.077	0.188	0.057	0.678
0.157	0.087	0.491	0.265
>AAWRRGGAAGTG	7-AAWRRGGAAGTG	10.435534	-60.021796	0	T:85.0(0.63%),B:319.1(0.14%),P:1e-26	Tpos:31.1,Tstd:21.4,Bpos:6990.0,Bstd:14804.2,StrandBias:0.8,Multiplicity:1.00
0.449	0.010	0.256	0.284
0.526	0.080	0.193	0.201
0.394	0.134	0.152	0.320
0.402	0.001	0.406	0.192
0.481	0.046	0.472	0.001
0.107	0.001	0.891	0.001
0.001	0.001	0.997	0.001
0.871	0.001	0.091	0.037
0.874	0.001	0.043	0.082
0.088	0.236	0.675	0.001
0.068	0.074	0.035	0.823
0.142	0.146	0.470	0.242
>NNRDVAGGAAGT	8-NNRDVAGGAAGT	8.722523	-49.692534	0	T:288.0(2.13%),B:2600.0(1.11%),P:1e-21	Tpos:49.5,Tstd:25.8,Bpos:7222.9,Bstd:18441.7,StrandBias:0.3,Multiplicity:1.01
0.277	0.240	0.278	0.206
0.340	0.234	0.197	0.230
0.351	0.197	0.259	0.194
0.410	0.001	0.311	0.278
0.223	0.311	0.359	0.106
0.512	0.224	0.263	0.001
0.001	0.001	0.997	0.001
0.001	0.001	0.997	0.001
0.997	0.001	0.001	0.001
0.997	0.001	0.001	0.001
0.313	0.171	0.515	0.001
0.001	0.387	0.050	0.562
>AAATGGGGAAGT	9-AAATGGGGAAGT	11.349514	-40.418029	0	T:120.0(0.89%),B:800.6(0.34%),P:1e-17	Tpos:55.0,Tstd:26.4,Bpos:5713.8,Bstd:13401.1,StrandBias:0.6,Multiplicity:1.00
0.610	0.075	0.226	0.089
0.821	0.045	0.078	0.056
0.861	0.036	0.040	0.063
0.265	0.001	0.144	0.590
0.181	0.001	0.731	0.087
0.125	0.046	0.828	0.001
0.035	0.001	0.963	0.001
0.001	0.001	0.997	0.001
0.948	0.001	0.050	0.001
0.997	0.001	0.001	0.001
0.004	0.126	0.869	0.001
0.026	0.137	0.061	0.776
>NNRSAGGAARYN	10-NNRSAGGAARYN	9.518943	-40.096442	0	T:250.0(1.85%),B:2325.5(0.99%),P:1e-17	Tpos:52.8,Tstd:24.7,Bpos:4613.8,Bstd:12940.9,StrandBias:0.2,Multiplicity:1.00
0.289	0.200	0.278	0.233
0.331	0.191	0.290	0.188
0.410	0.001	0.343	0.246
0.001	0.505	0.493	0.001
0.853	0.145	0.001	0.001
0.001	0.001	0.997	0.001
0.001	0.001	0.997	0.001
0.997	0.001	0.001	0.001
0.997	0.001	0.001	0.001
0.437	0.001	0.561	0.001
0.001	0.343	0.224	0.432
0.242	0.216	0.302	0.240
>GAATGGAATGGA	11-GAATGGAATGGA	10.230846	-25.408518	0	T:23.0(0.17%),B:53.7(0.02%),P:1e-11	Tpos:51.0,Tstd:20.0,Bpos:16079.6,Bstd:16926.6,StrandBias:3.3,Multiplicity:1.22
0.077	0.104	0.673	0.146
0.716	0.124	0.062	0.098
0.560	0.198	0.091	0.151
0.121	0.122	0.070	0.687
0.130	0.159	0.541	0.170
0.137	0.146	0.628	0.089
0.794	0.076	0.129	0.001
0.610	0.176	0.137	0.077
0.096	0.137	0.029	0.738
0.104	0.225	0.525	0.146
0.148	0.139	0.605	0.108
0.736	0.040	0.105	0.119
>VTTAACCACAGH	12-VTTAACCACAGH	9.402763	-25.320622	0	T:39.0(0.29%),B:166.2(0.07%),P:1e-10	Tpos:66.0,Tstd:20.0,Bpos:1297.9,Bstd:3789.6,StrandBias:0.0,Multiplicity:1.00
0.336	0.259	0.299	0.106
0.133	0.057	0.223	0.587
0.141	0.186	0.089	0.584
0.879	0.038	0.029	0.054
0.898	0.048	0.031	0.023
0.090	0.761	0.058	0.091
0.031	0.588	0.242	0.139
0.539	0.053	0.294	0.114
0.037	0.756	0.031	0.176
0.516	0.206	0.237	0.041
0.183	0.063	0.724	0.030
0.265	0.254	0.116	0.365
>ATGGAATGGAAT	13-ATGGAATGGAAT	12.679694	-24.640466	0	T:20.0(0.15%),B:39.4(0.02%),P:1e-10	Tpos:49.1,Tstd:24.9,Bpos:16022.6,Bstd:9177.8,StrandBias:1.5,Multiplicity:1.65
0.810	0.087	0.089	0.014
0.028	0.046	0.019	0.907
0.038	0.309	0.561	0.092
0.088	0.035	0.840	0.037
0.918	0.013	0.041	0.028
0.876	0.074	0.035	0.015
0.028	0.091	0.031	0.850
0.074	0.139	0.748	0.039
0.041	0.051	0.839	0.069
0.931	0.028	0.018	0.023
0.839	0.052	0.080	0.029
0.012	0.069	0.031	0.888
>NACTTCCTSYBN	14-NACTTCCTSYBN	8.709993	-14.797942	0	T:62.0(0.46%),B:512.9(0.22%),P:1e-6	Tpos:11.0,Tstd:7.1,Bpos:3648.4,Bstd:7805.9,StrandBias:-1.0,Multiplicity:1.00
0.224	0.320	0.269	0.187
0.606	0.001	0.392	0.001
0.002	0.512	0.182	0.304
0.189	0.007	0.001	0.803
0.003	0.023	0.055	0.919
0.001	0.945	0.029	0.025
0.020	0.978	0.001	0.001
0.053	0.254	0.193	0.500
0.134	0.292	0.367	0.207
0.181	0.305	0.141	0.373
0.192	0.250	0.209	0.348
0.219	0.229	0.217	0.335
>GATTCCATTCGA	15-GATTCCATTCGA	13.144233	-12.518518	0	T:10.0(0.07%),B:21.5(0.01%),P:1e-5	Tpos:38.2,Tstd:24.4,Bpos:7261.6,Bstd:12287.8,StrandBias:-1.2,Multiplicity:1.25
0.058	0.058	0.883	0.001
0.997	0.001	0.001	0.001
0.001	0.047	0.047	0.905
0.001	0.001	0.001	0.997
0.047	0.894	0.001	0.058
0.041	0.900	0.001	0.058
0.997	0.001	0.001	0.001
0.001	0.001	0.001	0.997
0.001	0.001	0.046	0.952
0.047	0.652	0.058	0.243
0.041	0.058	0.871	0.030
0.997	0.001	0.001	0.001
>TGGAATGGAATG	16-TGGAATGGAATG	13.532621	-12.514207	0	T:17.0(0.13%),B:69.2(0.03%),P:1e-5	Tpos:39.2,Tstd:26.6,Bpos:9434.3,Bstd:16357.8,StrandBias:0.7,Multiplicity:1.14
0.001	0.001	0.001	0.997
0.001	0.055	0.943	0.001
0.001	0.055	0.943	0.001
0.943	0.055	0.001	0.001
0.904	0.001	0.056	0.039
0.001	0.001	0.028	0.970
0.111	0.001	0.887	0.001
0.056	0.001	0.908	0.035
0.997	0.001	0.001	0.001
0.775	0.001	0.056	0.168
0.056	0.056	0.001	0.887
0.056	0.056	0.887	0.001
>AATGGAATGGAA	17-AATGGAATGGAA	13.399007	-9.824268	0	T:20.0(0.15%),B:116.8(0.05%),P:1e-4	Tpos:54.5,Tstd:29.2,Bpos:9480.2,Bstd:11959.3,StrandBias:0.8,Multiplicity:1.38
0.978	0.001	0.020	0.001
0.842	0.001	0.093	0.064
0.001	0.046	0.001	0.952
0.079	0.001	0.874	0.046
0.022	0.029	0.948	0.001
0.970	0.028	0.001	0.001
0.915	0.001	0.046	0.038
0.001	0.046	0.001	0.952
0.070	0.001	0.818	0.111
0.019	0.001	0.979	0.001
0.997	0.001	0.001	0.001
0.812	0.094	0.047	0.047
>DVAVAGGAAGYR	18-DVAVAGGAAGYR	9.103460	-5.208014	0	T:8.0(0.06%),B:42.6(0.02%),P:1e-2	Tpos:62.0,Tstd:0.0,Bpos:4911.6,Bstd:12763.6,StrandBias:10.0,Multiplicity:1.00
0.343	0.162	0.253	0.241
0.357	0.247	0.228	0.168
0.432	0.111	0.279	0.178
0.291	0.307	0.315	0.087
0.527	0.155	0.313	0.005
0.001	0.001	0.997	0.001
0.001	0.001	0.997	0.001
0.831	0.069	0.099	0.001
0.884	0.012	0.007	0.097
0.272	0.179	0.548	0.001
0.071	0.422	0.129	0.378
0.245	0.215	0.391	0.149
>RRCAGGAARYVB	19-RRCAGGAARYVB	9.478581	-4.325179	0	T:63.0(0.47%),B:799.8(0.34%),P:1e-1	Tpos:42.9,Tstd:25.1,Bpos:4192.9,Bstd:15860.1,StrandBias:0.2,Multiplicity:1.00
0.363	0.171	0.280	0.186
0.368	0.121	0.361	0.150
0.092	0.497	0.319	0.092
0.700	0.298	0.001	0.001
0.001	0.001	0.997	0.001
0.037	0.001	0.961	0.001
0.997	0.001	0.001	0.001
0.997	0.001	0.001	0.001
0.386	0.100	0.513	0.001
0.001	0.389	0.176	0.434
0.342	0.269	0.241	0.149
0.155	0.293	0.341	0.211
>AAAAGSAGAAGT	20-AAAAGSAGAAGT	10.224619	-4.302732	0	T:13.0(0.10%),B:106.7(0.05%),P:1e-1	Tpos:37.0,Tstd:26.1,Bpos:6275.0,Bstd:16078.6,StrandBias:0.2,Multiplicity:1.00
0.522	0.109	0.189	0.180
0.588	0.160	0.117	0.135
0.744	0.078	0.092	0.086
0.523	0.076	0.186	0.215
0.090	0.150	0.635	0.125
0.122	0.461	0.357	0.059
0.637	0.048	0.161	0.154
0.110	0.082	0.757	0.051
0.683	0.108	0.150	0.059
0.527	0.072	0.163	0.238
0.085	0.198	0.580	0.137
0.078	0.181	0.138	0.603
>NBRAVAGGAARY	21-NBRAVAGGAARY	9.830180	-2.404381	0	T:13.0(0.10%),B:144.9(0.06%),P:1e-1	Tpos:47.5,Tstd:25.3,Bpos:6531.0,Bstd:13249.5,StrandBias:-1.6,Multiplicity:1.00
0.249	0.237	0.291	0.223
0.150	0.301	0.206	0.343
0.379	0.206	0.258	0.158
0.491	0.001	0.299	0.209
0.305	0.312	0.382	0.001
0.755	0.243	0.001	0.001
0.001	0.001	0.997	0.001
0.001	0.001	0.997	0.001
0.997	0.001	0.001	0.001
0.997	0.001	0.001	0.001
0.417	0.071	0.511	0.001
0.001	0.448	0.038	0.513
>NAGTTSHTGTGG	22-NAGTTSHTGTGG	10.657775	-1.076807	0	T:2.0(0.01%),B:20.8(0.01%),P:1e0	Tpos:7.0,Tstd:0.0,Bpos:3468.5,Bstd:6851.8,StrandBias:-10.0,Multiplicity:1.00
0.303	0.234	0.241	0.222
0.502	0.118	0.172	0.208
0.059	0.303	0.457	0.181
0.224	0.101	0.145	0.530
0.143	0.001	0.336	0.520
0.062	0.327	0.425	0.185
0.233	0.316	0.124	0.327
0.001	0.001	0.001	0.997
0.001	0.001	0.997	0.001
0.001	0.001	0.001	0.997
0.001	0.001	0.997	0.001
0.001	0.001	0.997	0.001
>NNNNNRCTTCCT	23-NNNNNRCTTCCT	8.295235	-0.521694	0	T:1.0(0.01%),B:15.2(0.01%),P:1e0	Tpos:71.0,Tstd:0.0,Bpos:969.6,Bstd:1255.2,StrandBias:10.0,Multiplicity:1.00
0.296	0.271	0.219	0.214
0.293	0.255	0.198	0.254
0.317	0.298	0.216	0.169
0.242	0.325	0.219	0.213
0.240	0.238	0.292	0.230
0.353	0.199	0.347	0.101
0.008	0.603	0.031	0.358
0.027	0.012	0.001	0.960
0.001	0.011	0.003	0.985
0.011	0.985	0.002	0.002
0.018	0.960	0.008	0.014
0.034	0.286	0.190	0.489
>VRVAGGAARYNN	24-VRVAGGAARYNN	8.790991	-0.430761	0	T:48.0(0.35%),B:871.8(0.37%),P:1e0	Tpos:55.3,Tstd:26.9,Bpos:5211.9,Bstd:14967.9,StrandBias:0.5,Multiplicity:1.00
0.329	0.209	0.308	0.153
0.311	0.172	0.350	0.167
0.256	0.353	0.311	0.080
0.624	0.374	0.001	0.001
0.001	0.001	0.997	0.001
0.001	0.009	0.989	0.001
0.997	0.001	0.001	0.001
0.997	0.001	0.001	0.001
0.408	0.180	0.411	0.001
0.001	0.511	0.001	0.487
0.279	0.265	0.239	0.218
0.315	0.243	0.271	0.172
>NBNBVCTTCCTB	25-NBNBVCTTCCTB	8.650629	-0.041309	0	T:1.0(0.01%),B:56.5(0.02%),P:1e0	Tpos:64.0,Tstd:0.0,Bpos:1163.8,Bstd:2394.8,StrandBias:-10.0,Multiplicity:1.00
0.235	0.289	0.215	0.260
0.167	0.336	0.250	0.247
0.264	0.324	0.188	0.224
0.186	0.341	0.242	0.231
0.311	0.223	0.322	0.145
0.001	0.500	0.195	0.304
0.204	0.001	0.001	0.794
0.001	0.001	0.001	0.997
0.001	0.997	0.001	0.001
0.001	0.997	0.001	0.001
0.001	0.001	0.370	0.628
0.001	0.317	0.399	0.283
