>ATSGAATGGAAT	1-ATSGAATGGAAT	15.663652	-70.836714	0	T:22.0(2.37%),B:84.5(0.04%),P:1e-30	Tpos:226.7,Tstd:131.0,Bpos:12574.9,Bstd:23176.7,StrandBias:1.8,Multiplicity:2.06
0.997	0.001	0.001	0.001
0.001	0.001	0.001	0.997
0.001	0.510	0.488	0.001
0.001	0.001	0.997	0.001
0.997	0.001	0.001	0.001
0.997	0.001	0.001	0.001
0.001	0.001	0.001	0.997
0.001	0.199	0.799	0.001
0.001	0.001	0.997	0.001
0.997	0.001	0.001	0.001
0.997	0.001	0.001	0.001
0.001	0.001	0.001	0.997
>TCTCTCTCTCTC	2-TCTCTCTCTCTC	2.625881	-63.728395	0	T:904.0(97.52%),B:207251.3(87.41%),P:1e-27	Tpos:103.8,Tstd:88.9,Bpos:12190.7,Bstd:46349.3,StrandBias:0.2,Multiplicity:2.71
0.100	0.100	0.100	0.700
0.100	0.700	0.100	0.100
0.100	0.100	0.100	0.700
0.100	0.700	0.100	0.100
0.100	0.100	0.100	0.700
0.100	0.700	0.100	0.100
0.100	0.100	0.100	0.700
0.100	0.700	0.100	0.100
0.100	0.100	0.100	0.700
0.100	0.700	0.100	0.100
0.100	0.100	0.100	0.700
0.100	0.700	0.100	0.100
>GAATGGAATGGA	3-GAATGGAATGGA	16.138050	-60.081875	0	T:17.0(1.83%),B:46.1(0.02%),P:1e-26	Tpos:133.7,Tstd:82.8,Bpos:18065.6,Bstd:18618.0,StrandBias:-0.6,Multiplicity:5.06
0.008	0.037	0.954	0.001
0.990	0.002	0.001	0.007
0.925	0.001	0.066	0.008
0.017	0.030	0.005	0.948
0.017	0.027	0.943	0.013
0.010	0.041	0.947	0.002
0.984	0.003	0.001	0.012
0.974	0.001	0.016	0.009
0.018	0.027	0.001	0.954
0.015	0.015	0.961	0.009
0.001	0.050	0.948	0.001
0.987	0.005	0.001	0.007
>NCAGVNCHNDRV	4-NCAGVNCHNDRV	3.245943	-59.662622	0	T:917.0(98.92%),B:215110.0(90.72%),P:1e-25	Tpos:109.3,Tstd:120.7,Bpos:11309.4,Bstd:46338.3,StrandBias:-0.0,Multiplicity:1.71
0.316	0.264	0.176	0.244
0.187	0.440	0.181	0.192
0.575	0.001	0.001	0.423
0.001	0.001	0.997	0.001
0.285	0.275	0.341	0.099
0.207	0.244	0.228	0.321
0.001	0.714	0.284	0.001
0.367	0.264	0.001	0.368
0.187	0.181	0.321	0.311
0.337	0.001	0.388	0.274
0.310	0.001	0.451	0.238
0.265	0.300	0.305	0.130
>AATGGAATCATC	5-AATGGAATCATC	13.324266	-59.270337	0	T:20.0(2.16%),B:103.9(0.04%),P:1e-25	Tpos:173.5,Tstd:121.8,Bpos:9962.4,Bstd:31939.7,StrandBias:1.0,Multiplicity:1.29
0.919	0.001	0.001	0.079
0.958	0.001	0.040	0.001
0.001	0.060	0.001	0.938
0.085	0.001	0.875	0.039
0.057	0.001	0.911	0.031
0.997	0.001	0.001	0.001
0.959	0.001	0.039	0.001
0.027	0.001	0.001	0.971
0.082	0.869	0.001	0.048
0.968	0.001	0.001	0.030
0.249	0.001	0.001	0.749
0.001	0.975	0.001	0.023
>CMHMHVMHHHHH	6-CMHMHVMHHHHH	4.469092	-58.509615	0	T:852.0(91.91%),B:187770.4(79.19%),P:1e-25	Tpos:129.9,Tstd:161.4,Bpos:12301.8,Bstd:48499.5,StrandBias:0.3,Multiplicity:1.64
0.001	0.997	0.001	0.001
0.309	0.421	0.001	0.269
0.309	0.406	0.001	0.284
0.309	0.424	0.001	0.266
0.367	0.280	0.001	0.352
0.266	0.281	0.309	0.144
0.441	0.557	0.001	0.001
0.349	0.381	0.001	0.269
0.305	0.374	0.001	0.320
0.356	0.349	0.001	0.295
0.338	0.392	0.001	0.269
0.370	0.291	0.001	0.338
>CACTCGGGTTGA	7-CACTCGGGTTGA	13.878894	-48.636246	0	T:10.0(1.08%),B:4.3(0.00%),P:1e-21	Tpos:120.9,Tstd:68.8,Bpos:927.3,Bstd:1035.0,StrandBias:1.0,Multiplicity:1.50
0.083	0.915	0.001	0.001
0.997	0.001	0.001	0.001
0.001	0.903	0.001	0.095
0.001	0.001	0.001	0.997
0.083	0.915	0.001	0.001
0.001	0.001	0.997	0.001
0.095	0.095	0.809	0.001
0.001	0.001	0.997	0.001
0.001	0.001	0.001	0.997
0.001	0.001	0.001	0.997
0.095	0.001	0.903	0.001
0.997	0.001	0.001	0.001
>VNNCCAGGCTGN	8-VNNCCAGGCTGN	3.435958	-44.522128	0	T:881.0(95.04%),B:203279.1(85.73%),P:1e-19	Tpos:104.0,Tstd:97.9,Bpos:11378.1,Bstd:45863.1,StrandBias:0.0,Multiplicity:1.65
0.343	0.210	0.266	0.181
0.299	0.181	0.207	0.314
0.299	0.214	0.280	0.207
0.001	0.557	0.343	0.099
0.265	0.528	0.001	0.206
0.604	0.001	0.001	0.394
0.203	0.001	0.545	0.251
0.001	0.295	0.494	0.210
0.207	0.461	0.085	0.247
0.294	0.001	0.001	0.704
0.007	0.063	0.631	0.299
0.188	0.284	0.277	0.251
>WATKMAATGGAN	9-WATKMAATGGAN	3.659087	-38.700021	0	T:860.0(92.77%),B:197588.3(83.33%),P:1e-16	Tpos:104.8,Tstd:87.3,Bpos:13506.3,Bstd:53332.9,StrandBias:0.1,Multiplicity:1.43
0.307	0.155	0.149	0.390
0.566	0.101	0.021	0.312
0.107	0.080	0.283	0.530
0.110	0.214	0.274	0.402
0.381	0.271	0.155	0.193
0.559	0.372	0.039	0.030
0.550	0.384	0.048	0.018
0.208	0.015	0.143	0.634
0.035	0.001	0.664	0.300
0.158	0.235	0.455	0.152
0.753	0.054	0.080	0.113
0.286	0.217	0.235	0.262
>GATAGATAGATA	10-GATAGATAGATA	2.625881	-25.041330	0	T:891.0(96.12%),B:214032.8(90.27%),P:1e-10	Tpos:110.0,Tstd:98.0,Bpos:15166.3,Bstd:52811.6,StrandBias:-0.1,Multiplicity:2.50
0.100	0.100	0.700	0.100
0.700	0.100	0.100	0.100
0.100	0.100	0.100	0.700
0.700	0.100	0.100	0.100
0.100	0.100	0.700	0.100
0.700	0.100	0.100	0.100
0.100	0.100	0.100	0.700
0.700	0.100	0.100	0.100
0.100	0.100	0.700	0.100
0.700	0.100	0.100	0.100
0.100	0.100	0.100	0.700
0.700	0.100	0.100	0.100
>TSGAATGGAATS	11-TSGAATGGAATS	9.557190	-22.004000	0	T:28.0(3.02%),B:1649.8(0.70%),P:1e-9	Tpos:103.0,Tstd:54.7,Bpos:11505.4,Bstd:32275.5,StrandBias:1.4,Multiplicity:1.33
0.019	0.162	0.001	0.818
0.100	0.375	0.403	0.122
0.152	0.136	0.512	0.200
0.901	0.011	0.038	0.050
0.648	0.127	0.121	0.104
0.001	0.052	0.045	0.902
0.143	0.249	0.561	0.047
0.036	0.163	0.718	0.083
0.957	0.001	0.028	0.014
0.695	0.122	0.182	0.001
0.045	0.001	0.001	0.953
0.120	0.401	0.363	0.116
>WAAAAAAAAAAW	12-WAAAAAAAAAAW	3.560643	-20.671662	0	T:755.0(81.45%),B:173003.4(72.96%),P:1e-8	Tpos:103.3,Tstd:82.1,Bpos:13873.2,Bstd:48934.7,StrandBias:-0.0,Multiplicity:1.64
0.425	0.219	0.071	0.286
0.610	0.093	0.031	0.266
0.603	0.159	0.107	0.131
0.622	0.155	0.050	0.173
0.660	0.124	0.045	0.171
0.603	0.129	0.079	0.189
0.523	0.093	0.063	0.321
0.596	0.129	0.111	0.164
0.608	0.120	0.071	0.201
0.565	0.162	0.052	0.221
0.753	0.062	0.039	0.146
0.415	0.119	0.094	0.372
>AATGGAATGGAA	13-AATGGAATGGAA	10.497816	-20.562577	0	T:24.0(2.59%),B:1307.0(0.55%),P:1e-8	Tpos:168.3,Tstd:125.2,Bpos:13473.4,Bstd:33942.5,StrandBias:1.4,Multiplicity:2.76
0.698	0.300	0.001	0.001
0.675	0.165	0.120	0.040
0.008	0.079	0.054	0.859
0.068	0.299	0.508	0.125
0.171	0.069	0.722	0.038
0.997	0.001	0.001	0.001
0.775	0.059	0.126	0.040
0.036	0.090	0.001	0.873
0.033	0.216	0.617	0.134
0.233	0.078	0.603	0.086
0.966	0.001	0.001	0.032
0.614	0.239	0.103	0.044
>CTCTCTCTGTCT	14-CTCTCTCTGTCT	4.525176	-14.295980	0	T:537.0(57.93%),B:118345.0(49.91%),P:1e-6	Tpos:90.8,Tstd:62.2,Bpos:14016.1,Bstd:52431.7,StrandBias:0.3,Multiplicity:1.49
0.092	0.745	0.070	0.093
0.107	0.097	0.050	0.746
0.050	0.740	0.118	0.092
0.084	0.079	0.036	0.801
0.114	0.694	0.100	0.092
0.074	0.075	0.049	0.802
0.073	0.739	0.117	0.071
0.051	0.038	0.024	0.887
0.100	0.147	0.647	0.106
0.094	0.091	0.088	0.727
0.073	0.702	0.125	0.100
0.102	0.077	0.050	0.771
>ATCATCAAATGG	15-ATCATCAAATGG	14.692939	-12.891654	0	T:7.0(0.76%),B:144.0(0.06%),P:1e-5	Tpos:125.7,Tstd:85.1,Bpos:16494.0,Bstd:62513.4,StrandBias:2.3,Multiplicity:1.20
0.997	0.001	0.001	0.001
0.001	0.001	0.001	0.997
0.001	0.666	0.332	0.001
0.997	0.001	0.001	0.001
0.001	0.332	0.001	0.666
0.001	0.997	0.001	0.001
0.997	0.001	0.001	0.001
0.997	0.001	0.001	0.001
0.997	0.001	0.001	0.001
0.001	0.001	0.001	0.997
0.001	0.001	0.997	0.001
0.332	0.001	0.666	0.001
>HTTTSAWAAWTT	16-HTTTSAWAAWTT	1.618911	-9.295497	0	T:920.0(99.24%),B:231253.5(97.53%),P:1e-4	Tpos:100.8,Tstd:75.8,Bpos:15402.9,Bstd:58945.3,StrandBias:-0.1,Multiplicity:1.48
0.324	0.193	0.167	0.316
0.026	0.123	0.105	0.746
0.123	0.246	0.202	0.430
0.001	0.026	0.184	0.789
0.088	0.351	0.404	0.158
0.631	0.298	0.053	0.018
0.369	0.114	0.210	0.307
0.553	0.044	0.175	0.228
0.518	0.105	0.044	0.333
0.255	0.175	0.193	0.377
0.211	0.140	0.044	0.605
0.053	0.149	0.149	0.649
>HCCTNDGGKWAR	17-HCCTNDGGKWAR	4.531092	-7.431537	0	T:591.0(63.75%),B:138654.0(58.48%),P:1e-3	Tpos:98.4,Tstd:54.3,Bpos:10430.6,Bstd:43578.4,StrandBias:-0.1,Multiplicity:1.02
0.354	0.324	0.096	0.226
0.161	0.580	0.097	0.162
0.064	0.743	0.001	0.192
0.227	0.225	0.001	0.547
0.225	0.194	0.259	0.322
0.225	0.128	0.290	0.356
0.418	0.001	0.580	0.001
0.001	0.001	0.997	0.001
0.001	0.161	0.484	0.354
0.484	0.001	0.097	0.418
0.548	0.001	0.387	0.064
0.387	0.130	0.290	0.194
>RTCWGTGSBBCC	18-RTCWGTGSBBCC	7.509227	-0.099059	0	T:19.0(2.05%),B:6355.5(2.68%),P:1e0	Tpos:203.9,Tstd:214.6,Bpos:8014.3,Bstd:33504.8,StrandBias:-0.4,Multiplicity:1.00
0.403	0.196	0.319	0.081
0.040	0.203	0.196	0.561
0.202	0.596	0.081	0.121
0.403	0.238	0.001	0.359
0.080	0.320	0.599	0.001
0.201	0.001	0.314	0.484
0.001	0.001	0.997	0.001
0.242	0.282	0.395	0.081
0.040	0.311	0.285	0.363
0.001	0.322	0.313	0.364
0.001	0.843	0.155	0.001
0.362	0.557	0.001	0.080
>ATCWTTTMTSTA	19-ATCWTTTMTSTA	9.382784	-0.049965	0	T:6.0(0.65%),B:2694.4(1.14%),P:1e0	Tpos:108.0,Tstd:0.0,Bpos:6372.0,Bstd:13217.4,StrandBias:0.0,Multiplicity:1.00
0.458	0.268	0.092	0.182
0.092	0.001	0.363	0.544
0.273	0.725	0.001	0.001
0.546	0.001	0.001	0.452
0.001	0.092	0.089	0.818
0.001	0.001	0.001	0.997
0.370	0.001	0.001	0.628
0.366	0.363	0.182	0.089
0.189	0.001	0.089	0.721
0.001	0.454	0.544	0.001
0.268	0.268	0.001	0.463
0.541	0.001	0.271	0.187
>SCYCCCASTGRB	20-SCYCCCASTGRB	7.804801	-0.003296	0	T:26.0(2.80%),B:10648.0(4.49%),P:1e0	Tpos:93.6,Tstd:55.3,Bpos:8140.3,Bstd:27953.5,StrandBias:-1.3,Multiplicity:1.00
0.165	0.293	0.376	0.166
0.208	0.749	0.042	0.001
0.250	0.417	0.001	0.333
0.333	0.665	0.001	0.001
0.248	0.627	0.001	0.124
0.001	0.709	0.082	0.208
0.543	0.165	0.001	0.291
0.001	0.541	0.457	0.001
0.290	0.001	0.001	0.708
0.001	0.001	0.997	0.001
0.333	0.166	0.376	0.125
0.085	0.290	0.334	0.292
>SAGSAGCHYCAS	21-SAGSAGCHYCAS	7.058991	-0.000002	0	T:38.0(4.10%),B:18552.2(7.82%),P:1e0	Tpos:80.0,Tstd:59.6,Bpos:5972.7,Bstd:24130.5,StrandBias:-1.0,Multiplicity:1.00
0.196	0.353	0.315	0.137
0.724	0.020	0.118	0.138
0.177	0.039	0.686	0.098
0.059	0.412	0.431	0.098
0.528	0.001	0.215	0.256
0.098	0.098	0.745	0.059
0.275	0.450	0.118	0.158
0.353	0.333	0.060	0.255
0.196	0.392	0.118	0.294
0.039	0.921	0.020	0.020
0.666	0.098	0.039	0.197
0.039	0.392	0.333	0.236
>NNNNNNNNNNNN	22-NNNNNNNNNNNN	nan	0.000000	0	T:0.0(0.00%),B:0.0(0.00%),P:1e0	Tpos:0.0,Tstd:0.0,Bpos:0.0,Bstd:0.0,StrandBias:0.0,Multiplicity:1.00
nan	nan	nan	nan
nan	nan	nan	nan
nan	nan	nan	nan
nan	nan	nan	nan
nan	nan	nan	nan
nan	nan	nan	nan
nan	nan	nan	nan
nan	nan	nan	nan
nan	nan	nan	nan
nan	nan	nan	nan
nan	nan	nan	nan
nan	nan	nan	nan
>NNNNNNNNNNNN	23-NNNNNNNNNNNN	nan	0.000000	0	T:0.0(0.00%),B:0.0(0.00%),P:1e0	Tpos:0.0,Tstd:0.0,Bpos:0.0,Bstd:0.0,StrandBias:0.0,Multiplicity:1.00
nan	nan	nan	nan
nan	nan	nan	nan
nan	nan	nan	nan
nan	nan	nan	nan
nan	nan	nan	nan
nan	nan	nan	nan
nan	nan	nan	nan
nan	nan	nan	nan
nan	nan	nan	nan
nan	nan	nan	nan
nan	nan	nan	nan
nan	nan	nan	nan
>NNNNNNNNNNNN	24-NNNNNNNNNNNN	nan	0.000000	0	T:0.0(0.00%),B:0.0(0.00%),P:1e0	Tpos:0.0,Tstd:0.0,Bpos:0.0,Bstd:0.0,StrandBias:0.0,Multiplicity:1.00
nan	nan	nan	nan
nan	nan	nan	nan
nan	nan	nan	nan
nan	nan	nan	nan
nan	nan	nan	nan
nan	nan	nan	nan
nan	nan	nan	nan
nan	nan	nan	nan
nan	nan	nan	nan
nan	nan	nan	nan
nan	nan	nan	nan
nan	nan	nan	nan
>NNNNNNNNNNNN	25-NNNNNNNNNNNN	nan	0.000000	0	T:0.0(0.00%),B:0.0(0.00%),P:1e0	Tpos:0.0,Tstd:0.0,Bpos:0.0,Bstd:0.0,StrandBias:0.0,Multiplicity:1.00
nan	nan	nan	nan
nan	nan	nan	nan
nan	nan	nan	nan
nan	nan	nan	nan
nan	nan	nan	nan
nan	nan	nan	nan
nan	nan	nan	nan
nan	nan	nan	nan
nan	nan	nan	nan
nan	nan	nan	nan
nan	nan	nan	nan
nan	nan	nan	nan
