>WSWSWDSW	1-WSWSWDSW	3.344407	-52.032979	0	T:864.0(93.20%),B:194319.1(81.95%),P:1e-22	Tpos:101.4,Tstd:92.7,Bpos:14021.9,Bstd:55740.2,StrandBias:0.1,Multiplicity:1.73
0.379	0.070	0.100	0.451
0.078	0.403	0.443	0.075
0.409	0.055	0.118	0.419
0.060	0.367	0.508	0.065
0.462	0.103	0.089	0.346
0.214	0.145	0.304	0.337
0.031	0.509	0.418	0.042
0.409	0.087	0.091	0.413
>NCNWGGRB	2-NCNWGGRB	2.986047	-41.999722	0	T:902.0(97.30%),B:212697.2(89.70%),P:1e-18	Tpos:107.1,Tstd:109.2,Bpos:10200.5,Bstd:40767.1,StrandBias:-0.1,Multiplicity:1.45
0.199	0.289	0.226	0.286
0.279	0.435	0.001	0.285
0.216	0.316	0.223	0.246
0.531	0.001	0.001	0.467
0.001	0.001	0.997	0.001
0.245	0.001	0.465	0.289
0.276	0.186	0.346	0.193
0.153	0.352	0.282	0.213
>HWTDCWSW	3-HWTDCWSW	3.169243	-40.529339	0	T:873.0(94.17%),B:201624.0(85.03%),P:1e-17	Tpos:104.0,Tstd:98.6,Bpos:14522.4,Bstd:56889.0,StrandBias:0.3,Multiplicity:1.51
0.279	0.254	0.116	0.351
0.287	0.181	0.161	0.370
0.146	0.217	0.239	0.397
0.258	0.127	0.256	0.359
0.001	0.576	0.422	0.001
0.402	0.094	0.001	0.503
0.001	0.525	0.473	0.001
0.416	0.191	0.047	0.347
>CHTGTSTT	4-CHTGTSTT	0.842310	-38.176401	0	T:865.0(93.31%),B:199563.1(84.16%),P:1e-16	Tpos:101.9,Tstd:89.8,Bpos:13142.9,Bstd:51067.7,StrandBias:-0.1,Multiplicity:1.49
0.129	0.773	0.001	0.097
0.385	0.357	0.001	0.258
0.224	0.001	0.001	0.774
0.001	0.324	0.643	0.032
0.001	0.001	0.001	0.997
0.001	0.515	0.483	0.001
0.001	0.001	0.001	0.997
0.419	0.001	0.001	0.579
>WNWDGSHW	5-WNWDGSHW	2.881472	-36.205085	0	T:842.0(90.83%),B:192358.8(81.12%),P:1e-15	Tpos:105.0,Tstd:106.8,Bpos:13153.6,Bstd:50231.0,StrandBias:-0.1,Multiplicity:1.54
0.336	0.150	0.172	0.341
0.300	0.185	0.216	0.299
0.354	0.151	0.198	0.297
0.363	0.001	0.278	0.358
0.001	0.301	0.697	0.001
0.001	0.430	0.316	0.253
0.383	0.244	0.001	0.372
0.359	0.079	0.193	0.368
>WYWHWTTW	6-WYWHWTTW	2.604707	-29.545342	0	T:857.0(92.45%),B:200153.3(84.41%),P:1e-12	Tpos:109.0,Tstd:131.3,Bpos:13722.7,Bstd:50473.8,StrandBias:0.0,Multiplicity:1.57
0.266	0.195	0.161	0.377
0.210	0.252	0.160	0.378
0.322	0.215	0.033	0.430
0.370	0.224	0.140	0.267
0.360	0.144	0.092	0.403
0.231	0.176	0.111	0.482
0.238	0.020	0.001	0.741
0.308	0.193	0.131	0.367
>AAAAAWWA	7-AAAAAWWA	3.702084	-22.180285	0	T:783.0(84.47%),B:180351.8(76.06%),P:1e-9	Tpos:104.0,Tstd:93.9,Bpos:14975.7,Bstd:51981.3,StrandBias:-0.1,Multiplicity:1.72
0.724	0.045	0.013	0.218
0.479	0.053	0.151	0.317
0.539	0.098	0.154	0.209
0.608	0.056	0.176	0.160
0.636	0.001	0.092	0.271
0.537	0.028	0.034	0.401
0.453	0.024	0.136	0.387
0.542	0.014	0.128	0.316
>WWAWSWNW	8-WWAWSWNW	3.134292	-19.690196	0	T:831.0(89.64%),B:196275.6(82.78%),P:1e-8	Tpos:107.1,Tstd:89.9,Bpos:14928.7,Bstd:56153.8,StrandBias:0.0,Multiplicity:1.57
0.428	0.025	0.132	0.415
0.363	0.153	0.210	0.274
0.440	0.246	0.189	0.124
0.442	0.001	0.146	0.411
0.045	0.426	0.528	0.001
0.385	0.169	0.094	0.352
0.320	0.189	0.204	0.287
0.466	0.080	0.001	0.453
>TSTWWCAT	9-TSTWWCAT	3.052686	-18.745434	0	T:835.0(90.08%),B:198019.8(83.51%),P:1e-8	Tpos:108.6,Tstd:100.9,Bpos:14205.5,Bstd:53015.8,StrandBias:-0.0,Multiplicity:1.61
0.379	0.001	0.012	0.608
0.228	0.341	0.430	0.001
0.397	0.001	0.001	0.601
0.493	0.044	0.001	0.462
0.442	0.001	0.001	0.556
0.001	0.632	0.366	0.001
0.778	0.001	0.001	0.220
0.348	0.001	0.031	0.620
>WWAAAAAA	10-WWAAAAAA	3.224995	-18.527649	0	T:814.0(87.81%),B:191679.2(80.84%),P:1e-8	Tpos:105.7,Tstd:87.3,Bpos:14437.3,Bstd:52841.4,StrandBias:-0.1,Multiplicity:1.55
0.364	0.163	0.123	0.351
0.333	0.152	0.179	0.335
0.408	0.159	0.236	0.196
0.539	0.206	0.234	0.021
0.533	0.160	0.168	0.139
0.665	0.001	0.039	0.295
0.532	0.040	0.195	0.233
0.604	0.001	0.128	0.267
>TTTTTTTT	11-TTTTTTTT	4.553117	-15.077305	0	T:677.0(73.03%),B:154818.3(65.29%),P:1e-6	Tpos:104.2,Tstd:79.8,Bpos:13954.1,Bstd:49572.8,StrandBias:0.0,Multiplicity:1.62
0.171	0.226	0.001	0.602
0.074	0.232	0.001	0.693
0.090	0.188	0.001	0.721
0.219	0.162	0.001	0.618
0.275	0.019	0.001	0.705
0.293	0.032	0.001	0.674
0.303	0.090	0.001	0.606
0.241	0.138	0.001	0.620
>ADAAAGAA	12-ADAAAGAA	5.228623	-12.227850	0	T:637.0(68.72%),B:146249.7(61.68%),P:1e-5	Tpos:101.2,Tstd:91.5,Bpos:13316.0,Bstd:47799.7,StrandBias:-0.1,Multiplicity:1.52
0.623	0.001	0.001	0.375
0.330	0.001	0.266	0.403
0.477	0.001	0.220	0.302
0.843	0.001	0.155	0.001
0.898	0.001	0.100	0.001
0.001	0.001	0.751	0.247
0.997	0.001	0.001	0.001
0.997	0.001	0.001	0.001
>AATGGAAT	13-AATGGAAT	-2.782043	-11.930126	0	T:566.0(61.06%),B:127787.8(53.89%),P:1e-5	Tpos:125.7,Tstd:101.5,Bpos:17272.4,Bstd:63530.0,StrandBias:0.0,Multiplicity:3.03
0.997	0.001	0.001	0.001
0.997	0.001	0.001	0.001
0.001	0.044	0.001	0.954
0.001	0.039	0.959	0.001
0.001	0.001	0.997	0.001
0.997	0.001	0.001	0.001
0.997	0.001	0.001	0.001
0.001	0.001	0.001	0.997
>TATTTCCT	14-TATTTCCT	2.189720	-8.753500	0	T:587.0(63.32%),B:136214.5(57.45%),P:1e-3	Tpos:100.3,Tstd:77.0,Bpos:13731.7,Bstd:49462.3,StrandBias:0.0,Multiplicity:1.52
0.089	0.152	0.101	0.658
0.997	0.001	0.001	0.001
0.012	0.001	0.001	0.986
0.001	0.001	0.001	0.997
0.001	0.001	0.012	0.986
0.001	0.997	0.001	0.001
0.164	0.620	0.001	0.215
0.001	0.001	0.001	0.997
>TTTGCCTG	15-TTTGCCTG	2.399224	-4.157007	0	T:927.0(100.00%),B:236051.7(99.55%),P:1e-1	Tpos:104.9,Tstd:97.5,Bpos:10059.5,Bstd:39482.6,StrandBias:-0.1,Multiplicity:3.32
0.100	0.100	0.100	0.700
0.100	0.100	0.100	0.700
0.100	0.100	0.100	0.700
0.100	0.100	0.700	0.100
0.100	0.700	0.100	0.100
0.100	0.700	0.100	0.100
0.100	0.100	0.100	0.700
0.100	0.100	0.700	0.100
>TGGTGATG	16-TGGTGATG	2.399224	-3.783545	0	T:925.0(99.78%),B:235238.0(99.21%),P:1e-1	Tpos:117.0,Tstd:132.7,Bpos:11768.7,Bstd:47436.4,StrandBias:-0.2,Multiplicity:2.13
0.100	0.100	0.100	0.700
0.100	0.100	0.700	0.100
0.100	0.100	0.700	0.100
0.100	0.100	0.100	0.700
0.100	0.100	0.700	0.100
0.700	0.100	0.100	0.100
0.100	0.100	0.100	0.700
0.100	0.100	0.700	0.100
>VBTAGGGC	17-VBTAGGGC	5.606172	-0.030825	0	T:193.0(20.82%),B:55370.7(23.35%),P:1e0	Tpos:69.3,Tstd:36.5,Bpos:8884.6,Bstd:33805.5,StrandBias:-1.0,Multiplicity:1.00
0.330	0.330	0.338	0.001
0.016	0.339	0.322	0.322
0.001	0.330	0.001	0.668
0.661	0.001	0.330	0.008
0.338	0.001	0.653	0.008
0.330	0.001	0.668	0.001
0.008	0.330	0.630	0.032
0.008	0.645	0.346	0.001
>VNANTKTB	18-VNANTKTB	3.954057	-0.005241	0	T:177.0(19.09%),B:53351.9(22.50%),P:1e0	Tpos:92.5,Tstd:62.7,Bpos:14639.8,Bstd:47737.3,StrandBias:-1.6,Multiplicity:1.00
0.385	0.334	0.280	0.001
0.263	0.246	0.210	0.281
0.455	0.246	0.298	0.001
0.264	0.176	0.298	0.263
0.193	0.001	0.298	0.508
0.141	0.193	0.351	0.315
0.001	0.001	0.001	0.997
0.001	0.368	0.263	0.368
>GTTTGGAA	19-GTTTGGAA	6.291044	-0.003998	0	T:186.0(20.06%),B:56102.4(23.66%),P:1e0	Tpos:76.0,Tstd:72.0,Bpos:15920.6,Bstd:59734.6,StrandBias:10.0,Multiplicity:1.00
0.100	0.100	0.700	0.100
0.100	0.100	0.100	0.700
0.100	0.100	0.100	0.700
0.100	0.100	0.100	0.700
0.100	0.100	0.700	0.100
0.100	0.100	0.700	0.100
0.700	0.100	0.100	0.100
0.700	0.100	0.100	0.100
>CCTTCCAC	20-CCTTCCAC	0.453314	-0.003902	0	T:927.0(100.00%),B:237113.4(100.00%),P:1e0	Tpos:110.7,Tstd:110.3,Bpos:11779.3,Bstd:47911.9,StrandBias:0.0,Multiplicity:2.01
0.100	0.700	0.100	0.100
0.100	0.700	0.100	0.100
0.100	0.100	0.100	0.700
0.100	0.100	0.100	0.700
0.100	0.700	0.100	0.100
0.100	0.700	0.100	0.100
0.700	0.100	0.100	0.100
0.100	0.700	0.100	0.100
>RGKCWDCC	21-RGKCWDCC	6.290426	-0.000091	0	T:62.0(6.69%),B:24077.3(10.15%),P:1e0	Tpos:150.7,Tstd:91.5,Bpos:6407.1,Bstd:32729.1,StrandBias:1.0,Multiplicity:1.00
0.490	0.001	0.377	0.132
0.001	0.122	0.627	0.250
0.005	0.128	0.494	0.373
0.001	0.744	0.122	0.133
0.378	0.001	0.122	0.499
0.245	0.122	0.255	0.378
0.001	0.994	0.004	0.001
0.001	0.749	0.001	0.249
>RCTTTCCA	22-RCTTTCCA	5.382179	-0.000043	0	T:148.0(15.97%),B:49826.0(21.01%),P:1e0	Tpos:3.0,Tstd:0.0,Bpos:10867.1,Bstd:47664.8,StrandBias:-10.0,Multiplicity:1.00
0.461	0.154	0.384	0.001
0.001	0.461	0.230	0.307
0.001	0.307	0.001	0.691
0.077	0.231	0.154	0.538
0.231	0.077	0.077	0.615
0.077	0.462	0.231	0.231
0.001	0.922	0.076	0.001
0.385	0.231	0.154	0.231
>RCTGTABB	23-RCTGTABB	5.943479	-0.000010	0	T:47.0(5.07%),B:20620.6(8.70%),P:1e0	Tpos:75.0,Tstd:0.0,Bpos:12920.4,Bstd:46784.6,StrandBias:10.0,Multiplicity:1.00
0.441	0.001	0.418	0.140
0.001	0.697	0.163	0.139
0.001	0.138	0.001	0.860
0.139	0.001	0.721	0.139
0.001	0.001	0.419	0.579
0.579	0.001	0.419	0.001
0.001	0.279	0.301	0.418
0.139	0.301	0.280	0.280
>TGDNTKAA	24-TGDNTKAA	5.000085	-0.000000	0	T:88.0(9.49%),B:35617.2(15.02%),P:1e0	Tpos:18.0,Tstd:0.0,Bpos:7802.0,Bstd:21654.4,StrandBias:-10.0,Multiplicity:1.00
0.207	0.001	0.294	0.498
0.001	0.002	0.996	0.001
0.298	0.102	0.298	0.302
0.197	0.308	0.197	0.298
0.298	0.001	0.003	0.698
0.098	0.200	0.394	0.308
0.590	0.309	0.003	0.098
0.400	0.207	0.197	0.197
>RAMHNTRG	25-RAMHNTRG	-3.171741	0.000000	0	T:927.0(100.00%),B:237114.5(100.00%),P:1e0	Tpos:104.6,Tstd:82.4,Bpos:13628.1,Bstd:53388.8,StrandBias:-0.0,Multiplicity:1.36
0.333	0.146	0.458	0.062
0.646	0.021	0.250	0.083
0.375	0.417	0.146	0.062
0.312	0.292	0.083	0.313
0.229	0.250	0.251	0.271
0.001	0.395	0.001	0.603
0.416	0.001	0.333	0.250
0.001	0.291	0.583	0.125
