>AGCWGDGCAT	1-AGCWGDGCAT	2.827259	-55.639207	0	T:908.0(97.95%),B:211452.6(89.18%),P:1e-24	Tpos:103.6,Tstd:92.2,Bpos:11264.8,Bstd:45148.4,StrandBias:0.0,Multiplicity:1.74
0.554	0.006	0.045	0.395
0.192	0.028	0.741	0.039
0.011	0.555	0.344	0.090
0.350	0.173	0.136	0.341
0.023	0.260	0.482	0.235
0.327	0.001	0.322	0.350
0.141	0.036	0.800	0.023
0.248	0.690	0.028	0.034
0.482	0.192	0.017	0.309
0.181	0.039	0.300	0.480
>CGAGTGGAAT	2-CGAGTGGAAT	12.619282	-49.708525	0	T:14.0(1.51%),B:38.4(0.02%),P:1e-21	Tpos:115.7,Tstd:81.9,Bpos:9538.6,Bstd:20311.2,StrandBias:-0.6,Multiplicity:1.64
0.001	0.805	0.193	0.001
0.001	0.001	0.997	0.001
0.975	0.001	0.001	0.023
0.294	0.099	0.606	0.001
0.001	0.113	0.001	0.885
0.077	0.128	0.794	0.001
0.001	0.001	0.997	0.001
0.997	0.001	0.001	0.001
0.932	0.066	0.001	0.001
0.001	0.064	0.001	0.934
>ATTCCATTCG	3-ATTCCATTCG	10.156525	-43.832230	0	T:14.0(1.51%),B:62.5(0.03%),P:1e-19	Tpos:207.2,Tstd:132.4,Bpos:11311.1,Bstd:26209.4,StrandBias:-2.2,Multiplicity:3.14
0.805	0.001	0.193	0.001
0.124	0.117	0.170	0.589
0.045	0.001	0.092	0.862
0.048	0.772	0.050	0.130
0.048	0.556	0.345	0.051
0.604	0.074	0.321	0.001
0.050	0.139	0.274	0.537
0.143	0.048	0.177	0.632
0.053	0.900	0.046	0.001
0.001	0.239	0.759	0.001
>TYTYTYTCWD	4-TYTYTYTCWD	3.971508	-37.661506	0	T:838.0(90.40%),B:190434.0(80.31%),P:1e-16	Tpos:94.0,Tstd:68.4,Bpos:14010.1,Bstd:54541.3,StrandBias:0.3,Multiplicity:1.41
0.258	0.174	0.072	0.497
0.177	0.359	0.136	0.328
0.228	0.202	0.001	0.569
0.125	0.281	0.182	0.412
0.043	0.193	0.073	0.691
0.107	0.392	0.197	0.305
0.103	0.121	0.001	0.775
0.001	0.541	0.292	0.166
0.393	0.075	0.001	0.531
0.233	0.174	0.242	0.350
>ATCGAATGGA	5-ATCGAATGGA	8.561085	-30.139043	0	T:25.0(2.70%),B:890.4(0.38%),P:1e-13	Tpos:166.0,Tstd:126.9,Bpos:14211.2,Bstd:43735.9,StrandBias:1.8,Multiplicity:2.12
0.632	0.134	0.117	0.117
0.112	0.068	0.074	0.746
0.015	0.683	0.232	0.070
0.040	0.080	0.830	0.050
0.737	0.093	0.112	0.058
0.647	0.101	0.128	0.124
0.073	0.148	0.092	0.687
0.113	0.195	0.583	0.109
0.163	0.136	0.639	0.062
0.817	0.093	0.024	0.066
>WNWCWCTYTH	6-WNWCWCTYTH	3.744068	-29.297939	0	T:842.0(90.83%),B:195240.7(82.34%),P:1e-12	Tpos:107.2,Tstd:92.3,Bpos:13262.4,Bstd:52075.1,StrandBias:0.1,Multiplicity:1.50
0.314	0.187	0.131	0.368
0.305	0.288	0.183	0.224
0.372	0.181	0.039	0.409
0.150	0.544	0.305	0.001
0.421	0.086	0.001	0.492
0.030	0.488	0.329	0.153
0.327	0.176	0.001	0.496
0.001	0.464	0.191	0.344
0.004	0.131	0.001	0.864
0.224	0.243	0.189	0.344
>GAATGGAATG	7-GAATGGAATG	13.660111	-25.822263	0	T:19.0(2.05%),B:580.1(0.24%),P:1e-11	Tpos:136.9,Tstd:81.2,Bpos:15851.0,Bstd:22523.6,StrandBias:-0.5,Multiplicity:12.59
0.001	0.001	0.997	0.001
0.997	0.001	0.001	0.001
0.997	0.001	0.001	0.001
0.001	0.045	0.001	0.953
0.001	0.001	0.997	0.001
0.001	0.001	0.997	0.001
0.997	0.001	0.001	0.001
0.997	0.001	0.001	0.001
0.001	0.046	0.001	0.952
0.001	0.079	0.919	0.001
>VYAYAAAYAC	8-VYAYAAAYAC	-0.201725	-23.818213	0	T:864.0(93.20%),B:204974.4(86.45%),P:1e-10	Tpos:116.4,Tstd:121.7,Bpos:12914.4,Bstd:47764.8,StrandBias:-0.1,Multiplicity:1.48
0.223	0.296	0.333	0.148
0.036	0.555	0.001	0.408
0.997	0.001	0.001	0.001
0.185	0.444	0.001	0.370
0.630	0.001	0.001	0.368
0.515	0.298	0.037	0.150
0.997	0.001	0.001	0.001
0.036	0.556	0.001	0.407
0.997	0.001	0.001	0.001
0.185	0.443	0.149	0.222
>AWASAAAGAW	9-AWASAAAGAW	4.039225	-21.967221	0	T:794.0(85.65%),B:183753.8(77.50%),P:1e-9	Tpos:99.6,Tstd:93.5,Bpos:17106.1,Bstd:63962.4,StrandBias:-0.0,Multiplicity:1.50
0.640	0.007	0.001	0.352
0.351	0.141	0.096	0.413
0.502	0.001	0.204	0.293
0.130	0.303	0.438	0.130
0.468	0.200	0.061	0.272
0.554	0.138	0.111	0.197
0.556	0.001	0.293	0.150
0.279	0.277	0.443	0.001
0.744	0.076	0.080	0.100
0.418	0.092	0.223	0.268
>AATGGAADDT	10-AATGGAADDT	-2.573282	-16.322892	0	T:735.0(79.29%),B:170013.5(71.70%),P:1e-7	Tpos:103.0,Tstd:74.6,Bpos:15079.0,Bstd:55293.5,StrandBias:-0.1,Multiplicity:2.02
0.997	0.001	0.001	0.001
0.997	0.001	0.001	0.001
0.001	0.001	0.001	0.997
0.001	0.001	0.997	0.001
0.001	0.001	0.997	0.001
0.997	0.001	0.001	0.001
0.997	0.001	0.001	0.001
0.333	0.001	0.333	0.333
0.333	0.001	0.333	0.333
0.001	0.001	0.332	0.666
>AATGGAATSG	11-AATGGAATSG	10.726275	-14.584231	0	T:26.0(2.80%),B:2086.7(0.88%),P:1e-6	Tpos:180.6,Tstd:120.3,Bpos:11649.5,Bstd:44252.9,StrandBias:1.0,Multiplicity:1.65
0.891	0.055	0.020	0.034
0.862	0.027	0.088	0.023
0.024	0.092	0.005	0.879
0.034	0.101	0.770	0.095
0.051	0.030	0.902	0.017
0.941	0.033	0.001	0.025
0.840	0.040	0.104	0.016
0.023	0.091	0.016	0.870
0.062	0.364	0.480	0.094
0.370	0.044	0.572	0.014
>WAAAAWATTW	12-WAAAAWATTW	3.903063	-12.936823	0	T:702.0(75.73%),B:163268.4(68.86%),P:1e-5	Tpos:101.3,Tstd:95.1,Bpos:14115.9,Bstd:50394.3,StrandBias:0.1,Multiplicity:1.64
0.366	0.071	0.193	0.371
0.418	0.105	0.247	0.229
0.594	0.117	0.157	0.132
0.788	0.069	0.084	0.059
0.581	0.064	0.130	0.225
0.461	0.080	0.131	0.328
0.629	0.109	0.102	0.160
0.322	0.081	0.083	0.514
0.327	0.014	0.104	0.555
0.337	0.116	0.174	0.373
>HAWTTTAAAT	13-HAWTTTAAAT	4.371096	-11.745325	0	T:629.0(67.85%),B:144523.9(60.95%),P:1e-5	Tpos:105.0,Tstd:81.1,Bpos:14439.1,Bstd:49433.0,StrandBias:0.1,Multiplicity:1.88
0.267	0.380	0.103	0.250
0.666	0.137	0.006	0.191
0.390	0.072	0.049	0.488
0.200	0.046	0.034	0.720
0.135	0.080	0.085	0.700
0.181	0.228	0.176	0.414
0.532	0.121	0.081	0.266
0.514	0.157	0.050	0.279
0.620	0.060	0.051	0.269
0.303	0.067	0.067	0.563
>WWWSWSWWAW	14-WWWSWSWWAW	2.984098	-11.616182	0	T:752.0(81.12%),B:178168.8(75.14%),P:1e-5	Tpos:110.7,Tstd:108.0,Bpos:14175.6,Bstd:49833.1,StrandBias:-0.1,Multiplicity:1.70
0.501	0.001	0.001	0.497
0.478	0.001	0.001	0.520
0.429	0.001	0.127	0.443
0.114	0.438	0.361	0.087
0.524	0.001	0.001	0.474
0.001	0.433	0.470	0.096
0.492	0.001	0.001	0.506
0.461	0.004	0.001	0.534
0.647	0.001	0.001	0.351
0.524	0.001	0.001	0.474
>TGGAATGGAA	15-TGGAATGGAA	3.974041	-8.935748	0	T:521.0(56.20%),B:118917.2(50.15%),P:1e-3	Tpos:105.4,Tstd:81.1,Bpos:15254.2,Bstd:57522.5,StrandBias:0.1,Multiplicity:1.82
0.038	0.101	0.034	0.827
0.072	0.183	0.651	0.094
0.088	0.018	0.850	0.044
0.806	0.066	0.046	0.082
0.808	0.073	0.078	0.041
0.022	0.169	0.081	0.728
0.087	0.097	0.772	0.044
0.043	0.037	0.846	0.074
0.923	0.017	0.033	0.027
0.798	0.064	0.067	0.071
>ACATGAGGAA	16-ACATGAGGAA	2.512553	-7.073472	0	T:926.0(99.89%),B:234712.3(98.99%),P:1e-3	Tpos:105.8,Tstd:113.4,Bpos:11569.9,Bstd:46099.7,StrandBias:-0.1,Multiplicity:2.76
0.700	0.100	0.100	0.100
0.100	0.700	0.100	0.100
0.700	0.100	0.100	0.100
0.100	0.100	0.100	0.700
0.100	0.100	0.700	0.100
0.700	0.100	0.100	0.100
0.100	0.100	0.700	0.100
0.100	0.100	0.700	0.100
0.700	0.100	0.100	0.100
0.700	0.100	0.100	0.100
>WTTCCATTTN	17-WTTCCATTTN	10.385624	-4.384202	0	T:18.0(1.94%),B:2525.6(1.07%),P:1e-1	Tpos:251.0,Tstd:0.0,Bpos:181.0,Bstd:301.7,StrandBias:-10.0,Multiplicity:1.00
0.364	0.193	0.135	0.308
0.006	0.080	0.001	0.913
0.001	0.001	0.001	0.997
0.045	0.762	0.071	0.122
0.094	0.842	0.001	0.063
0.893	0.105	0.001	0.001
0.072	0.001	0.018	0.909
0.075	0.076	0.096	0.753
0.056	0.001	0.018	0.925
0.278	0.271	0.257	0.195
>CCKCTCKCCC	18-CCKCTCKCCC	8.536012	-2.128863	0	T:8.0(0.86%),B:1242.9(0.52%),P:1e0	Tpos:135.0,Tstd:0.0,Bpos:7853.8,Bstd:15077.8,StrandBias:10.0,Multiplicity:1.00
0.001	0.802	0.196	0.001
0.197	0.697	0.004	0.102
0.098	0.098	0.396	0.407
0.001	0.603	0.298	0.098
0.098	0.197	0.200	0.505
0.001	0.702	0.101	0.196
0.001	0.200	0.396	0.403
0.004	0.596	0.295	0.105
0.003	0.603	0.393	0.001
0.003	0.702	0.001	0.294
>NTGCKCYSTG	19-NTGCKCYSTG	7.544682	-0.491590	0	T:4.0(0.43%),B:1083.1(0.46%),P:1e0	Tpos:117.0,Tstd:0.0,Bpos:25547.4,Bstd:106411.7,StrandBias:-10.0,Multiplicity:1.00
0.280	0.291	0.279	0.151
0.278	0.001	0.150	0.571
0.001	0.011	0.838	0.150
0.291	0.557	0.151	0.001
0.001	0.140	0.418	0.441
0.139	0.721	0.139	0.001
0.140	0.290	0.139	0.430
0.001	0.430	0.291	0.278
0.139	0.139	0.001	0.721
0.139	0.001	0.570	0.290
>TGGTGGTGGT	20-TGGTGGTGGT	0.566642	-0.156795	0	T:926.0(99.89%),B:236943.0(99.93%),P:1e0	Tpos:119.0,Tstd:142.7,Bpos:10273.9,Bstd:41764.9,StrandBias:-0.2,Multiplicity:2.40
0.100	0.100	0.100	0.700
0.100	0.100	0.700	0.100
0.100	0.100	0.700	0.100
0.100	0.100	0.100	0.700
0.100	0.100	0.700	0.100
0.100	0.100	0.700	0.100
0.100	0.100	0.100	0.700
0.100	0.100	0.700	0.100
0.100	0.100	0.700	0.100
0.100	0.100	0.100	0.700
>GAAATTAAAA	21-GAAATTAAAA	-1.379268	-0.074139	0	T:927.0(100.00%),B:237095.6(99.99%),P:1e0	Tpos:109.5,Tstd:97.3,Bpos:13606.7,Bstd:52526.7,StrandBias:0.0,Multiplicity:1.63
0.100	0.100	0.700	0.100
0.700	0.100	0.100	0.100
0.700	0.100	0.100	0.100
0.700	0.100	0.100	0.100
0.100	0.100	0.100	0.700
0.100	0.100	0.100	0.700
0.700	0.100	0.100	0.100
0.700	0.100	0.100	0.100
0.700	0.100	0.100	0.100
0.700	0.100	0.100	0.100
>GSRCCCHGGB	22-GSRCCCHGGB	6.440878	-0.000042	0	T:14.0(1.51%),B:8536.2(3.60%),P:1e0	Tpos:146.7,Tstd:127.8,Bpos:4708.3,Bstd:21895.8,StrandBias:1.0,Multiplicity:1.00
0.001	0.359	0.559	0.081
0.079	0.361	0.358	0.201
0.320	0.119	0.400	0.161
0.040	0.558	0.362	0.040
0.238	0.603	0.080	0.079
0.039	0.881	0.001	0.079
0.242	0.319	0.079	0.360
0.040	0.040	0.600	0.320
0.040	0.200	0.680	0.080
0.079	0.321	0.280	0.319
>CMCMAGGSMB	23-CMCMAGGSMB	8.138988	-0.000007	0	T:17.0(1.83%),B:10365.9(4.37%),P:1e0	Tpos:104.0,Tstd:34.0,Bpos:9626.8,Bstd:39693.5,StrandBias:0.0,Multiplicity:1.00
0.001	0.870	0.128	0.001
0.382	0.489	0.122	0.007
0.007	0.618	0.374	0.001
0.497	0.380	0.001	0.122
0.617	0.001	0.381	0.001
0.136	0.001	0.862	0.001
0.001	0.001	0.997	0.001
0.001	0.503	0.495	0.001
0.367	0.510	0.001	0.122
0.001	0.381	0.244	0.374
>CDSCCYKCKG	24-CDSCCYKCKG	7.792913	-0.000003	0	T:28.0(3.02%),B:14720.9(6.21%),P:1e0	Tpos:96.5,Tstd:66.6,Bpos:7809.3,Bstd:34266.5,StrandBias:1.6,Multiplicity:1.00
0.001	0.860	0.138	0.001
0.297	0.139	0.279	0.285
0.001	0.562	0.436	0.001
0.001	0.714	0.284	0.001
0.001	0.997	0.001	0.001
0.001	0.556	0.001	0.442
0.001	0.001	0.436	0.562
0.001	0.703	0.145	0.151
0.006	0.012	0.418	0.564
0.001	0.296	0.702	0.001
>BTSCCTGSGC	25-BTSCCTGSGC	6.268653	-0.000002	0	T:37.0(3.99%),B:18172.3(7.66%),P:1e0	Tpos:69.0,Tstd:48.0,Bpos:6839.9,Bstd:22677.8,StrandBias:-10.0,Multiplicity:1.00
0.137	0.334	0.331	0.198
0.200	0.068	0.201	0.531
0.002	0.531	0.466	0.001
0.265	0.601	0.001	0.133
0.198	0.596	0.001	0.205
0.199	0.133	0.202	0.467
0.001	0.131	0.669	0.199
0.067	0.396	0.536	0.001
0.001	0.133	0.660	0.206
0.135	0.463	0.203	0.200
>ATSGAATGGAAT	1-ATSGAATGGAAT	15.663652	-70.836714	0	T:22.0(2.37%),B:84.5(0.04%),P:1e-30	Tpos:226.7,Tstd:131.0,Bpos:12574.9,Bstd:23176.7,StrandBias:1.8,Multiplicity:2.06
0.997	0.001	0.001	0.001
0.001	0.001	0.001	0.997
0.001	0.510	0.488	0.001
0.001	0.001	0.997	0.001
0.997	0.001	0.001	0.001
0.997	0.001	0.001	0.001
0.001	0.001	0.001	0.997
0.001	0.199	0.799	0.001
0.001	0.001	0.997	0.001
0.997	0.001	0.001	0.001
0.997	0.001	0.001	0.001
0.001	0.001	0.001	0.997
>TCTCTCTCTCTC	2-TCTCTCTCTCTC	2.625881	-63.728395	0	T:904.0(97.52%),B:207251.3(87.41%),P:1e-27	Tpos:103.8,Tstd:88.9,Bpos:12190.7,Bstd:46349.3,StrandBias:0.2,Multiplicity:2.71
0.100	0.100	0.100	0.700
0.100	0.700	0.100	0.100
0.100	0.100	0.100	0.700
0.100	0.700	0.100	0.100
0.100	0.100	0.100	0.700
0.100	0.700	0.100	0.100
0.100	0.100	0.100	0.700
0.100	0.700	0.100	0.100
0.100	0.100	0.100	0.700
0.100	0.700	0.100	0.100
0.100	0.100	0.100	0.700
0.100	0.700	0.100	0.100
>GAATGGAATGGA	3-GAATGGAATGGA	16.138050	-60.081875	0	T:17.0(1.83%),B:46.1(0.02%),P:1e-26	Tpos:133.7,Tstd:82.8,Bpos:18065.6,Bstd:18618.0,StrandBias:-0.6,Multiplicity:5.06
0.008	0.037	0.954	0.001
0.990	0.002	0.001	0.007
0.925	0.001	0.066	0.008
0.017	0.030	0.005	0.948
0.017	0.027	0.943	0.013
0.010	0.041	0.947	0.002
0.984	0.003	0.001	0.012
0.974	0.001	0.016	0.009
0.018	0.027	0.001	0.954
0.015	0.015	0.961	0.009
0.001	0.050	0.948	0.001
0.987	0.005	0.001	0.007
>NCAGVNCHNDRV	4-NCAGVNCHNDRV	3.245943	-59.662622	0	T:917.0(98.92%),B:215110.0(90.72%),P:1e-25	Tpos:109.3,Tstd:120.7,Bpos:11309.4,Bstd:46338.3,StrandBias:-0.0,Multiplicity:1.71
0.316	0.264	0.176	0.244
0.187	0.440	0.181	0.192
0.575	0.001	0.001	0.423
0.001	0.001	0.997	0.001
0.285	0.275	0.341	0.099
0.207	0.244	0.228	0.321
0.001	0.714	0.284	0.001
0.367	0.264	0.001	0.368
0.187	0.181	0.321	0.311
0.337	0.001	0.388	0.274
0.310	0.001	0.451	0.238
0.265	0.300	0.305	0.130
>AATGGAATCATC	5-AATGGAATCATC	13.324266	-59.270337	0	T:20.0(2.16%),B:103.9(0.04%),P:1e-25	Tpos:173.5,Tstd:121.8,Bpos:9962.4,Bstd:31939.7,StrandBias:1.0,Multiplicity:1.29
0.919	0.001	0.001	0.079
0.958	0.001	0.040	0.001
0.001	0.060	0.001	0.938
0.085	0.001	0.875	0.039
0.057	0.001	0.911	0.031
0.997	0.001	0.001	0.001
0.959	0.001	0.039	0.001
0.027	0.001	0.001	0.971
0.082	0.869	0.001	0.048
0.968	0.001	0.001	0.030
0.249	0.001	0.001	0.749
0.001	0.975	0.001	0.023
>CMHMHVMHHHHH	6-CMHMHVMHHHHH	4.469092	-58.509615	0	T:852.0(91.91%),B:187770.4(79.19%),P:1e-25	Tpos:129.9,Tstd:161.4,Bpos:12301.8,Bstd:48499.5,StrandBias:0.3,Multiplicity:1.64
0.001	0.997	0.001	0.001
0.309	0.421	0.001	0.269
0.309	0.406	0.001	0.284
0.309	0.424	0.001	0.266
0.367	0.280	0.001	0.352
0.266	0.281	0.309	0.144
0.441	0.557	0.001	0.001
0.349	0.381	0.001	0.269
0.305	0.374	0.001	0.320
0.356	0.349	0.001	0.295
0.338	0.392	0.001	0.269
0.370	0.291	0.001	0.338
>CACTCGGGTTGA	7-CACTCGGGTTGA	13.878894	-48.636246	0	T:10.0(1.08%),B:4.3(0.00%),P:1e-21	Tpos:120.9,Tstd:68.8,Bpos:927.3,Bstd:1035.0,StrandBias:1.0,Multiplicity:1.50
0.083	0.915	0.001	0.001
0.997	0.001	0.001	0.001
0.001	0.903	0.001	0.095
0.001	0.001	0.001	0.997
0.083	0.915	0.001	0.001
0.001	0.001	0.997	0.001
0.095	0.095	0.809	0.001
0.001	0.001	0.997	0.001
0.001	0.001	0.001	0.997
0.001	0.001	0.001	0.997
0.095	0.001	0.903	0.001
0.997	0.001	0.001	0.001
>VNNCCAGGCTGN	8-VNNCCAGGCTGN	3.435958	-44.522128	0	T:881.0(95.04%),B:203279.1(85.73%),P:1e-19	Tpos:104.0,Tstd:97.9,Bpos:11378.1,Bstd:45863.1,StrandBias:0.0,Multiplicity:1.65
0.343	0.210	0.266	0.181
0.299	0.181	0.207	0.314
0.299	0.214	0.280	0.207
0.001	0.557	0.343	0.099
0.265	0.528	0.001	0.206
0.604	0.001	0.001	0.394
0.203	0.001	0.545	0.251
0.001	0.295	0.494	0.210
0.207	0.461	0.085	0.247
0.294	0.001	0.001	0.704
0.007	0.063	0.631	0.299
0.188	0.284	0.277	0.251
>WATKMAATGGAN	9-WATKMAATGGAN	3.659087	-38.700021	0	T:860.0(92.77%),B:197588.3(83.33%),P:1e-16	Tpos:104.8,Tstd:87.3,Bpos:13506.3,Bstd:53332.9,StrandBias:0.1,Multiplicity:1.43
0.307	0.155	0.149	0.390
0.566	0.101	0.021	0.312
0.107	0.080	0.283	0.530
0.110	0.214	0.274	0.402
0.381	0.271	0.155	0.193
0.559	0.372	0.039	0.030
0.550	0.384	0.048	0.018
0.208	0.015	0.143	0.634
0.035	0.001	0.664	0.300
0.158	0.235	0.455	0.152
0.753	0.054	0.080	0.113
0.286	0.217	0.235	0.262
>GATAGATAGATA	10-GATAGATAGATA	2.625881	-25.041330	0	T:891.0(96.12%),B:214032.8(90.27%),P:1e-10	Tpos:110.0,Tstd:98.0,Bpos:15166.3,Bstd:52811.6,StrandBias:-0.1,Multiplicity:2.50
0.100	0.100	0.700	0.100
0.700	0.100	0.100	0.100
0.100	0.100	0.100	0.700
0.700	0.100	0.100	0.100
0.100	0.100	0.700	0.100
0.700	0.100	0.100	0.100
0.100	0.100	0.100	0.700
0.700	0.100	0.100	0.100
0.100	0.100	0.700	0.100
0.700	0.100	0.100	0.100
0.100	0.100	0.100	0.700
0.700	0.100	0.100	0.100
>TSGAATGGAATS	11-TSGAATGGAATS	9.557190	-22.004000	0	T:28.0(3.02%),B:1649.8(0.70%),P:1e-9	Tpos:103.0,Tstd:54.7,Bpos:11505.4,Bstd:32275.5,StrandBias:1.4,Multiplicity:1.33
0.019	0.162	0.001	0.818
0.100	0.375	0.403	0.122
0.152	0.136	0.512	0.200
0.901	0.011	0.038	0.050
0.648	0.127	0.121	0.104
0.001	0.052	0.045	0.902
0.143	0.249	0.561	0.047
0.036	0.163	0.718	0.083
0.957	0.001	0.028	0.014
0.695	0.122	0.182	0.001
0.045	0.001	0.001	0.953
0.120	0.401	0.363	0.116
>WAAAAAAAAAAW	12-WAAAAAAAAAAW	3.560643	-20.671662	0	T:755.0(81.45%),B:173003.4(72.96%),P:1e-8	Tpos:103.3,Tstd:82.1,Bpos:13873.2,Bstd:48934.7,StrandBias:-0.0,Multiplicity:1.64
0.425	0.219	0.071	0.286
0.610	0.093	0.031	0.266
0.603	0.159	0.107	0.131
0.622	0.155	0.050	0.173
0.660	0.124	0.045	0.171
0.603	0.129	0.079	0.189
0.523	0.093	0.063	0.321
0.596	0.129	0.111	0.164
0.608	0.120	0.071	0.201
0.565	0.162	0.052	0.221
0.753	0.062	0.039	0.146
0.415	0.119	0.094	0.372
>AATGGAATGGAA	13-AATGGAATGGAA	10.497816	-20.562577	0	T:24.0(2.59%),B:1307.0(0.55%),P:1e-8	Tpos:168.3,Tstd:125.2,Bpos:13473.4,Bstd:33942.5,StrandBias:1.4,Multiplicity:2.76
0.698	0.300	0.001	0.001
0.675	0.165	0.120	0.040
0.008	0.079	0.054	0.859
0.068	0.299	0.508	0.125
0.171	0.069	0.722	0.038
0.997	0.001	0.001	0.001
0.775	0.059	0.126	0.040
0.036	0.090	0.001	0.873
0.033	0.216	0.617	0.134
0.233	0.078	0.603	0.086
0.966	0.001	0.001	0.032
0.614	0.239	0.103	0.044
>CTCTCTCTGTCT	14-CTCTCTCTGTCT	4.525176	-14.295980	0	T:537.0(57.93%),B:118345.0(49.91%),P:1e-6	Tpos:90.8,Tstd:62.2,Bpos:14016.1,Bstd:52431.7,StrandBias:0.3,Multiplicity:1.49
0.092	0.745	0.070	0.093
0.107	0.097	0.050	0.746
0.050	0.740	0.118	0.092
0.084	0.079	0.036	0.801
0.114	0.694	0.100	0.092
0.074	0.075	0.049	0.802
0.073	0.739	0.117	0.071
0.051	0.038	0.024	0.887
0.100	0.147	0.647	0.106
0.094	0.091	0.088	0.727
0.073	0.702	0.125	0.100
0.102	0.077	0.050	0.771
>ATCATCAAATGG	15-ATCATCAAATGG	14.692939	-12.891654	0	T:7.0(0.76%),B:144.0(0.06%),P:1e-5	Tpos:125.7,Tstd:85.1,Bpos:16494.0,Bstd:62513.4,StrandBias:2.3,Multiplicity:1.20
0.997	0.001	0.001	0.001
0.001	0.001	0.001	0.997
0.001	0.666	0.332	0.001
0.997	0.001	0.001	0.001
0.001	0.332	0.001	0.666
0.001	0.997	0.001	0.001
0.997	0.001	0.001	0.001
0.997	0.001	0.001	0.001
0.997	0.001	0.001	0.001
0.001	0.001	0.001	0.997
0.001	0.001	0.997	0.001
0.332	0.001	0.666	0.001
>HTTTSAWAAWTT	16-HTTTSAWAAWTT	1.618911	-9.295497	0	T:920.0(99.24%),B:231253.5(97.53%),P:1e-4	Tpos:100.8,Tstd:75.8,Bpos:15402.9,Bstd:58945.3,StrandBias:-0.1,Multiplicity:1.48
0.324	0.193	0.167	0.316
0.026	0.123	0.105	0.746
0.123	0.246	0.202	0.430
0.001	0.026	0.184	0.789
0.088	0.351	0.404	0.158
0.631	0.298	0.053	0.018
0.369	0.114	0.210	0.307
0.553	0.044	0.175	0.228
0.518	0.105	0.044	0.333
0.255	0.175	0.193	0.377
0.211	0.140	0.044	0.605
0.053	0.149	0.149	0.649
>HCCTNDGGKWAR	17-HCCTNDGGKWAR	4.531092	-7.431537	0	T:591.0(63.75%),B:138654.0(58.48%),P:1e-3	Tpos:98.4,Tstd:54.3,Bpos:10430.6,Bstd:43578.4,StrandBias:-0.1,Multiplicity:1.02
0.354	0.324	0.096	0.226
0.161	0.580	0.097	0.162
0.064	0.743	0.001	0.192
0.227	0.225	0.001	0.547
0.225	0.194	0.259	0.322
0.225	0.128	0.290	0.356
0.418	0.001	0.580	0.001
0.001	0.001	0.997	0.001
0.001	0.161	0.484	0.354
0.484	0.001	0.097	0.418
0.548	0.001	0.387	0.064
0.387	0.130	0.290	0.194
>RTCWGTGSBBCC	18-RTCWGTGSBBCC	7.509227	-0.099059	0	T:19.0(2.05%),B:6355.5(2.68%),P:1e0	Tpos:203.9,Tstd:214.6,Bpos:8014.3,Bstd:33504.8,StrandBias:-0.4,Multiplicity:1.00
0.403	0.196	0.319	0.081
0.040	0.203	0.196	0.561
0.202	0.596	0.081	0.121
0.403	0.238	0.001	0.359
0.080	0.320	0.599	0.001
0.201	0.001	0.314	0.484
0.001	0.001	0.997	0.001
0.242	0.282	0.395	0.081
0.040	0.311	0.285	0.363
0.001	0.322	0.313	0.364
0.001	0.843	0.155	0.001
0.362	0.557	0.001	0.080
>ATCWTTTMTSTA	19-ATCWTTTMTSTA	9.382784	-0.049965	0	T:6.0(0.65%),B:2694.4(1.14%),P:1e0	Tpos:108.0,Tstd:0.0,Bpos:6372.0,Bstd:13217.4,StrandBias:0.0,Multiplicity:1.00
0.458	0.268	0.092	0.182
0.092	0.001	0.363	0.544
0.273	0.725	0.001	0.001
0.546	0.001	0.001	0.452
0.001	0.092	0.089	0.818
0.001	0.001	0.001	0.997
0.370	0.001	0.001	0.628
0.366	0.363	0.182	0.089
0.189	0.001	0.089	0.721
0.001	0.454	0.544	0.001
0.268	0.268	0.001	0.463
0.541	0.001	0.271	0.187
>SCYCCCASTGRB	20-SCYCCCASTGRB	7.804801	-0.003296	0	T:26.0(2.80%),B:10648.0(4.49%),P:1e0	Tpos:93.6,Tstd:55.3,Bpos:8140.3,Bstd:27953.5,StrandBias:-1.3,Multiplicity:1.00
0.165	0.293	0.376	0.166
0.208	0.749	0.042	0.001
0.250	0.417	0.001	0.333
0.333	0.665	0.001	0.001
0.248	0.627	0.001	0.124
0.001	0.709	0.082	0.208
0.543	0.165	0.001	0.291
0.001	0.541	0.457	0.001
0.290	0.001	0.001	0.708
0.001	0.001	0.997	0.001
0.333	0.166	0.376	0.125
0.085	0.290	0.334	0.292
>SAGSAGCHYCAS	21-SAGSAGCHYCAS	7.058991	-0.000002	0	T:38.0(4.10%),B:18552.2(7.82%),P:1e0	Tpos:80.0,Tstd:59.6,Bpos:5972.7,Bstd:24130.5,StrandBias:-1.0,Multiplicity:1.00
0.196	0.353	0.315	0.137
0.724	0.020	0.118	0.138
0.177	0.039	0.686	0.098
0.059	0.412	0.431	0.098
0.528	0.001	0.215	0.256
0.098	0.098	0.745	0.059
0.275	0.450	0.118	0.158
0.353	0.333	0.060	0.255
0.196	0.392	0.118	0.294
0.039	0.921	0.020	0.020
0.666	0.098	0.039	0.197
0.039	0.392	0.333	0.236
>NNNNNNNNNNNN	22-NNNNNNNNNNNN	nan	0.000000	0	T:0.0(0.00%),B:0.0(0.00%),P:1e0	Tpos:0.0,Tstd:0.0,Bpos:0.0,Bstd:0.0,StrandBias:0.0,Multiplicity:1.00
nan	nan	nan	nan
nan	nan	nan	nan
nan	nan	nan	nan
nan	nan	nan	nan
nan	nan	nan	nan
nan	nan	nan	nan
nan	nan	nan	nan
nan	nan	nan	nan
nan	nan	nan	nan
nan	nan	nan	nan
nan	nan	nan	nan
nan	nan	nan	nan
>NNNNNNNNNNNN	23-NNNNNNNNNNNN	nan	0.000000	0	T:0.0(0.00%),B:0.0(0.00%),P:1e0	Tpos:0.0,Tstd:0.0,Bpos:0.0,Bstd:0.0,StrandBias:0.0,Multiplicity:1.00
nan	nan	nan	nan
nan	nan	nan	nan
nan	nan	nan	nan
nan	nan	nan	nan
nan	nan	nan	nan
nan	nan	nan	nan
nan	nan	nan	nan
nan	nan	nan	nan
nan	nan	nan	nan
nan	nan	nan	nan
nan	nan	nan	nan
nan	nan	nan	nan
>NNNNNNNNNNNN	24-NNNNNNNNNNNN	nan	0.000000	0	T:0.0(0.00%),B:0.0(0.00%),P:1e0	Tpos:0.0,Tstd:0.0,Bpos:0.0,Bstd:0.0,StrandBias:0.0,Multiplicity:1.00
nan	nan	nan	nan
nan	nan	nan	nan
nan	nan	nan	nan
nan	nan	nan	nan
nan	nan	nan	nan
nan	nan	nan	nan
nan	nan	nan	nan
nan	nan	nan	nan
nan	nan	nan	nan
nan	nan	nan	nan
nan	nan	nan	nan
nan	nan	nan	nan
>NNNNNNNNNNNN	25-NNNNNNNNNNNN	nan	0.000000	0	T:0.0(0.00%),B:0.0(0.00%),P:1e0	Tpos:0.0,Tstd:0.0,Bpos:0.0,Bstd:0.0,StrandBias:0.0,Multiplicity:1.00
nan	nan	nan	nan
nan	nan	nan	nan
nan	nan	nan	nan
nan	nan	nan	nan
nan	nan	nan	nan
nan	nan	nan	nan
nan	nan	nan	nan
nan	nan	nan	nan
nan	nan	nan	nan
nan	nan	nan	nan
nan	nan	nan	nan
nan	nan	nan	nan
>WSWSWDSW	1-WSWSWDSW	3.344407	-52.032979	0	T:864.0(93.20%),B:194319.1(81.95%),P:1e-22	Tpos:101.4,Tstd:92.7,Bpos:14021.9,Bstd:55740.2,StrandBias:0.1,Multiplicity:1.73
0.379	0.070	0.100	0.451
0.078	0.403	0.443	0.075
0.409	0.055	0.118	0.419
0.060	0.367	0.508	0.065
0.462	0.103	0.089	0.346
0.214	0.145	0.304	0.337
0.031	0.509	0.418	0.042
0.409	0.087	0.091	0.413
>NCNWGGRB	2-NCNWGGRB	2.986047	-41.999722	0	T:902.0(97.30%),B:212697.2(89.70%),P:1e-18	Tpos:107.1,Tstd:109.2,Bpos:10200.5,Bstd:40767.1,StrandBias:-0.1,Multiplicity:1.45
0.199	0.289	0.226	0.286
0.279	0.435	0.001	0.285
0.216	0.316	0.223	0.246
0.531	0.001	0.001	0.467
0.001	0.001	0.997	0.001
0.245	0.001	0.465	0.289
0.276	0.186	0.346	0.193
0.153	0.352	0.282	0.213
>HWTDCWSW	3-HWTDCWSW	3.169243	-40.529339	0	T:873.0(94.17%),B:201624.0(85.03%),P:1e-17	Tpos:104.0,Tstd:98.6,Bpos:14522.4,Bstd:56889.0,StrandBias:0.3,Multiplicity:1.51
0.279	0.254	0.116	0.351
0.287	0.181	0.161	0.370
0.146	0.217	0.239	0.397
0.258	0.127	0.256	0.359
0.001	0.576	0.422	0.001
0.402	0.094	0.001	0.503
0.001	0.525	0.473	0.001
0.416	0.191	0.047	0.347
>CHTGTSTT	4-CHTGTSTT	0.842310	-38.176401	0	T:865.0(93.31%),B:199563.1(84.16%),P:1e-16	Tpos:101.9,Tstd:89.8,Bpos:13142.9,Bstd:51067.7,StrandBias:-0.1,Multiplicity:1.49
0.129	0.773	0.001	0.097
0.385	0.357	0.001	0.258
0.224	0.001	0.001	0.774
0.001	0.324	0.643	0.032
0.001	0.001	0.001	0.997
0.001	0.515	0.483	0.001
0.001	0.001	0.001	0.997
0.419	0.001	0.001	0.579
>WNWDGSHW	5-WNWDGSHW	2.881472	-36.205085	0	T:842.0(90.83%),B:192358.8(81.12%),P:1e-15	Tpos:105.0,Tstd:106.8,Bpos:13153.6,Bstd:50231.0,StrandBias:-0.1,Multiplicity:1.54
0.336	0.150	0.172	0.341
0.300	0.185	0.216	0.299
0.354	0.151	0.198	0.297
0.363	0.001	0.278	0.358
0.001	0.301	0.697	0.001
0.001	0.430	0.316	0.253
0.383	0.244	0.001	0.372
0.359	0.079	0.193	0.368
>WYWHWTTW	6-WYWHWTTW	2.604707	-29.545342	0	T:857.0(92.45%),B:200153.3(84.41%),P:1e-12	Tpos:109.0,Tstd:131.3,Bpos:13722.7,Bstd:50473.8,StrandBias:0.0,Multiplicity:1.57
0.266	0.195	0.161	0.377
0.210	0.252	0.160	0.378
0.322	0.215	0.033	0.430
0.370	0.224	0.140	0.267
0.360	0.144	0.092	0.403
0.231	0.176	0.111	0.482
0.238	0.020	0.001	0.741
0.308	0.193	0.131	0.367
>AAAAAWWA	7-AAAAAWWA	3.702084	-22.180285	0	T:783.0(84.47%),B:180351.8(76.06%),P:1e-9	Tpos:104.0,Tstd:93.9,Bpos:14975.7,Bstd:51981.3,StrandBias:-0.1,Multiplicity:1.72
0.724	0.045	0.013	0.218
0.479	0.053	0.151	0.317
0.539	0.098	0.154	0.209
0.608	0.056	0.176	0.160
0.636	0.001	0.092	0.271
0.537	0.028	0.034	0.401
0.453	0.024	0.136	0.387
0.542	0.014	0.128	0.316
>WWAWSWNW	8-WWAWSWNW	3.134292	-19.690196	0	T:831.0(89.64%),B:196275.6(82.78%),P:1e-8	Tpos:107.1,Tstd:89.9,Bpos:14928.7,Bstd:56153.8,StrandBias:0.0,Multiplicity:1.57
0.428	0.025	0.132	0.415
0.363	0.153	0.210	0.274
0.440	0.246	0.189	0.124
0.442	0.001	0.146	0.411
0.045	0.426	0.528	0.001
0.385	0.169	0.094	0.352
0.320	0.189	0.204	0.287
0.466	0.080	0.001	0.453
>TSTWWCAT	9-TSTWWCAT	3.052686	-18.745434	0	T:835.0(90.08%),B:198019.8(83.51%),P:1e-8	Tpos:108.6,Tstd:100.9,Bpos:14205.5,Bstd:53015.8,StrandBias:-0.0,Multiplicity:1.61
0.379	0.001	0.012	0.608
0.228	0.341	0.430	0.001
0.397	0.001	0.001	0.601
0.493	0.044	0.001	0.462
0.442	0.001	0.001	0.556
0.001	0.632	0.366	0.001
0.778	0.001	0.001	0.220
0.348	0.001	0.031	0.620
>WWAAAAAA	10-WWAAAAAA	3.224995	-18.527649	0	T:814.0(87.81%),B:191679.2(80.84%),P:1e-8	Tpos:105.7,Tstd:87.3,Bpos:14437.3,Bstd:52841.4,StrandBias:-0.1,Multiplicity:1.55
0.364	0.163	0.123	0.351
0.333	0.152	0.179	0.335
0.408	0.159	0.236	0.196
0.539	0.206	0.234	0.021
0.533	0.160	0.168	0.139
0.665	0.001	0.039	0.295
0.532	0.040	0.195	0.233
0.604	0.001	0.128	0.267
>TTTTTTTT	11-TTTTTTTT	4.553117	-15.077305	0	T:677.0(73.03%),B:154818.3(65.29%),P:1e-6	Tpos:104.2,Tstd:79.8,Bpos:13954.1,Bstd:49572.8,StrandBias:0.0,Multiplicity:1.62
0.171	0.226	0.001	0.602
0.074	0.232	0.001	0.693
0.090	0.188	0.001	0.721
0.219	0.162	0.001	0.618
0.275	0.019	0.001	0.705
0.293	0.032	0.001	0.674
0.303	0.090	0.001	0.606
0.241	0.138	0.001	0.620
>ADAAAGAA	12-ADAAAGAA	5.228623	-12.227850	0	T:637.0(68.72%),B:146249.7(61.68%),P:1e-5	Tpos:101.2,Tstd:91.5,Bpos:13316.0,Bstd:47799.7,StrandBias:-0.1,Multiplicity:1.52
0.623	0.001	0.001	0.375
0.330	0.001	0.266	0.403
0.477	0.001	0.220	0.302
0.843	0.001	0.155	0.001
0.898	0.001	0.100	0.001
0.001	0.001	0.751	0.247
0.997	0.001	0.001	0.001
0.997	0.001	0.001	0.001
>AATGGAAT	13-AATGGAAT	-2.782043	-11.930126	0	T:566.0(61.06%),B:127787.8(53.89%),P:1e-5	Tpos:125.7,Tstd:101.5,Bpos:17272.4,Bstd:63530.0,StrandBias:0.0,Multiplicity:3.03
0.997	0.001	0.001	0.001
0.997	0.001	0.001	0.001
0.001	0.044	0.001	0.954
0.001	0.039	0.959	0.001
0.001	0.001	0.997	0.001
0.997	0.001	0.001	0.001
0.997	0.001	0.001	0.001
0.001	0.001	0.001	0.997
>TATTTCCT	14-TATTTCCT	2.189720	-8.753500	0	T:587.0(63.32%),B:136214.5(57.45%),P:1e-3	Tpos:100.3,Tstd:77.0,Bpos:13731.7,Bstd:49462.3,StrandBias:0.0,Multiplicity:1.52
0.089	0.152	0.101	0.658
0.997	0.001	0.001	0.001
0.012	0.001	0.001	0.986
0.001	0.001	0.001	0.997
0.001	0.001	0.012	0.986
0.001	0.997	0.001	0.001
0.164	0.620	0.001	0.215
0.001	0.001	0.001	0.997
>TTTGCCTG	15-TTTGCCTG	2.399224	-4.157007	0	T:927.0(100.00%),B:236051.7(99.55%),P:1e-1	Tpos:104.9,Tstd:97.5,Bpos:10059.5,Bstd:39482.6,StrandBias:-0.1,Multiplicity:3.32
0.100	0.100	0.100	0.700
0.100	0.100	0.100	0.700
0.100	0.100	0.100	0.700
0.100	0.100	0.700	0.100
0.100	0.700	0.100	0.100
0.100	0.700	0.100	0.100
0.100	0.100	0.100	0.700
0.100	0.100	0.700	0.100
>TGGTGATG	16-TGGTGATG	2.399224	-3.783545	0	T:925.0(99.78%),B:235238.0(99.21%),P:1e-1	Tpos:117.0,Tstd:132.7,Bpos:11768.7,Bstd:47436.4,StrandBias:-0.2,Multiplicity:2.13
0.100	0.100	0.100	0.700
0.100	0.100	0.700	0.100
0.100	0.100	0.700	0.100
0.100	0.100	0.100	0.700
0.100	0.100	0.700	0.100
0.700	0.100	0.100	0.100
0.100	0.100	0.100	0.700
0.100	0.100	0.700	0.100
>VBTAGGGC	17-VBTAGGGC	5.606172	-0.030825	0	T:193.0(20.82%),B:55370.7(23.35%),P:1e0	Tpos:69.3,Tstd:36.5,Bpos:8884.6,Bstd:33805.5,StrandBias:-1.0,Multiplicity:1.00
0.330	0.330	0.338	0.001
0.016	0.339	0.322	0.322
0.001	0.330	0.001	0.668
0.661	0.001	0.330	0.008
0.338	0.001	0.653	0.008
0.330	0.001	0.668	0.001
0.008	0.330	0.630	0.032
0.008	0.645	0.346	0.001
>VNANTKTB	18-VNANTKTB	3.954057	-0.005241	0	T:177.0(19.09%),B:53351.9(22.50%),P:1e0	Tpos:92.5,Tstd:62.7,Bpos:14639.8,Bstd:47737.3,StrandBias:-1.6,Multiplicity:1.00
0.385	0.334	0.280	0.001
0.263	0.246	0.210	0.281
0.455	0.246	0.298	0.001
0.264	0.176	0.298	0.263
0.193	0.001	0.298	0.508
0.141	0.193	0.351	0.315
0.001	0.001	0.001	0.997
0.001	0.368	0.263	0.368
>GTTTGGAA	19-GTTTGGAA	6.291044	-0.003998	0	T:186.0(20.06%),B:56102.4(23.66%),P:1e0	Tpos:76.0,Tstd:72.0,Bpos:15920.6,Bstd:59734.6,StrandBias:10.0,Multiplicity:1.00
0.100	0.100	0.700	0.100
0.100	0.100	0.100	0.700
0.100	0.100	0.100	0.700
0.100	0.100	0.100	0.700
0.100	0.100	0.700	0.100
0.100	0.100	0.700	0.100
0.700	0.100	0.100	0.100
0.700	0.100	0.100	0.100
>CCTTCCAC	20-CCTTCCAC	0.453314	-0.003902	0	T:927.0(100.00%),B:237113.4(100.00%),P:1e0	Tpos:110.7,Tstd:110.3,Bpos:11779.3,Bstd:47911.9,StrandBias:0.0,Multiplicity:2.01
0.100	0.700	0.100	0.100
0.100	0.700	0.100	0.100
0.100	0.100	0.100	0.700
0.100	0.100	0.100	0.700
0.100	0.700	0.100	0.100
0.100	0.700	0.100	0.100
0.700	0.100	0.100	0.100
0.100	0.700	0.100	0.100
>RGKCWDCC	21-RGKCWDCC	6.290426	-0.000091	0	T:62.0(6.69%),B:24077.3(10.15%),P:1e0	Tpos:150.7,Tstd:91.5,Bpos:6407.1,Bstd:32729.1,StrandBias:1.0,Multiplicity:1.00
0.490	0.001	0.377	0.132
0.001	0.122	0.627	0.250
0.005	0.128	0.494	0.373
0.001	0.744	0.122	0.133
0.378	0.001	0.122	0.499
0.245	0.122	0.255	0.378
0.001	0.994	0.004	0.001
0.001	0.749	0.001	0.249
>RCTTTCCA	22-RCTTTCCA	5.382179	-0.000043	0	T:148.0(15.97%),B:49826.0(21.01%),P:1e0	Tpos:3.0,Tstd:0.0,Bpos:10867.1,Bstd:47664.8,StrandBias:-10.0,Multiplicity:1.00
0.461	0.154	0.384	0.001
0.001	0.461	0.230	0.307
0.001	0.307	0.001	0.691
0.077	0.231	0.154	0.538
0.231	0.077	0.077	0.615
0.077	0.462	0.231	0.231
0.001	0.922	0.076	0.001
0.385	0.231	0.154	0.231
>RCTGTABB	23-RCTGTABB	5.943479	-0.000010	0	T:47.0(5.07%),B:20620.6(8.70%),P:1e0	Tpos:75.0,Tstd:0.0,Bpos:12920.4,Bstd:46784.6,StrandBias:10.0,Multiplicity:1.00
0.441	0.001	0.418	0.140
0.001	0.697	0.163	0.139
0.001	0.138	0.001	0.860
0.139	0.001	0.721	0.139
0.001	0.001	0.419	0.579
0.579	0.001	0.419	0.001
0.001	0.279	0.301	0.418
0.139	0.301	0.280	0.280
>TGDNTKAA	24-TGDNTKAA	5.000085	-0.000000	0	T:88.0(9.49%),B:35617.2(15.02%),P:1e0	Tpos:18.0,Tstd:0.0,Bpos:7802.0,Bstd:21654.4,StrandBias:-10.0,Multiplicity:1.00
0.207	0.001	0.294	0.498
0.001	0.002	0.996	0.001
0.298	0.102	0.298	0.302
0.197	0.308	0.197	0.298
0.298	0.001	0.003	0.698
0.098	0.200	0.394	0.308
0.590	0.309	0.003	0.098
0.400	0.207	0.197	0.197
>RAMHNTRG	25-RAMHNTRG	-3.171741	0.000000	0	T:927.0(100.00%),B:237114.5(100.00%),P:1e0	Tpos:104.6,Tstd:82.4,Bpos:13628.1,Bstd:53388.8,StrandBias:-0.0,Multiplicity:1.36
0.333	0.146	0.458	0.062
0.646	0.021	0.250	0.083
0.375	0.417	0.146	0.062
0.312	0.292	0.083	0.313
0.229	0.250	0.251	0.271
0.001	0.395	0.001	0.603
0.416	0.001	0.333	0.250
0.001	0.291	0.583	0.125
