>AGCWGDGCAT	1-AGCWGDGCAT	2.827259	-55.639207	0	T:908.0(97.95%),B:211452.6(89.18%),P:1e-24	Tpos:103.6,Tstd:92.2,Bpos:11264.8,Bstd:45148.4,StrandBias:0.0,Multiplicity:1.74
0.554	0.006	0.045	0.395
0.192	0.028	0.741	0.039
0.011	0.555	0.344	0.090
0.350	0.173	0.136	0.341
0.023	0.260	0.482	0.235
0.327	0.001	0.322	0.350
0.141	0.036	0.800	0.023
0.248	0.690	0.028	0.034
0.482	0.192	0.017	0.309
0.181	0.039	0.300	0.480
>CGAGTGGAAT	2-CGAGTGGAAT	12.619282	-49.708525	0	T:14.0(1.51%),B:38.4(0.02%),P:1e-21	Tpos:115.7,Tstd:81.9,Bpos:9538.6,Bstd:20311.2,StrandBias:-0.6,Multiplicity:1.64
0.001	0.805	0.193	0.001
0.001	0.001	0.997	0.001
0.975	0.001	0.001	0.023
0.294	0.099	0.606	0.001
0.001	0.113	0.001	0.885
0.077	0.128	0.794	0.001
0.001	0.001	0.997	0.001
0.997	0.001	0.001	0.001
0.932	0.066	0.001	0.001
0.001	0.064	0.001	0.934
>ATTCCATTCG	3-ATTCCATTCG	10.156525	-43.832230	0	T:14.0(1.51%),B:62.5(0.03%),P:1e-19	Tpos:207.2,Tstd:132.4,Bpos:11311.1,Bstd:26209.4,StrandBias:-2.2,Multiplicity:3.14
0.805	0.001	0.193	0.001
0.124	0.117	0.170	0.589
0.045	0.001	0.092	0.862
0.048	0.772	0.050	0.130
0.048	0.556	0.345	0.051
0.604	0.074	0.321	0.001
0.050	0.139	0.274	0.537
0.143	0.048	0.177	0.632
0.053	0.900	0.046	0.001
0.001	0.239	0.759	0.001
>TYTYTYTCWD	4-TYTYTYTCWD	3.971508	-37.661506	0	T:838.0(90.40%),B:190434.0(80.31%),P:1e-16	Tpos:94.0,Tstd:68.4,Bpos:14010.1,Bstd:54541.3,StrandBias:0.3,Multiplicity:1.41
0.258	0.174	0.072	0.497
0.177	0.359	0.136	0.328
0.228	0.202	0.001	0.569
0.125	0.281	0.182	0.412
0.043	0.193	0.073	0.691
0.107	0.392	0.197	0.305
0.103	0.121	0.001	0.775
0.001	0.541	0.292	0.166
0.393	0.075	0.001	0.531
0.233	0.174	0.242	0.350
>ATCGAATGGA	5-ATCGAATGGA	8.561085	-30.139043	0	T:25.0(2.70%),B:890.4(0.38%),P:1e-13	Tpos:166.0,Tstd:126.9,Bpos:14211.2,Bstd:43735.9,StrandBias:1.8,Multiplicity:2.12
0.632	0.134	0.117	0.117
0.112	0.068	0.074	0.746
0.015	0.683	0.232	0.070
0.040	0.080	0.830	0.050
0.737	0.093	0.112	0.058
0.647	0.101	0.128	0.124
0.073	0.148	0.092	0.687
0.113	0.195	0.583	0.109
0.163	0.136	0.639	0.062
0.817	0.093	0.024	0.066
>WNWCWCTYTH	6-WNWCWCTYTH	3.744068	-29.297939	0	T:842.0(90.83%),B:195240.7(82.34%),P:1e-12	Tpos:107.2,Tstd:92.3,Bpos:13262.4,Bstd:52075.1,StrandBias:0.1,Multiplicity:1.50
0.314	0.187	0.131	0.368
0.305	0.288	0.183	0.224
0.372	0.181	0.039	0.409
0.150	0.544	0.305	0.001
0.421	0.086	0.001	0.492
0.030	0.488	0.329	0.153
0.327	0.176	0.001	0.496
0.001	0.464	0.191	0.344
0.004	0.131	0.001	0.864
0.224	0.243	0.189	0.344
>GAATGGAATG	7-GAATGGAATG	13.660111	-25.822263	0	T:19.0(2.05%),B:580.1(0.24%),P:1e-11	Tpos:136.9,Tstd:81.2,Bpos:15851.0,Bstd:22523.6,StrandBias:-0.5,Multiplicity:12.59
0.001	0.001	0.997	0.001
0.997	0.001	0.001	0.001
0.997	0.001	0.001	0.001
0.001	0.045	0.001	0.953
0.001	0.001	0.997	0.001
0.001	0.001	0.997	0.001
0.997	0.001	0.001	0.001
0.997	0.001	0.001	0.001
0.001	0.046	0.001	0.952
0.001	0.079	0.919	0.001
>VYAYAAAYAC	8-VYAYAAAYAC	-0.201725	-23.818213	0	T:864.0(93.20%),B:204974.4(86.45%),P:1e-10	Tpos:116.4,Tstd:121.7,Bpos:12914.4,Bstd:47764.8,StrandBias:-0.1,Multiplicity:1.48
0.223	0.296	0.333	0.148
0.036	0.555	0.001	0.408
0.997	0.001	0.001	0.001
0.185	0.444	0.001	0.370
0.630	0.001	0.001	0.368
0.515	0.298	0.037	0.150
0.997	0.001	0.001	0.001
0.036	0.556	0.001	0.407
0.997	0.001	0.001	0.001
0.185	0.443	0.149	0.222
>AWASAAAGAW	9-AWASAAAGAW	4.039225	-21.967221	0	T:794.0(85.65%),B:183753.8(77.50%),P:1e-9	Tpos:99.6,Tstd:93.5,Bpos:17106.1,Bstd:63962.4,StrandBias:-0.0,Multiplicity:1.50
0.640	0.007	0.001	0.352
0.351	0.141	0.096	0.413
0.502	0.001	0.204	0.293
0.130	0.303	0.438	0.130
0.468	0.200	0.061	0.272
0.554	0.138	0.111	0.197
0.556	0.001	0.293	0.150
0.279	0.277	0.443	0.001
0.744	0.076	0.080	0.100
0.418	0.092	0.223	0.268
>AATGGAADDT	10-AATGGAADDT	-2.573282	-16.322892	0	T:735.0(79.29%),B:170013.5(71.70%),P:1e-7	Tpos:103.0,Tstd:74.6,Bpos:15079.0,Bstd:55293.5,StrandBias:-0.1,Multiplicity:2.02
0.997	0.001	0.001	0.001
0.997	0.001	0.001	0.001
0.001	0.001	0.001	0.997
0.001	0.001	0.997	0.001
0.001	0.001	0.997	0.001
0.997	0.001	0.001	0.001
0.997	0.001	0.001	0.001
0.333	0.001	0.333	0.333
0.333	0.001	0.333	0.333
0.001	0.001	0.332	0.666
>AATGGAATSG	11-AATGGAATSG	10.726275	-14.584231	0	T:26.0(2.80%),B:2086.7(0.88%),P:1e-6	Tpos:180.6,Tstd:120.3,Bpos:11649.5,Bstd:44252.9,StrandBias:1.0,Multiplicity:1.65
0.891	0.055	0.020	0.034
0.862	0.027	0.088	0.023
0.024	0.092	0.005	0.879
0.034	0.101	0.770	0.095
0.051	0.030	0.902	0.017
0.941	0.033	0.001	0.025
0.840	0.040	0.104	0.016
0.023	0.091	0.016	0.870
0.062	0.364	0.480	0.094
0.370	0.044	0.572	0.014
>WAAAAWATTW	12-WAAAAWATTW	3.903063	-12.936823	0	T:702.0(75.73%),B:163268.4(68.86%),P:1e-5	Tpos:101.3,Tstd:95.1,Bpos:14115.9,Bstd:50394.3,StrandBias:0.1,Multiplicity:1.64
0.366	0.071	0.193	0.371
0.418	0.105	0.247	0.229
0.594	0.117	0.157	0.132
0.788	0.069	0.084	0.059
0.581	0.064	0.130	0.225
0.461	0.080	0.131	0.328
0.629	0.109	0.102	0.160
0.322	0.081	0.083	0.514
0.327	0.014	0.104	0.555
0.337	0.116	0.174	0.373
>HAWTTTAAAT	13-HAWTTTAAAT	4.371096	-11.745325	0	T:629.0(67.85%),B:144523.9(60.95%),P:1e-5	Tpos:105.0,Tstd:81.1,Bpos:14439.1,Bstd:49433.0,StrandBias:0.1,Multiplicity:1.88
0.267	0.380	0.103	0.250
0.666	0.137	0.006	0.191
0.390	0.072	0.049	0.488
0.200	0.046	0.034	0.720
0.135	0.080	0.085	0.700
0.181	0.228	0.176	0.414
0.532	0.121	0.081	0.266
0.514	0.157	0.050	0.279
0.620	0.060	0.051	0.269
0.303	0.067	0.067	0.563
>WWWSWSWWAW	14-WWWSWSWWAW	2.984098	-11.616182	0	T:752.0(81.12%),B:178168.8(75.14%),P:1e-5	Tpos:110.7,Tstd:108.0,Bpos:14175.6,Bstd:49833.1,StrandBias:-0.1,Multiplicity:1.70
0.501	0.001	0.001	0.497
0.478	0.001	0.001	0.520
0.429	0.001	0.127	0.443
0.114	0.438	0.361	0.087
0.524	0.001	0.001	0.474
0.001	0.433	0.470	0.096
0.492	0.001	0.001	0.506
0.461	0.004	0.001	0.534
0.647	0.001	0.001	0.351
0.524	0.001	0.001	0.474
>TGGAATGGAA	15-TGGAATGGAA	3.974041	-8.935748	0	T:521.0(56.20%),B:118917.2(50.15%),P:1e-3	Tpos:105.4,Tstd:81.1,Bpos:15254.2,Bstd:57522.5,StrandBias:0.1,Multiplicity:1.82
0.038	0.101	0.034	0.827
0.072	0.183	0.651	0.094
0.088	0.018	0.850	0.044
0.806	0.066	0.046	0.082
0.808	0.073	0.078	0.041
0.022	0.169	0.081	0.728
0.087	0.097	0.772	0.044
0.043	0.037	0.846	0.074
0.923	0.017	0.033	0.027
0.798	0.064	0.067	0.071
>ACATGAGGAA	16-ACATGAGGAA	2.512553	-7.073472	0	T:926.0(99.89%),B:234712.3(98.99%),P:1e-3	Tpos:105.8,Tstd:113.4,Bpos:11569.9,Bstd:46099.7,StrandBias:-0.1,Multiplicity:2.76
0.700	0.100	0.100	0.100
0.100	0.700	0.100	0.100
0.700	0.100	0.100	0.100
0.100	0.100	0.100	0.700
0.100	0.100	0.700	0.100
0.700	0.100	0.100	0.100
0.100	0.100	0.700	0.100
0.100	0.100	0.700	0.100
0.700	0.100	0.100	0.100
0.700	0.100	0.100	0.100
>WTTCCATTTN	17-WTTCCATTTN	10.385624	-4.384202	0	T:18.0(1.94%),B:2525.6(1.07%),P:1e-1	Tpos:251.0,Tstd:0.0,Bpos:181.0,Bstd:301.7,StrandBias:-10.0,Multiplicity:1.00
0.364	0.193	0.135	0.308
0.006	0.080	0.001	0.913
0.001	0.001	0.001	0.997
0.045	0.762	0.071	0.122
0.094	0.842	0.001	0.063
0.893	0.105	0.001	0.001
0.072	0.001	0.018	0.909
0.075	0.076	0.096	0.753
0.056	0.001	0.018	0.925
0.278	0.271	0.257	0.195
>CCKCTCKCCC	18-CCKCTCKCCC	8.536012	-2.128863	0	T:8.0(0.86%),B:1242.9(0.52%),P:1e0	Tpos:135.0,Tstd:0.0,Bpos:7853.8,Bstd:15077.8,StrandBias:10.0,Multiplicity:1.00
0.001	0.802	0.196	0.001
0.197	0.697	0.004	0.102
0.098	0.098	0.396	0.407
0.001	0.603	0.298	0.098
0.098	0.197	0.200	0.505
0.001	0.702	0.101	0.196
0.001	0.200	0.396	0.403
0.004	0.596	0.295	0.105
0.003	0.603	0.393	0.001
0.003	0.702	0.001	0.294
>NTGCKCYSTG	19-NTGCKCYSTG	7.544682	-0.491590	0	T:4.0(0.43%),B:1083.1(0.46%),P:1e0	Tpos:117.0,Tstd:0.0,Bpos:25547.4,Bstd:106411.7,StrandBias:-10.0,Multiplicity:1.00
0.280	0.291	0.279	0.151
0.278	0.001	0.150	0.571
0.001	0.011	0.838	0.150
0.291	0.557	0.151	0.001
0.001	0.140	0.418	0.441
0.139	0.721	0.139	0.001
0.140	0.290	0.139	0.430
0.001	0.430	0.291	0.278
0.139	0.139	0.001	0.721
0.139	0.001	0.570	0.290
>TGGTGGTGGT	20-TGGTGGTGGT	0.566642	-0.156795	0	T:926.0(99.89%),B:236943.0(99.93%),P:1e0	Tpos:119.0,Tstd:142.7,Bpos:10273.9,Bstd:41764.9,StrandBias:-0.2,Multiplicity:2.40
0.100	0.100	0.100	0.700
0.100	0.100	0.700	0.100
0.100	0.100	0.700	0.100
0.100	0.100	0.100	0.700
0.100	0.100	0.700	0.100
0.100	0.100	0.700	0.100
0.100	0.100	0.100	0.700
0.100	0.100	0.700	0.100
0.100	0.100	0.700	0.100
0.100	0.100	0.100	0.700
>GAAATTAAAA	21-GAAATTAAAA	-1.379268	-0.074139	0	T:927.0(100.00%),B:237095.6(99.99%),P:1e0	Tpos:109.5,Tstd:97.3,Bpos:13606.7,Bstd:52526.7,StrandBias:0.0,Multiplicity:1.63
0.100	0.100	0.700	0.100
0.700	0.100	0.100	0.100
0.700	0.100	0.100	0.100
0.700	0.100	0.100	0.100
0.100	0.100	0.100	0.700
0.100	0.100	0.100	0.700
0.700	0.100	0.100	0.100
0.700	0.100	0.100	0.100
0.700	0.100	0.100	0.100
0.700	0.100	0.100	0.100
>GSRCCCHGGB	22-GSRCCCHGGB	6.440878	-0.000042	0	T:14.0(1.51%),B:8536.2(3.60%),P:1e0	Tpos:146.7,Tstd:127.8,Bpos:4708.3,Bstd:21895.8,StrandBias:1.0,Multiplicity:1.00
0.001	0.359	0.559	0.081
0.079	0.361	0.358	0.201
0.320	0.119	0.400	0.161
0.040	0.558	0.362	0.040
0.238	0.603	0.080	0.079
0.039	0.881	0.001	0.079
0.242	0.319	0.079	0.360
0.040	0.040	0.600	0.320
0.040	0.200	0.680	0.080
0.079	0.321	0.280	0.319
>CMCMAGGSMB	23-CMCMAGGSMB	8.138988	-0.000007	0	T:17.0(1.83%),B:10365.9(4.37%),P:1e0	Tpos:104.0,Tstd:34.0,Bpos:9626.8,Bstd:39693.5,StrandBias:0.0,Multiplicity:1.00
0.001	0.870	0.128	0.001
0.382	0.489	0.122	0.007
0.007	0.618	0.374	0.001
0.497	0.380	0.001	0.122
0.617	0.001	0.381	0.001
0.136	0.001	0.862	0.001
0.001	0.001	0.997	0.001
0.001	0.503	0.495	0.001
0.367	0.510	0.001	0.122
0.001	0.381	0.244	0.374
>CDSCCYKCKG	24-CDSCCYKCKG	7.792913	-0.000003	0	T:28.0(3.02%),B:14720.9(6.21%),P:1e0	Tpos:96.5,Tstd:66.6,Bpos:7809.3,Bstd:34266.5,StrandBias:1.6,Multiplicity:1.00
0.001	0.860	0.138	0.001
0.297	0.139	0.279	0.285
0.001	0.562	0.436	0.001
0.001	0.714	0.284	0.001
0.001	0.997	0.001	0.001
0.001	0.556	0.001	0.442
0.001	0.001	0.436	0.562
0.001	0.703	0.145	0.151
0.006	0.012	0.418	0.564
0.001	0.296	0.702	0.001
>BTSCCTGSGC	25-BTSCCTGSGC	6.268653	-0.000002	0	T:37.0(3.99%),B:18172.3(7.66%),P:1e0	Tpos:69.0,Tstd:48.0,Bpos:6839.9,Bstd:22677.8,StrandBias:-10.0,Multiplicity:1.00
0.137	0.334	0.331	0.198
0.200	0.068	0.201	0.531
0.002	0.531	0.466	0.001
0.265	0.601	0.001	0.133
0.198	0.596	0.001	0.205
0.199	0.133	0.202	0.467
0.001	0.131	0.669	0.199
0.067	0.396	0.536	0.001
0.001	0.133	0.660	0.206
0.135	0.463	0.203	0.200
