>ACTACAATTCCC	9-ACTACAATTCCC,BestGuess:GFY(?)/Promoter/Homer(0.995)	9.876216	-18.451612	0	T:131.0(1.15%),B:1279.7(0.66%),P:1e-8
0.777	0.076	0.076	0.071
0.060	0.811	0.070	0.059
0.085	0.140	0.069	0.706
0.670	0.095	0.128	0.107
0.047	0.839	0.061	0.053
0.726	0.127	0.063	0.084
0.624	0.130	0.104	0.142
0.084	0.137	0.097	0.682
0.048	0.092	0.080	0.780
0.093	0.736	0.086	0.085
0.081	0.826	0.035	0.058
0.084	0.825	0.031	0.060
