>RGGGAAATYCCC	2-RGGGAAATYCCC,BestGuess:NFkB-p65(RHD)/GM12787-p65-ChIP-Seq(GSE19485)/Homer(0.970)	8.985645	-277.474751	0	T:464.0(4.08%),B:1969.7(1.02%),P:1e-120
0.239	0.181	0.378	0.202
0.093	0.095	0.640	0.172
0.008	0.032	0.915	0.045
0.215	0.001	0.775	0.009
0.604	0.019	0.376	0.001
0.913	0.044	0.042	0.001
0.544	0.109	0.177	0.170
0.156	0.191	0.150	0.503
0.081	0.466	0.088	0.365
0.041	0.929	0.029	0.001
0.055	0.907	0.024	0.014
0.184	0.586	0.065	0.165
