>AGGGGAATTCCC	9-AGGGGAATTCCC,BestGuess:NFkB-p65(RHD)/GM12787-p65-ChIP-Seq(GSE19485)/Homer(0.902)	10.516470	-11.817883	0	T:37.0(0.24%),B:171.2(0.10%),P:1e-5
0.677	0.089	0.120	0.114
0.097	0.064	0.761	0.078
0.059	0.066	0.822	0.053
0.058	0.060	0.814	0.068
0.100	0.081	0.760	0.059
0.722	0.102	0.103	0.073
0.684	0.109	0.098	0.109
0.121	0.102	0.130	0.647
0.062	0.090	0.091	0.757
0.049	0.772	0.088	0.091
0.081	0.816	0.054	0.049
0.089	0.768	0.059	0.084
