>ACTACAAYTCCC	3-ACTACAAYTCCC,BestGuess:GFY(?)/Promoter/Homer(0.972)	11.191462	-45.229201	0	T:214.0(1.39%),B:1132.6(0.66%),P:1e-19
0.852	0.076	0.071	0.001
0.093	0.860	0.046	0.001
0.049	0.127	0.059	0.765
0.778	0.086	0.058	0.078
0.046	0.952	0.001	0.001
0.736	0.120	0.143	0.001
0.457	0.244	0.104	0.195
0.063	0.477	0.077	0.384
0.064	0.021	0.034	0.881
0.077	0.911	0.001	0.011
0.001	0.952	0.046	0.001
0.001	0.952	0.001	0.046
