>ATGTGACATGCA	13-ATGTGACATGCA,BestGuess:MXI1/MA1108.2/Jaspar(0.599)	10.822315	-3.312887	0	T:2.0(0.01%),B:2.1(0.00%),P:1e-1
0.600	0.108	0.228	0.064
0.097	0.099	0.149	0.655
0.070	0.082	0.707	0.141
0.151	0.066	0.098	0.685
0.069	0.129	0.729	0.073
0.558	0.178	0.179	0.085
0.214	0.470	0.031	0.284
0.564	0.096	0.250	0.090
0.113	0.081	0.123	0.683
0.065	0.104	0.765	0.066
0.090	0.751	0.084	0.075
0.614	0.197	0.077	0.112
