>CACACACACACA	15-CACACACACACA,BestGuess:PB0130.1_Gm397_2/Jaspar(0.678)	10.127606	-2.344477	0	T:300.0(1.94%),B:3082.0(1.79%),P:1e-1
0.084	0.664	0.014	0.238
0.581	0.081	0.248	0.090
0.045	0.703	0.052	0.200
0.604	0.020	0.333	0.043
0.001	0.745	0.042	0.212
0.624	0.013	0.346	0.017
0.014	0.590	0.066	0.330
0.674	0.028	0.297	0.001
0.010	0.744	0.027	0.219
0.593	0.001	0.356	0.050
0.040	0.740	0.055	0.165
0.621	0.093	0.210	0.076
