>CATBATGYVACA	16-CATBATGYVACA,BestGuess:DMRTA2/MA1478.1/Jaspar(0.654)	7.795240	-2.223187	0	T:19.0(0.12%),B:151.7(0.09%),P:1e0
0.178	0.573	0.178	0.071
0.576	0.209	0.070	0.145
0.065	0.250	0.230	0.456
0.078	0.319	0.295	0.308
0.453	0.189	0.221	0.137
0.123	0.092	0.183	0.602
0.029	0.113	0.801	0.057
0.082	0.321	0.154	0.444
0.346	0.344	0.236	0.075
0.564	0.202	0.139	0.095
0.065	0.757	0.138	0.040
0.435	0.218	0.084	0.263
