>AAAGAGGAAGTG	1-AAAGAGGAAGTG,BestGuess:SpiB(ETS)/OCILY3-SPIB-ChIP-Seq(GSE56857)/Homer(0.965)	8.952825	-255.062544	0	T:744.0(4.82%),B:3027.6(1.76%),P:1e-110
0.521	0.127	0.142	0.210
0.608	0.064	0.232	0.096
0.592	0.026	0.170	0.212
0.145	0.141	0.666	0.048
0.554	0.138	0.275	0.033
0.118	0.013	0.835	0.034
0.012	0.021	0.926	0.041
0.906	0.051	0.016	0.027
0.865	0.038	0.047	0.050
0.051	0.159	0.789	0.001
0.066	0.146	0.114	0.674
0.250	0.104	0.496	0.150
