>GTGTGTGTGTGT	15-GTGTGTGTGTGT	14.406423	-0.000000	0	T:106.0(0.69%),B:2009.9(1.14%),P:1e0
0.064	0.063	0.872	0.001
0.026	0.211	0.010	0.753
0.070	0.021	0.908	0.001
0.006	0.237	0.001	0.756
0.167	0.034	0.798	0.001
0.001	0.192	0.019	0.788
0.118	0.034	0.847	0.001
0.001	0.197	0.008	0.794
0.056	0.001	0.942	0.001
0.001	0.182	0.022	0.795
0.029	0.001	0.958	0.012
0.015	0.197	0.001	0.787
