>ACTTCCTCTTTC	1-GAAAGAGGAAGT	10.757689	-44.833057	0	T:82.0(0.53%),B:251.5(0.14%),P:1e-19
0.686	0.114	0.121	0.079
0.008	0.725	0.200	0.067
0.044	0.040	0.025	0.891
0.050	0.083	0.058	0.809
0.001	0.961	0.018	0.020
0.032	0.839	0.001	0.128
0.056	0.242	0.157	0.545
0.034	0.727	0.118	0.121
0.106	0.265	0.019	0.610
0.054	0.208	0.065	0.673
0.112	0.193	0.153	0.542
0.075	0.574	0.098	0.253
