>GTGTGTGTGTGY	22-GTGTGTGTGTGY	11.417225	-0.000000	0	T:114.0(0.74%),B:2197.0(1.24%),P:1e0
0.232	0.061	0.682	0.025
0.064	0.317	0.043	0.576
0.286	0.029	0.574	0.111
0.073	0.269	0.010	0.648
0.366	0.006	0.599	0.029
0.001	0.293	0.001	0.705
0.202	0.001	0.796	0.001
0.001	0.341	0.001	0.657
0.126	0.001	0.872	0.001
0.004	0.309	0.016	0.671
0.184	0.059	0.661	0.096
0.126	0.434	0.005	0.435
