>CACTTCCTCYBN	4-CACTTCCTCYBN	10.669344	-21.873878	0	T:38.0(0.25%),B:116.6(0.07%),P:1e-9
0.050	0.663	0.066	0.221
0.611	0.156	0.088	0.145
0.001	0.764	0.234	0.001
0.057	0.068	0.001	0.874
0.060	0.001	0.067	0.872
0.001	0.976	0.022	0.001
0.027	0.885	0.001	0.087
0.022	0.332	0.161	0.485
0.001	0.661	0.153	0.185
0.176	0.344	0.001	0.479
0.171	0.261	0.217	0.352
0.204	0.314	0.175	0.307
