>TGTGTGTGTGTG	23-TGTGTGTGTGTG	10.976389	-0.000000	0	T:110.0(0.71%),B:2135.5(1.21%),P:1e0
0.075	0.266	0.021	0.638
0.232	0.004	0.733	0.031
0.027	0.375	0.011	0.587
0.224	0.011	0.751	0.014
0.010	0.345	0.020	0.625
0.271	0.019	0.705	0.005
0.019	0.391	0.007	0.583
0.263	0.014	0.703	0.020
0.025	0.323	0.011	0.641
0.211	0.019	0.736	0.034
0.167	0.283	0.013	0.537
0.209	0.129	0.551	0.111
