>TGTGTGTGTGTG	17-TGTGTGTGTGTG	13.362084	-0.000000	0	T:113.0(0.73%),B:2156.4(1.22%),P:1e0
0.001	0.250	0.001	0.748
0.056	0.001	0.942	0.001
0.001	0.322	0.001	0.676
0.118	0.001	0.880	0.001
0.001	0.357	0.001	0.641
0.044	0.001	0.954	0.001
0.001	0.316	0.001	0.682
0.168	0.001	0.830	0.001
0.001	0.205	0.001	0.793
0.068	0.001	0.930	0.001
0.001	0.259	0.001	0.739
0.138	0.001	0.860	0.001
