>ACACACACACAC	19-ACACACACACAC	13.006502	-0.000000	0	T:114.0(0.74%),B:2185.4(1.23%),P:1e0
0.732	0.001	0.266	0.001
0.001	0.888	0.001	0.110
0.666	0.001	0.332	0.001
0.001	0.833	0.001	0.165
0.595	0.001	0.403	0.001
0.001	0.850	0.001	0.148
0.595	0.001	0.403	0.001
0.001	0.803	0.001	0.195
0.761	0.001	0.237	0.001
0.001	0.936	0.001	0.062
0.687	0.001	0.311	0.001
0.001	0.919	0.001	0.079
