>CACACACACACA	21-CACACACACACA	13.532522	-0.000000	0	T:110.0(0.71%),B:2129.6(1.20%),P:1e0
0.001	0.941	0.001	0.057
0.860	0.001	0.138	0.001
0.001	0.932	0.001	0.066
0.767	0.001	0.231	0.001
0.001	0.983	0.001	0.015
0.769	0.001	0.212	0.018
0.001	0.894	0.001	0.104
0.718	0.001	0.280	0.001
0.001	0.758	0.001	0.240
0.676	0.001	0.322	0.001
0.069	0.757	0.001	0.173
0.866	0.002	0.131	0.001
