>ACACACACACAC	20-ACACACACACAC	13.333626	-0.000000	0	T:110.0(0.71%),B:2129.8(1.20%),P:1e0
0.716	0.001	0.189	0.094
0.017	0.861	0.001	0.121
0.747	0.001	0.231	0.021
0.001	0.952	0.001	0.046
0.833	0.001	0.165	0.001
0.001	0.820	0.001	0.178
0.650	0.001	0.348	0.001
0.001	0.932	0.001	0.066
0.822	0.001	0.176	0.001
0.001	0.858	0.001	0.140
0.676	0.042	0.191	0.091
0.050	0.795	0.048	0.107
