>CCACCAGGTGGC	8-CCACCAGGTGGC	11.288537	-11.769421	0	T:37.0(0.24%),B:177.2(0.10%),P:1e-5
0.251	0.623	0.078	0.048
0.155	0.820	0.014	0.011
0.636	0.193	0.127	0.044
0.064	0.706	0.201	0.029
0.112	0.679	0.051	0.158
0.566	0.044	0.001	0.389
0.069	0.025	0.747	0.159
0.191	0.051	0.757	0.001
0.061	0.080	0.225	0.634
0.001	0.021	0.941	0.037
0.100	0.023	0.653	0.224
0.062	0.691	0.049	0.198
