>RRGRGGAAGTGV	10-RRGRGGAAGTGV	10.201234	-10.261652	0	T:12.0(0.08%),B:27.6(0.02%),P:1e-4
0.327	0.136	0.402	0.135
0.434	0.024	0.384	0.158
0.275	0.218	0.490	0.017
0.449	0.205	0.315	0.031
0.034	0.029	0.921	0.016
0.029	0.029	0.932	0.010
0.864	0.034	0.077	0.025
0.876	0.037	0.047	0.040
0.056	0.253	0.685	0.006
0.119	0.179	0.180	0.522
0.195	0.150	0.568	0.087
0.317	0.263	0.262	0.158
