>CACACACACACA	18-CACACACACACA	11.498110	-0.000000	0	T:117.0(0.76%),B:2229.6(1.26%),P:1e0
0.103	0.654	0.001	0.242
0.594	0.001	0.404	0.001
0.001	0.775	0.001	0.223
0.656	0.001	0.342	0.001
0.001	0.843	0.001	0.155
0.762	0.001	0.236	0.001
0.001	0.622	0.001	0.376
0.673	0.001	0.325	0.001
0.001	0.772	0.001	0.226
0.601	0.001	0.330	0.068
0.058	0.701	0.059	0.182
0.502	0.024	0.340	0.134
