>GGAAGTGAGAGT	9-GGAAGTGAGAGT	11.478631	-11.276703	0	T:17.0(0.11%),B:49.2(0.03%),P:1e-4
0.015	0.001	0.960	0.024
0.035	0.101	0.843	0.021
0.708	0.147	0.093	0.052
0.892	0.056	0.041	0.011
0.082	0.111	0.781	0.026
0.096	0.039	0.108	0.757
0.048	0.086	0.798	0.068
0.646	0.087	0.137	0.130
0.144	0.099	0.621	0.136
0.631	0.081	0.174	0.114
0.078	0.124	0.666	0.132
0.140	0.108	0.141	0.611
