>TGTKACATAATG	12-CATTATGTMACA	9.884547	-5.419618	0	T:11.0(0.07%),B:45.3(0.03%),P:1e-2
0.238	0.138	0.197	0.427
0.031	0.122	0.824	0.023
0.048	0.131	0.157	0.664
0.090	0.221	0.315	0.374
0.641	0.007	0.310	0.042
0.046	0.862	0.045	0.047
0.818	0.063	0.102	0.017
0.089	0.208	0.191	0.512
0.458	0.250	0.259	0.032
0.589	0.169	0.190	0.052
0.046	0.060	0.138	0.756
0.096	0.169	0.617	0.118
