>AAGRGGAAGTGA	7-AAGRGGAAGTGA	13.118158	-14.805665	0	T:20.0(0.13%),B:50.4(0.03%),P:1e-6
0.615	0.028	0.278	0.079
0.703	0.001	0.224	0.072
0.110	0.040	0.849	0.001
0.501	0.072	0.379	0.048
0.014	0.001	0.984	0.001
0.015	0.001	0.983	0.001
0.895	0.094	0.010	0.001
0.929	0.001	0.028	0.042
0.039	0.119	0.841	0.001
0.013	0.023	0.177	0.787
0.089	0.176	0.734	0.001
0.546	0.164	0.179	0.111
