>WAAGRGGAAGTG	2-WAAGRGGAAGTG	10.396737	-40.123506	0	T:119.0(0.77%),B:515.6(0.29%),P:1e-17
0.402	0.103	0.183	0.312
0.448	0.140	0.237	0.175
0.545	0.001	0.294	0.160
0.115	0.205	0.679	0.001
0.380	0.227	0.372	0.020
0.062	0.001	0.926	0.011
0.022	0.001	0.976	0.001
0.969	0.029	0.001	0.001
0.947	0.001	0.051	0.001
0.086	0.151	0.762	0.001
0.097	0.082	0.093	0.728
0.178	0.094	0.583	0.145
