>GGGAATTGTAGT	11-ACTACAATTCCC	11.676025	-5.665967	0	T:72.0(0.47%),B:577.8(0.33%),P:1e-2
0.067	0.033	0.848	0.052
0.035	0.031	0.888	0.046
0.099	0.076	0.767	0.058
0.780	0.073	0.098	0.049
0.644	0.098	0.173	0.085
0.138	0.111	0.193	0.558
0.074	0.083	0.113	0.730
0.046	0.062	0.859	0.033
0.122	0.147	0.084	0.647
0.669	0.074	0.165	0.092
0.055	0.059	0.853	0.033
0.061	0.087	0.093	0.759
