>YTTCACTTCCCY	6-YTTCACTTCCCY	9.791799	-15.240551	0	T:25.0(0.16%),B:75.2(0.04%),P:1e-6
0.112	0.344	0.121	0.423
0.243	0.063	0.228	0.466
0.144	0.259	0.162	0.435
0.068	0.758	0.098	0.076
0.552	0.295	0.068	0.085
0.065	0.721	0.110	0.104
0.119	0.132	0.059	0.690
0.063	0.125	0.126	0.686
0.045	0.804	0.072	0.079
0.084	0.764	0.068	0.084
0.070	0.501	0.079	0.350
0.101	0.405	0.117	0.376
