>TGTGTGTGTGTG	14-TGTGTGTGTGTG	14.757356	-0.000000	0	T:105.0(0.68%),B:1960.9(1.11%),P:1e0
0.060	0.029	0.002	0.909
0.269	0.001	0.729	0.001
0.011	0.075	0.001	0.913
0.013	0.001	0.985	0.001
0.001	0.216	0.001	0.782
0.312	0.001	0.686	0.001
0.017	0.183	0.001	0.799
0.173	0.001	0.825	0.001
0.018	0.077	0.001	0.904
0.038	0.001	0.960	0.001
0.001	0.104	0.001	0.894
0.012	0.001	0.935	0.052
