>ACACACACRCAC	16-ACACACACRCAC	12.767688	-0.000000	0	T:111.0(0.72%),B:2115.3(1.19%),P:1e0
0.721	0.001	0.188	0.090
0.001	0.753	0.054	0.192
0.764	0.001	0.213	0.022
0.010	0.865	0.001	0.124
0.771	0.001	0.227	0.001
0.001	0.842	0.001	0.156
0.782	0.001	0.216	0.001
0.001	0.696	0.001	0.302
0.551	0.001	0.447	0.001
0.001	0.820	0.001	0.178
0.639	0.051	0.309	0.001
0.138	0.704	0.001	0.157
