>CACHAGGKGGCA	5-CACHAGGKGGCA	11.200048	-15.332445	0	T:27.0(0.17%),B:86.6(0.05%),P:1e-6
0.042	0.861	0.014	0.083
0.720	0.056	0.207	0.017
0.124	0.589	0.254	0.033
0.367	0.379	0.023	0.231
0.705	0.007	0.213	0.075
0.119	0.070	0.801	0.010
0.311	0.023	0.665	0.001
0.149	0.033	0.346	0.472
0.001	0.029	0.944	0.026
0.051	0.001	0.668	0.280
0.043	0.741	0.038	0.178
0.624	0.025	0.340	0.011
