>GCCSSBGCSCNS	11-SNGSGCVSSGGC	-1.144295	-54.934719	0	T:6289.0(99.95%),B:210690.7(98.95%),P:1e-23
0.145	0.229	0.557	0.069
0.096	0.537	0.364	0.003
0.059	0.465	0.297	0.179
0.097	0.368	0.321	0.215
0.092	0.475	0.362	0.070
0.199	0.214	0.358	0.228
0.001	0.246	0.729	0.024
0.157	0.499	0.338	0.007
0.055	0.333	0.478	0.135
0.001	0.701	0.248	0.050
0.294	0.279	0.174	0.254
0.011	0.389	0.506	0.094
