>DTGGTTTTDCAN	4-NTGHAAAACCAH	3.253806	-392.334151	0	T:5713.0(90.80%),B:164533.9(77.27%),P:1e-170
0.214	0.155	0.270	0.361
0.045	0.013	0.276	0.666
0.141	0.057	0.640	0.162
0.146	0.158	0.473	0.223
0.069	0.131	0.197	0.603
0.003	0.022	0.364	0.611
0.103	0.144	0.176	0.577
0.122	0.200	0.169	0.509
0.327	0.008	0.258	0.407
0.136	0.445	0.289	0.129
0.531	0.157	0.142	0.170
0.311	0.250	0.162	0.277
