>SNGSGCVSSGGC	11-SNGSGCVSSGGC,BestGuess:NRF1/MA0506.1/Jaspar(0.673)	-1.144295	-54.934719	0	T:6289.0(99.95%),B:210690.7(98.95%),P:1e-23
0.094	0.506	0.389	0.011
0.254	0.174	0.279	0.294
0.050	0.248	0.701	0.001
0.135	0.478	0.333	0.055
0.007	0.338	0.499	0.157
0.024	0.729	0.246	0.001
0.228	0.358	0.214	0.199
0.070	0.362	0.475	0.092
0.215	0.321	0.368	0.097
0.179	0.297	0.465	0.059
0.003	0.364	0.537	0.096
0.069	0.557	0.229	0.145
