>YTYTYYTTYTTY	7-YTYTYYTTYTTY,BestGuess:ZNF384/MA1125.1/Jaspar(0.687)	3.837805	-353.991476	0	T:5491.0(87.27%),B:156336.3(73.42%),P:1e-153
0.197	0.275	0.113	0.415
0.176	0.272	0.066	0.487
0.139	0.307	0.150	0.404
0.134	0.296	0.084	0.486
0.014	0.346	0.158	0.482
0.042	0.415	0.036	0.507
0.147	0.182	0.066	0.605
0.021	0.275	0.244	0.460
0.019	0.416	0.094	0.471
0.001	0.401	0.014	0.584
0.066	0.325	0.044	0.565
0.051	0.377	0.050	0.522
