>ARKWAGGCWGRT	3-ARKWAGGCWGRT	3.389334	-441.948185	0	T:5731.0(91.08%),B:163207.4(76.65%),P:1e-191
0.748	0.111	0.090	0.051
0.492	0.023	0.432	0.054
0.058	0.081	0.504	0.357
0.382	0.113	0.101	0.404
0.595	0.050	0.176	0.179
0.069	0.011	0.544	0.376
0.064	0.253	0.605	0.078
0.047	0.589	0.303	0.061
0.502	0.008	0.019	0.471
0.294	0.025	0.626	0.055
0.413	0.077	0.459	0.051
0.127	0.128	0.114	0.631
