>WTWWAYABAKAD	25-HTMTVTRTWWAW	-18.333635	0.000000	0	T:6292.0(100.00%),B:212935.1(100.00%),P:1e0
0.352	0.189	0.194	0.265
0.305	0.001	0.090	0.604
0.432	0.009	0.153	0.406
0.361	0.207	0.158	0.274
0.550	0.189	0.018	0.243
0.252	0.405	0.045	0.298
0.684	0.001	0.001	0.314
0.153	0.343	0.307	0.197
0.864	0.001	0.001	0.134
0.198	0.001	0.468	0.333
0.482	0.072	0.198	0.248
0.266	0.157	0.270	0.307
