>HTMTVTRTWWAW	25-HTMTVTRTWWAW,BestGuess:MEF2A/MA0052.4/Jaspar(0.635)	-18.333635	0.000000	0	T:6292.0(100.00%),B:212935.1(100.00%),P:1e0
0.307	0.270	0.157	0.266
0.248	0.198	0.072	0.482
0.333	0.468	0.001	0.198
0.134	0.001	0.001	0.864
0.197	0.307	0.343	0.153
0.314	0.001	0.001	0.684
0.298	0.045	0.405	0.252
0.243	0.018	0.189	0.550
0.274	0.158	0.207	0.361
0.406	0.153	0.009	0.432
0.604	0.090	0.001	0.305
0.265	0.194	0.189	0.352
