>NTGHAAAACCAH	4-NTGHAAAACCAH,BestGuess:RUNX1(Runt)/Jurkat-RUNX1-ChIP-Seq(GSE29180)/Homer(0.637)	3.253806	-392.334151	0	T:5713.0(90.80%),B:164533.9(77.27%),P:1e-170
0.277	0.162	0.250	0.311
0.170	0.142	0.157	0.531
0.129	0.289	0.445	0.136
0.407	0.258	0.008	0.327
0.509	0.169	0.200	0.122
0.577	0.176	0.144	0.103
0.611	0.364	0.022	0.003
0.603	0.197	0.131	0.069
0.223	0.473	0.158	0.146
0.162	0.640	0.057	0.141
0.666	0.276	0.013	0.045
0.361	0.270	0.155	0.214
