>NAATGGAATGGD	8-NAATGGAATGGD	3.683629	-345.310557	0	T:5102.0(81.09%),B:140622.1(66.04%),P:1e-149
0.256	0.197	0.313	0.233
0.554	0.154	0.142	0.150
0.626	0.131	0.138	0.105
0.207	0.030	0.190	0.573
0.174	0.015	0.673	0.138
0.189	0.130	0.589	0.092
0.685	0.114	0.129	0.072
0.634	0.073	0.164	0.129
0.212	0.027	0.169	0.592
0.215	0.038	0.540	0.207
0.215	0.119	0.548	0.118
0.357	0.176	0.248	0.218
