>CACACANGCACA	5-CACACANGCACA,BestGuess:PB0130.1_Gm397_2/Jaspar(0.690)	3.184361	-464.488832	0	T:13775.0(89.27%),B:139465.6(79.82%),P:1e-201
0.078	0.818	0.061	0.043
0.827	0.103	0.001	0.069
0.122	0.641	0.191	0.046
0.731	0.168	0.001	0.100
0.160	0.508	0.234	0.098
0.565	0.207	0.081	0.147
0.231	0.267	0.304	0.198
0.001	0.037	0.912	0.050
0.121	0.669	0.144	0.066
0.600	0.202	0.080	0.118
0.106	0.736	0.118	0.040
0.760	0.101	0.051	0.088
