>AKGNGGCCCYKG	18-AKGNGGCCCYKG,BestGuess:PLAGL2/MA1548.1/Jaspar(0.692)	7.105019	-0.000000	0	T:737.0(4.78%),B:15066.2(8.62%),P:1e0
0.491	0.226	0.262	0.022
0.185	0.041	0.451	0.323
0.041	0.246	0.712	0.001
0.267	0.323	0.184	0.226
0.206	0.287	0.466	0.041
0.082	0.122	0.673	0.123
0.097	0.452	0.288	0.163
0.020	0.795	0.164	0.021
0.219	0.657	0.001	0.123
0.001	0.348	0.205	0.446
0.082	0.144	0.431	0.343
0.061	0.349	0.529	0.061
