>CWAAWSCAAGGY	11-CWAAWSCAAGGY,BestGuess:SF1(NR)/H295R-Nr5a1-ChIP-Seq(GSE44220)/Homer(0.645)	-3.722981	-17.527856	0	T:15431.0(100.00%),B:174526.2(99.88%),P:1e-7
0.235	0.436	0.127	0.202
0.404	0.058	0.114	0.424
0.436	0.155	0.214	0.195
0.516	0.198	0.001	0.285
0.293	0.001	0.269	0.437
0.001	0.495	0.461	0.043
0.331	0.667	0.001	0.001
0.942	0.001	0.001	0.056
0.515	0.001	0.226	0.258
0.198	0.001	0.536	0.265
0.034	0.034	0.655	0.277
0.024	0.493	0.091	0.391
