>ARMWSMARKSAT	12-ATSMYTKSWKYT	1.254845	-118.683836	0	T:15429.0(99.99%),B:174084.0(99.14%),P:1e-51
0.391	0.202	0.194	0.213
0.474	0.066	0.378	0.081
0.409	0.320	0.209	0.062
0.429	0.018	0.160	0.392
0.058	0.388	0.467	0.088
0.450	0.457	0.028	0.064
0.709	0.118	0.058	0.115
0.475	0.034	0.428	0.063
0.040	0.068	0.404	0.488
0.067	0.440	0.420	0.073
0.711	0.137	0.054	0.098
0.122	0.252	0.164	0.462
