>GGGARTTGTAGT	11-ACTACAAYTCCC	9.694215	-131.584558	0	T:485.0(3.14%),B:2304.3(1.31%),P:1e-57
0.001	0.001	0.930	0.068
0.001	0.023	0.975	0.001
0.031	0.202	0.603	0.164
0.523	0.120	0.333	0.024
0.371	0.182	0.328	0.119
0.279	0.081	0.197	0.443
0.208	0.066	0.077	0.649
0.017	0.001	0.981	0.001
0.146	0.131	0.086	0.637
0.620	0.001	0.334	0.045
0.034	0.010	0.955	0.001
0.001	0.017	0.029	0.953
