>VACACACACACN	8-VACACACACACN	3.706002	-315.871386	0	T:11439.0(74.13%),B:113003.0(64.35%),P:1e-137
0.225	0.289	0.321	0.165
0.567	0.172	0.130	0.131
0.122	0.666	0.142	0.070
0.624	0.161	0.096	0.119
0.113	0.687	0.130	0.070
0.630	0.148	0.099	0.123
0.106	0.678	0.145	0.071
0.587	0.185	0.086	0.142
0.097	0.692	0.141	0.070
0.603	0.176	0.093	0.128
0.116	0.640	0.151	0.093
0.304	0.279	0.201	0.217
