>CTGSMVWGGNRS	23-SYNCCWBKSCAG	-2.921913	-0.084230	0	T:15431.0(100.00%),B:175592.9(100.00%),P:1e0
0.014	0.943	0.029	0.014
0.203	0.014	0.001	0.782
0.001	0.014	0.971	0.014
0.014	0.505	0.467	0.014
0.316	0.416	0.043	0.224
0.301	0.371	0.285	0.043
0.373	0.193	0.029	0.405
0.015	0.242	0.503	0.240
0.044	0.283	0.452	0.222
0.208	0.278	0.267	0.246
0.420	0.115	0.344	0.121
0.188	0.329	0.385	0.098
