>CACACACACACA	10-CACACACACACA	1.568204	-229.870587	0	T:9079.0(58.84%),B:87681.0(49.93%),P:1e-99
0.038	0.680	0.030	0.252
0.644	0.001	0.284	0.071
0.016	0.638	0.010	0.336
0.587	0.006	0.304	0.103
0.001	0.800	0.019	0.180
0.618	0.017	0.328	0.037
0.001	0.797	0.046	0.156
0.622	0.001	0.376	0.001
0.001	0.746	0.033	0.220
0.607	0.001	0.373	0.019
0.001	0.831	0.001	0.167
0.616	0.020	0.290	0.074
