>YCTCTSTCTCTC	3-YCTCTSTCTCTC	2.524548	-906.979105	0	T:14901.0(96.57%),B:151284.4(86.16%),P:1e-393
0.057	0.402	0.207	0.334
0.040	0.844	0.024	0.092
0.059	0.035	0.034	0.872
0.048	0.688	0.240	0.024
0.253	0.084	0.113	0.550
0.129	0.457	0.402	0.011
0.087	0.056	0.189	0.668
0.080	0.694	0.131	0.095
0.123	0.113	0.163	0.601
0.008	0.790	0.097	0.105
0.097	0.032	0.016	0.855
0.024	0.481	0.325	0.169
