>NRTGGCCCTCAD	15-HTGAGGGCCAYN	8.718719	-0.000075	0	T:83.0(0.38%),B:1081.3(0.56%),P:1e0
0.208	0.336	0.250	0.206
0.453	0.044	0.336	0.166
0.084	0.042	0.290	0.584
0.041	0.001	0.876	0.082
0.127	0.041	0.831	0.001
0.085	0.579	0.253	0.083
0.167	0.583	0.125	0.125
0.001	0.792	0.166	0.041
0.124	0.209	0.083	0.584
0.083	0.584	0.206	0.127
0.707	0.085	0.166	0.042
0.210	0.126	0.333	0.331
