>AAAGRGGAAGTG	3-AAAGRGGAAGTG	4.438831	-1150.329650	0	T:15330.0(69.45%),B:101482.9(52.76%),P:1e-499
0.486	0.109	0.248	0.157
0.486	0.143	0.262	0.109
0.520	0.022	0.279	0.179
0.128	0.224	0.566	0.082
0.474	0.157	0.342	0.026
0.062	0.001	0.911	0.026
0.005	0.045	0.949	0.001
0.899	0.040	0.037	0.024
0.911	0.001	0.034	0.054
0.079	0.198	0.720	0.003
0.025	0.221	0.065	0.689
0.242	0.174	0.438	0.147
