>GAGAGAGAGAGA	1-TCTCTCTCTCTC	2.560511	-1484.314388	0	T:21019.0(95.22%),B:159033.1(82.69%),P:1e-644
0.117	0.117	0.670	0.096
0.640	0.121	0.124	0.115
0.109	0.161	0.655	0.075
0.680	0.127	0.101	0.092
0.112	0.187	0.598	0.103
0.702	0.084	0.109	0.105
0.123	0.150	0.641	0.086
0.667	0.101	0.107	0.125
0.101	0.166	0.620	0.113
0.663	0.112	0.120	0.105
0.078	0.169	0.675	0.078
0.663	0.107	0.120	0.110
