>NKGCCCYTYBCY	14-RGVRARGGGCMN	7.931212	-0.151032	0	T:86.0(0.39%),B:841.3(0.44%),P:1e0
0.203	0.233	0.340	0.224
0.167	0.029	0.370	0.433
0.029	0.086	0.856	0.029
0.204	0.513	0.204	0.079
0.087	0.681	0.058	0.174
0.086	0.659	0.167	0.088
0.118	0.455	0.029	0.398
0.030	0.260	0.248	0.462
0.089	0.419	0.029	0.464
0.058	0.377	0.252	0.312
0.224	0.486	0.058	0.232
0.108	0.458	0.029	0.405
