>CAGGGSVGGCMH	18-CAGGGSVGGCMH	7.038653	-0.000000	0	T:1388.0(6.29%),B:16067.2(8.35%),P:1e0
0.001	0.697	0.277	0.025
0.514	0.044	0.155	0.287
0.026	0.052	0.768	0.154
0.259	0.207	0.508	0.026
0.232	0.052	0.483	0.233
0.052	0.387	0.510	0.051
0.337	0.284	0.231	0.147
0.078	0.198	0.672	0.052
0.077	0.129	0.537	0.257
0.051	0.585	0.286	0.078
0.353	0.439	0.182	0.026
0.258	0.360	0.077	0.305
