>YTGSYGCTGCTN	16-YTGSYGCTGCTN	8.270013	-0.000000	0	T:146.0(0.66%),B:1900.9(0.99%),P:1e0
0.023	0.412	0.205	0.359
0.069	0.001	0.205	0.725
0.001	0.136	0.749	0.114
0.022	0.495	0.482	0.001
0.162	0.319	0.177	0.343
0.161	0.344	0.495	0.001
0.091	0.527	0.337	0.045
0.047	0.115	0.312	0.526
0.068	0.184	0.618	0.130
0.068	0.565	0.205	0.162
0.114	0.115	0.291	0.479
0.183	0.267	0.321	0.229
