>CCACMAGGKGGC	11-CCACMAGGKGGC	8.186826	-247.844682	0	T:1053.0(4.77%),B:4044.7(2.10%),P:1e-107
0.268	0.608	0.102	0.022
0.168	0.730	0.013	0.089
0.559	0.176	0.144	0.121
0.147	0.541	0.139	0.173
0.307	0.399	0.059	0.235
0.599	0.101	0.017	0.283
0.162	0.010	0.603	0.225
0.331	0.011	0.654	0.004
0.012	0.038	0.435	0.515
0.021	0.008	0.962	0.009
0.157	0.159	0.556	0.128
0.256	0.561	0.020	0.163
