>GSNGCDGCHSSB	8-VSSDGCHGCNSC	2.665098	-368.326055	0	T:21418.0(97.02%),B:178149.8(92.63%),P:1e-159
0.182	0.247	0.453	0.118
0.186	0.426	0.387	0.001
0.271	0.260	0.297	0.172
0.086	0.330	0.494	0.089
0.083	0.635	0.281	0.001
0.328	0.137	0.251	0.284
0.001	0.205	0.793	0.001
0.001	0.713	0.285	0.001
0.200	0.305	0.149	0.346
0.001	0.369	0.467	0.164
0.102	0.421	0.295	0.181
0.143	0.329	0.323	0.205
