>HDGGGSMSCCAG	20-HDGGGSMSCCAG	7.126271	-0.000000	0	T:2026.0(9.18%),B:23602.6(12.27%),P:1e0
0.226	0.367	0.188	0.219
0.355	0.048	0.367	0.230
0.001	0.229	0.540	0.230
0.229	0.090	0.542	0.139
0.185	0.091	0.632	0.092
0.231	0.445	0.323	0.001
0.414	0.355	0.001	0.229
0.047	0.510	0.397	0.046
0.001	0.737	0.045	0.217
0.049	0.810	0.049	0.092
0.600	0.124	0.001	0.275
0.001	0.277	0.676	0.046
