>TGTGTGTGTGTG	12-TGTGTGTGTGTG	4.307444	-167.681935	0	T:12435.0(56.33%),B:95984.3(49.91%),P:1e-72
0.151	0.134	0.173	0.542
0.140	0.119	0.716	0.025
0.133	0.133	0.137	0.597
0.182	0.031	0.775	0.012
0.123	0.147	0.138	0.592
0.173	0.048	0.776	0.003
0.104	0.131	0.133	0.632
0.151	0.023	0.823	0.003
0.136	0.143	0.150	0.571
0.150	0.076	0.748	0.026
0.140	0.132	0.150	0.578
0.137	0.117	0.651	0.095
