>NGKCAGYGGCMC	10-GKGCCRCTGMCN	4.973097	-327.729467	0	T:15247.0(69.07%),B:116124.9(60.38%),P:1e-142
0.340	0.232	0.231	0.197
0.001	0.223	0.744	0.032
0.097	0.001	0.511	0.391
0.001	0.582	0.222	0.195
0.605	0.099	0.100	0.196
0.001	0.384	0.614	0.001
0.196	0.253	0.197	0.354
0.033	0.001	0.778	0.188
0.032	0.156	0.721	0.091
0.001	0.540	0.295	0.164
0.420	0.284	0.165	0.131
0.097	0.490	0.188	0.225
