>RRGRGRRGGGRG	6-RRGRGRRGGGRG	4.261493	-870.336054	0	T:18801.0(85.17%),B:140169.3(72.88%),P:1e-377
0.322	0.254	0.423	0.001
0.290	0.190	0.348	0.171
0.300	0.001	0.469	0.230
0.334	0.001	0.441	0.225
0.357	0.046	0.596	0.001
0.378	0.001	0.461	0.160
0.355	0.027	0.400	0.219
0.338	0.001	0.660	0.001
0.372	0.001	0.626	0.001
0.338	0.001	0.512	0.149
0.386	0.001	0.467	0.146
0.414	0.001	0.584	0.001
