>CGAACGGAAT	1-CGAACGGAAT	11.861551	-90.355577	0	T:21.0(7.61%),B:83.8(0.04%),P:1e-39	Tpos:88.3,Tstd:53.2,Bpos:11183.5,Bstd:26417.6,StrandBias:2.4,Multiplicity:2.05
0.001	0.992	0.006	0.001
0.001	0.005	0.993	0.001
0.997	0.001	0.001	0.001
0.997	0.001	0.001	0.001
0.001	0.831	0.001	0.167
0.001	0.001	0.997	0.001
0.001	0.001	0.997	0.001
0.858	0.001	0.001	0.140
0.972	0.026	0.001	0.001
0.001	0.001	0.001	0.997
>ATGGAATGGA	2-ATGGAATGGA	11.271952	-61.074362	0	T:23.0(8.33%),B:531.1(0.25%),P:1e-26	Tpos:89.5,Tstd:56.3,Bpos:16893.4,Bstd:26199.8,StrandBias:1.8,Multiplicity:6.35
0.997	0.001	0.001	0.001
0.001	0.001	0.001	0.997
0.001	0.077	0.921	0.001
0.001	0.001	0.997	0.001
0.997	0.001	0.001	0.001
0.997	0.001	0.001	0.001
0.001	0.001	0.001	0.997
0.001	0.001	0.997	0.001
0.001	0.001	0.997	0.001
0.997	0.001	0.001	0.001
>GAATGGAATS	3-GAATGGAATS	9.768975	-46.557125	0	T:25.0(9.06%),B:1333.3(0.63%),P:1e-20	Tpos:95.1,Tstd:53.6,Bpos:13281.7,Bstd:29735.1,StrandBias:1.4,Multiplicity:1.85
0.072	0.076	0.817	0.035
0.889	0.022	0.036	0.053
0.781	0.038	0.148	0.033
0.040	0.107	0.027	0.826
0.090	0.048	0.750	0.112
0.031	0.032	0.918	0.019
0.896	0.019	0.035	0.050
0.840	0.086	0.055	0.019
0.048	0.046	0.037	0.869
0.035	0.417	0.490	0.058
>CGAATGGAAT	4-CGAATGGAAT	10.351735	-40.789484	0	T:25.0(9.06%),B:1712.6(0.81%),P:1e-17	Tpos:117.0,Tstd:45.0,Bpos:14419.5,Bstd:56589.1,StrandBias:1.3,Multiplicity:1.60
0.113	0.699	0.001	0.187
0.275	0.115	0.487	0.122
0.975	0.023	0.001	0.001
0.885	0.001	0.068	0.046
0.001	0.219	0.047	0.733
0.022	0.047	0.930	0.001
0.037	0.001	0.961	0.001
0.870	0.047	0.031	0.052
0.826	0.091	0.033	0.050
0.087	0.050	0.001	0.862
>TCGAATGGAA	5-TCGAATGGAA	8.824790	-37.757846	0	T:30.0(10.87%),B:3096.0(1.47%),P:1e-16	Tpos:91.5,Tstd:43.9,Bpos:30666.7,Bstd:97285.4,StrandBias:0.8,Multiplicity:1.57
0.024	0.037	0.024	0.915
0.037	0.606	0.273	0.084
0.044	0.036	0.889	0.031
0.817	0.118	0.027	0.038
0.832	0.027	0.085	0.056
0.104	0.143	0.001	0.752
0.104	0.045	0.723	0.128
0.050	0.063	0.833	0.054
0.925	0.020	0.014	0.041
0.713	0.206	0.038	0.043
>AATGGAATCA	6-AATGGAATCA	9.997145	-34.903654	0	T:27.0(9.78%),B:2688.2(1.27%),P:1e-15	Tpos:79.8,Tstd:52.4,Bpos:37148.1,Bstd:105655.6,StrandBias:0.9,Multiplicity:1.06
0.926	0.001	0.038	0.035
0.846	0.001	0.116	0.037
0.025	0.071	0.041	0.863
0.139	0.077	0.599	0.185
0.016	0.001	0.954	0.029
0.997	0.001	0.001	0.001
0.959	0.039	0.001	0.001
0.001	0.001	0.001	0.997
0.034	0.964	0.001	0.001
0.939	0.059	0.001	0.001
>ATCATCGAAT	7-ATCATCGAAT	11.548808	-31.685558	0	T:14.0(5.07%),B:507.0(0.24%),P:1e-13	Tpos:117.9,Tstd:52.9,Bpos:13069.4,Bstd:49116.4,StrandBias:10.0,Multiplicity:1.00
0.997	0.001	0.001	0.001
0.001	0.001	0.196	0.802
0.001	0.997	0.001	0.001
0.997	0.001	0.001	0.001
0.001	0.001	0.001	0.997
0.204	0.711	0.001	0.084
0.069	0.001	0.929	0.001
0.808	0.190	0.001	0.001
0.997	0.001	0.001	0.001
0.001	0.001	0.001	0.997
>CACTCGCGTT	8-CACTCGCGTT	10.597145	-30.145171	0	T:10.0(3.62%),B:171.1(0.08%),P:1e-13	Tpos:120.6,Tstd:59.1,Bpos:6228.6,Bstd:20322.4,StrandBias:-0.3,Multiplicity:1.00
0.001	0.997	0.001	0.001
0.997	0.001	0.001	0.001
0.001	0.997	0.001	0.001
0.001	0.001	0.159	0.839
0.001	0.997	0.001	0.001
0.001	0.001	0.899	0.099
0.107	0.521	0.371	0.001
0.001	0.001	0.898	0.100
0.001	0.001	0.001	0.997
0.001	0.001	0.001	0.997
>CATCGAATGG	9-CATCGAATGG	8.940106	-20.036018	0	T:17.0(6.16%),B:1986.6(0.94%),P:1e-8	Tpos:94.3,Tstd:56.9,Bpos:12869.6,Bstd:47979.9,StrandBias:1.5,Multiplicity:1.25
0.017	0.851	0.021	0.111
0.873	0.001	0.049	0.077
0.016	0.072	0.019	0.893
0.074	0.720	0.038	0.168
0.253	0.044	0.610	0.093
0.751	0.066	0.065	0.118
0.953	0.001	0.023	0.023
0.095	0.122	0.041	0.742
0.139	0.001	0.769	0.091
0.058	0.065	0.848	0.029
>ATCAAATGGA	10-ATCAAATGGA	10.149185	-19.579220	0	T:22.0(7.97%),B:3558.0(1.69%),P:1e-8	Tpos:104.9,Tstd:49.6,Bpos:12667.4,Bstd:44114.7,StrandBias:1.9,Multiplicity:1.17
0.997	0.001	0.001	0.001
0.051	0.001	0.001	0.947
0.039	0.808	0.064	0.089
0.997	0.001	0.001	0.001
0.831	0.001	0.084	0.084
0.905	0.001	0.093	0.001
0.061	0.001	0.001	0.937
0.001	0.001	0.997	0.001
0.052	0.001	0.946	0.001
0.741	0.130	0.001	0.128
>TTGATTGGAC	11-TTGATTGGAC	10.413739	-16.759298	0	T:12.0(4.35%),B:1134.4(0.54%),P:1e-7	Tpos:92.9,Tstd:42.0,Bpos:14585.4,Bstd:53568.8,StrandBias:1.0,Multiplicity:1.00
0.001	0.001	0.001	0.997
0.001	0.175	0.001	0.823
0.001	0.079	0.919	0.001
0.997	0.001	0.001	0.001
0.102	0.103	0.001	0.794
0.103	0.001	0.001	0.895
0.001	0.148	0.850	0.001
0.096	0.001	0.902	0.001
0.997	0.001	0.001	0.001
0.001	0.905	0.093	0.001
>GAATAGAATC	12-GAATAGAATC	13.429436	-9.765314	0	T:5.0(1.81%),B:301.7(0.14%),P:1e-4	Tpos:112.0,Tstd:66.3,Bpos:9093.6,Bstd:23377.9,StrandBias:1.0,Multiplicity:1.00
0.001	0.001	0.997	0.001
0.997	0.001	0.001	0.001
0.997	0.001	0.001	0.001
0.001	0.001	0.001	0.997
0.997	0.001	0.001	0.001
0.001	0.001	0.997	0.001
0.997	0.001	0.001	0.001
0.997	0.001	0.001	0.001
0.001	0.001	0.001	0.997
0.001	0.666	0.332	0.001
>ATGGAATGGAAT	1-ATGGAATGGAAT	9.676507	-83.212195	0	T:23.0(8.33%),B:192.6(0.09%),P:1e-36	Tpos:88.7,Tstd:53.0,Bpos:16750.6,Bstd:21937.2,StrandBias:1.6,Multiplicity:3.30
0.997	0.001	0.001	0.001
0.001	0.001	0.001	0.997
0.001	0.122	0.876	0.001
0.001	0.001	0.997	0.001
0.997	0.001	0.001	0.001
0.997	0.001	0.001	0.001
0.001	0.001	0.001	0.997
0.001	0.019	0.979	0.001
0.001	0.001	0.997	0.001
0.997	0.001	0.001	0.001
0.997	0.001	0.001	0.001
0.001	0.001	0.001	0.997
>TCGAATGGACTS	2-TCGAATGGACTS	9.750043	-81.363836	0	T:24.0(8.70%),B:255.1(0.12%),P:1e-35	Tpos:108.4,Tstd:49.0,Bpos:8067.1,Bstd:38625.9,StrandBias:10.0,Multiplicity:1.00
0.119	0.089	0.001	0.791
0.120	0.542	0.248	0.090
0.060	0.120	0.700	0.120
0.760	0.060	0.030	0.150
0.580	0.060	0.240	0.120
0.060	0.032	0.090	0.818
0.091	0.198	0.620	0.091
0.049	0.090	0.741	0.120
0.730	0.120	0.090	0.060
0.292	0.528	0.150	0.030
0.111	0.079	0.030	0.780
0.120	0.412	0.359	0.110
>TCGAATGGAATC	3-TCGAATGGAATC	16.026542	-63.838499	0	T:11.0(3.99%),B:6.9(0.00%),P:1e-27	Tpos:69.3,Tstd:64.7,Bpos:2066.0,Bstd:0.0,StrandBias:3.3,Multiplicity:1.22
0.001	0.001	0.001	0.997
0.001	0.714	0.284	0.001
0.001	0.001	0.997	0.001
0.997	0.001	0.001	0.001
0.997	0.001	0.001	0.001
0.001	0.001	0.001	0.997
0.001	0.001	0.997	0.001
0.001	0.001	0.997	0.001
0.997	0.001	0.001	0.001
0.997	0.001	0.001	0.001
0.001	0.001	0.001	0.997
0.001	0.785	0.213	0.001
>CGAATGGAATCA	4-CGAATGGAATCA	13.649527	-53.315998	0	T:13.0(4.71%),B:67.2(0.03%),P:1e-23	Tpos:129.3,Tstd:40.6,Bpos:24055.4,Bstd:64050.5,StrandBias:2.2,Multiplicity:1.10
0.083	0.731	0.071	0.115
0.268	0.150	0.520	0.062
0.887	0.025	0.061	0.027
0.948	0.001	0.024	0.027
0.081	0.035	0.001	0.883
0.051	0.077	0.759	0.113
0.076	0.001	0.825	0.098
0.960	0.001	0.001	0.038
0.840	0.092	0.029	0.039
0.038	0.001	0.024	0.937
0.029	0.886	0.001	0.084
0.828	0.059	0.112	0.001
>GAATGGAATGGA	5-GAATGGAATGGA	10.735840	-50.767416	0	T:24.0(8.70%),B:978.9(0.46%),P:1e-22	Tpos:102.8,Tstd:48.8,Bpos:16788.1,Bstd:24979.2,StrandBias:1.8,Multiplicity:1.95
0.082	0.053	0.822	0.043
0.883	0.044	0.050	0.023
0.753	0.074	0.126	0.047
0.077	0.065	0.009	0.849
0.034	0.138	0.712	0.116
0.069	0.021	0.872	0.038
0.967	0.023	0.009	0.001
0.830	0.040	0.117	0.013
0.062	0.108	0.008	0.822
0.022	0.167	0.753	0.058
0.103	0.064	0.805	0.028
0.934	0.016	0.001	0.049
>ATSGAACGGAAM	6-ATSGAACGGAAM	8.249939	-45.966692	0	T:14.0(5.07%),B:173.1(0.08%),P:1e-19	Tpos:83.7,Tstd:71.8,Bpos:8530.3,Bstd:21720.7,StrandBias:2.6,Multiplicity:1.00
0.982	0.001	0.001	0.016
0.001	0.001	0.001	0.997
0.001	0.534	0.464	0.001
0.001	0.001	0.997	0.001
0.997	0.001	0.001	0.001
0.997	0.001	0.001	0.001
0.001	0.982	0.001	0.016
0.001	0.001	0.997	0.001
0.001	0.001	0.997	0.001
0.997	0.001	0.001	0.001
0.930	0.052	0.017	0.001
0.464	0.534	0.001	0.001
>AATGGAATCAAC	7-AATGGAATCAAC	10.628198	-43.825460	0	T:26.0(9.42%),B:1676.7(0.79%),P:1e-19	Tpos:82.2,Tstd:57.0,Bpos:15154.5,Bstd:50495.4,StrandBias:1.1,Multiplicity:1.00
0.853	0.054	0.001	0.092
0.853	0.001	0.079	0.067
0.168	0.001	0.001	0.830
0.116	0.002	0.747	0.135
0.001	0.054	0.944	0.001
0.840	0.001	0.092	0.067
0.907	0.001	0.091	0.001
0.001	0.001	0.001	0.997
0.055	0.699	0.205	0.041
0.814	0.001	0.184	0.001
0.779	0.219	0.001	0.001
0.160	0.745	0.053	0.042
>TCATYGAATGGA	8-TCATYGAATGGA	11.086169	-41.133301	0	T:14.0(5.07%),B:249.2(0.12%),P:1e-17	Tpos:135.3,Tstd:36.2,Bpos:9915.7,Bstd:30423.5,StrandBias:1.0,Multiplicity:1.00
0.098	0.070	0.129	0.703
0.123	0.786	0.035	0.056
0.870	0.001	0.048	0.081
0.141	0.052	0.069	0.738
0.133	0.425	0.130	0.311
0.173	0.135	0.602	0.090
0.784	0.047	0.119	0.050
0.852	0.001	0.086	0.061
0.156	0.001	0.001	0.842
0.147	0.001	0.748	0.104
0.050	0.021	0.834	0.095
0.817	0.036	0.091	0.056
>AATGGAATCATC	9-AATGGAATCATC	12.653313	-36.043090	0	T:14.0(5.07%),B:365.8(0.17%),P:1e-15	Tpos:98.6,Tstd:51.2,Bpos:133442.5,Bstd:213234.0,StrandBias:1.8,Multiplicity:1.69
0.941	0.001	0.001	0.057
0.929	0.001	0.069	0.001
0.001	0.089	0.001	0.909
0.063	0.002	0.933	0.002
0.001	0.001	0.945	0.053
0.997	0.001	0.001	0.001
0.878	0.058	0.063	0.001
0.001	0.001	0.064	0.934
0.133	0.729	0.001	0.137
0.941	0.057	0.001	0.001
0.012	0.001	0.001	0.986
0.001	0.858	0.048	0.093
>CAACCCGAGTGG	10-CAACCCGAGTGG	15.019057	-24.200632	0	T:5.0(1.81%),B:13.9(0.01%),P:1e-10	Tpos:132.5,Tstd:52.1,Bpos:594.3,Bstd:1049.9,StrandBias:1.6,Multiplicity:1.33
0.001	0.997	0.001	0.001
0.997	0.001	0.001	0.001
0.997	0.001	0.001	0.001
0.001	0.997	0.001	0.001
0.001	0.671	0.001	0.327
0.001	0.997	0.001	0.001
0.001	0.001	0.997	0.001
0.997	0.001	0.001	0.001
0.001	0.001	0.997	0.001
0.001	0.001	0.001	0.997
0.001	0.001	0.997	0.001
0.001	0.001	0.693	0.305
>GGAGGTTGGGTC	11-GGAGGTTGGGTC	14.157165	-19.269456	0	T:5.0(1.81%),B:40.3(0.02%),P:1e-8	Tpos:98.8,Tstd:48.3,Bpos:11752.9,Bstd:42420.8,StrandBias:2.0,Multiplicity:1.00
0.001	0.001	0.997	0.001
0.001	0.207	0.585	0.207
0.997	0.001	0.001	0.001
0.001	0.001	0.997	0.001
0.001	0.183	0.815	0.001
0.001	0.001	0.001	0.997
0.001	0.001	0.001	0.997
0.001	0.001	0.997	0.001
0.001	0.001	0.997	0.001
0.001	0.001	0.997	0.001
0.001	0.001	0.001	0.997
0.001	0.805	0.001	0.193
>CATTGCTGGATT	12-CATTGCTGGATT	13.893937	-15.500686	0	T:6.0(2.17%),B:177.5(0.08%),P:1e-6	Tpos:91.0,Tstd:47.3,Bpos:14625.8,Bstd:51857.0,StrandBias:1.0,Multiplicity:1.00
0.001	0.997	0.001	0.001
0.997	0.001	0.001	0.001
0.001	0.177	0.001	0.821
0.001	0.001	0.001	0.997
0.001	0.001	0.997	0.001
0.001	0.815	0.001	0.183
0.177	0.001	0.001	0.821
0.001	0.001	0.856	0.142
0.001	0.001	0.844	0.154
0.997	0.001	0.001	0.001
0.001	0.001	0.001	0.997
0.001	0.001	0.001	0.997
>ACATTTCACAGC	13-ACATTTCACAGC	13.779966	-15.405049	0	T:6.0(2.17%),B:180.8(0.09%),P:1e-6	Tpos:92.2,Tstd:44.5,Bpos:13669.8,Bstd:43386.1,StrandBias:0.0,Multiplicity:1.00
0.997	0.001	0.001	0.001
0.141	0.857	0.001	0.001
0.997	0.001	0.001	0.001
0.001	0.001	0.001	0.997
0.001	0.001	0.001	0.997
0.001	0.001	0.171	0.827
0.001	0.997	0.001	0.001
0.845	0.001	0.001	0.153
0.001	0.997	0.001	0.001
0.997	0.001	0.001	0.001
0.166	0.235	0.598	0.001
0.001	0.997	0.001	0.001
>CATCAGATGAAA	14-CATCAGATGAAA	13.832123	-14.777795	0	T:6.0(2.17%),B:201.3(0.10%),P:1e-6	Tpos:66.7,Tstd:45.9,Bpos:14686.8,Bstd:47259.7,StrandBias:0.0,Multiplicity:1.00
0.001	0.997	0.001	0.001
0.997	0.001	0.001	0.001
0.001	0.001	0.001	0.997
0.154	0.844	0.001	0.001
0.997	0.001	0.001	0.001
0.135	0.001	0.863	0.001
0.997	0.001	0.001	0.001
0.001	0.001	0.001	0.997
0.001	0.001	0.831	0.167
0.812	0.001	0.186	0.001
0.805	0.001	0.001	0.193
0.997	0.001	0.001	0.001
>TTGACACTTTCA	15-TTGACACTTTCA	11.670048	-10.240528	0	T:7.0(2.54%),B:670.0(0.32%),P:1e-4	Tpos:96.9,Tstd:48.7,Bpos:13940.2,Bstd:45930.7,StrandBias:-0.7,Multiplicity:1.14
0.001	0.001	0.001	0.997
0.153	0.001	0.001	0.845
0.107	0.184	0.708	0.001
0.876	0.001	0.120	0.003
0.117	0.881	0.001	0.001
0.878	0.001	0.001	0.120
0.001	0.843	0.001	0.155
0.108	0.253	0.191	0.449
0.134	0.001	0.001	0.864
0.158	0.001	0.001	0.840
0.072	0.842	0.001	0.085
0.997	0.001	0.001	0.001
>GTACTTTSATAT	16-GTACTTTSATAT	10.750767	-9.805670	0	T:8.0(2.90%),B:979.1(0.46%),P:1e-4	Tpos:102.5,Tstd:45.0,Bpos:12306.6,Bstd:48012.5,StrandBias:2.2,Multiplicity:1.38
0.001	0.001	0.997	0.001
0.001	0.160	0.001	0.838
0.878	0.001	0.120	0.001
0.099	0.899	0.001	0.001
0.001	0.140	0.001	0.858
0.001	0.001	0.160	0.838
0.001	0.001	0.151	0.847
0.001	0.449	0.310	0.240
0.870	0.120	0.001	0.009
0.001	0.001	0.135	0.863
0.838	0.160	0.001	0.001
0.001	0.001	0.001	0.997
>AAAACATGGATA	17-AAAACATGGATA	13.200314	-5.207360	0	T:4.0(1.45%),B:528.5(0.25%),P:1e-2	Tpos:132.8,Tstd:47.3,Bpos:17398.7,Bstd:65587.0,StrandBias:2.3,Multiplicity:1.50
0.702	0.001	0.001	0.296
0.487	0.306	0.206	0.001
0.997	0.001	0.001	0.001
0.997	0.001	0.001	0.001
0.001	0.997	0.001	0.001
0.997	0.001	0.001	0.001
0.001	0.001	0.001	0.997
0.001	0.001	0.758	0.240
0.001	0.001	0.997	0.001
0.997	0.001	0.001	0.001
0.396	0.001	0.001	0.602
0.758	0.001	0.001	0.240
>TCGAACGG	1-TCGAACGG	8.001181	-31.736962	0	T:15.0(5.43%),B:631.7(0.30%),P:1e-13	Tpos:86.6,Tstd:58.8,Bpos:12879.2,Bstd:50661.0,StrandBias:4.0,Multiplicity:1.55
0.001	0.001	0.001	0.997
0.001	0.966	0.032	0.001
0.001	0.001	0.997	0.001
0.997	0.001	0.001	0.001
0.997	0.001	0.001	0.001
0.001	0.950	0.001	0.048
0.001	0.001	0.997	0.001
0.001	0.001	0.997	0.001
>WATGTWGW	2-WATGTWGW	3.783357	-19.722326	0	T:255.0(92.39%),B:167672.5(79.41%),P:1e-8	Tpos:93.5,Tstd:55.3,Bpos:16926.7,Bstd:61163.5,StrandBias:0.2,Multiplicity:1.72
0.483	0.066	0.001	0.450
0.449	0.183	0.183	0.184
0.300	0.001	0.149	0.550
0.001	0.416	0.582	0.001
0.233	0.117	0.183	0.466
0.416	0.017	0.167	0.400
0.001	0.316	0.682	0.001
0.467	0.001	0.116	0.416
>GAATGGAA	3-GAATGGAA	8.236954	-19.177765	0	T:29.0(10.51%),B:6190.2(2.93%),P:1e-8	Tpos:106.2,Tstd:55.7,Bpos:12588.5,Bstd:44844.2,StrandBias:0.7,Multiplicity:1.00
0.100	0.100	0.700	0.100
0.700	0.100	0.100	0.100
0.700	0.100	0.100	0.100
0.100	0.100	0.100	0.700
0.100	0.100	0.700	0.100
0.100	0.100	0.700	0.100
0.700	0.100	0.100	0.100
0.700	0.100	0.100	0.100
>TTCACWGW	4-TTCACWGW	0.391446	-15.617981	0	T:246.0(89.13%),B:162507.7(76.96%),P:1e-6	Tpos:98.5,Tstd:54.1,Bpos:16243.9,Bstd:59196.8,StrandBias:-0.2,Multiplicity:1.51
0.234	0.001	0.001	0.764
0.382	0.001	0.001	0.616
0.001	0.536	0.234	0.229
0.997	0.001	0.001	0.001
0.001	0.614	0.384	0.001
0.538	0.001	0.001	0.460
0.001	0.001	0.997	0.001
0.458	0.078	0.081	0.383
>ATTCCATT	5-ATTCCATT	10.974983	-13.327173	0	T:28.0(10.14%),B:7754.8(3.67%),P:1e-5	Tpos:93.2,Tstd:54.8,Bpos:14017.7,Bstd:42657.9,StrandBias:-1.5,Multiplicity:9.25
0.997	0.001	0.001	0.001
0.001	0.001	0.001	0.997
0.001	0.001	0.001	0.997
0.001	0.997	0.001	0.001
0.001	0.956	0.042	0.001
0.949	0.001	0.049	0.001
0.001	0.001	0.001	0.997
0.001	0.001	0.001	0.997
>AWWNWBMC	6-AWWNWBMC	4.151884	-11.183222	0	T:256.0(92.75%),B:177622.2(84.12%),P:1e-4	Tpos:87.1,Tstd:53.0,Bpos:15695.3,Bstd:57000.7,StrandBias:0.3,Multiplicity:1.41
0.997	0.001	0.001	0.001
0.428	0.001	0.001	0.570
0.521	0.001	0.001	0.477
0.237	0.240	0.287	0.236
0.379	0.191	0.001	0.429
0.001	0.334	0.284	0.381
0.333	0.381	0.190	0.096
0.381	0.571	0.001	0.047
>WBCTWTBT	7-WBCTWTBT	2.828832	-10.933365	0	T:269.0(97.46%),B:192389.2(91.11%),P:1e-4	Tpos:94.1,Tstd:53.3,Bpos:14332.0,Bstd:52803.7,StrandBias:0.1,Multiplicity:1.38
0.320	0.120	0.160	0.400
0.001	0.320	0.320	0.360
0.120	0.659	0.220	0.001
0.300	0.200	0.040	0.460
0.400	0.160	0.100	0.340
0.260	0.020	0.220	0.500
0.080	0.320	0.260	0.340
0.200	0.220	0.180	0.400
>WAWWANAW	8-WAWWANAW	2.738545	-9.318957	0	T:253.0(91.67%),B:176855.2(83.76%),P:1e-4	Tpos:96.1,Tstd:56.2,Bpos:16648.5,Bstd:58821.3,StrandBias:0.3,Multiplicity:1.60
0.422	0.133	0.126	0.319
0.437	0.185	0.118	0.259
0.496	0.074	0.074	0.356
0.400	0.148	0.163	0.289
0.466	0.001	0.266	0.266
0.341	0.215	0.222	0.222
0.503	0.178	0.156	0.163
0.459	0.119	0.044	0.378
>TGGAATWD	9-TGGAATWD	4.301693	-9.000723	0	T:197.0(71.38%),B:127979.2(60.61%),P:1e-3	Tpos:95.0,Tstd:55.5,Bpos:14487.8,Bstd:51360.7,StrandBias:-0.3,Multiplicity:1.44
0.249	0.001	0.121	0.629
0.004	0.001	0.972	0.023
0.042	0.023	0.562	0.373
0.813	0.001	0.023	0.163
0.997	0.001	0.001	0.001
0.001	0.001	0.001	0.997
0.316	0.042	0.233	0.409
0.380	0.001	0.375	0.244
>WWTNHTTT	10-WWTNHTTT	3.027239	-8.206552	0	T:256.0(92.75%),B:181250.9(85.84%),P:1e-3	Tpos:93.6,Tstd:51.5,Bpos:14584.3,Bstd:52642.9,StrandBias:0.0,Multiplicity:1.43
0.405	0.111	0.175	0.310
0.357	0.151	0.190	0.302
0.063	0.206	0.286	0.444
0.254	0.199	0.206	0.341
0.278	0.198	0.183	0.341
0.008	0.001	0.087	0.904
0.167	0.087	0.230	0.516
0.190	0.111	0.167	0.532
>TTWAACTT	11-TTWAACTT	-0.195813	-6.941150	0	T:250.0(90.58%),B:177217.4(83.93%),P:1e-3	Tpos:94.7,Tstd:51.8,Bpos:15191.0,Bstd:54526.4,StrandBias:-0.1,Multiplicity:1.74
0.124	0.001	0.001	0.874
0.001	0.001	0.001	0.997
0.499	0.001	0.001	0.499
0.624	0.001	0.001	0.374
0.624	0.001	0.374	0.001
0.001	0.874	0.124	0.001
0.374	0.001	0.001	0.624
0.001	0.001	0.001	0.997
>TAAWTWAT	12-TAAWTWAT	4.564890	-5.670173	0	T:194.0(70.29%),B:131618.0(62.33%),P:1e-2	Tpos:95.1,Tstd:51.2,Bpos:15500.0,Bstd:52595.0,StrandBias:0.2,Multiplicity:1.81
0.269	0.154	0.115	0.462
0.615	0.001	0.038	0.346
0.577	0.001	0.115	0.307
0.384	0.039	0.153	0.425
0.115	0.001	0.001	0.883
0.462	0.039	0.115	0.384
0.806	0.001	0.038	0.155
0.231	0.038	0.039	0.692
>WWARAAAA	13-WWARAAAA	4.302617	-4.726632	0	T:215.0(77.90%),B:150747.8(71.39%),P:1e-2	Tpos:91.1,Tstd:53.2,Bpos:15891.0,Bstd:56315.4,StrandBias:-0.3,Multiplicity:1.57
0.359	0.099	0.099	0.444
0.358	0.087	0.173	0.383
0.506	0.037	0.173	0.284
0.383	0.222	0.309	0.087
0.655	0.160	0.074	0.111
0.765	0.099	0.074	0.062
0.667	0.037	0.037	0.259
0.926	0.049	0.012	0.013
>ATATATTT	14-ATATATTT	4.359452	-4.012512	0	T:205.0(74.28%),B:144227.7(68.31%),P:1e-1	Tpos:90.6,Tstd:54.2,Bpos:15374.4,Bstd:52424.3,StrandBias:-0.0,Multiplicity:1.52
0.690	0.062	0.076	0.172
0.067	0.103	0.093	0.737
0.650	0.089	0.096	0.165
0.110	0.083	0.039	0.768
0.638	0.050	0.078	0.234
0.055	0.034	0.069	0.842
0.041	0.076	0.048	0.835
0.055	0.069	0.034	0.842
>ATGGAATK	15-ATGGAATK	-2.743184	-3.443642	0	T:162.0(58.70%),B:111818.7(52.96%),P:1e-1	Tpos:96.8,Tstd:54.4,Bpos:15659.2,Bstd:56581.7,StrandBias:0.5,Multiplicity:2.02
0.997	0.001	0.001	0.001
0.001	0.001	0.001	0.997
0.001	0.001	0.997	0.001
0.001	0.001	0.997	0.001
0.997	0.001	0.001	0.001
0.997	0.001	0.001	0.001
0.001	0.001	0.001	0.997
0.001	0.199	0.400	0.400
>AYAWSCAA	16-AYAWSCAA	-3.351895	-3.040074	0	T:275.0(99.64%),B:207503.0(98.27%),P:1e-1	Tpos:90.3,Tstd:56.1,Bpos:13969.1,Bstd:52033.4,StrandBias:0.3,Multiplicity:1.51
0.929	0.001	0.001	0.069
0.068	0.466	0.001	0.465
0.929	0.069	0.001	0.001
0.465	0.008	0.001	0.526
0.008	0.465	0.526	0.001
0.061	0.937	0.001	0.001
0.929	0.069	0.001	0.001
0.997	0.001	0.001	0.001
>AWTARTTA	17-AWTARTTA	6.082589	-2.945508	0	T:127.0(46.01%),B:86608.0(41.02%),P:1e-1	Tpos:89.8,Tstd:55.5,Bpos:15703.6,Bstd:53156.2,StrandBias:-0.2,Multiplicity:1.41
0.997	0.001	0.001	0.001
0.424	0.001	0.001	0.574
0.279	0.068	0.003	0.650
0.566	0.001	0.077	0.356
0.564	0.001	0.419	0.016
0.001	0.001	0.001	0.997
0.275	0.001	0.001	0.723
0.644	0.354	0.001	0.001
>WACAGSTC	18-WACAGSTC	0.605277	-1.300899	0	T:275.0(99.64%),B:209185.2(99.07%),P:1e0	Tpos:97.7,Tstd:52.2,Bpos:13606.2,Bstd:50614.0,StrandBias:0.1,Multiplicity:1.44
0.397	0.008	0.198	0.396
0.598	0.001	0.001	0.400
0.001	0.590	0.408	0.001
0.594	0.001	0.001	0.404
0.001	0.004	0.793	0.202
0.008	0.401	0.388	0.202
0.388	0.008	0.008	0.596
0.194	0.397	0.207	0.202
>ABAGTGTW	19-ABAGTGTW	7.669899	-0.916257	0	T:4.0(1.45%),B:2455.7(1.16%),P:1e0	Tpos:73.3,Tstd:68.7,Bpos:15594.5,Bstd:45061.3,StrandBias:-1.0,Multiplicity:1.00
0.563	0.001	0.146	0.290
0.001	0.290	0.286	0.423
0.709	0.001	0.143	0.147
0.001	0.001	0.997	0.001
0.001	0.001	0.422	0.576
0.140	0.001	0.719	0.140
0.159	0.001	0.001	0.839
0.559	0.001	0.001	0.439
>TTTTCCTG	20-TTTTCCTG	2.399224	-0.879213	0	T:276.0(100.00%),B:210478.2(99.68%),P:1e0	Tpos:94.2,Tstd:53.5,Bpos:12772.0,Bstd:48720.0,StrandBias:-0.0,Multiplicity:2.72
0.100	0.100	0.100	0.700
0.100	0.100	0.100	0.700
0.100	0.100	0.100	0.700
0.100	0.100	0.100	0.700
0.100	0.700	0.100	0.100
0.100	0.700	0.100	0.100
0.100	0.100	0.100	0.700
0.100	0.100	0.700	0.100
>GGTVDGVC	21-GGTVDGVC	-3.339691	-0.591067	0	T:276.0(100.00%),B:210698.1(99.79%),P:1e0	Tpos:93.9,Tstd:56.0,Bpos:11856.9,Bstd:45896.8,StrandBias:0.0,Multiplicity:1.42
0.001	0.001	0.997	0.001
0.001	0.279	0.719	0.001
0.140	0.001	0.299	0.560
0.419	0.293	0.287	0.001
0.293	0.001	0.279	0.427
0.140	0.140	0.719	0.001
0.419	0.286	0.294	0.001
0.001	0.573	0.286	0.140
>TGATGAGC	22-TGATGAGC	10.130567	-0.351989	0	T:3.0(1.09%),B:2772.2(1.31%),P:1e0	Tpos:95.0,Tstd:0.0,Bpos:8757.4,Bstd:20567.6,StrandBias:10.0,Multiplicity:1.00
0.113	0.001	0.016	0.870
0.001	0.114	0.884	0.001
0.990	0.008	0.001	0.001
0.017	0.001	0.113	0.869
0.130	0.001	0.868	0.001
0.877	0.001	0.001	0.121
0.122	0.001	0.876	0.001
0.130	0.868	0.001	0.001
>CYCTCMAW	23-CYCTCMAW	8.989884	-0.006214	0	T:16.0(5.80%),B:20733.6(9.82%),P:1e0	Tpos:81.0,Tstd:77.0,Bpos:14414.1,Bstd:60846.4,StrandBias:10.0,Multiplicity:1.00
0.001	0.997	0.001	0.001
0.001	0.499	0.001	0.499
0.001	0.997	0.001	0.001
0.001	0.001	0.001	0.997
0.001	0.997	0.001	0.001
0.499	0.499	0.001	0.001
0.997	0.001	0.001	0.001
0.499	0.001	0.001	0.499
>NNNNNNNN	24-NNNNNNNN	nan	0.000000	0	T:0.0(0.00%),B:0.0(0.00%),P:1e0	Tpos:0.0,Tstd:0.0,Bpos:0.0,Bstd:0.0,StrandBias:0.0,Multiplicity:1.00
nan	nan	nan	nan
nan	nan	nan	nan
nan	nan	nan	nan
nan	nan	nan	nan
nan	nan	nan	nan
nan	nan	nan	nan
nan	nan	nan	nan
nan	nan	nan	nan
>CTAGGGTT	25-CTAGGGTT	0.453314	0.000000	0	T:276.0(100.00%),B:211150.8(100.00%),P:1e0	Tpos:97.4,Tstd:53.1,Bpos:11399.5,Bstd:43826.1,StrandBias:-0.3,Multiplicity:2.50
0.100	0.700	0.100	0.100
0.100	0.100	0.100	0.700
0.700	0.100	0.100	0.100
0.100	0.100	0.700	0.100
0.100	0.100	0.700	0.100
0.100	0.100	0.700	0.100
0.100	0.100	0.100	0.700
0.100	0.100	0.100	0.700
