>CGAACGGAAT	1-CGAACGGAAT	11.861551	-90.355577	0	T:21.0(7.61%),B:83.8(0.04%),P:1e-39	Tpos:88.3,Tstd:53.2,Bpos:11183.5,Bstd:26417.6,StrandBias:2.4,Multiplicity:2.05
0.001	0.992	0.006	0.001
0.001	0.005	0.993	0.001
0.997	0.001	0.001	0.001
0.997	0.001	0.001	0.001
0.001	0.831	0.001	0.167
0.001	0.001	0.997	0.001
0.001	0.001	0.997	0.001
0.858	0.001	0.001	0.140
0.972	0.026	0.001	0.001
0.001	0.001	0.001	0.997
>ATGGAATGGA	2-ATGGAATGGA	11.271952	-61.074362	0	T:23.0(8.33%),B:531.1(0.25%),P:1e-26	Tpos:89.5,Tstd:56.3,Bpos:16893.4,Bstd:26199.8,StrandBias:1.8,Multiplicity:6.35
0.997	0.001	0.001	0.001
0.001	0.001	0.001	0.997
0.001	0.077	0.921	0.001
0.001	0.001	0.997	0.001
0.997	0.001	0.001	0.001
0.997	0.001	0.001	0.001
0.001	0.001	0.001	0.997
0.001	0.001	0.997	0.001
0.001	0.001	0.997	0.001
0.997	0.001	0.001	0.001
>GAATGGAATS	3-GAATGGAATS	9.768975	-46.557125	0	T:25.0(9.06%),B:1333.3(0.63%),P:1e-20	Tpos:95.1,Tstd:53.6,Bpos:13281.7,Bstd:29735.1,StrandBias:1.4,Multiplicity:1.85
0.072	0.076	0.817	0.035
0.889	0.022	0.036	0.053
0.781	0.038	0.148	0.033
0.040	0.107	0.027	0.826
0.090	0.048	0.750	0.112
0.031	0.032	0.918	0.019
0.896	0.019	0.035	0.050
0.840	0.086	0.055	0.019
0.048	0.046	0.037	0.869
0.035	0.417	0.490	0.058
>CGAATGGAAT	4-CGAATGGAAT	10.351735	-40.789484	0	T:25.0(9.06%),B:1712.6(0.81%),P:1e-17	Tpos:117.0,Tstd:45.0,Bpos:14419.5,Bstd:56589.1,StrandBias:1.3,Multiplicity:1.60
0.113	0.699	0.001	0.187
0.275	0.115	0.487	0.122
0.975	0.023	0.001	0.001
0.885	0.001	0.068	0.046
0.001	0.219	0.047	0.733
0.022	0.047	0.930	0.001
0.037	0.001	0.961	0.001
0.870	0.047	0.031	0.052
0.826	0.091	0.033	0.050
0.087	0.050	0.001	0.862
>TCGAATGGAA	5-TCGAATGGAA	8.824790	-37.757846	0	T:30.0(10.87%),B:3096.0(1.47%),P:1e-16	Tpos:91.5,Tstd:43.9,Bpos:30666.7,Bstd:97285.4,StrandBias:0.8,Multiplicity:1.57
0.024	0.037	0.024	0.915
0.037	0.606	0.273	0.084
0.044	0.036	0.889	0.031
0.817	0.118	0.027	0.038
0.832	0.027	0.085	0.056
0.104	0.143	0.001	0.752
0.104	0.045	0.723	0.128
0.050	0.063	0.833	0.054
0.925	0.020	0.014	0.041
0.713	0.206	0.038	0.043
>AATGGAATCA	6-AATGGAATCA	9.997145	-34.903654	0	T:27.0(9.78%),B:2688.2(1.27%),P:1e-15	Tpos:79.8,Tstd:52.4,Bpos:37148.1,Bstd:105655.6,StrandBias:0.9,Multiplicity:1.06
0.926	0.001	0.038	0.035
0.846	0.001	0.116	0.037
0.025	0.071	0.041	0.863
0.139	0.077	0.599	0.185
0.016	0.001	0.954	0.029
0.997	0.001	0.001	0.001
0.959	0.039	0.001	0.001
0.001	0.001	0.001	0.997
0.034	0.964	0.001	0.001
0.939	0.059	0.001	0.001
>ATCATCGAAT	7-ATCATCGAAT	11.548808	-31.685558	0	T:14.0(5.07%),B:507.0(0.24%),P:1e-13	Tpos:117.9,Tstd:52.9,Bpos:13069.4,Bstd:49116.4,StrandBias:10.0,Multiplicity:1.00
0.997	0.001	0.001	0.001
0.001	0.001	0.196	0.802
0.001	0.997	0.001	0.001
0.997	0.001	0.001	0.001
0.001	0.001	0.001	0.997
0.204	0.711	0.001	0.084
0.069	0.001	0.929	0.001
0.808	0.190	0.001	0.001
0.997	0.001	0.001	0.001
0.001	0.001	0.001	0.997
>CACTCGCGTT	8-CACTCGCGTT	10.597145	-30.145171	0	T:10.0(3.62%),B:171.1(0.08%),P:1e-13	Tpos:120.6,Tstd:59.1,Bpos:6228.6,Bstd:20322.4,StrandBias:-0.3,Multiplicity:1.00
0.001	0.997	0.001	0.001
0.997	0.001	0.001	0.001
0.001	0.997	0.001	0.001
0.001	0.001	0.159	0.839
0.001	0.997	0.001	0.001
0.001	0.001	0.899	0.099
0.107	0.521	0.371	0.001
0.001	0.001	0.898	0.100
0.001	0.001	0.001	0.997
0.001	0.001	0.001	0.997
>CATCGAATGG	9-CATCGAATGG	8.940106	-20.036018	0	T:17.0(6.16%),B:1986.6(0.94%),P:1e-8	Tpos:94.3,Tstd:56.9,Bpos:12869.6,Bstd:47979.9,StrandBias:1.5,Multiplicity:1.25
0.017	0.851	0.021	0.111
0.873	0.001	0.049	0.077
0.016	0.072	0.019	0.893
0.074	0.720	0.038	0.168
0.253	0.044	0.610	0.093
0.751	0.066	0.065	0.118
0.953	0.001	0.023	0.023
0.095	0.122	0.041	0.742
0.139	0.001	0.769	0.091
0.058	0.065	0.848	0.029
>ATCAAATGGA	10-ATCAAATGGA	10.149185	-19.579220	0	T:22.0(7.97%),B:3558.0(1.69%),P:1e-8	Tpos:104.9,Tstd:49.6,Bpos:12667.4,Bstd:44114.7,StrandBias:1.9,Multiplicity:1.17
0.997	0.001	0.001	0.001
0.051	0.001	0.001	0.947
0.039	0.808	0.064	0.089
0.997	0.001	0.001	0.001
0.831	0.001	0.084	0.084
0.905	0.001	0.093	0.001
0.061	0.001	0.001	0.937
0.001	0.001	0.997	0.001
0.052	0.001	0.946	0.001
0.741	0.130	0.001	0.128
>TTGATTGGAC	11-TTGATTGGAC	10.413739	-16.759298	0	T:12.0(4.35%),B:1134.4(0.54%),P:1e-7	Tpos:92.9,Tstd:42.0,Bpos:14585.4,Bstd:53568.8,StrandBias:1.0,Multiplicity:1.00
0.001	0.001	0.001	0.997
0.001	0.175	0.001	0.823
0.001	0.079	0.919	0.001
0.997	0.001	0.001	0.001
0.102	0.103	0.001	0.794
0.103	0.001	0.001	0.895
0.001	0.148	0.850	0.001
0.096	0.001	0.902	0.001
0.997	0.001	0.001	0.001
0.001	0.905	0.093	0.001
>GAATAGAATC	12-GAATAGAATC	13.429436	-9.765314	0	T:5.0(1.81%),B:301.7(0.14%),P:1e-4	Tpos:112.0,Tstd:66.3,Bpos:9093.6,Bstd:23377.9,StrandBias:1.0,Multiplicity:1.00
0.001	0.001	0.997	0.001
0.997	0.001	0.001	0.001
0.997	0.001	0.001	0.001
0.001	0.001	0.001	0.997
0.997	0.001	0.001	0.001
0.001	0.001	0.997	0.001
0.997	0.001	0.001	0.001
0.997	0.001	0.001	0.001
0.001	0.001	0.001	0.997
0.001	0.666	0.332	0.001
