>TCGAACGG	1-TCGAACGG	8.001181	-31.736962	0	T:15.0(5.43%),B:631.7(0.30%),P:1e-13	Tpos:86.6,Tstd:58.8,Bpos:12879.2,Bstd:50661.0,StrandBias:4.0,Multiplicity:1.55
0.001	0.001	0.001	0.997
0.001	0.966	0.032	0.001
0.001	0.001	0.997	0.001
0.997	0.001	0.001	0.001
0.997	0.001	0.001	0.001
0.001	0.950	0.001	0.048
0.001	0.001	0.997	0.001
0.001	0.001	0.997	0.001
>WATGTWGW	2-WATGTWGW	3.783357	-19.722326	0	T:255.0(92.39%),B:167672.5(79.41%),P:1e-8	Tpos:93.5,Tstd:55.3,Bpos:16926.7,Bstd:61163.5,StrandBias:0.2,Multiplicity:1.72
0.483	0.066	0.001	0.450
0.449	0.183	0.183	0.184
0.300	0.001	0.149	0.550
0.001	0.416	0.582	0.001
0.233	0.117	0.183	0.466
0.416	0.017	0.167	0.400
0.001	0.316	0.682	0.001
0.467	0.001	0.116	0.416
>GAATGGAA	3-GAATGGAA	8.236954	-19.177765	0	T:29.0(10.51%),B:6190.2(2.93%),P:1e-8	Tpos:106.2,Tstd:55.7,Bpos:12588.5,Bstd:44844.2,StrandBias:0.7,Multiplicity:1.00
0.100	0.100	0.700	0.100
0.700	0.100	0.100	0.100
0.700	0.100	0.100	0.100
0.100	0.100	0.100	0.700
0.100	0.100	0.700	0.100
0.100	0.100	0.700	0.100
0.700	0.100	0.100	0.100
0.700	0.100	0.100	0.100
>TTCACWGW	4-TTCACWGW	0.391446	-15.617981	0	T:246.0(89.13%),B:162507.7(76.96%),P:1e-6	Tpos:98.5,Tstd:54.1,Bpos:16243.9,Bstd:59196.8,StrandBias:-0.2,Multiplicity:1.51
0.234	0.001	0.001	0.764
0.382	0.001	0.001	0.616
0.001	0.536	0.234	0.229
0.997	0.001	0.001	0.001
0.001	0.614	0.384	0.001
0.538	0.001	0.001	0.460
0.001	0.001	0.997	0.001
0.458	0.078	0.081	0.383
>ATTCCATT	5-ATTCCATT	10.974983	-13.327173	0	T:28.0(10.14%),B:7754.8(3.67%),P:1e-5	Tpos:93.2,Tstd:54.8,Bpos:14017.7,Bstd:42657.9,StrandBias:-1.5,Multiplicity:9.25
0.997	0.001	0.001	0.001
0.001	0.001	0.001	0.997
0.001	0.001	0.001	0.997
0.001	0.997	0.001	0.001
0.001	0.956	0.042	0.001
0.949	0.001	0.049	0.001
0.001	0.001	0.001	0.997
0.001	0.001	0.001	0.997
>AWWNWBMC	6-AWWNWBMC	4.151884	-11.183222	0	T:256.0(92.75%),B:177622.2(84.12%),P:1e-4	Tpos:87.1,Tstd:53.0,Bpos:15695.3,Bstd:57000.7,StrandBias:0.3,Multiplicity:1.41
0.997	0.001	0.001	0.001
0.428	0.001	0.001	0.570
0.521	0.001	0.001	0.477
0.237	0.240	0.287	0.236
0.379	0.191	0.001	0.429
0.001	0.334	0.284	0.381
0.333	0.381	0.190	0.096
0.381	0.571	0.001	0.047
>WBCTWTBT	7-WBCTWTBT	2.828832	-10.933365	0	T:269.0(97.46%),B:192389.2(91.11%),P:1e-4	Tpos:94.1,Tstd:53.3,Bpos:14332.0,Bstd:52803.7,StrandBias:0.1,Multiplicity:1.38
0.320	0.120	0.160	0.400
0.001	0.320	0.320	0.360
0.120	0.659	0.220	0.001
0.300	0.200	0.040	0.460
0.400	0.160	0.100	0.340
0.260	0.020	0.220	0.500
0.080	0.320	0.260	0.340
0.200	0.220	0.180	0.400
>WAWWANAW	8-WAWWANAW	2.738545	-9.318957	0	T:253.0(91.67%),B:176855.2(83.76%),P:1e-4	Tpos:96.1,Tstd:56.2,Bpos:16648.5,Bstd:58821.3,StrandBias:0.3,Multiplicity:1.60
0.422	0.133	0.126	0.319
0.437	0.185	0.118	0.259
0.496	0.074	0.074	0.356
0.400	0.148	0.163	0.289
0.466	0.001	0.266	0.266
0.341	0.215	0.222	0.222
0.503	0.178	0.156	0.163
0.459	0.119	0.044	0.378
>TGGAATWD	9-TGGAATWD	4.301693	-9.000723	0	T:197.0(71.38%),B:127979.2(60.61%),P:1e-3	Tpos:95.0,Tstd:55.5,Bpos:14487.8,Bstd:51360.7,StrandBias:-0.3,Multiplicity:1.44
0.249	0.001	0.121	0.629
0.004	0.001	0.972	0.023
0.042	0.023	0.562	0.373
0.813	0.001	0.023	0.163
0.997	0.001	0.001	0.001
0.001	0.001	0.001	0.997
0.316	0.042	0.233	0.409
0.380	0.001	0.375	0.244
>WWTNHTTT	10-WWTNHTTT	3.027239	-8.206552	0	T:256.0(92.75%),B:181250.9(85.84%),P:1e-3	Tpos:93.6,Tstd:51.5,Bpos:14584.3,Bstd:52642.9,StrandBias:0.0,Multiplicity:1.43
0.405	0.111	0.175	0.310
0.357	0.151	0.190	0.302
0.063	0.206	0.286	0.444
0.254	0.199	0.206	0.341
0.278	0.198	0.183	0.341
0.008	0.001	0.087	0.904
0.167	0.087	0.230	0.516
0.190	0.111	0.167	0.532
>TTWAACTT	11-TTWAACTT	-0.195813	-6.941150	0	T:250.0(90.58%),B:177217.4(83.93%),P:1e-3	Tpos:94.7,Tstd:51.8,Bpos:15191.0,Bstd:54526.4,StrandBias:-0.1,Multiplicity:1.74
0.124	0.001	0.001	0.874
0.001	0.001	0.001	0.997
0.499	0.001	0.001	0.499
0.624	0.001	0.001	0.374
0.624	0.001	0.374	0.001
0.001	0.874	0.124	0.001
0.374	0.001	0.001	0.624
0.001	0.001	0.001	0.997
>TAAWTWAT	12-TAAWTWAT	4.564890	-5.670173	0	T:194.0(70.29%),B:131618.0(62.33%),P:1e-2	Tpos:95.1,Tstd:51.2,Bpos:15500.0,Bstd:52595.0,StrandBias:0.2,Multiplicity:1.81
0.269	0.154	0.115	0.462
0.615	0.001	0.038	0.346
0.577	0.001	0.115	0.307
0.384	0.039	0.153	0.425
0.115	0.001	0.001	0.883
0.462	0.039	0.115	0.384
0.806	0.001	0.038	0.155
0.231	0.038	0.039	0.692
>WWARAAAA	13-WWARAAAA	4.302617	-4.726632	0	T:215.0(77.90%),B:150747.8(71.39%),P:1e-2	Tpos:91.1,Tstd:53.2,Bpos:15891.0,Bstd:56315.4,StrandBias:-0.3,Multiplicity:1.57
0.359	0.099	0.099	0.444
0.358	0.087	0.173	0.383
0.506	0.037	0.173	0.284
0.383	0.222	0.309	0.087
0.655	0.160	0.074	0.111
0.765	0.099	0.074	0.062
0.667	0.037	0.037	0.259
0.926	0.049	0.012	0.013
>ATATATTT	14-ATATATTT	4.359452	-4.012512	0	T:205.0(74.28%),B:144227.7(68.31%),P:1e-1	Tpos:90.6,Tstd:54.2,Bpos:15374.4,Bstd:52424.3,StrandBias:-0.0,Multiplicity:1.52
0.690	0.062	0.076	0.172
0.067	0.103	0.093	0.737
0.650	0.089	0.096	0.165
0.110	0.083	0.039	0.768
0.638	0.050	0.078	0.234
0.055	0.034	0.069	0.842
0.041	0.076	0.048	0.835
0.055	0.069	0.034	0.842
>ATGGAATK	15-ATGGAATK	-2.743184	-3.443642	0	T:162.0(58.70%),B:111818.7(52.96%),P:1e-1	Tpos:96.8,Tstd:54.4,Bpos:15659.2,Bstd:56581.7,StrandBias:0.5,Multiplicity:2.02
0.997	0.001	0.001	0.001
0.001	0.001	0.001	0.997
0.001	0.001	0.997	0.001
0.001	0.001	0.997	0.001
0.997	0.001	0.001	0.001
0.997	0.001	0.001	0.001
0.001	0.001	0.001	0.997
0.001	0.199	0.400	0.400
>AYAWSCAA	16-AYAWSCAA	-3.351895	-3.040074	0	T:275.0(99.64%),B:207503.0(98.27%),P:1e-1	Tpos:90.3,Tstd:56.1,Bpos:13969.1,Bstd:52033.4,StrandBias:0.3,Multiplicity:1.51
0.929	0.001	0.001	0.069
0.068	0.466	0.001	0.465
0.929	0.069	0.001	0.001
0.465	0.008	0.001	0.526
0.008	0.465	0.526	0.001
0.061	0.937	0.001	0.001
0.929	0.069	0.001	0.001
0.997	0.001	0.001	0.001
>AWTARTTA	17-AWTARTTA	6.082589	-2.945508	0	T:127.0(46.01%),B:86608.0(41.02%),P:1e-1	Tpos:89.8,Tstd:55.5,Bpos:15703.6,Bstd:53156.2,StrandBias:-0.2,Multiplicity:1.41
0.997	0.001	0.001	0.001
0.424	0.001	0.001	0.574
0.279	0.068	0.003	0.650
0.566	0.001	0.077	0.356
0.564	0.001	0.419	0.016
0.001	0.001	0.001	0.997
0.275	0.001	0.001	0.723
0.644	0.354	0.001	0.001
>WACAGSTC	18-WACAGSTC	0.605277	-1.300899	0	T:275.0(99.64%),B:209185.2(99.07%),P:1e0	Tpos:97.7,Tstd:52.2,Bpos:13606.2,Bstd:50614.0,StrandBias:0.1,Multiplicity:1.44
0.397	0.008	0.198	0.396
0.598	0.001	0.001	0.400
0.001	0.590	0.408	0.001
0.594	0.001	0.001	0.404
0.001	0.004	0.793	0.202
0.008	0.401	0.388	0.202
0.388	0.008	0.008	0.596
0.194	0.397	0.207	0.202
>ABAGTGTW	19-ABAGTGTW	7.669899	-0.916257	0	T:4.0(1.45%),B:2455.7(1.16%),P:1e0	Tpos:73.3,Tstd:68.7,Bpos:15594.5,Bstd:45061.3,StrandBias:-1.0,Multiplicity:1.00
0.563	0.001	0.146	0.290
0.001	0.290	0.286	0.423
0.709	0.001	0.143	0.147
0.001	0.001	0.997	0.001
0.001	0.001	0.422	0.576
0.140	0.001	0.719	0.140
0.159	0.001	0.001	0.839
0.559	0.001	0.001	0.439
>TTTTCCTG	20-TTTTCCTG	2.399224	-0.879213	0	T:276.0(100.00%),B:210478.2(99.68%),P:1e0	Tpos:94.2,Tstd:53.5,Bpos:12772.0,Bstd:48720.0,StrandBias:-0.0,Multiplicity:2.72
0.100	0.100	0.100	0.700
0.100	0.100	0.100	0.700
0.100	0.100	0.100	0.700
0.100	0.100	0.100	0.700
0.100	0.700	0.100	0.100
0.100	0.700	0.100	0.100
0.100	0.100	0.100	0.700
0.100	0.100	0.700	0.100
>GGTVDGVC	21-GGTVDGVC	-3.339691	-0.591067	0	T:276.0(100.00%),B:210698.1(99.79%),P:1e0	Tpos:93.9,Tstd:56.0,Bpos:11856.9,Bstd:45896.8,StrandBias:0.0,Multiplicity:1.42
0.001	0.001	0.997	0.001
0.001	0.279	0.719	0.001
0.140	0.001	0.299	0.560
0.419	0.293	0.287	0.001
0.293	0.001	0.279	0.427
0.140	0.140	0.719	0.001
0.419	0.286	0.294	0.001
0.001	0.573	0.286	0.140
>TGATGAGC	22-TGATGAGC	10.130567	-0.351989	0	T:3.0(1.09%),B:2772.2(1.31%),P:1e0	Tpos:95.0,Tstd:0.0,Bpos:8757.4,Bstd:20567.6,StrandBias:10.0,Multiplicity:1.00
0.113	0.001	0.016	0.870
0.001	0.114	0.884	0.001
0.990	0.008	0.001	0.001
0.017	0.001	0.113	0.869
0.130	0.001	0.868	0.001
0.877	0.001	0.001	0.121
0.122	0.001	0.876	0.001
0.130	0.868	0.001	0.001
>CYCTCMAW	23-CYCTCMAW	8.989884	-0.006214	0	T:16.0(5.80%),B:20733.6(9.82%),P:1e0	Tpos:81.0,Tstd:77.0,Bpos:14414.1,Bstd:60846.4,StrandBias:10.0,Multiplicity:1.00
0.001	0.997	0.001	0.001
0.001	0.499	0.001	0.499
0.001	0.997	0.001	0.001
0.001	0.001	0.001	0.997
0.001	0.997	0.001	0.001
0.499	0.499	0.001	0.001
0.997	0.001	0.001	0.001
0.499	0.001	0.001	0.499
>NNNNNNNN	24-NNNNNNNN	nan	0.000000	0	T:0.0(0.00%),B:0.0(0.00%),P:1e0	Tpos:0.0,Tstd:0.0,Bpos:0.0,Bstd:0.0,StrandBias:0.0,Multiplicity:1.00
nan	nan	nan	nan
nan	nan	nan	nan
nan	nan	nan	nan
nan	nan	nan	nan
nan	nan	nan	nan
nan	nan	nan	nan
nan	nan	nan	nan
nan	nan	nan	nan
>CTAGGGTT	25-CTAGGGTT	0.453314	0.000000	0	T:276.0(100.00%),B:211150.8(100.00%),P:1e0	Tpos:97.4,Tstd:53.1,Bpos:11399.5,Bstd:43826.1,StrandBias:-0.3,Multiplicity:2.50
0.100	0.700	0.100	0.100
0.100	0.100	0.100	0.700
0.700	0.100	0.100	0.100
0.100	0.100	0.700	0.100
0.100	0.100	0.700	0.100
0.100	0.100	0.700	0.100
0.100	0.100	0.100	0.700
0.100	0.100	0.100	0.700
