>ATGGAATGGAAT	1-ATGGAATGGAAT	9.676507	-83.212195	0	T:23.0(8.33%),B:192.6(0.09%),P:1e-36	Tpos:88.7,Tstd:53.0,Bpos:16750.6,Bstd:21937.2,StrandBias:1.6,Multiplicity:3.30
0.997	0.001	0.001	0.001
0.001	0.001	0.001	0.997
0.001	0.122	0.876	0.001
0.001	0.001	0.997	0.001
0.997	0.001	0.001	0.001
0.997	0.001	0.001	0.001
0.001	0.001	0.001	0.997
0.001	0.019	0.979	0.001
0.001	0.001	0.997	0.001
0.997	0.001	0.001	0.001
0.997	0.001	0.001	0.001
0.001	0.001	0.001	0.997
>TCGAATGGACTS	2-TCGAATGGACTS	9.750043	-81.363836	0	T:24.0(8.70%),B:255.1(0.12%),P:1e-35	Tpos:108.4,Tstd:49.0,Bpos:8067.1,Bstd:38625.9,StrandBias:10.0,Multiplicity:1.00
0.119	0.089	0.001	0.791
0.120	0.542	0.248	0.090
0.060	0.120	0.700	0.120
0.760	0.060	0.030	0.150
0.580	0.060	0.240	0.120
0.060	0.032	0.090	0.818
0.091	0.198	0.620	0.091
0.049	0.090	0.741	0.120
0.730	0.120	0.090	0.060
0.292	0.528	0.150	0.030
0.111	0.079	0.030	0.780
0.120	0.412	0.359	0.110
>TCGAATGGAATC	3-TCGAATGGAATC	16.026542	-63.838499	0	T:11.0(3.99%),B:6.9(0.00%),P:1e-27	Tpos:69.3,Tstd:64.7,Bpos:2066.0,Bstd:0.0,StrandBias:3.3,Multiplicity:1.22
0.001	0.001	0.001	0.997
0.001	0.714	0.284	0.001
0.001	0.001	0.997	0.001
0.997	0.001	0.001	0.001
0.997	0.001	0.001	0.001
0.001	0.001	0.001	0.997
0.001	0.001	0.997	0.001
0.001	0.001	0.997	0.001
0.997	0.001	0.001	0.001
0.997	0.001	0.001	0.001
0.001	0.001	0.001	0.997
0.001	0.785	0.213	0.001
>CGAATGGAATCA	4-CGAATGGAATCA	13.649527	-53.315998	0	T:13.0(4.71%),B:67.2(0.03%),P:1e-23	Tpos:129.3,Tstd:40.6,Bpos:24055.4,Bstd:64050.5,StrandBias:2.2,Multiplicity:1.10
0.083	0.731	0.071	0.115
0.268	0.150	0.520	0.062
0.887	0.025	0.061	0.027
0.948	0.001	0.024	0.027
0.081	0.035	0.001	0.883
0.051	0.077	0.759	0.113
0.076	0.001	0.825	0.098
0.960	0.001	0.001	0.038
0.840	0.092	0.029	0.039
0.038	0.001	0.024	0.937
0.029	0.886	0.001	0.084
0.828	0.059	0.112	0.001
>GAATGGAATGGA	5-GAATGGAATGGA	10.735840	-50.767416	0	T:24.0(8.70%),B:978.9(0.46%),P:1e-22	Tpos:102.8,Tstd:48.8,Bpos:16788.1,Bstd:24979.2,StrandBias:1.8,Multiplicity:1.95
0.082	0.053	0.822	0.043
0.883	0.044	0.050	0.023
0.753	0.074	0.126	0.047
0.077	0.065	0.009	0.849
0.034	0.138	0.712	0.116
0.069	0.021	0.872	0.038
0.967	0.023	0.009	0.001
0.830	0.040	0.117	0.013
0.062	0.108	0.008	0.822
0.022	0.167	0.753	0.058
0.103	0.064	0.805	0.028
0.934	0.016	0.001	0.049
>ATSGAACGGAAM	6-ATSGAACGGAAM	8.249939	-45.966692	0	T:14.0(5.07%),B:173.1(0.08%),P:1e-19	Tpos:83.7,Tstd:71.8,Bpos:8530.3,Bstd:21720.7,StrandBias:2.6,Multiplicity:1.00
0.982	0.001	0.001	0.016
0.001	0.001	0.001	0.997
0.001	0.534	0.464	0.001
0.001	0.001	0.997	0.001
0.997	0.001	0.001	0.001
0.997	0.001	0.001	0.001
0.001	0.982	0.001	0.016
0.001	0.001	0.997	0.001
0.001	0.001	0.997	0.001
0.997	0.001	0.001	0.001
0.930	0.052	0.017	0.001
0.464	0.534	0.001	0.001
>AATGGAATCAAC	7-AATGGAATCAAC	10.628198	-43.825460	0	T:26.0(9.42%),B:1676.7(0.79%),P:1e-19	Tpos:82.2,Tstd:57.0,Bpos:15154.5,Bstd:50495.4,StrandBias:1.1,Multiplicity:1.00
0.853	0.054	0.001	0.092
0.853	0.001	0.079	0.067
0.168	0.001	0.001	0.830
0.116	0.002	0.747	0.135
0.001	0.054	0.944	0.001
0.840	0.001	0.092	0.067
0.907	0.001	0.091	0.001
0.001	0.001	0.001	0.997
0.055	0.699	0.205	0.041
0.814	0.001	0.184	0.001
0.779	0.219	0.001	0.001
0.160	0.745	0.053	0.042
>TCATYGAATGGA	8-TCATYGAATGGA	11.086169	-41.133301	0	T:14.0(5.07%),B:249.2(0.12%),P:1e-17	Tpos:135.3,Tstd:36.2,Bpos:9915.7,Bstd:30423.5,StrandBias:1.0,Multiplicity:1.00
0.098	0.070	0.129	0.703
0.123	0.786	0.035	0.056
0.870	0.001	0.048	0.081
0.141	0.052	0.069	0.738
0.133	0.425	0.130	0.311
0.173	0.135	0.602	0.090
0.784	0.047	0.119	0.050
0.852	0.001	0.086	0.061
0.156	0.001	0.001	0.842
0.147	0.001	0.748	0.104
0.050	0.021	0.834	0.095
0.817	0.036	0.091	0.056
>AATGGAATCATC	9-AATGGAATCATC	12.653313	-36.043090	0	T:14.0(5.07%),B:365.8(0.17%),P:1e-15	Tpos:98.6,Tstd:51.2,Bpos:133442.5,Bstd:213234.0,StrandBias:1.8,Multiplicity:1.69
0.941	0.001	0.001	0.057
0.929	0.001	0.069	0.001
0.001	0.089	0.001	0.909
0.063	0.002	0.933	0.002
0.001	0.001	0.945	0.053
0.997	0.001	0.001	0.001
0.878	0.058	0.063	0.001
0.001	0.001	0.064	0.934
0.133	0.729	0.001	0.137
0.941	0.057	0.001	0.001
0.012	0.001	0.001	0.986
0.001	0.858	0.048	0.093
>CAACCCGAGTGG	10-CAACCCGAGTGG	15.019057	-24.200632	0	T:5.0(1.81%),B:13.9(0.01%),P:1e-10	Tpos:132.5,Tstd:52.1,Bpos:594.3,Bstd:1049.9,StrandBias:1.6,Multiplicity:1.33
0.001	0.997	0.001	0.001
0.997	0.001	0.001	0.001
0.997	0.001	0.001	0.001
0.001	0.997	0.001	0.001
0.001	0.671	0.001	0.327
0.001	0.997	0.001	0.001
0.001	0.001	0.997	0.001
0.997	0.001	0.001	0.001
0.001	0.001	0.997	0.001
0.001	0.001	0.001	0.997
0.001	0.001	0.997	0.001
0.001	0.001	0.693	0.305
>GGAGGTTGGGTC	11-GGAGGTTGGGTC	14.157165	-19.269456	0	T:5.0(1.81%),B:40.3(0.02%),P:1e-8	Tpos:98.8,Tstd:48.3,Bpos:11752.9,Bstd:42420.8,StrandBias:2.0,Multiplicity:1.00
0.001	0.001	0.997	0.001
0.001	0.207	0.585	0.207
0.997	0.001	0.001	0.001
0.001	0.001	0.997	0.001
0.001	0.183	0.815	0.001
0.001	0.001	0.001	0.997
0.001	0.001	0.001	0.997
0.001	0.001	0.997	0.001
0.001	0.001	0.997	0.001
0.001	0.001	0.997	0.001
0.001	0.001	0.001	0.997
0.001	0.805	0.001	0.193
>CATTGCTGGATT	12-CATTGCTGGATT	13.893937	-15.500686	0	T:6.0(2.17%),B:177.5(0.08%),P:1e-6	Tpos:91.0,Tstd:47.3,Bpos:14625.8,Bstd:51857.0,StrandBias:1.0,Multiplicity:1.00
0.001	0.997	0.001	0.001
0.997	0.001	0.001	0.001
0.001	0.177	0.001	0.821
0.001	0.001	0.001	0.997
0.001	0.001	0.997	0.001
0.001	0.815	0.001	0.183
0.177	0.001	0.001	0.821
0.001	0.001	0.856	0.142
0.001	0.001	0.844	0.154
0.997	0.001	0.001	0.001
0.001	0.001	0.001	0.997
0.001	0.001	0.001	0.997
>ACATTTCACAGC	13-ACATTTCACAGC	13.779966	-15.405049	0	T:6.0(2.17%),B:180.8(0.09%),P:1e-6	Tpos:92.2,Tstd:44.5,Bpos:13669.8,Bstd:43386.1,StrandBias:0.0,Multiplicity:1.00
0.997	0.001	0.001	0.001
0.141	0.857	0.001	0.001
0.997	0.001	0.001	0.001
0.001	0.001	0.001	0.997
0.001	0.001	0.001	0.997
0.001	0.001	0.171	0.827
0.001	0.997	0.001	0.001
0.845	0.001	0.001	0.153
0.001	0.997	0.001	0.001
0.997	0.001	0.001	0.001
0.166	0.235	0.598	0.001
0.001	0.997	0.001	0.001
>CATCAGATGAAA	14-CATCAGATGAAA	13.832123	-14.777795	0	T:6.0(2.17%),B:201.3(0.10%),P:1e-6	Tpos:66.7,Tstd:45.9,Bpos:14686.8,Bstd:47259.7,StrandBias:0.0,Multiplicity:1.00
0.001	0.997	0.001	0.001
0.997	0.001	0.001	0.001
0.001	0.001	0.001	0.997
0.154	0.844	0.001	0.001
0.997	0.001	0.001	0.001
0.135	0.001	0.863	0.001
0.997	0.001	0.001	0.001
0.001	0.001	0.001	0.997
0.001	0.001	0.831	0.167
0.812	0.001	0.186	0.001
0.805	0.001	0.001	0.193
0.997	0.001	0.001	0.001
>TTGACACTTTCA	15-TTGACACTTTCA	11.670048	-10.240528	0	T:7.0(2.54%),B:670.0(0.32%),P:1e-4	Tpos:96.9,Tstd:48.7,Bpos:13940.2,Bstd:45930.7,StrandBias:-0.7,Multiplicity:1.14
0.001	0.001	0.001	0.997
0.153	0.001	0.001	0.845
0.107	0.184	0.708	0.001
0.876	0.001	0.120	0.003
0.117	0.881	0.001	0.001
0.878	0.001	0.001	0.120
0.001	0.843	0.001	0.155
0.108	0.253	0.191	0.449
0.134	0.001	0.001	0.864
0.158	0.001	0.001	0.840
0.072	0.842	0.001	0.085
0.997	0.001	0.001	0.001
>GTACTTTSATAT	16-GTACTTTSATAT	10.750767	-9.805670	0	T:8.0(2.90%),B:979.1(0.46%),P:1e-4	Tpos:102.5,Tstd:45.0,Bpos:12306.6,Bstd:48012.5,StrandBias:2.2,Multiplicity:1.38
0.001	0.001	0.997	0.001
0.001	0.160	0.001	0.838
0.878	0.001	0.120	0.001
0.099	0.899	0.001	0.001
0.001	0.140	0.001	0.858
0.001	0.001	0.160	0.838
0.001	0.001	0.151	0.847
0.001	0.449	0.310	0.240
0.870	0.120	0.001	0.009
0.001	0.001	0.135	0.863
0.838	0.160	0.001	0.001
0.001	0.001	0.001	0.997
>AAAACATGGATA	17-AAAACATGGATA	13.200314	-5.207360	0	T:4.0(1.45%),B:528.5(0.25%),P:1e-2	Tpos:132.8,Tstd:47.3,Bpos:17398.7,Bstd:65587.0,StrandBias:2.3,Multiplicity:1.50
0.702	0.001	0.001	0.296
0.487	0.306	0.206	0.001
0.997	0.001	0.001	0.001
0.997	0.001	0.001	0.001
0.001	0.997	0.001	0.001
0.997	0.001	0.001	0.001
0.001	0.001	0.001	0.997
0.001	0.001	0.758	0.240
0.001	0.001	0.997	0.001
0.997	0.001	0.001	0.001
0.396	0.001	0.001	0.602
0.758	0.001	0.001	0.240
