>YTGCGGTTTCCN	8-YTGCGGTTTCCN	7.665112	-85.592782	0	T:201.0(3.19%),B:2292.8(1.08%),P:1e-37
0.169	0.364	0.211	0.255
0.113	0.133	0.130	0.624
0.072	0.130	0.694	0.104
0.117	0.593	0.120	0.170
0.149	0.112	0.587	0.152
0.089	0.141	0.686	0.084
0.070	0.181	0.126	0.623
0.082	0.142	0.119	0.657
0.112	0.137	0.157	0.594
0.086	0.673	0.123	0.118
0.115	0.636	0.089	0.160
0.220	0.271	0.249	0.260
