>AAGAGGAAGTGR	9-AAGAGGAAGTGR	9.492716	-83.917048	0	T:175.0(2.78%),B:1839.9(0.87%),P:1e-36
0.467	0.121	0.298	0.114
0.428	0.037	0.267	0.269
0.083	0.262	0.589	0.066
0.583	0.157	0.217	0.043
0.087	0.001	0.895	0.017
0.023	0.001	0.975	0.001
0.958	0.033	0.008	0.001
0.894	0.001	0.001	0.104
0.184	0.101	0.714	0.001
0.097	0.137	0.097	0.669
0.217	0.132	0.443	0.207
0.233	0.199	0.368	0.200
