>YRCTTCCTSTTT	20-YRCTTCCTSTTT	10.338991	-22.764745	0	T:36.0(0.57%),B:321.0(0.15%),P:1e-9
0.206	0.420	0.100	0.275
0.422	0.060	0.417	0.102
0.001	0.572	0.204	0.223
0.065	0.029	0.001	0.905
0.001	0.001	0.062	0.936
0.001	0.924	0.023	0.052
0.049	0.935	0.015	0.001
0.001	0.001	0.264	0.734
0.001	0.361	0.485	0.154
0.099	0.276	0.146	0.478
0.035	0.296	0.124	0.545
0.053	0.266	0.182	0.499
