>AWNNKHTGTGGT	24-AWNNKHTGTGGT	9.222297	-1.150910	0	T:1.0(0.02%),B:12.5(0.01%),P:1e0
0.454	0.200	0.119	0.227
0.374	0.158	0.213	0.255
0.307	0.260	0.190	0.242
0.213	0.186	0.312	0.289
0.107	0.224	0.378	0.291
0.325	0.305	0.055	0.315
0.235	0.065	0.072	0.628
0.001	0.101	0.897	0.001
0.116	0.001	0.082	0.801
0.001	0.001	0.944	0.054
0.001	0.019	0.979	0.001
0.064	0.101	0.111	0.724
