>VAGAGGAAGTGR	7-VAGAGGAAGTGR	9.315256	-85.763235	0	T:162.0(2.57%),B:1581.3(0.75%),P:1e-37
0.283	0.323	0.323	0.072
0.492	0.001	0.274	0.233
0.108	0.280	0.611	0.001
0.500	0.295	0.204	0.001
0.179	0.021	0.764	0.036
0.029	0.020	0.950	0.001
0.878	0.085	0.018	0.019
0.761	0.001	0.089	0.149
0.136	0.095	0.768	0.001
0.105	0.145	0.141	0.609
0.231	0.179	0.443	0.146
0.353	0.124	0.413	0.110
