>ACCACAGNVNNH	23-ACCACAGNVNNH	8.996126	-1.326638	0	T:3.0(0.02%),B:30.8(0.01%),P:1e0
0.594	0.104	0.281	0.021
0.001	0.894	0.104	0.001
0.011	0.983	0.001	0.005
0.553	0.045	0.349	0.053
0.001	0.946	0.028	0.025
0.920	0.043	0.010	0.027
0.325	0.078	0.596	0.001
0.289	0.274	0.284	0.153
0.367	0.302	0.218	0.112
0.233	0.340	0.234	0.193
0.212	0.270	0.323	0.194
0.242	0.273	0.155	0.330
