>WTNTCTCTVTTT	8-AAABAGAGANAW	4.685190	-14.846914	0	T:232.0(84.06%),B:145879.5(71.06%),P:1e-6
0.417	0.139	0.056	0.389
0.277	0.139	0.084	0.500
0.195	0.278	0.278	0.250
0.222	0.056	0.222	0.500
0.056	0.527	0.112	0.305
0.083	0.139	0.001	0.777
0.028	0.527	0.223	0.222
0.222	0.277	0.001	0.500
0.250	0.333	0.250	0.167
0.111	0.361	0.001	0.527
0.001	0.166	0.001	0.832
0.194	0.001	0.110	0.695
