>WTATTTTATGTW	11-WTATTTTATGTW	3.924952	-10.690196	0	T:238.0(86.23%),B:156332.6(76.15%),P:1e-4
0.375	0.222	0.069	0.333
0.181	0.111	0.125	0.583
0.598	0.111	0.097	0.194
0.278	0.083	0.056	0.583
0.097	0.083	0.111	0.709
0.084	0.194	0.111	0.611
0.125	0.139	0.028	0.708
0.527	0.139	0.153	0.181
0.180	0.014	0.180	0.626
0.069	0.222	0.445	0.264
0.222	0.111	0.056	0.611
0.250	0.194	0.167	0.389
