>TTTKWTTTWTTT	15-TTTKWTTTWTTT	5.504700	-4.228026	0	T:159.0(57.61%),B:104436.7(50.87%),P:1e-1
0.352	0.001	0.088	0.559
0.265	0.001	0.029	0.705
0.410	0.001	0.001	0.588
0.236	0.059	0.294	0.411
0.352	0.001	0.176	0.471
0.293	0.001	0.147	0.559
0.175	0.001	0.001	0.823
0.382	0.001	0.029	0.588
0.471	0.001	0.058	0.470
0.235	0.001	0.001	0.763
0.294	0.001	0.001	0.704
0.117	0.001	0.206	0.676
