>AAAATCTTGTTB	17-VAACAAGATTTT	8.096381	-0.906116	0	T:5.0(1.81%),B:3099.6(1.51%),P:1e0
0.483	0.098	0.226	0.193
0.679	0.160	0.129	0.032
0.485	0.289	0.129	0.097
0.774	0.097	0.065	0.064
0.065	0.195	0.193	0.547
0.161	0.453	0.290	0.096
0.225	0.096	0.193	0.486
0.065	0.065	0.096	0.774
0.064	0.258	0.646	0.032
0.161	0.097	0.225	0.517
0.065	0.097	0.096	0.742
0.161	0.195	0.322	0.322
