>AAAAAAAAAAAA	10-TTTTTTTTTTTT	4.564730	-11.433395	0	T:216.0(78.26%),B:136333.4(66.41%),P:1e-4
0.481	0.179	0.047	0.292
0.529	0.094	0.085	0.292
0.462	0.151	0.151	0.236
0.501	0.075	0.179	0.245
0.406	0.198	0.151	0.245
0.396	0.160	0.198	0.245
0.462	0.094	0.170	0.274
0.491	0.151	0.170	0.189
0.603	0.019	0.123	0.255
0.905	0.019	0.075	0.001
0.660	0.057	0.038	0.245
0.547	0.104	0.028	0.321
