>MATGGAATSGWA	4-MATGGAATSGWA	9.028511	-38.289119	0	T:26.0(9.42%),B:2059.2(1.00%),P:1e-16
0.415	0.322	0.169	0.094
0.769	0.113	0.080	0.038
0.069	0.056	0.100	0.775
0.193	0.085	0.506	0.216
0.061	0.100	0.754	0.085
0.787	0.044	0.168	0.001
0.710	0.113	0.136	0.041
0.035	0.192	0.001	0.772
0.094	0.378	0.436	0.092
0.357	0.044	0.515	0.084
0.415	0.001	0.023	0.561
0.424	0.218	0.162	0.196
