>YTTABTWDWWAA	9-TTWWHWAVTAAR	4.142262	-14.804236	0	T:249.0(90.22%),B:161789.5(78.81%),P:1e-6
0.093	0.456	0.090	0.361
0.364	0.001	0.001	0.634
0.182	0.183	0.184	0.452
0.632	0.001	0.001	0.366
0.003	0.363	0.364	0.270
0.365	0.001	0.090	0.544
0.453	0.001	0.181	0.364
0.273	0.001	0.363	0.364
0.363	0.183	0.092	0.362
0.364	0.183	0.093	0.361
0.544	0.092	0.001	0.363
0.631	0.001	0.001	0.367
