>NAATGGAATGGA	5-NAATGGAATGGA,BestGuess:PB0098.1_Zfp410_1/Jaspar(0.746)	3.437639	-284.580847	0	T:4954.0(78.73%),B:138098.6(64.85%),P:1e-123
0.300	0.227	0.259	0.214
0.652	0.126	0.105	0.117
0.642	0.123	0.125	0.110
0.148	0.082	0.148	0.622
0.149	0.058	0.666	0.127
0.164	0.124	0.595	0.117
0.639	0.119	0.129	0.113
0.649	0.099	0.134	0.118
0.151	0.076	0.135	0.638
0.134	0.062	0.655	0.149
0.169	0.108	0.608	0.115
0.373	0.196	0.212	0.219
