>VTGTRWAMACAG	13-VTGTRWAMACAG,BestGuess:Fox:Ebox(Forkhead,bHLH)/Panc1-Foxa2-ChIP-Seq(GSE47459)/Homer(0.730)	6.875815	-0.466711	0	T:718.0(11.41%),B:24567.7(11.54%),P:1e0
0.252	0.368	0.379	0.001
0.120	0.001	0.001	0.878
0.120	0.120	0.759	0.001
0.241	0.006	0.011	0.742
0.384	0.131	0.483	0.001
0.494	0.001	0.001	0.504
0.631	0.247	0.001	0.121
0.489	0.374	0.006	0.132
0.610	0.001	0.005	0.384
0.006	0.500	0.247	0.247
0.627	0.005	0.001	0.367
0.121	0.247	0.500	0.132
