>YTCTADCTGMAG	18-YTCTADCTGMAG,BestGuess:SCL(bHLH)/HPC7-Scl-ChIP-Seq(GSE13511)/Homer(0.651)	6.351794	-0.001367	0	T:966.0(15.35%),B:35690.7(16.76%),P:1e0
0.001	0.439	0.246	0.314
0.184	0.255	0.002	0.559
0.130	0.498	0.187	0.184
0.061	0.122	0.001	0.816
0.558	0.184	0.135	0.123
0.248	0.067	0.312	0.373
0.069	0.739	0.123	0.069
0.378	0.001	0.002	0.619
0.061	0.125	0.691	0.123
0.315	0.435	0.189	0.061
0.621	0.002	0.003	0.374
0.184	0.064	0.629	0.123
