>AKGTWTTCTCTG	20-AKGTWTTCTCTG,BestGuess:TRPS1(Zf)/MCF7-TRPS1-ChIP-Seq(GSE107013)/Homer(0.618)	8.976789	-0.000020	0	T:65.0(1.03%),B:3511.1(1.65%),P:1e0
0.677	0.001	0.001	0.321
0.001	0.001	0.478	0.520
0.002	0.320	0.519	0.159
0.002	0.322	0.159	0.517
0.356	0.161	0.004	0.479
0.318	0.002	0.200	0.479
0.001	0.002	0.039	0.958
0.001	0.679	0.001	0.319
0.326	0.001	0.035	0.638
0.320	0.481	0.198	0.001
0.321	0.001	0.001	0.677
0.159	0.001	0.838	0.002
