>ARRAAARRAAAR	4-ARRAAARRAAAR,BestGuess:ZNF384/MA1125.1/Jaspar(0.650)	3.862605	-311.138342	0	T:5109.0(81.20%),B:142708.3(67.02%),P:1e-135
0.468	0.022	0.272	0.238
0.389	0.001	0.472	0.138
0.403	0.083	0.448	0.067
0.580	0.074	0.224	0.122
0.543	0.088	0.252	0.117
0.454	0.001	0.280	0.265
0.380	0.001	0.498	0.121
0.452	0.034	0.416	0.097
0.576	0.053	0.264	0.107
0.517	0.103	0.268	0.112
0.483	0.039	0.216	0.263
0.417	0.069	0.275	0.239
