>HBCWAACCACAR	1-HBCWAACCACAR	8.275909	-626.571085	0	T:1679.0(12.41%),B:10652.9(4.52%),P:1e-272	Tpos:25.1,Tstd:10.8,Bpos:11858.3,Bstd:56313.7,StrandBias:-0.0,Multiplicity:1.05
0.232	0.362	0.190	0.216
0.150	0.328	0.292	0.229
0.112	0.535	0.163	0.190
0.454	0.134	0.001	0.411
0.686	0.001	0.312	0.001
0.997	0.001	0.001	0.001
0.001	0.997	0.001	0.001
0.001	0.997	0.001	0.001
0.730	0.001	0.268	0.001
0.001	0.997	0.001	0.001
0.997	0.001	0.001	0.001
0.409	0.036	0.429	0.126
>NNHRACCRCAVN	2-NNHRACCRCAVN	7.634154	-456.672640	0	T:1060.0(7.83%),B:6029.2(2.56%),P:1e-198	Tpos:24.1,Tstd:11.5,Bpos:3275.3,Bstd:18409.6,StrandBias:-0.4,Multiplicity:1.00
0.235	0.272	0.237	0.255
0.225	0.262	0.324	0.190
0.267	0.261	0.143	0.328
0.425	0.181	0.346	0.048
0.521	0.240	0.238	0.001
0.001	0.997	0.001	0.001
0.010	0.988	0.001	0.001
0.417	0.032	0.395	0.156
0.001	0.997	0.001	0.001
0.997	0.001	0.001	0.001
0.290	0.217	0.354	0.139
0.279	0.265	0.252	0.204
>NNNYTGTGGTYD	3-NNNYTGTGGTYD	7.960842	-347.415932	0	T:848.0(6.27%),B:4969.2(2.11%),P:1e-150	Tpos:27.3,Tstd:15.4,Bpos:8079.4,Bstd:23707.4,StrandBias:0.4,Multiplicity:1.00
0.284	0.205	0.282	0.229
0.201	0.223	0.345	0.231
0.201	0.212	0.236	0.351
0.124	0.371	0.122	0.383
0.181	0.001	0.041	0.777
0.001	0.001	0.997	0.001
0.127	0.319	0.001	0.553
0.001	0.001	0.997	0.001
0.001	0.001	0.997	0.001
0.001	0.191	0.190	0.618
0.123	0.358	0.131	0.389
0.359	0.112	0.224	0.305
>YTGTGGTTTNNN	4-YTGTGGTTTNNN	8.632948	-241.899437	0	T:494.0(3.65%),B:2532.3(1.07%),P:1e-105	Tpos:28.3,Tstd:10.7,Bpos:897.2,Bstd:1441.1,StrandBias:1.0,Multiplicity:1.00
0.119	0.393	0.159	0.330
0.101	0.001	0.001	0.897
0.001	0.002	0.975	0.022
0.130	0.272	0.083	0.515
0.001	0.001	0.997	0.001
0.012	0.011	0.959	0.018
0.001	0.216	0.227	0.556
0.137	0.306	0.001	0.556
0.001	0.188	0.267	0.544
0.244	0.321	0.202	0.233
0.179	0.301	0.267	0.254
0.197	0.219	0.310	0.273
>NYTGTGGTTDNN	5-NYTGTGGTTDNN	8.541273	-190.379823	0	T:335.0(2.48%),B:1520.2(0.64%),P:1e-82	Tpos:30.3,Tstd:18.9,Bpos:12873.7,Bstd:27759.2,StrandBias:0.4,Multiplicity:1.00
0.186	0.275	0.231	0.309
0.159	0.442	0.079	0.320
0.138	0.011	0.082	0.769
0.022	0.080	0.888	0.010
0.092	0.286	0.001	0.621
0.002	0.001	0.996	0.001
0.001	0.001	0.997	0.001
0.001	0.191	0.139	0.669
0.118	0.241	0.157	0.483
0.315	0.130	0.221	0.333
0.237	0.314	0.254	0.195
0.235	0.260	0.244	0.261
>TGTGGTYDNNNN	6-TGTGGTYDNNNN	8.044213	-175.931957	0	T:375.0(2.77%),B:1985.2(0.84%),P:1e-76	Tpos:27.4,Tstd:12.7,Bpos:7732.0,Bstd:21906.5,StrandBias:-0.3,Multiplicity:1.00
0.151	0.001	0.075	0.773
0.001	0.001	0.997	0.001
0.136	0.251	0.007	0.606
0.001	0.001	0.997	0.001
0.001	0.001	0.997	0.001
0.001	0.224	0.165	0.610
0.114	0.334	0.102	0.450
0.357	0.122	0.215	0.306
0.226	0.284	0.245	0.245
0.208	0.288	0.318	0.186
0.254	0.236	0.267	0.243
0.241	0.286	0.256	0.218
>BNHTGTGGTTDG	7-BNHTGTGGTTDG	8.382293	-136.058886	0	T:248.0(1.83%),B:1162.6(0.49%),P:1e-59	Tpos:38.0,Tstd:14.3,Bpos:62.5,Bstd:0.5,StrandBias:2.3,Multiplicity:1.00
0.115	0.273	0.351	0.261
0.261	0.238	0.212	0.288
0.207	0.333	0.158	0.302
0.268	0.001	0.007	0.724
0.001	0.024	0.948	0.027
0.160	0.317	0.025	0.498
0.001	0.001	0.997	0.001
0.019	0.013	0.967	0.001
0.001	0.216	0.196	0.587
0.094	0.345	0.001	0.560
0.289	0.068	0.247	0.396
0.199	0.217	0.372	0.212
>TGTGGTTAGNNG	8-TGTGGTTAGNNG	8.859614	-105.411409	0	T:198.0(1.46%),B:954.6(0.40%),P:1e-45	Tpos:29.8,Tstd:12.9,Bpos:4302.7,Bstd:10661.0,StrandBias:1.0,Multiplicity:1.00
0.165	0.001	0.030	0.804
0.001	0.001	0.997	0.001
0.067	0.315	0.045	0.573
0.001	0.001	0.997	0.001
0.001	0.001	0.997	0.001
0.001	0.155	0.148	0.696
0.101	0.292	0.116	0.491
0.456	0.105	0.156	0.283
0.207	0.215	0.393	0.185
0.212	0.271	0.300	0.217
0.242	0.289	0.258	0.212
0.228	0.155	0.492	0.125
>GNKBCTGTGGTT	9-GNKBCTGTGGTT	9.585353	-79.591115	0	T:239.0(1.77%),B:1594.9(0.68%),P:1e-34	Tpos:23.7,Tstd:13.8,Bpos:4019.0,Bstd:13480.6,StrandBias:-0.5,Multiplicity:1.00
0.195	0.227	0.391	0.187
0.207	0.208	0.354	0.231
0.165	0.202	0.247	0.386
0.176	0.268	0.228	0.328
0.149	0.476	0.054	0.321
0.001	0.001	0.001	0.997
0.001	0.001	0.997	0.001
0.019	0.357	0.001	0.623
0.001	0.001	0.997	0.001
0.001	0.001	0.997	0.001
0.001	0.069	0.031	0.899
0.030	0.355	0.013	0.602
>HBWAACCACADA	10-HBWAACCACADA	8.437913	-78.946285	0	T:183.0(1.35%),B:1037.0(0.44%),P:1e-34	Tpos:28.3,Tstd:13.7,Bpos:11279.9,Bstd:33309.3,StrandBias:-2.3,Multiplicity:1.00
0.213	0.339	0.171	0.276
0.132	0.238	0.285	0.345
0.298	0.211	0.085	0.406
0.538	0.126	0.199	0.137
0.649	0.202	0.148	0.001
0.001	0.997	0.001	0.001
0.001	0.997	0.001	0.001
0.522	0.016	0.349	0.113
0.001	0.997	0.001	0.001
0.561	0.038	0.199	0.202
0.383	0.062	0.301	0.254
0.434	0.196	0.181	0.190
>YTGTGGTTWKGN	11-YTGTGGTTWKGN	9.207863	-74.315141	0	T:144.0(1.06%),B:716.7(0.30%),P:1e-32	Tpos:43.0,Tstd:0.0,Bpos:934.2,Bstd:1403.5,StrandBias:10.0,Multiplicity:1.00
0.126	0.408	0.154	0.311
0.174	0.014	0.001	0.811
0.001	0.011	0.940	0.048
0.091	0.221	0.096	0.592
0.001	0.001	0.971	0.027
0.001	0.001	0.997	0.001
0.001	0.237	0.251	0.511
0.001	0.285	0.183	0.531
0.473	0.001	0.130	0.397
0.150	0.170	0.284	0.395
0.129	0.232	0.451	0.188
0.297	0.256	0.260	0.186
>SAGGAWGTGGKK	12-SAGGAWGTGGKK	10.901733	-57.511711	0	T:221.0(1.63%),B:1687.2(0.72%),P:1e-24	Tpos:25.8,Tstd:11.3,Bpos:3720.9,Bstd:13566.4,StrandBias:0.2,Multiplicity:1.00
0.138	0.365	0.496	0.001
0.577	0.197	0.175	0.051
0.001	0.001	0.997	0.001
0.001	0.001	0.997	0.001
0.831	0.082	0.027	0.060
0.510	0.051	0.001	0.438
0.001	0.001	0.997	0.001
0.001	0.001	0.001	0.997
0.001	0.001	0.972	0.026
0.037	0.070	0.702	0.191
0.001	0.193	0.333	0.473
0.161	0.139	0.350	0.350
>NHNVVAAACCAC	13-NHNVVAAACCAC	9.329865	-52.406263	0	T:77.0(0.57%),B:304.8(0.13%),P:1e-22	Tpos:26.0,Tstd:11.5,Bpos:6955.4,Bstd:16931.0,StrandBias:-0.3,Multiplicity:1.00
0.274	0.298	0.228	0.200
0.238	0.364	0.181	0.218
0.266	0.261	0.300	0.173
0.267	0.283	0.362	0.089
0.310	0.284	0.256	0.150
0.660	0.151	0.001	0.188
0.945	0.001	0.053	0.001
0.651	0.112	0.236	0.001
0.001	0.997	0.001	0.001
0.001	0.997	0.001	0.001
0.692	0.001	0.167	0.140
0.001	0.997	0.001	0.001
>AACCACAGDNNB	14-AACCACAGDNNB	8.354210	-32.639849	0	T:106.0(0.78%),B:754.7(0.32%),P:1e-14	Tpos:29.8,Tstd:14.0,Bpos:5437.6,Bstd:17862.8,StrandBias:-2.0,Multiplicity:1.00
0.475	0.168	0.207	0.150
0.621	0.165	0.213	0.001
0.001	0.987	0.011	0.001
0.040	0.958	0.001	0.001
0.523	0.001	0.310	0.166
0.023	0.939	0.031	0.007
0.740	0.099	0.001	0.160
0.213	0.202	0.403	0.183
0.351	0.189	0.207	0.253
0.192	0.264	0.325	0.220
0.269	0.311	0.196	0.224
0.178	0.345	0.212	0.265
>NCCACTTCCTBT	15-NCCACTTCCTBT	10.057225	-30.547107	0	T:54.0(0.40%),B:258.3(0.11%),P:1e-13	Tpos:22.2,Tstd:5.5,Bpos:2682.4,Bstd:5039.3,StrandBias:-1.0,Multiplicity:1.00
0.307	0.295	0.215	0.183
0.128	0.472	0.140	0.259
0.229	0.465	0.140	0.166
0.705	0.040	0.121	0.134
0.001	0.752	0.001	0.246
0.122	0.001	0.001	0.876
0.001	0.033	0.155	0.811
0.001	0.997	0.001	0.001
0.001	0.997	0.001	0.001
0.018	0.259	0.216	0.507
0.083	0.348	0.317	0.252
0.242	0.232	0.079	0.446
>WARSAGGAAGTG	16-WARSAGGAAGTG	10.659135	-11.951154	0	T:39.0(0.29%),B:294.9(0.13%),P:1e-5	Tpos:31.4,Tstd:8.7,Bpos:5103.3,Bstd:12787.4,StrandBias:-0.6,Multiplicity:1.00
0.368	0.196	0.190	0.246
0.442	0.225	0.155	0.179
0.431	0.001	0.335	0.233
0.183	0.377	0.428	0.012
0.618	0.105	0.276	0.001
0.001	0.001	0.997	0.001
0.001	0.001	0.997	0.001
0.997	0.001	0.001	0.001
0.980	0.001	0.001	0.018
0.274	0.005	0.720	0.001
0.001	0.177	0.001	0.821
0.172	0.201	0.441	0.187
>ATGGAATGGAAT	17-ATGGAATGGAAT	14.364056	-11.447628	0	T:11.0(0.08%),B:31.2(0.01%),P:1e-4	Tpos:27.8,Tstd:8.4,Bpos:16008.4,Bstd:8721.1,StrandBias:1.5,Multiplicity:1.09
0.832	0.054	0.102	0.012
0.039	0.069	0.040	0.852
0.048	0.256	0.601	0.095
0.083	0.050	0.811	0.056
0.902	0.012	0.046	0.040
0.912	0.045	0.042	0.001
0.025	0.084	0.001	0.890
0.139	0.088	0.683	0.090
0.043	0.083	0.835	0.039
0.962	0.036	0.001	0.001
0.825	0.031	0.111	0.033
0.053	0.021	0.025	0.901
>AATGGAATGGAA	18-AATGGAATGGAA	13.703485	-9.684005	0	T:18.0(0.13%),B:99.6(0.04%),P:1e-4	Tpos:25.9,Tstd:14.2,Bpos:13975.5,Bstd:12657.6,StrandBias:1.6,Multiplicity:1.00
0.964	0.001	0.034	0.001
0.832	0.001	0.129	0.038
0.023	0.064	0.001	0.912
0.041	0.001	0.910	0.048
0.001	0.001	0.997	0.001
0.997	0.001	0.001	0.001
0.934	0.001	0.064	0.001
0.001	0.001	0.001	0.997
0.041	0.113	0.805	0.041
0.001	0.001	0.997	0.001
0.997	0.001	0.001	0.001
0.770	0.045	0.130	0.055
>NRCTTCCTNTBN	19-NRCTTCCTNTBN	9.121418	-8.913470	0	T:19.0(0.14%),B:116.5(0.05%),P:1e-3	Tpos:20.1,Tstd:11.4,Bpos:4873.9,Bstd:12653.1,StrandBias:0.3,Multiplicity:1.00
0.221	0.320	0.235	0.225
0.460	0.059	0.361	0.119
0.001	0.523	0.197	0.279
0.182	0.014	0.001	0.803
0.001	0.001	0.001	0.997
0.001	0.997	0.001	0.001
0.001	0.997	0.001	0.001
0.001	0.233	0.237	0.529
0.191	0.295	0.320	0.195
0.271	0.254	0.001	0.474
0.001	0.294	0.337	0.368
0.224	0.230	0.219	0.327
>RDMRGGAAGTGG	20-RDMRGGAAGTGG	11.115705	-6.273563	0	T:11.0(0.08%),B:62.9(0.03%),P:1e-2	Tpos:26.2,Tstd:8.8,Bpos:4405.6,Bstd:13961.7,StrandBias:0.0,Multiplicity:1.00
0.330	0.135	0.349	0.186
0.312	0.022	0.374	0.293
0.390	0.258	0.195	0.158
0.430	0.232	0.338	0.001
0.001	0.001	0.997	0.001
0.001	0.001	0.968	0.030
0.903	0.043	0.053	0.001
0.678	0.001	0.001	0.320
0.222	0.045	0.732	0.001
0.016	0.049	0.001	0.934
0.001	0.001	0.788	0.210
0.182	0.001	0.575	0.242
>RAAASAGGAAGT	21-RAAASAGGAAGT	10.608369	-2.681331	0	T:86.0(0.64%),B:1259.5(0.53%),P:1e-1	Tpos:26.0,Tstd:11.5,Bpos:8025.7,Bstd:19361.7,StrandBias:0.5,Multiplicity:1.00
0.411	0.256	0.276	0.056
0.468	0.087	0.287	0.158
0.498	0.201	0.231	0.070
0.558	0.001	0.270	0.171
0.240	0.304	0.405	0.052
0.748	0.001	0.250	0.001
0.001	0.001	0.997	0.001
0.001	0.001	0.997	0.001
0.997	0.001	0.001	0.001
0.997	0.001	0.001	0.001
0.219	0.039	0.741	0.001
0.007	0.322	0.007	0.664
>ACCACARNNTKN	22-ACCACARNNTKN	10.253131	-1.483615	0	T:4.0(0.03%),B:41.5(0.02%),P:1e0	Tpos:32.0,Tstd:9.7,Bpos:12068.6,Bstd:28105.2,StrandBias:0.0,Multiplicity:1.00
0.997	0.001	0.001	0.001
0.001	0.997	0.001	0.001
0.001	0.997	0.001	0.001
0.800	0.001	0.198	0.001
0.001	0.997	0.001	0.001
0.997	0.001	0.001	0.001
0.471	0.001	0.527	0.001
0.249	0.283	0.275	0.193
0.298	0.168	0.240	0.294
0.191	0.273	0.067	0.469
0.223	0.129	0.274	0.374
0.279	0.256	0.261	0.205
>ACCACAGNVNNH	23-ACCACAGNVNNH	8.996126	-1.326638	0	T:3.0(0.02%),B:30.8(0.01%),P:1e0	Tpos:34.0,Tstd:0.0,Bpos:1580.3,Bstd:3054.9,StrandBias:-10.0,Multiplicity:1.00
0.594	0.104	0.281	0.021
0.001	0.894	0.104	0.001
0.011	0.983	0.001	0.005
0.553	0.045	0.349	0.053
0.001	0.946	0.028	0.025
0.920	0.043	0.010	0.027
0.325	0.078	0.596	0.001
0.289	0.274	0.284	0.153
0.367	0.302	0.218	0.112
0.233	0.340	0.234	0.193
0.212	0.270	0.323	0.194
0.242	0.273	0.155	0.330
>ACCACAANTKVA	24-ACCACAANTKVA	10.684767	-0.948310	0	T:11.0(0.08%),B:169.1(0.07%),P:1e0	Tpos:25.0,Tstd:10.2,Bpos:7029.4,Bstd:19204.4,StrandBias:0.6,Multiplicity:1.00
0.997	0.001	0.001	0.001
0.001	0.997	0.001	0.001
0.001	0.997	0.001	0.001
0.640	0.001	0.358	0.001
0.001	0.997	0.001	0.001
0.997	0.001	0.001	0.001
0.670	0.001	0.328	0.001
0.253	0.216	0.324	0.207
0.242	0.184	0.180	0.394
0.165	0.077	0.385	0.373
0.259	0.357	0.209	0.175
0.572	0.089	0.073	0.266
>AGGAAGTGGNNK	25-AGGAAGTGGNNK	10.682344	-0.125769	0	T:3.0(0.02%),B:89.6(0.04%),P:1e0	Tpos:32.5,Tstd:4.5,Bpos:2223.8,Bstd:4416.1,StrandBias:0.0,Multiplicity:1.00
0.531	0.219	0.249	0.001
0.001	0.001	0.997	0.001
0.001	0.001	0.973	0.025
0.997	0.001	0.001	0.001
0.743	0.001	0.001	0.255
0.241	0.001	0.757	0.001
0.001	0.146	0.001	0.852
0.175	0.001	0.539	0.285
0.198	0.001	0.620	0.181
0.207	0.237	0.318	0.238
0.219	0.215	0.352	0.214
0.166	0.223	0.234	0.377
