>WAACCRCARN	1-WAACCRCARN	6.219297	-707.797147	0	T:1368.0(10.11%),B:6847.0(2.90%),P:1e-307	Tpos:25.3,Tstd:11.2,Bpos:34931.9,Bstd:114983.3,StrandBias:-0.1,Multiplicity:1.03
0.380	0.178	0.039	0.403
0.501	0.054	0.252	0.193
0.581	0.167	0.194	0.058
0.063	0.811	0.036	0.090
0.090	0.641	0.197	0.072
0.414	0.083	0.438	0.064
0.081	0.743	0.064	0.112
0.515	0.082	0.201	0.202
0.357	0.162	0.284	0.197
0.348	0.215	0.229	0.208
>AAACCACARV	2-AAACCACARV	7.944660	-531.688692	0	T:1181.0(8.73%),B:6531.3(2.77%),P:1e-230	Tpos:28.3,Tstd:10.1,Bpos:7107.1,Bstd:21124.1,StrandBias:-0.6,Multiplicity:1.01
0.505	0.214	0.039	0.242
0.619	0.109	0.198	0.074
0.599	0.090	0.273	0.038
0.001	0.909	0.019	0.071
0.011	0.964	0.023	0.002
0.594	0.012	0.302	0.092
0.022	0.928	0.022	0.028
0.674	0.108	0.070	0.148
0.335	0.113	0.453	0.099
0.331	0.204	0.289	0.176
>BNAAACCACA	3-BNAAACCACA	7.482373	-425.135602	0	T:1035.0(7.65%),B:6078.4(2.58%),P:1e-184	Tpos:24.2,Tstd:13.5,Bpos:5934.5,Bstd:16192.8,StrandBias:-0.1,Multiplicity:1.01
0.149	0.264	0.346	0.241
0.191	0.302	0.261	0.245
0.464	0.137	0.087	0.313
0.475	0.133	0.253	0.139
0.718	0.071	0.184	0.027
0.014	0.912	0.025	0.049
0.018	0.907	0.039	0.036
0.539	0.043	0.334	0.084
0.018	0.858	0.082	0.042
0.718	0.091	0.088	0.103
>NDTTGYGGTY	4-NDTTGYGGTY	7.018078	-416.447869	0	T:1654.0(12.22%),B:12974.9(5.50%),P:1e-180	Tpos:25.2,Tstd:11.5,Bpos:4751.5,Bstd:15143.2,StrandBias:0.0,Multiplicity:1.04
0.202	0.212	0.262	0.324
0.252	0.144	0.275	0.329
0.119	0.287	0.129	0.464
0.112	0.186	0.107	0.595
0.001	0.039	0.945	0.015
0.075	0.394	0.001	0.530
0.035	0.015	0.890	0.060
0.066	0.001	0.932	0.001
0.001	0.144	0.083	0.772
0.072	0.375	0.117	0.436
>HBWRACCRCA	5-HBWRACCRCA	7.452308	-282.896240	0	T:783.0(5.79%),B:4968.8(2.11%),P:1e-122	Tpos:25.2,Tstd:11.9,Bpos:3933.6,Bstd:13282.5,StrandBias:-0.5,Multiplicity:1.00
0.248	0.358	0.164	0.230
0.185	0.338	0.233	0.243
0.353	0.166	0.062	0.419
0.461	0.089	0.320	0.130
0.692	0.148	0.145	0.015
0.005	0.965	0.016	0.014
0.007	0.962	0.017	0.014
0.521	0.022	0.422	0.035
0.023	0.952	0.004	0.021
0.495	0.128	0.154	0.223
>NWAACCRCAR	6-NWAACCRCAR	7.168679	-279.855439	0	T:630.0(4.66%),B:3477.3(1.47%),P:1e-121	Tpos:27.8,Tstd:12.2,Bpos:4266.6,Bstd:13777.4,StrandBias:0.0,Multiplicity:1.00
0.215	0.311	0.215	0.259
0.318	0.209	0.041	0.432
0.425	0.166	0.248	0.162
0.481	0.189	0.288	0.042
0.048	0.923	0.001	0.028
0.164	0.800	0.035	0.001
0.495	0.048	0.347	0.110
0.012	0.936	0.001	0.051
0.674	0.116	0.027	0.183
0.347	0.132	0.335	0.186
>YTGTGGTTWN	7-YTGTGGTTWN	8.390731	-167.219223	0	T:304.0(2.25%),B:1419.8(0.60%),P:1e-72	Tpos:25.0,Tstd:20.0,Bpos:1917.0,Bstd:0.0,StrandBias:0.0,Multiplicity:1.00
0.145	0.373	0.092	0.390
0.188	0.069	0.011	0.732
0.020	0.001	0.941	0.038
0.176	0.263	0.001	0.560
0.001	0.009	0.989	0.001
0.001	0.001	0.997	0.001
0.001	0.260	0.150	0.589
0.167	0.259	0.093	0.481
0.432	0.053	0.151	0.363
0.236	0.277	0.246	0.242
>BTTGYGGTYR	8-BTTGYGGTYR	7.826828	-109.366473	0	T:314.0(2.32%),B:2033.6(0.86%),P:1e-47	Tpos:25.0,Tstd:12.7,Bpos:2403.3,Bstd:7584.1,StrandBias:-0.2,Multiplicity:1.00
0.178	0.265	0.219	0.338
0.284	0.219	0.050	0.447
0.298	0.125	0.001	0.576
0.001	0.001	0.949	0.049
0.001	0.495	0.001	0.503
0.011	0.032	0.956	0.001
0.001	0.001	0.997	0.001
0.001	0.212	0.148	0.639
0.121	0.355	0.126	0.398
0.414	0.035	0.345	0.207
>BNHTGTGGTH	9-BNHTGTGGTH	7.210080	-50.094692	0	T:165.0(1.22%),B:1168.5(0.50%),P:1e-21	Tpos:36.0,Tstd:13.9,Bpos:7763.6,Bstd:19171.0,StrandBias:10.0,Multiplicity:1.00
0.171	0.236	0.369	0.223
0.270	0.190	0.206	0.334
0.227	0.297	0.141	0.335
0.252	0.130	0.082	0.536
0.060	0.007	0.929	0.004
0.128	0.326	0.055	0.491
0.025	0.044	0.925	0.006
0.077	0.001	0.915	0.007
0.015	0.252	0.119	0.614
0.235	0.251	0.150	0.363
>TGYGGTTWNN	10-TGYGGTTWNN	7.422962	-46.058352	0	T:123.0(0.91%),B:774.4(0.33%),P:1e-20	Tpos:8.7,Tstd:5.9,Bpos:9222.0,Bstd:17708.3,StrandBias:-1.0,Multiplicity:1.00
0.184	0.188	0.079	0.549
0.060	0.120	0.792	0.028
0.068	0.420	0.009	0.503
0.001	0.009	0.989	0.001
0.018	0.009	0.972	0.001
0.001	0.229	0.171	0.599
0.132	0.281	0.138	0.450
0.432	0.070	0.201	0.297
0.249	0.217	0.248	0.286
0.228	0.257	0.297	0.218
>AGGAAGTSGN	11-AGGAAGTSGN	9.261369	-32.210455	0	T:70.0(0.52%),B:390.5(0.17%),P:1e-13	Tpos:23.4,Tstd:10.7,Bpos:3249.4,Bstd:10055.8,StrandBias:0.7,Multiplicity:1.00
0.541	0.266	0.136	0.057
0.055	0.083	0.834	0.028
0.018	0.021	0.925	0.036
0.898	0.045	0.017	0.040
0.898	0.001	0.001	0.100
0.314	0.067	0.613	0.006
0.001	0.268	0.001	0.730
0.190	0.261	0.408	0.141
0.160	0.189	0.512	0.139
0.170	0.220	0.290	0.319
>AGGATGTGGT	12-AGGATGTGGT	11.032902	-30.341059	0	T:59.0(0.44%),B:304.3(0.13%),P:1e-13	Tpos:23.3,Tstd:11.5,Bpos:3965.8,Bstd:15150.2,StrandBias:-0.1,Multiplicity:1.00
0.577	0.104	0.255	0.064
0.041	0.294	0.484	0.181
0.058	0.122	0.490	0.330
0.480	0.224	0.001	0.295
0.001	0.001	0.001	0.997
0.001	0.001	0.997	0.001
0.001	0.086	0.001	0.912
0.001	0.001	0.997	0.001
0.001	0.001	0.997	0.001
0.001	0.001	0.001	0.997
>ACCRCAAVNN	13-ACCRCAAVNN	7.479819	-18.467568	0	T:96.0(0.71%),B:862.7(0.37%),P:1e-8	Tpos:20.6,Tstd:12.4,Bpos:8324.3,Bstd:39510.2,StrandBias:0.2,Multiplicity:1.00
0.571	0.131	0.251	0.047
0.002	0.939	0.036	0.023
0.002	0.909	0.084	0.005
0.523	0.001	0.420	0.056
0.001	0.950	0.034	0.015
0.616	0.077	0.103	0.204
0.433	0.069	0.283	0.215
0.364	0.217	0.230	0.189
0.218	0.302	0.228	0.252
0.174	0.274	0.238	0.314
>CCACTTCCTS	14-CCACTTCCTS	10.028027	-15.117621	0	T:78.0(0.58%),B:705.7(0.30%),P:1e-6	Tpos:26.7,Tstd:12.5,Bpos:3215.8,Bstd:11066.2,StrandBias:0.1,Multiplicity:1.00
0.178	0.403	0.184	0.234
0.208	0.542	0.203	0.047
0.742	0.052	0.156	0.050
0.019	0.818	0.042	0.121
0.208	0.001	0.001	0.790
0.001	0.008	0.121	0.870
0.022	0.950	0.001	0.027
0.001	0.917	0.001	0.081
0.001	0.161	0.149	0.689
0.073	0.395	0.308	0.224
>NNNWAACCRC	15-NNNWAACCRC	6.824283	-6.155989	0	T:12.0(0.09%),B:73.8(0.03%),P:1e-2	Tpos:24.2,Tstd:7.4,Bpos:3498.8,Bstd:9422.9,StrandBias:0.0,Multiplicity:1.00
0.238	0.287	0.232	0.243
0.206	0.237	0.303	0.254
0.216	0.301	0.250	0.233
0.386	0.154	0.013	0.447
0.496	0.115	0.222	0.167
0.675	0.052	0.272	0.001
0.001	0.900	0.001	0.098
0.001	0.702	0.267	0.030
0.467	0.001	0.341	0.191
0.037	0.879	0.053	0.031
>TCGAATCGWA	16-TCGAATCGWA	7.415276	-1.893388	0	T:5.0(0.04%),B:47.1(0.02%),P:1e0	Tpos:21.4,Tstd:14.0,Bpos:17409.9,Bstd:67015.5,StrandBias:2.0,Multiplicity:1.00
0.028	0.376	0.007	0.589
0.069	0.478	0.302	0.151
0.139	0.323	0.537	0.001
0.550	0.118	0.012	0.320
0.547	0.001	0.195	0.257
0.080	0.264	0.001	0.655
0.129	0.515	0.336	0.020
0.024	0.001	0.764	0.211
0.378	0.135	0.127	0.360
0.548	0.305	0.075	0.072
>VRVVGGAART	17-VRVVGGAART	7.936363	-0.973951	0	T:78.0(0.58%),B:1304.3(0.55%),P:1e0	Tpos:24.7,Tstd:11.8,Bpos:7096.7,Bstd:18970.0,StrandBias:-0.1,Multiplicity:1.00
0.365	0.219	0.284	0.132
0.415	0.036	0.323	0.226
0.285	0.310	0.332	0.073
0.384	0.235	0.352	0.030
0.074	0.018	0.890	0.018
0.089	0.038	0.872	0.001
0.883	0.029	0.061	0.027
0.899	0.019	0.016	0.066
0.390	0.161	0.448	0.001
0.040	0.300	0.114	0.546
>BACTTCCKSY	18-BACTTCCKSY	8.061926	-0.722989	0	T:31.0(0.23%),B:530.6(0.23%),P:1e0	Tpos:27.9,Tstd:12.2,Bpos:4649.3,Bstd:12423.3,StrandBias:0.7,Multiplicity:1.00
0.181	0.341	0.233	0.245
0.549	0.096	0.262	0.093
0.066	0.534	0.140	0.260
0.197	0.037	0.059	0.707
0.084	0.080	0.111	0.725
0.071	0.860	0.020	0.049
0.013	0.938	0.005	0.044
0.009	0.242	0.342	0.407
0.058	0.289	0.423	0.229
0.168	0.299	0.109	0.425
>GGAATGGAAT	19-GGAATGGAAT	10.753619	-0.445242	0	T:18.0(0.13%),B:335.4(0.14%),P:1e0	Tpos:27.4,Tstd:9.8,Bpos:12179.9,Bstd:13033.3,StrandBias:1.2,Multiplicity:2.33
0.001	0.032	0.966	0.001
0.001	0.001	0.997	0.001
0.997	0.001	0.001	0.001
0.997	0.001	0.001	0.001
0.001	0.015	0.001	0.983
0.001	0.048	0.950	0.001
0.001	0.001	0.997	0.001
0.997	0.001	0.001	0.001
0.997	0.001	0.001	0.001
0.001	0.001	0.001	0.997
>CACTTCCTGT	20-CACTTCCTGT	10.155686	-0.374747	0	T:41.0(0.30%),B:765.7(0.32%),P:1e0	Tpos:14.3,Tstd:11.3,Bpos:409.2,Bstd:637.3,StrandBias:1.0,Multiplicity:1.00
0.226	0.482	0.272	0.020
0.709	0.001	0.288	0.002
0.001	0.638	0.001	0.360
0.103	0.001	0.001	0.895
0.001	0.001	0.001	0.997
0.001	0.997	0.001	0.001
0.001	0.997	0.001	0.001
0.001	0.108	0.366	0.525
0.002	0.213	0.641	0.144
0.199	0.259	0.001	0.541
>HACTTCCBBY	21-HACTTCCBBY	7.846025	-0.060113	0	T:3.0(0.02%),B:107.6(0.05%),P:1e0	Tpos:17.3,Tstd:6.6,Bpos:275.5,Bstd:282.7,StrandBias:-1.0,Multiplicity:1.00
0.313	0.292	0.139	0.255
0.502	0.086	0.336	0.076
0.001	0.526	0.132	0.341
0.209	0.009	0.001	0.781
0.020	0.001	0.084	0.895
0.015	0.821	0.099	0.065
0.013	0.952	0.034	0.001
0.001	0.338	0.344	0.317
0.048	0.276	0.379	0.297
0.190	0.318	0.078	0.414
>RCTTCCBBTB	22-RCTTCCBBTB	6.981738	-0.028887	0	T:17.0(0.13%),B:451.6(0.19%),P:1e0	Tpos:22.9,Tstd:14.6,Bpos:899.3,Bstd:4496.5,StrandBias:-1.3,Multiplicity:1.00
0.478	0.137	0.343	0.042
0.031	0.471	0.179	0.319
0.246	0.001	0.086	0.667
0.169	0.091	0.068	0.672
0.001	0.823	0.144	0.032
0.001	0.884	0.026	0.089
0.060	0.279	0.381	0.280
0.149	0.270	0.356	0.225
0.255	0.232	0.107	0.406
0.148	0.306	0.254	0.292
>VAGGAAGTND	23-VAGGAAGTND	8.190317	-0.024387	0	T:21.0(0.16%),B:544.8(0.23%),P:1e0	Tpos:19.7,Tstd:13.8,Bpos:4811.6,Bstd:12218.0,StrandBias:-1.0,Multiplicity:1.00
0.244	0.383	0.348	0.026
0.508	0.303	0.188	0.001
0.001	0.001	0.922	0.076
0.014	0.023	0.930	0.033
0.741	0.117	0.111	0.031
0.759	0.097	0.001	0.143
0.323	0.141	0.535	0.001
0.029	0.229	0.120	0.622
0.198	0.225	0.312	0.264
0.353	0.164	0.226	0.256
>VTCACTTCCT	24-VTCACTTCCT	9.616671	-0.001790	0	T:11.0(0.08%),B:409.6(0.17%),P:1e0	Tpos:28.8,Tstd:11.9,Bpos:3390.2,Bstd:8586.2,StrandBias:-1.8,Multiplicity:1.00
0.294	0.262	0.311	0.133
0.223	0.163	0.153	0.461
0.223	0.410	0.238	0.129
0.720	0.001	0.278	0.001
0.001	0.751	0.001	0.247
0.120	0.001	0.001	0.878
0.001	0.001	0.014	0.984
0.015	0.983	0.001	0.001
0.001	0.997	0.001	0.001
0.001	0.099	0.368	0.532
>HCACTTCCBB	25-HCACTTCCBB	9.169591	-0.000418	0	T:14.0(0.10%),B:529.8(0.22%),P:1e0	Tpos:22.8,Tstd:13.8,Bpos:4973.5,Bstd:12845.0,StrandBias:-1.6,Multiplicity:1.00
0.312	0.240	0.095	0.353
0.256	0.506	0.214	0.024
0.791	0.001	0.206	0.002
0.001	0.704	0.100	0.195
0.200	0.001	0.001	0.798
0.001	0.076	0.001	0.922
0.001	0.997	0.001	0.001
0.001	0.906	0.013	0.080
0.013	0.276	0.300	0.411
0.063	0.318	0.282	0.337
