>WAACCRCARN	1-WAACCRCARN	6.219297	-707.797147	0	T:1368.0(10.11%),B:6847.0(2.90%),P:1e-307	Tpos:25.3,Tstd:11.2,Bpos:34931.9,Bstd:114983.3,StrandBias:-0.1,Multiplicity:1.03
0.380	0.178	0.039	0.403
0.501	0.054	0.252	0.193
0.581	0.167	0.194	0.058
0.063	0.811	0.036	0.090
0.090	0.641	0.197	0.072
0.414	0.083	0.438	0.064
0.081	0.743	0.064	0.112
0.515	0.082	0.201	0.202
0.357	0.162	0.284	0.197
0.348	0.215	0.229	0.208
>AAACCACARV	2-AAACCACARV	7.944660	-531.688692	0	T:1181.0(8.73%),B:6531.3(2.77%),P:1e-230	Tpos:28.3,Tstd:10.1,Bpos:7107.1,Bstd:21124.1,StrandBias:-0.6,Multiplicity:1.01
0.505	0.214	0.039	0.242
0.619	0.109	0.198	0.074
0.599	0.090	0.273	0.038
0.001	0.909	0.019	0.071
0.011	0.964	0.023	0.002
0.594	0.012	0.302	0.092
0.022	0.928	0.022	0.028
0.674	0.108	0.070	0.148
0.335	0.113	0.453	0.099
0.331	0.204	0.289	0.176
>BNAAACCACA	3-BNAAACCACA	7.482373	-425.135602	0	T:1035.0(7.65%),B:6078.4(2.58%),P:1e-184	Tpos:24.2,Tstd:13.5,Bpos:5934.5,Bstd:16192.8,StrandBias:-0.1,Multiplicity:1.01
0.149	0.264	0.346	0.241
0.191	0.302	0.261	0.245
0.464	0.137	0.087	0.313
0.475	0.133	0.253	0.139
0.718	0.071	0.184	0.027
0.014	0.912	0.025	0.049
0.018	0.907	0.039	0.036
0.539	0.043	0.334	0.084
0.018	0.858	0.082	0.042
0.718	0.091	0.088	0.103
>NDTTGYGGTY	4-NDTTGYGGTY	7.018078	-416.447869	0	T:1654.0(12.22%),B:12974.9(5.50%),P:1e-180	Tpos:25.2,Tstd:11.5,Bpos:4751.5,Bstd:15143.2,StrandBias:0.0,Multiplicity:1.04
0.202	0.212	0.262	0.324
0.252	0.144	0.275	0.329
0.119	0.287	0.129	0.464
0.112	0.186	0.107	0.595
0.001	0.039	0.945	0.015
0.075	0.394	0.001	0.530
0.035	0.015	0.890	0.060
0.066	0.001	0.932	0.001
0.001	0.144	0.083	0.772
0.072	0.375	0.117	0.436
>HBWRACCRCA	5-HBWRACCRCA	7.452308	-282.896240	0	T:783.0(5.79%),B:4968.8(2.11%),P:1e-122	Tpos:25.2,Tstd:11.9,Bpos:3933.6,Bstd:13282.5,StrandBias:-0.5,Multiplicity:1.00
0.248	0.358	0.164	0.230
0.185	0.338	0.233	0.243
0.353	0.166	0.062	0.419
0.461	0.089	0.320	0.130
0.692	0.148	0.145	0.015
0.005	0.965	0.016	0.014
0.007	0.962	0.017	0.014
0.521	0.022	0.422	0.035
0.023	0.952	0.004	0.021
0.495	0.128	0.154	0.223
>NWAACCRCAR	6-NWAACCRCAR	7.168679	-279.855439	0	T:630.0(4.66%),B:3477.3(1.47%),P:1e-121	Tpos:27.8,Tstd:12.2,Bpos:4266.6,Bstd:13777.4,StrandBias:0.0,Multiplicity:1.00
0.215	0.311	0.215	0.259
0.318	0.209	0.041	0.432
0.425	0.166	0.248	0.162
0.481	0.189	0.288	0.042
0.048	0.923	0.001	0.028
0.164	0.800	0.035	0.001
0.495	0.048	0.347	0.110
0.012	0.936	0.001	0.051
0.674	0.116	0.027	0.183
0.347	0.132	0.335	0.186
>YTGTGGTTWN	7-YTGTGGTTWN	8.390731	-167.219223	0	T:304.0(2.25%),B:1419.8(0.60%),P:1e-72	Tpos:25.0,Tstd:20.0,Bpos:1917.0,Bstd:0.0,StrandBias:0.0,Multiplicity:1.00
0.145	0.373	0.092	0.390
0.188	0.069	0.011	0.732
0.020	0.001	0.941	0.038
0.176	0.263	0.001	0.560
0.001	0.009	0.989	0.001
0.001	0.001	0.997	0.001
0.001	0.260	0.150	0.589
0.167	0.259	0.093	0.481
0.432	0.053	0.151	0.363
0.236	0.277	0.246	0.242
>BTTGYGGTYR	8-BTTGYGGTYR	7.826828	-109.366473	0	T:314.0(2.32%),B:2033.6(0.86%),P:1e-47	Tpos:25.0,Tstd:12.7,Bpos:2403.3,Bstd:7584.1,StrandBias:-0.2,Multiplicity:1.00
0.178	0.265	0.219	0.338
0.284	0.219	0.050	0.447
0.298	0.125	0.001	0.576
0.001	0.001	0.949	0.049
0.001	0.495	0.001	0.503
0.011	0.032	0.956	0.001
0.001	0.001	0.997	0.001
0.001	0.212	0.148	0.639
0.121	0.355	0.126	0.398
0.414	0.035	0.345	0.207
>BNHTGTGGTH	9-BNHTGTGGTH	7.210080	-50.094692	0	T:165.0(1.22%),B:1168.5(0.50%),P:1e-21	Tpos:36.0,Tstd:13.9,Bpos:7763.6,Bstd:19171.0,StrandBias:10.0,Multiplicity:1.00
0.171	0.236	0.369	0.223
0.270	0.190	0.206	0.334
0.227	0.297	0.141	0.335
0.252	0.130	0.082	0.536
0.060	0.007	0.929	0.004
0.128	0.326	0.055	0.491
0.025	0.044	0.925	0.006
0.077	0.001	0.915	0.007
0.015	0.252	0.119	0.614
0.235	0.251	0.150	0.363
>TGYGGTTWNN	10-TGYGGTTWNN	7.422962	-46.058352	0	T:123.0(0.91%),B:774.4(0.33%),P:1e-20	Tpos:8.7,Tstd:5.9,Bpos:9222.0,Bstd:17708.3,StrandBias:-1.0,Multiplicity:1.00
0.184	0.188	0.079	0.549
0.060	0.120	0.792	0.028
0.068	0.420	0.009	0.503
0.001	0.009	0.989	0.001
0.018	0.009	0.972	0.001
0.001	0.229	0.171	0.599
0.132	0.281	0.138	0.450
0.432	0.070	0.201	0.297
0.249	0.217	0.248	0.286
0.228	0.257	0.297	0.218
>AGGAAGTSGN	11-AGGAAGTSGN	9.261369	-32.210455	0	T:70.0(0.52%),B:390.5(0.17%),P:1e-13	Tpos:23.4,Tstd:10.7,Bpos:3249.4,Bstd:10055.8,StrandBias:0.7,Multiplicity:1.00
0.541	0.266	0.136	0.057
0.055	0.083	0.834	0.028
0.018	0.021	0.925	0.036
0.898	0.045	0.017	0.040
0.898	0.001	0.001	0.100
0.314	0.067	0.613	0.006
0.001	0.268	0.001	0.730
0.190	0.261	0.408	0.141
0.160	0.189	0.512	0.139
0.170	0.220	0.290	0.319
>AGGATGTGGT	12-AGGATGTGGT	11.032902	-30.341059	0	T:59.0(0.44%),B:304.3(0.13%),P:1e-13	Tpos:23.3,Tstd:11.5,Bpos:3965.8,Bstd:15150.2,StrandBias:-0.1,Multiplicity:1.00
0.577	0.104	0.255	0.064
0.041	0.294	0.484	0.181
0.058	0.122	0.490	0.330
0.480	0.224	0.001	0.295
0.001	0.001	0.001	0.997
0.001	0.001	0.997	0.001
0.001	0.086	0.001	0.912
0.001	0.001	0.997	0.001
0.001	0.001	0.997	0.001
0.001	0.001	0.001	0.997
>ACCRCAAVNN	13-ACCRCAAVNN	7.479819	-18.467568	0	T:96.0(0.71%),B:862.7(0.37%),P:1e-8	Tpos:20.6,Tstd:12.4,Bpos:8324.3,Bstd:39510.2,StrandBias:0.2,Multiplicity:1.00
0.571	0.131	0.251	0.047
0.002	0.939	0.036	0.023
0.002	0.909	0.084	0.005
0.523	0.001	0.420	0.056
0.001	0.950	0.034	0.015
0.616	0.077	0.103	0.204
0.433	0.069	0.283	0.215
0.364	0.217	0.230	0.189
0.218	0.302	0.228	0.252
0.174	0.274	0.238	0.314
>CCACTTCCTS	14-CCACTTCCTS	10.028027	-15.117621	0	T:78.0(0.58%),B:705.7(0.30%),P:1e-6	Tpos:26.7,Tstd:12.5,Bpos:3215.8,Bstd:11066.2,StrandBias:0.1,Multiplicity:1.00
0.178	0.403	0.184	0.234
0.208	0.542	0.203	0.047
0.742	0.052	0.156	0.050
0.019	0.818	0.042	0.121
0.208	0.001	0.001	0.790
0.001	0.008	0.121	0.870
0.022	0.950	0.001	0.027
0.001	0.917	0.001	0.081
0.001	0.161	0.149	0.689
0.073	0.395	0.308	0.224
>NNNWAACCRC	15-NNNWAACCRC	6.824283	-6.155989	0	T:12.0(0.09%),B:73.8(0.03%),P:1e-2	Tpos:24.2,Tstd:7.4,Bpos:3498.8,Bstd:9422.9,StrandBias:0.0,Multiplicity:1.00
0.238	0.287	0.232	0.243
0.206	0.237	0.303	0.254
0.216	0.301	0.250	0.233
0.386	0.154	0.013	0.447
0.496	0.115	0.222	0.167
0.675	0.052	0.272	0.001
0.001	0.900	0.001	0.098
0.001	0.702	0.267	0.030
0.467	0.001	0.341	0.191
0.037	0.879	0.053	0.031
>TCGAATCGWA	16-TCGAATCGWA	7.415276	-1.893388	0	T:5.0(0.04%),B:47.1(0.02%),P:1e0	Tpos:21.4,Tstd:14.0,Bpos:17409.9,Bstd:67015.5,StrandBias:2.0,Multiplicity:1.00
0.028	0.376	0.007	0.589
0.069	0.478	0.302	0.151
0.139	0.323	0.537	0.001
0.550	0.118	0.012	0.320
0.547	0.001	0.195	0.257
0.080	0.264	0.001	0.655
0.129	0.515	0.336	0.020
0.024	0.001	0.764	0.211
0.378	0.135	0.127	0.360
0.548	0.305	0.075	0.072
>VRVVGGAART	17-VRVVGGAART	7.936363	-0.973951	0	T:78.0(0.58%),B:1304.3(0.55%),P:1e0	Tpos:24.7,Tstd:11.8,Bpos:7096.7,Bstd:18970.0,StrandBias:-0.1,Multiplicity:1.00
0.365	0.219	0.284	0.132
0.415	0.036	0.323	0.226
0.285	0.310	0.332	0.073
0.384	0.235	0.352	0.030
0.074	0.018	0.890	0.018
0.089	0.038	0.872	0.001
0.883	0.029	0.061	0.027
0.899	0.019	0.016	0.066
0.390	0.161	0.448	0.001
0.040	0.300	0.114	0.546
>BACTTCCKSY	18-BACTTCCKSY	8.061926	-0.722989	0	T:31.0(0.23%),B:530.6(0.23%),P:1e0	Tpos:27.9,Tstd:12.2,Bpos:4649.3,Bstd:12423.3,StrandBias:0.7,Multiplicity:1.00
0.181	0.341	0.233	0.245
0.549	0.096	0.262	0.093
0.066	0.534	0.140	0.260
0.197	0.037	0.059	0.707
0.084	0.080	0.111	0.725
0.071	0.860	0.020	0.049
0.013	0.938	0.005	0.044
0.009	0.242	0.342	0.407
0.058	0.289	0.423	0.229
0.168	0.299	0.109	0.425
>GGAATGGAAT	19-GGAATGGAAT	10.753619	-0.445242	0	T:18.0(0.13%),B:335.4(0.14%),P:1e0	Tpos:27.4,Tstd:9.8,Bpos:12179.9,Bstd:13033.3,StrandBias:1.2,Multiplicity:2.33
0.001	0.032	0.966	0.001
0.001	0.001	0.997	0.001
0.997	0.001	0.001	0.001
0.997	0.001	0.001	0.001
0.001	0.015	0.001	0.983
0.001	0.048	0.950	0.001
0.001	0.001	0.997	0.001
0.997	0.001	0.001	0.001
0.997	0.001	0.001	0.001
0.001	0.001	0.001	0.997
>CACTTCCTGT	20-CACTTCCTGT	10.155686	-0.374747	0	T:41.0(0.30%),B:765.7(0.32%),P:1e0	Tpos:14.3,Tstd:11.3,Bpos:409.2,Bstd:637.3,StrandBias:1.0,Multiplicity:1.00
0.226	0.482	0.272	0.020
0.709	0.001	0.288	0.002
0.001	0.638	0.001	0.360
0.103	0.001	0.001	0.895
0.001	0.001	0.001	0.997
0.001	0.997	0.001	0.001
0.001	0.997	0.001	0.001
0.001	0.108	0.366	0.525
0.002	0.213	0.641	0.144
0.199	0.259	0.001	0.541
>HACTTCCBBY	21-HACTTCCBBY	7.846025	-0.060113	0	T:3.0(0.02%),B:107.6(0.05%),P:1e0	Tpos:17.3,Tstd:6.6,Bpos:275.5,Bstd:282.7,StrandBias:-1.0,Multiplicity:1.00
0.313	0.292	0.139	0.255
0.502	0.086	0.336	0.076
0.001	0.526	0.132	0.341
0.209	0.009	0.001	0.781
0.020	0.001	0.084	0.895
0.015	0.821	0.099	0.065
0.013	0.952	0.034	0.001
0.001	0.338	0.344	0.317
0.048	0.276	0.379	0.297
0.190	0.318	0.078	0.414
>RCTTCCBBTB	22-RCTTCCBBTB	6.981738	-0.028887	0	T:17.0(0.13%),B:451.6(0.19%),P:1e0	Tpos:22.9,Tstd:14.6,Bpos:899.3,Bstd:4496.5,StrandBias:-1.3,Multiplicity:1.00
0.478	0.137	0.343	0.042
0.031	0.471	0.179	0.319
0.246	0.001	0.086	0.667
0.169	0.091	0.068	0.672
0.001	0.823	0.144	0.032
0.001	0.884	0.026	0.089
0.060	0.279	0.381	0.280
0.149	0.270	0.356	0.225
0.255	0.232	0.107	0.406
0.148	0.306	0.254	0.292
>VAGGAAGTND	23-VAGGAAGTND	8.190317	-0.024387	0	T:21.0(0.16%),B:544.8(0.23%),P:1e0	Tpos:19.7,Tstd:13.8,Bpos:4811.6,Bstd:12218.0,StrandBias:-1.0,Multiplicity:1.00
0.244	0.383	0.348	0.026
0.508	0.303	0.188	0.001
0.001	0.001	0.922	0.076
0.014	0.023	0.930	0.033
0.741	0.117	0.111	0.031
0.759	0.097	0.001	0.143
0.323	0.141	0.535	0.001
0.029	0.229	0.120	0.622
0.198	0.225	0.312	0.264
0.353	0.164	0.226	0.256
>VTCACTTCCT	24-VTCACTTCCT	9.616671	-0.001790	0	T:11.0(0.08%),B:409.6(0.17%),P:1e0	Tpos:28.8,Tstd:11.9,Bpos:3390.2,Bstd:8586.2,StrandBias:-1.8,Multiplicity:1.00
0.294	0.262	0.311	0.133
0.223	0.163	0.153	0.461
0.223	0.410	0.238	0.129
0.720	0.001	0.278	0.001
0.001	0.751	0.001	0.247
0.120	0.001	0.001	0.878
0.001	0.001	0.014	0.984
0.015	0.983	0.001	0.001
0.001	0.997	0.001	0.001
0.001	0.099	0.368	0.532
>HCACTTCCBB	25-HCACTTCCBB	9.169591	-0.000418	0	T:14.0(0.10%),B:529.8(0.22%),P:1e0	Tpos:22.8,Tstd:13.8,Bpos:4973.5,Bstd:12845.0,StrandBias:-1.6,Multiplicity:1.00
0.312	0.240	0.095	0.353
0.256	0.506	0.214	0.024
0.791	0.001	0.206	0.002
0.001	0.704	0.100	0.195
0.200	0.001	0.001	0.798
0.001	0.076	0.001	0.922
0.001	0.997	0.001	0.001
0.001	0.906	0.013	0.080
0.013	0.276	0.300	0.411
0.063	0.318	0.282	0.337
>HBCWAACCACAR	1-HBCWAACCACAR	8.275909	-626.571085	0	T:1679.0(12.41%),B:10652.9(4.52%),P:1e-272	Tpos:25.1,Tstd:10.8,Bpos:11858.3,Bstd:56313.7,StrandBias:-0.0,Multiplicity:1.05
0.232	0.362	0.190	0.216
0.150	0.328	0.292	0.229
0.112	0.535	0.163	0.190
0.454	0.134	0.001	0.411
0.686	0.001	0.312	0.001
0.997	0.001	0.001	0.001
0.001	0.997	0.001	0.001
0.001	0.997	0.001	0.001
0.730	0.001	0.268	0.001
0.001	0.997	0.001	0.001
0.997	0.001	0.001	0.001
0.409	0.036	0.429	0.126
>NNHRACCRCAVN	2-NNHRACCRCAVN	7.634154	-456.672640	0	T:1060.0(7.83%),B:6029.2(2.56%),P:1e-198	Tpos:24.1,Tstd:11.5,Bpos:3275.3,Bstd:18409.6,StrandBias:-0.4,Multiplicity:1.00
0.235	0.272	0.237	0.255
0.225	0.262	0.324	0.190
0.267	0.261	0.143	0.328
0.425	0.181	0.346	0.048
0.521	0.240	0.238	0.001
0.001	0.997	0.001	0.001
0.010	0.988	0.001	0.001
0.417	0.032	0.395	0.156
0.001	0.997	0.001	0.001
0.997	0.001	0.001	0.001
0.290	0.217	0.354	0.139
0.279	0.265	0.252	0.204
>NNNYTGTGGTYD	3-NNNYTGTGGTYD	7.960842	-347.415932	0	T:848.0(6.27%),B:4969.2(2.11%),P:1e-150	Tpos:27.3,Tstd:15.4,Bpos:8079.4,Bstd:23707.4,StrandBias:0.4,Multiplicity:1.00
0.284	0.205	0.282	0.229
0.201	0.223	0.345	0.231
0.201	0.212	0.236	0.351
0.124	0.371	0.122	0.383
0.181	0.001	0.041	0.777
0.001	0.001	0.997	0.001
0.127	0.319	0.001	0.553
0.001	0.001	0.997	0.001
0.001	0.001	0.997	0.001
0.001	0.191	0.190	0.618
0.123	0.358	0.131	0.389
0.359	0.112	0.224	0.305
>YTGTGGTTTNNN	4-YTGTGGTTTNNN	8.632948	-241.899437	0	T:494.0(3.65%),B:2532.3(1.07%),P:1e-105	Tpos:28.3,Tstd:10.7,Bpos:897.2,Bstd:1441.1,StrandBias:1.0,Multiplicity:1.00
0.119	0.393	0.159	0.330
0.101	0.001	0.001	0.897
0.001	0.002	0.975	0.022
0.130	0.272	0.083	0.515
0.001	0.001	0.997	0.001
0.012	0.011	0.959	0.018
0.001	0.216	0.227	0.556
0.137	0.306	0.001	0.556
0.001	0.188	0.267	0.544
0.244	0.321	0.202	0.233
0.179	0.301	0.267	0.254
0.197	0.219	0.310	0.273
>NYTGTGGTTDNN	5-NYTGTGGTTDNN	8.541273	-190.379823	0	T:335.0(2.48%),B:1520.2(0.64%),P:1e-82	Tpos:30.3,Tstd:18.9,Bpos:12873.7,Bstd:27759.2,StrandBias:0.4,Multiplicity:1.00
0.186	0.275	0.231	0.309
0.159	0.442	0.079	0.320
0.138	0.011	0.082	0.769
0.022	0.080	0.888	0.010
0.092	0.286	0.001	0.621
0.002	0.001	0.996	0.001
0.001	0.001	0.997	0.001
0.001	0.191	0.139	0.669
0.118	0.241	0.157	0.483
0.315	0.130	0.221	0.333
0.237	0.314	0.254	0.195
0.235	0.260	0.244	0.261
>TGTGGTYDNNNN	6-TGTGGTYDNNNN	8.044213	-175.931957	0	T:375.0(2.77%),B:1985.2(0.84%),P:1e-76	Tpos:27.4,Tstd:12.7,Bpos:7732.0,Bstd:21906.5,StrandBias:-0.3,Multiplicity:1.00
0.151	0.001	0.075	0.773
0.001	0.001	0.997	0.001
0.136	0.251	0.007	0.606
0.001	0.001	0.997	0.001
0.001	0.001	0.997	0.001
0.001	0.224	0.165	0.610
0.114	0.334	0.102	0.450
0.357	0.122	0.215	0.306
0.226	0.284	0.245	0.245
0.208	0.288	0.318	0.186
0.254	0.236	0.267	0.243
0.241	0.286	0.256	0.218
>BNHTGTGGTTDG	7-BNHTGTGGTTDG	8.382293	-136.058886	0	T:248.0(1.83%),B:1162.6(0.49%),P:1e-59	Tpos:38.0,Tstd:14.3,Bpos:62.5,Bstd:0.5,StrandBias:2.3,Multiplicity:1.00
0.115	0.273	0.351	0.261
0.261	0.238	0.212	0.288
0.207	0.333	0.158	0.302
0.268	0.001	0.007	0.724
0.001	0.024	0.948	0.027
0.160	0.317	0.025	0.498
0.001	0.001	0.997	0.001
0.019	0.013	0.967	0.001
0.001	0.216	0.196	0.587
0.094	0.345	0.001	0.560
0.289	0.068	0.247	0.396
0.199	0.217	0.372	0.212
>TGTGGTTAGNNG	8-TGTGGTTAGNNG	8.859614	-105.411409	0	T:198.0(1.46%),B:954.6(0.40%),P:1e-45	Tpos:29.8,Tstd:12.9,Bpos:4302.7,Bstd:10661.0,StrandBias:1.0,Multiplicity:1.00
0.165	0.001	0.030	0.804
0.001	0.001	0.997	0.001
0.067	0.315	0.045	0.573
0.001	0.001	0.997	0.001
0.001	0.001	0.997	0.001
0.001	0.155	0.148	0.696
0.101	0.292	0.116	0.491
0.456	0.105	0.156	0.283
0.207	0.215	0.393	0.185
0.212	0.271	0.300	0.217
0.242	0.289	0.258	0.212
0.228	0.155	0.492	0.125
>GNKBCTGTGGTT	9-GNKBCTGTGGTT	9.585353	-79.591115	0	T:239.0(1.77%),B:1594.9(0.68%),P:1e-34	Tpos:23.7,Tstd:13.8,Bpos:4019.0,Bstd:13480.6,StrandBias:-0.5,Multiplicity:1.00
0.195	0.227	0.391	0.187
0.207	0.208	0.354	0.231
0.165	0.202	0.247	0.386
0.176	0.268	0.228	0.328
0.149	0.476	0.054	0.321
0.001	0.001	0.001	0.997
0.001	0.001	0.997	0.001
0.019	0.357	0.001	0.623
0.001	0.001	0.997	0.001
0.001	0.001	0.997	0.001
0.001	0.069	0.031	0.899
0.030	0.355	0.013	0.602
>HBWAACCACADA	10-HBWAACCACADA	8.437913	-78.946285	0	T:183.0(1.35%),B:1037.0(0.44%),P:1e-34	Tpos:28.3,Tstd:13.7,Bpos:11279.9,Bstd:33309.3,StrandBias:-2.3,Multiplicity:1.00
0.213	0.339	0.171	0.276
0.132	0.238	0.285	0.345
0.298	0.211	0.085	0.406
0.538	0.126	0.199	0.137
0.649	0.202	0.148	0.001
0.001	0.997	0.001	0.001
0.001	0.997	0.001	0.001
0.522	0.016	0.349	0.113
0.001	0.997	0.001	0.001
0.561	0.038	0.199	0.202
0.383	0.062	0.301	0.254
0.434	0.196	0.181	0.190
>YTGTGGTTWKGN	11-YTGTGGTTWKGN	9.207863	-74.315141	0	T:144.0(1.06%),B:716.7(0.30%),P:1e-32	Tpos:43.0,Tstd:0.0,Bpos:934.2,Bstd:1403.5,StrandBias:10.0,Multiplicity:1.00
0.126	0.408	0.154	0.311
0.174	0.014	0.001	0.811
0.001	0.011	0.940	0.048
0.091	0.221	0.096	0.592
0.001	0.001	0.971	0.027
0.001	0.001	0.997	0.001
0.001	0.237	0.251	0.511
0.001	0.285	0.183	0.531
0.473	0.001	0.130	0.397
0.150	0.170	0.284	0.395
0.129	0.232	0.451	0.188
0.297	0.256	0.260	0.186
>SAGGAWGTGGKK	12-SAGGAWGTGGKK	10.901733	-57.511711	0	T:221.0(1.63%),B:1687.2(0.72%),P:1e-24	Tpos:25.8,Tstd:11.3,Bpos:3720.9,Bstd:13566.4,StrandBias:0.2,Multiplicity:1.00
0.138	0.365	0.496	0.001
0.577	0.197	0.175	0.051
0.001	0.001	0.997	0.001
0.001	0.001	0.997	0.001
0.831	0.082	0.027	0.060
0.510	0.051	0.001	0.438
0.001	0.001	0.997	0.001
0.001	0.001	0.001	0.997
0.001	0.001	0.972	0.026
0.037	0.070	0.702	0.191
0.001	0.193	0.333	0.473
0.161	0.139	0.350	0.350
>NHNVVAAACCAC	13-NHNVVAAACCAC	9.329865	-52.406263	0	T:77.0(0.57%),B:304.8(0.13%),P:1e-22	Tpos:26.0,Tstd:11.5,Bpos:6955.4,Bstd:16931.0,StrandBias:-0.3,Multiplicity:1.00
0.274	0.298	0.228	0.200
0.238	0.364	0.181	0.218
0.266	0.261	0.300	0.173
0.267	0.283	0.362	0.089
0.310	0.284	0.256	0.150
0.660	0.151	0.001	0.188
0.945	0.001	0.053	0.001
0.651	0.112	0.236	0.001
0.001	0.997	0.001	0.001
0.001	0.997	0.001	0.001
0.692	0.001	0.167	0.140
0.001	0.997	0.001	0.001
>AACCACAGDNNB	14-AACCACAGDNNB	8.354210	-32.639849	0	T:106.0(0.78%),B:754.7(0.32%),P:1e-14	Tpos:29.8,Tstd:14.0,Bpos:5437.6,Bstd:17862.8,StrandBias:-2.0,Multiplicity:1.00
0.475	0.168	0.207	0.150
0.621	0.165	0.213	0.001
0.001	0.987	0.011	0.001
0.040	0.958	0.001	0.001
0.523	0.001	0.310	0.166
0.023	0.939	0.031	0.007
0.740	0.099	0.001	0.160
0.213	0.202	0.403	0.183
0.351	0.189	0.207	0.253
0.192	0.264	0.325	0.220
0.269	0.311	0.196	0.224
0.178	0.345	0.212	0.265
>NCCACTTCCTBT	15-NCCACTTCCTBT	10.057225	-30.547107	0	T:54.0(0.40%),B:258.3(0.11%),P:1e-13	Tpos:22.2,Tstd:5.5,Bpos:2682.4,Bstd:5039.3,StrandBias:-1.0,Multiplicity:1.00
0.307	0.295	0.215	0.183
0.128	0.472	0.140	0.259
0.229	0.465	0.140	0.166
0.705	0.040	0.121	0.134
0.001	0.752	0.001	0.246
0.122	0.001	0.001	0.876
0.001	0.033	0.155	0.811
0.001	0.997	0.001	0.001
0.001	0.997	0.001	0.001
0.018	0.259	0.216	0.507
0.083	0.348	0.317	0.252
0.242	0.232	0.079	0.446
>WARSAGGAAGTG	16-WARSAGGAAGTG	10.659135	-11.951154	0	T:39.0(0.29%),B:294.9(0.13%),P:1e-5	Tpos:31.4,Tstd:8.7,Bpos:5103.3,Bstd:12787.4,StrandBias:-0.6,Multiplicity:1.00
0.368	0.196	0.190	0.246
0.442	0.225	0.155	0.179
0.431	0.001	0.335	0.233
0.183	0.377	0.428	0.012
0.618	0.105	0.276	0.001
0.001	0.001	0.997	0.001
0.001	0.001	0.997	0.001
0.997	0.001	0.001	0.001
0.980	0.001	0.001	0.018
0.274	0.005	0.720	0.001
0.001	0.177	0.001	0.821
0.172	0.201	0.441	0.187
>ATGGAATGGAAT	17-ATGGAATGGAAT	14.364056	-11.447628	0	T:11.0(0.08%),B:31.2(0.01%),P:1e-4	Tpos:27.8,Tstd:8.4,Bpos:16008.4,Bstd:8721.1,StrandBias:1.5,Multiplicity:1.09
0.832	0.054	0.102	0.012
0.039	0.069	0.040	0.852
0.048	0.256	0.601	0.095
0.083	0.050	0.811	0.056
0.902	0.012	0.046	0.040
0.912	0.045	0.042	0.001
0.025	0.084	0.001	0.890
0.139	0.088	0.683	0.090
0.043	0.083	0.835	0.039
0.962	0.036	0.001	0.001
0.825	0.031	0.111	0.033
0.053	0.021	0.025	0.901
>AATGGAATGGAA	18-AATGGAATGGAA	13.703485	-9.684005	0	T:18.0(0.13%),B:99.6(0.04%),P:1e-4	Tpos:25.9,Tstd:14.2,Bpos:13975.5,Bstd:12657.6,StrandBias:1.6,Multiplicity:1.00
0.964	0.001	0.034	0.001
0.832	0.001	0.129	0.038
0.023	0.064	0.001	0.912
0.041	0.001	0.910	0.048
0.001	0.001	0.997	0.001
0.997	0.001	0.001	0.001
0.934	0.001	0.064	0.001
0.001	0.001	0.001	0.997
0.041	0.113	0.805	0.041
0.001	0.001	0.997	0.001
0.997	0.001	0.001	0.001
0.770	0.045	0.130	0.055
>NRCTTCCTNTBN	19-NRCTTCCTNTBN	9.121418	-8.913470	0	T:19.0(0.14%),B:116.5(0.05%),P:1e-3	Tpos:20.1,Tstd:11.4,Bpos:4873.9,Bstd:12653.1,StrandBias:0.3,Multiplicity:1.00
0.221	0.320	0.235	0.225
0.460	0.059	0.361	0.119
0.001	0.523	0.197	0.279
0.182	0.014	0.001	0.803
0.001	0.001	0.001	0.997
0.001	0.997	0.001	0.001
0.001	0.997	0.001	0.001
0.001	0.233	0.237	0.529
0.191	0.295	0.320	0.195
0.271	0.254	0.001	0.474
0.001	0.294	0.337	0.368
0.224	0.230	0.219	0.327
>RDMRGGAAGTGG	20-RDMRGGAAGTGG	11.115705	-6.273563	0	T:11.0(0.08%),B:62.9(0.03%),P:1e-2	Tpos:26.2,Tstd:8.8,Bpos:4405.6,Bstd:13961.7,StrandBias:0.0,Multiplicity:1.00
0.330	0.135	0.349	0.186
0.312	0.022	0.374	0.293
0.390	0.258	0.195	0.158
0.430	0.232	0.338	0.001
0.001	0.001	0.997	0.001
0.001	0.001	0.968	0.030
0.903	0.043	0.053	0.001
0.678	0.001	0.001	0.320
0.222	0.045	0.732	0.001
0.016	0.049	0.001	0.934
0.001	0.001	0.788	0.210
0.182	0.001	0.575	0.242
>RAAASAGGAAGT	21-RAAASAGGAAGT	10.608369	-2.681331	0	T:86.0(0.64%),B:1259.5(0.53%),P:1e-1	Tpos:26.0,Tstd:11.5,Bpos:8025.7,Bstd:19361.7,StrandBias:0.5,Multiplicity:1.00
0.411	0.256	0.276	0.056
0.468	0.087	0.287	0.158
0.498	0.201	0.231	0.070
0.558	0.001	0.270	0.171
0.240	0.304	0.405	0.052
0.748	0.001	0.250	0.001
0.001	0.001	0.997	0.001
0.001	0.001	0.997	0.001
0.997	0.001	0.001	0.001
0.997	0.001	0.001	0.001
0.219	0.039	0.741	0.001
0.007	0.322	0.007	0.664
>ACCACARNNTKN	22-ACCACARNNTKN	10.253131	-1.483615	0	T:4.0(0.03%),B:41.5(0.02%),P:1e0	Tpos:32.0,Tstd:9.7,Bpos:12068.6,Bstd:28105.2,StrandBias:0.0,Multiplicity:1.00
0.997	0.001	0.001	0.001
0.001	0.997	0.001	0.001
0.001	0.997	0.001	0.001
0.800	0.001	0.198	0.001
0.001	0.997	0.001	0.001
0.997	0.001	0.001	0.001
0.471	0.001	0.527	0.001
0.249	0.283	0.275	0.193
0.298	0.168	0.240	0.294
0.191	0.273	0.067	0.469
0.223	0.129	0.274	0.374
0.279	0.256	0.261	0.205
>ACCACAGNVNNH	23-ACCACAGNVNNH	8.996126	-1.326638	0	T:3.0(0.02%),B:30.8(0.01%),P:1e0	Tpos:34.0,Tstd:0.0,Bpos:1580.3,Bstd:3054.9,StrandBias:-10.0,Multiplicity:1.00
0.594	0.104	0.281	0.021
0.001	0.894	0.104	0.001
0.011	0.983	0.001	0.005
0.553	0.045	0.349	0.053
0.001	0.946	0.028	0.025
0.920	0.043	0.010	0.027
0.325	0.078	0.596	0.001
0.289	0.274	0.284	0.153
0.367	0.302	0.218	0.112
0.233	0.340	0.234	0.193
0.212	0.270	0.323	0.194
0.242	0.273	0.155	0.330
>ACCACAANTKVA	24-ACCACAANTKVA	10.684767	-0.948310	0	T:11.0(0.08%),B:169.1(0.07%),P:1e0	Tpos:25.0,Tstd:10.2,Bpos:7029.4,Bstd:19204.4,StrandBias:0.6,Multiplicity:1.00
0.997	0.001	0.001	0.001
0.001	0.997	0.001	0.001
0.001	0.997	0.001	0.001
0.640	0.001	0.358	0.001
0.001	0.997	0.001	0.001
0.997	0.001	0.001	0.001
0.670	0.001	0.328	0.001
0.253	0.216	0.324	0.207
0.242	0.184	0.180	0.394
0.165	0.077	0.385	0.373
0.259	0.357	0.209	0.175
0.572	0.089	0.073	0.266
>AGGAAGTGGNNK	25-AGGAAGTGGNNK	10.682344	-0.125769	0	T:3.0(0.02%),B:89.6(0.04%),P:1e0	Tpos:32.5,Tstd:4.5,Bpos:2223.8,Bstd:4416.1,StrandBias:0.0,Multiplicity:1.00
0.531	0.219	0.249	0.001
0.001	0.001	0.997	0.001
0.001	0.001	0.973	0.025
0.997	0.001	0.001	0.001
0.743	0.001	0.001	0.255
0.241	0.001	0.757	0.001
0.001	0.146	0.001	0.852
0.175	0.001	0.539	0.285
0.198	0.001	0.620	0.181
0.207	0.237	0.318	0.238
0.219	0.215	0.352	0.214
0.166	0.223	0.234	0.377
>TGYGGTTT	1-TGYGGTTT	7.489822	-576.434914	0	T:1750.0(12.93%),B:11974.9(5.08%),P:1e-250	Tpos:25.6,Tstd:11.8,Bpos:22345.7,Bstd:89336.8,StrandBias:0.1,Multiplicity:1.04
0.056	0.023	0.032	0.889
0.001	0.001	0.997	0.001
0.054	0.508	0.001	0.437
0.001	0.002	0.996	0.001
0.001	0.001	0.997	0.001
0.001	0.100	0.062	0.837
0.024	0.272	0.022	0.682
0.158	0.030	0.107	0.705
>RACCACAA	2-RACCACAA	8.625189	-169.273398	0	T:692.0(5.11%),B:5412.2(2.30%),P:1e-73	Tpos:26.2,Tstd:11.8,Bpos:5524.7,Bstd:16919.4,StrandBias:-0.1,Multiplicity:1.02
0.419	0.113	0.398	0.070
0.823	0.059	0.117	0.001
0.001	0.995	0.001	0.003
0.001	0.997	0.001	0.001
0.653	0.008	0.298	0.041
0.001	0.997	0.001	0.001
0.825	0.048	0.045	0.082
0.487	0.068	0.287	0.159
>ACCACARN	3-ACCACARN	6.200427	-116.292003	0	T:3054.0(22.57%),B:40904.3(17.35%),P:1e-50	Tpos:24.9,Tstd:12.5,Bpos:8535.0,Bstd:45585.0,StrandBias:-0.0,Multiplicity:1.04
0.826	0.063	0.110	0.001
0.003	0.995	0.001	0.001
0.001	0.982	0.011	0.006
0.732	0.001	0.261	0.006
0.002	0.987	0.003	0.008
0.831	0.028	0.022	0.119
0.343	0.053	0.407	0.197
0.231	0.239	0.309	0.221
>ACCACARN	4-ACCACARN	8.340280	-39.493643	0	T:353.0(2.61%),B:3710.1(1.57%),P:1e-17	Tpos:23.1,Tstd:13.9,Bpos:9083.1,Bstd:39042.8,StrandBias:-0.4,Multiplicity:1.00
0.810	0.063	0.126	0.001
0.001	0.997	0.001	0.001
0.001	0.988	0.008	0.003
0.664	0.001	0.298	0.037
0.002	0.989	0.007	0.002
0.933	0.011	0.023	0.033
0.467	0.069	0.338	0.127
0.280	0.253	0.273	0.195
>NWAACCAC	5-NWAACCAC	5.359783	-30.384331	0	T:2907.0(21.48%),B:44492.2(18.87%),P:1e-13	Tpos:25.7,Tstd:13.3,Bpos:6350.5,Bstd:26254.1,StrandBias:0.1,Multiplicity:1.04
0.283	0.263	0.258	0.196
0.422	0.126	0.054	0.397
0.568	0.094	0.135	0.203
0.704	0.094	0.156	0.046
0.057	0.786	0.051	0.106
0.022	0.863	0.074	0.041
0.567	0.054	0.259	0.120
0.029	0.858	0.070	0.043
>GTGGTTTS	6-GTGGTTTS	10.477728	-22.186931	0	T:263.0(1.94%),B:3001.9(1.27%),P:1e-9	Tpos:24.2,Tstd:13.6,Bpos:7738.2,Bstd:19728.5,StrandBias:0.0,Multiplicity:1.03
0.001	0.001	0.997	0.001
0.001	0.001	0.001	0.997
0.001	0.001	0.997	0.001
0.001	0.001	0.997	0.001
0.001	0.001	0.001	0.997
0.001	0.001	0.001	0.997
0.002	0.001	0.001	0.996
0.003	0.442	0.554	0.001
>HACTTCCT	7-HACTTCCT	8.427752	-0.005057	0	T:291.0(2.15%),B:5879.7(2.49%),P:1e0	Tpos:24.9,Tstd:12.7,Bpos:4442.8,Bstd:13435.0,StrandBias:-0.2,Multiplicity:1.00
0.229	0.371	0.175	0.225
0.620	0.092	0.276	0.012
0.015	0.786	0.061	0.138
0.141	0.001	0.009	0.849
0.036	0.001	0.068	0.895
0.006	0.980	0.013	0.001
0.001	0.965	0.019	0.015
0.013	0.163	0.287	0.537
>GCGGTYGY	8-GCGGTYGY	8.194628	-0.000311	0	T:22.0(0.16%),B:735.0(0.31%),P:1e0	Tpos:31.5,Tstd:13.2,Bpos:1733.9,Bstd:6933.9,StrandBias:0.7,Multiplicity:1.00
0.001	0.001	0.997	0.001
0.001	0.639	0.001	0.359
0.001	0.001	0.997	0.001
0.001	0.001	0.997	0.001
0.001	0.001	0.001	0.997
0.001	0.496	0.001	0.502
0.306	0.001	0.501	0.192
0.155	0.317	0.181	0.348
>GTGTGTGG	9-GTGTGTGG	9.084203	-0.000000	0	T:332.0(2.45%),B:14996.1(6.36%),P:1e0	Tpos:25.9,Tstd:12.7,Bpos:4152.1,Bstd:14852.3,StrandBias:-0.0,Multiplicity:1.01
0.062	0.001	0.858	0.079
0.001	0.001	0.233	0.765
0.053	0.038	0.683	0.226
0.001	0.001	0.001	0.997
0.001	0.001	0.997	0.001
0.001	0.001	0.001	0.997
0.001	0.001	0.997	0.001
0.001	0.001	0.997	0.001
>MYATTTCC	10-MYATTTCC	7.104580	-0.000000	0	T:797.0(5.89%),B:45949.0(19.49%),P:1e0	Tpos:26.4,Tstd:13.3,Bpos:6955.9,Bstd:21897.8,StrandBias:0.0,Multiplicity:1.02
0.446	0.329	0.060	0.165
0.001	0.445	0.001	0.553
0.504	0.001	0.165	0.330
0.001	0.222	0.001	0.776
0.001	0.001	0.001	0.997
0.001	0.001	0.001	0.997
0.001	0.997	0.001	0.001
0.001	0.997	0.001	0.001
>AGGAARAR	11-AGGAARAR	8.436963	-0.000000	0	T:524.0(3.87%),B:34030.6(14.43%),P:1e0	Tpos:27.0,Tstd:14.5,Bpos:5476.7,Bstd:16797.4,StrandBias:0.2,Multiplicity:1.00
0.997	0.001	0.001	0.001
0.001	0.001	0.997	0.001
0.001	0.001	0.997	0.001
0.997	0.001	0.001	0.001
0.997	0.001	0.001	0.001
0.472	0.001	0.526	0.001
0.670	0.289	0.001	0.040
0.474	0.001	0.524	0.001
>TTCCTGAN	12-TTCCTGAN	8.193150	-0.000000	0	T:242.0(1.79%),B:15305.1(6.49%),P:1e0	Tpos:16.8,Tstd:17.7,Bpos:2223.3,Bstd:8454.9,StrandBias:0.2,Multiplicity:1.00
0.021	0.054	0.001	0.924
0.012	0.062	0.062	0.864
0.035	0.801	0.080	0.084
0.041	0.928	0.002	0.029
0.053	0.004	0.016	0.927
0.041	0.177	0.681	0.101
0.646	0.062	0.078	0.214
0.247	0.231	0.294	0.228
>CTGTGGCT	13-CTGTGGCT	2.432966	-0.000000	0	T:2470.0(18.25%),B:77097.3(32.70%),P:1e0	Tpos:25.4,Tstd:13.2,Bpos:5918.5,Bstd:31212.7,StrandBias:-0.0,Multiplicity:1.05
0.001	0.997	0.001	0.001
0.001	0.001	0.001	0.997
0.001	0.001	0.997	0.001
0.001	0.001	0.001	0.997
0.001	0.001	0.997	0.001
0.001	0.001	0.997	0.001
0.001	0.828	0.170	0.001
0.177	0.180	0.001	0.642
>TGTGGCTC	14-TGTGGCTC	4.161567	-0.000000	0	T:446.0(3.30%),B:15736.6(6.67%),P:1e0	Tpos:12.7,Tstd:12.6,Bpos:2051.9,Bstd:9247.5,StrandBias:1.6,Multiplicity:1.00
0.001	0.001	0.001	0.997
0.001	0.001	0.997	0.001
0.001	0.001	0.001	0.997
0.001	0.001	0.997	0.001
0.001	0.001	0.997	0.001
0.001	0.997	0.001	0.001
0.001	0.001	0.001	0.997
0.001	0.749	0.001	0.249
>TGTGGTGN	15-TGTGGTGN	6.050810	-0.000000	0	T:3103.0(22.93%),B:66043.6(28.01%),P:1e0	Tpos:24.2,Tstd:13.5,Bpos:5318.3,Bstd:25739.1,StrandBias:0.2,Multiplicity:1.05
0.046	0.015	0.008	0.931
0.001	0.001	0.997	0.001
0.001	0.099	0.099	0.801
0.001	0.001	0.900	0.098
0.001	0.060	0.938	0.001
0.001	0.001	0.159	0.839
0.076	0.290	0.465	0.169
0.282	0.214	0.244	0.260
>THMCTTCC	16-THMCTTCC	8.198283	-0.000000	0	T:146.0(1.08%),B:7771.3(3.30%),P:1e0	Tpos:14.4,Tstd:13.0,Bpos:5551.5,Bstd:15081.9,StrandBias:3.2,Multiplicity:1.00
0.005	0.383	0.001	0.611
0.337	0.274	0.001	0.388
0.274	0.385	0.162	0.179
0.001	0.615	0.001	0.383
0.001	0.001	0.001	0.997
0.001	0.001	0.001	0.997
0.001	0.997	0.001	0.001
0.001	0.997	0.001	0.001
>TCAGGAAA	17-TCAGGAAA	2.344914	-0.000000	0	T:2625.0(19.40%),B:104740.5(44.42%),P:1e0	Tpos:24.9,Tstd:13.2,Bpos:10017.7,Bstd:44934.1,StrandBias:-0.0,Multiplicity:1.06
0.333	0.001	0.001	0.665
0.001	0.997	0.001	0.001
0.997	0.001	0.001	0.001
0.001	0.001	0.997	0.001
0.001	0.001	0.997	0.001
0.997	0.001	0.001	0.001
0.997	0.001	0.001	0.001
0.755	0.001	0.243	0.001
>ACTTCCTG	18-ACTTCCTG	6.110250	-0.000000	0	T:1987.0(14.68%),B:58765.2(24.92%),P:1e0	Tpos:25.0,Tstd:13.2,Bpos:9278.6,Bstd:48266.8,StrandBias:0.0,Multiplicity:1.05
0.776	0.020	0.203	0.001
0.011	0.720	0.059	0.210
0.101	0.001	0.004	0.894
0.060	0.036	0.067	0.837
0.011	0.974	0.010	0.005
0.008	0.965	0.004	0.023
0.041	0.195	0.201	0.563
0.056	0.275	0.441	0.228
>GTGGTGGT	19-GTGGTGGT	8.236954	-0.000000	0	T:85.0(0.63%),B:6524.7(2.77%),P:1e0	Tpos:23.3,Tstd:11.9,Bpos:4166.9,Bstd:12640.8,StrandBias:-0.1,Multiplicity:1.02
0.100	0.100	0.700	0.100
0.100	0.100	0.100	0.700
0.100	0.100	0.700	0.100
0.100	0.100	0.700	0.100
0.100	0.100	0.100	0.700
0.100	0.100	0.700	0.100
0.100	0.100	0.700	0.100
0.100	0.100	0.100	0.700
>AAGAGGAA	20-AAGAGGAA	5.275505	-0.000000	0	T:1046.0(7.73%),B:48329.7(20.50%),P:1e0	Tpos:25.1,Tstd:13.1,Bpos:19747.2,Bstd:80713.4,StrandBias:0.1,Multiplicity:1.02
0.661	0.148	0.131	0.060
0.888	0.001	0.001	0.110
0.186	0.001	0.773	0.040
0.997	0.001	0.001	0.001
0.001	0.001	0.997	0.001
0.001	0.001	0.997	0.001
0.997	0.001	0.001	0.001
0.997	0.001	0.001	0.001
>GATTGTGG	21-GATTGTGG	8.754922	-0.000000	0	T:471.0(3.48%),B:13363.3(5.67%),P:1e0	Tpos:25.3,Tstd:12.2,Bpos:6379.8,Bstd:19028.9,StrandBias:-0.1,Multiplicity:1.01
0.006	0.396	0.592	0.006
0.590	0.001	0.001	0.408
0.390	0.001	0.001	0.608
0.001	0.001	0.001	0.997
0.001	0.001	0.997	0.001
0.001	0.001	0.001	0.997
0.001	0.001	0.997	0.001
0.001	0.001	0.997	0.001
>GAGGAANG	22-GAGGAANG	6.270126	0.000000	0	T:1764.0(13.03%),B:74722.0(31.69%),P:1e0	Tpos:25.5,Tstd:13.6,Bpos:6776.5,Bstd:30847.5,StrandBias:-0.1,Multiplicity:1.04
0.245	0.114	0.505	0.136
0.997	0.001	0.001	0.001
0.059	0.001	0.939	0.001
0.059	0.001	0.939	0.001
0.997	0.001	0.001	0.001
0.997	0.001	0.001	0.001
0.282	0.277	0.175	0.266
0.190	0.233	0.441	0.136
>CACAGGAA	23-CACAGGAA	8.230874	0.000000	0	T:278.0(2.05%),B:10110.1(4.29%),P:1e0	Tpos:30.0,Tstd:19.4,Bpos:4198.5,Bstd:11116.8,StrandBias:-0.4,Multiplicity:1.00
0.241	0.514	0.109	0.136
0.714	0.083	0.001	0.202
0.159	0.591	0.215	0.035
0.969	0.001	0.002	0.028
0.036	0.001	0.919	0.044
0.118	0.059	0.778	0.045
0.867	0.074	0.053	0.006
0.938	0.034	0.017	0.011
>CAGGAAAH	24-CAGGAAAH	9.001751	0.000000	0	T:78.0(0.58%),B:6793.1(2.88%),P:1e0	Tpos:46.0,Tstd:0.0,Bpos:4355.3,Bstd:15922.7,StrandBias:-10.0,Multiplicity:1.00
0.110	0.769	0.055	0.066
0.891	0.007	0.004	0.098
0.124	0.014	0.817	0.045
0.104	0.081	0.768	0.047
0.885	0.057	0.009	0.049
0.892	0.032	0.044	0.032
0.931	0.010	0.011	0.048
0.392	0.312	0.046	0.250
>CCACARSM	25-CCACARSM	7.433967	0.000000	0	T:1386.0(10.24%),B:37619.3(15.95%),P:1e0	Tpos:24.8,Tstd:13.1,Bpos:10177.5,Bstd:56252.0,StrandBias:-0.2,Multiplicity:1.03
0.001	0.997	0.001	0.001
0.001	0.997	0.001	0.001
0.997	0.001	0.001	0.001
0.001	0.997	0.001	0.001
0.997	0.001	0.001	0.001
0.339	0.077	0.447	0.137
0.170	0.320	0.345	0.165
0.359	0.342	0.170	0.130
