>TGYGGTTT	1-TGYGGTTT	7.489822	-576.434914	0	T:1750.0(12.93%),B:11974.9(5.08%),P:1e-250	Tpos:25.6,Tstd:11.8,Bpos:22345.7,Bstd:89336.8,StrandBias:0.1,Multiplicity:1.04
0.056	0.023	0.032	0.889
0.001	0.001	0.997	0.001
0.054	0.508	0.001	0.437
0.001	0.002	0.996	0.001
0.001	0.001	0.997	0.001
0.001	0.100	0.062	0.837
0.024	0.272	0.022	0.682
0.158	0.030	0.107	0.705
>RACCACAA	2-RACCACAA	8.625189	-169.273398	0	T:692.0(5.11%),B:5412.2(2.30%),P:1e-73	Tpos:26.2,Tstd:11.8,Bpos:5524.7,Bstd:16919.4,StrandBias:-0.1,Multiplicity:1.02
0.419	0.113	0.398	0.070
0.823	0.059	0.117	0.001
0.001	0.995	0.001	0.003
0.001	0.997	0.001	0.001
0.653	0.008	0.298	0.041
0.001	0.997	0.001	0.001
0.825	0.048	0.045	0.082
0.487	0.068	0.287	0.159
>ACCACARN	3-ACCACARN	6.200427	-116.292003	0	T:3054.0(22.57%),B:40904.3(17.35%),P:1e-50	Tpos:24.9,Tstd:12.5,Bpos:8535.0,Bstd:45585.0,StrandBias:-0.0,Multiplicity:1.04
0.826	0.063	0.110	0.001
0.003	0.995	0.001	0.001
0.001	0.982	0.011	0.006
0.732	0.001	0.261	0.006
0.002	0.987	0.003	0.008
0.831	0.028	0.022	0.119
0.343	0.053	0.407	0.197
0.231	0.239	0.309	0.221
>ACCACARN	4-ACCACARN	8.340280	-39.493643	0	T:353.0(2.61%),B:3710.1(1.57%),P:1e-17	Tpos:23.1,Tstd:13.9,Bpos:9083.1,Bstd:39042.8,StrandBias:-0.4,Multiplicity:1.00
0.810	0.063	0.126	0.001
0.001	0.997	0.001	0.001
0.001	0.988	0.008	0.003
0.664	0.001	0.298	0.037
0.002	0.989	0.007	0.002
0.933	0.011	0.023	0.033
0.467	0.069	0.338	0.127
0.280	0.253	0.273	0.195
>NWAACCAC	5-NWAACCAC	5.359783	-30.384331	0	T:2907.0(21.48%),B:44492.2(18.87%),P:1e-13	Tpos:25.7,Tstd:13.3,Bpos:6350.5,Bstd:26254.1,StrandBias:0.1,Multiplicity:1.04
0.283	0.263	0.258	0.196
0.422	0.126	0.054	0.397
0.568	0.094	0.135	0.203
0.704	0.094	0.156	0.046
0.057	0.786	0.051	0.106
0.022	0.863	0.074	0.041
0.567	0.054	0.259	0.120
0.029	0.858	0.070	0.043
>GTGGTTTS	6-GTGGTTTS	10.477728	-22.186931	0	T:263.0(1.94%),B:3001.9(1.27%),P:1e-9	Tpos:24.2,Tstd:13.6,Bpos:7738.2,Bstd:19728.5,StrandBias:0.0,Multiplicity:1.03
0.001	0.001	0.997	0.001
0.001	0.001	0.001	0.997
0.001	0.001	0.997	0.001
0.001	0.001	0.997	0.001
0.001	0.001	0.001	0.997
0.001	0.001	0.001	0.997
0.002	0.001	0.001	0.996
0.003	0.442	0.554	0.001
>HACTTCCT	7-HACTTCCT	8.427752	-0.005057	0	T:291.0(2.15%),B:5879.7(2.49%),P:1e0	Tpos:24.9,Tstd:12.7,Bpos:4442.8,Bstd:13435.0,StrandBias:-0.2,Multiplicity:1.00
0.229	0.371	0.175	0.225
0.620	0.092	0.276	0.012
0.015	0.786	0.061	0.138
0.141	0.001	0.009	0.849
0.036	0.001	0.068	0.895
0.006	0.980	0.013	0.001
0.001	0.965	0.019	0.015
0.013	0.163	0.287	0.537
>GCGGTYGY	8-GCGGTYGY	8.194628	-0.000311	0	T:22.0(0.16%),B:735.0(0.31%),P:1e0	Tpos:31.5,Tstd:13.2,Bpos:1733.9,Bstd:6933.9,StrandBias:0.7,Multiplicity:1.00
0.001	0.001	0.997	0.001
0.001	0.639	0.001	0.359
0.001	0.001	0.997	0.001
0.001	0.001	0.997	0.001
0.001	0.001	0.001	0.997
0.001	0.496	0.001	0.502
0.306	0.001	0.501	0.192
0.155	0.317	0.181	0.348
>GTGTGTGG	9-GTGTGTGG	9.084203	-0.000000	0	T:332.0(2.45%),B:14996.1(6.36%),P:1e0	Tpos:25.9,Tstd:12.7,Bpos:4152.1,Bstd:14852.3,StrandBias:-0.0,Multiplicity:1.01
0.062	0.001	0.858	0.079
0.001	0.001	0.233	0.765
0.053	0.038	0.683	0.226
0.001	0.001	0.001	0.997
0.001	0.001	0.997	0.001
0.001	0.001	0.001	0.997
0.001	0.001	0.997	0.001
0.001	0.001	0.997	0.001
>MYATTTCC	10-MYATTTCC	7.104580	-0.000000	0	T:797.0(5.89%),B:45949.0(19.49%),P:1e0	Tpos:26.4,Tstd:13.3,Bpos:6955.9,Bstd:21897.8,StrandBias:0.0,Multiplicity:1.02
0.446	0.329	0.060	0.165
0.001	0.445	0.001	0.553
0.504	0.001	0.165	0.330
0.001	0.222	0.001	0.776
0.001	0.001	0.001	0.997
0.001	0.001	0.001	0.997
0.001	0.997	0.001	0.001
0.001	0.997	0.001	0.001
>AGGAARAR	11-AGGAARAR	8.436963	-0.000000	0	T:524.0(3.87%),B:34030.6(14.43%),P:1e0	Tpos:27.0,Tstd:14.5,Bpos:5476.7,Bstd:16797.4,StrandBias:0.2,Multiplicity:1.00
0.997	0.001	0.001	0.001
0.001	0.001	0.997	0.001
0.001	0.001	0.997	0.001
0.997	0.001	0.001	0.001
0.997	0.001	0.001	0.001
0.472	0.001	0.526	0.001
0.670	0.289	0.001	0.040
0.474	0.001	0.524	0.001
>TTCCTGAN	12-TTCCTGAN	8.193150	-0.000000	0	T:242.0(1.79%),B:15305.1(6.49%),P:1e0	Tpos:16.8,Tstd:17.7,Bpos:2223.3,Bstd:8454.9,StrandBias:0.2,Multiplicity:1.00
0.021	0.054	0.001	0.924
0.012	0.062	0.062	0.864
0.035	0.801	0.080	0.084
0.041	0.928	0.002	0.029
0.053	0.004	0.016	0.927
0.041	0.177	0.681	0.101
0.646	0.062	0.078	0.214
0.247	0.231	0.294	0.228
>CTGTGGCT	13-CTGTGGCT	2.432966	-0.000000	0	T:2470.0(18.25%),B:77097.3(32.70%),P:1e0	Tpos:25.4,Tstd:13.2,Bpos:5918.5,Bstd:31212.7,StrandBias:-0.0,Multiplicity:1.05
0.001	0.997	0.001	0.001
0.001	0.001	0.001	0.997
0.001	0.001	0.997	0.001
0.001	0.001	0.001	0.997
0.001	0.001	0.997	0.001
0.001	0.001	0.997	0.001
0.001	0.828	0.170	0.001
0.177	0.180	0.001	0.642
>TGTGGCTC	14-TGTGGCTC	4.161567	-0.000000	0	T:446.0(3.30%),B:15736.6(6.67%),P:1e0	Tpos:12.7,Tstd:12.6,Bpos:2051.9,Bstd:9247.5,StrandBias:1.6,Multiplicity:1.00
0.001	0.001	0.001	0.997
0.001	0.001	0.997	0.001
0.001	0.001	0.001	0.997
0.001	0.001	0.997	0.001
0.001	0.001	0.997	0.001
0.001	0.997	0.001	0.001
0.001	0.001	0.001	0.997
0.001	0.749	0.001	0.249
>TGTGGTGN	15-TGTGGTGN	6.050810	-0.000000	0	T:3103.0(22.93%),B:66043.6(28.01%),P:1e0	Tpos:24.2,Tstd:13.5,Bpos:5318.3,Bstd:25739.1,StrandBias:0.2,Multiplicity:1.05
0.046	0.015	0.008	0.931
0.001	0.001	0.997	0.001
0.001	0.099	0.099	0.801
0.001	0.001	0.900	0.098
0.001	0.060	0.938	0.001
0.001	0.001	0.159	0.839
0.076	0.290	0.465	0.169
0.282	0.214	0.244	0.260
>THMCTTCC	16-THMCTTCC	8.198283	-0.000000	0	T:146.0(1.08%),B:7771.3(3.30%),P:1e0	Tpos:14.4,Tstd:13.0,Bpos:5551.5,Bstd:15081.9,StrandBias:3.2,Multiplicity:1.00
0.005	0.383	0.001	0.611
0.337	0.274	0.001	0.388
0.274	0.385	0.162	0.179
0.001	0.615	0.001	0.383
0.001	0.001	0.001	0.997
0.001	0.001	0.001	0.997
0.001	0.997	0.001	0.001
0.001	0.997	0.001	0.001
>TCAGGAAA	17-TCAGGAAA	2.344914	-0.000000	0	T:2625.0(19.40%),B:104740.5(44.42%),P:1e0	Tpos:24.9,Tstd:13.2,Bpos:10017.7,Bstd:44934.1,StrandBias:-0.0,Multiplicity:1.06
0.333	0.001	0.001	0.665
0.001	0.997	0.001	0.001
0.997	0.001	0.001	0.001
0.001	0.001	0.997	0.001
0.001	0.001	0.997	0.001
0.997	0.001	0.001	0.001
0.997	0.001	0.001	0.001
0.755	0.001	0.243	0.001
>ACTTCCTG	18-ACTTCCTG	6.110250	-0.000000	0	T:1987.0(14.68%),B:58765.2(24.92%),P:1e0	Tpos:25.0,Tstd:13.2,Bpos:9278.6,Bstd:48266.8,StrandBias:0.0,Multiplicity:1.05
0.776	0.020	0.203	0.001
0.011	0.720	0.059	0.210
0.101	0.001	0.004	0.894
0.060	0.036	0.067	0.837
0.011	0.974	0.010	0.005
0.008	0.965	0.004	0.023
0.041	0.195	0.201	0.563
0.056	0.275	0.441	0.228
>GTGGTGGT	19-GTGGTGGT	8.236954	-0.000000	0	T:85.0(0.63%),B:6524.7(2.77%),P:1e0	Tpos:23.3,Tstd:11.9,Bpos:4166.9,Bstd:12640.8,StrandBias:-0.1,Multiplicity:1.02
0.100	0.100	0.700	0.100
0.100	0.100	0.100	0.700
0.100	0.100	0.700	0.100
0.100	0.100	0.700	0.100
0.100	0.100	0.100	0.700
0.100	0.100	0.700	0.100
0.100	0.100	0.700	0.100
0.100	0.100	0.100	0.700
>AAGAGGAA	20-AAGAGGAA	5.275505	-0.000000	0	T:1046.0(7.73%),B:48329.7(20.50%),P:1e0	Tpos:25.1,Tstd:13.1,Bpos:19747.2,Bstd:80713.4,StrandBias:0.1,Multiplicity:1.02
0.661	0.148	0.131	0.060
0.888	0.001	0.001	0.110
0.186	0.001	0.773	0.040
0.997	0.001	0.001	0.001
0.001	0.001	0.997	0.001
0.001	0.001	0.997	0.001
0.997	0.001	0.001	0.001
0.997	0.001	0.001	0.001
>GATTGTGG	21-GATTGTGG	8.754922	-0.000000	0	T:471.0(3.48%),B:13363.3(5.67%),P:1e0	Tpos:25.3,Tstd:12.2,Bpos:6379.8,Bstd:19028.9,StrandBias:-0.1,Multiplicity:1.01
0.006	0.396	0.592	0.006
0.590	0.001	0.001	0.408
0.390	0.001	0.001	0.608
0.001	0.001	0.001	0.997
0.001	0.001	0.997	0.001
0.001	0.001	0.001	0.997
0.001	0.001	0.997	0.001
0.001	0.001	0.997	0.001
>GAGGAANG	22-GAGGAANG	6.270126	0.000000	0	T:1764.0(13.03%),B:74722.0(31.69%),P:1e0	Tpos:25.5,Tstd:13.6,Bpos:6776.5,Bstd:30847.5,StrandBias:-0.1,Multiplicity:1.04
0.245	0.114	0.505	0.136
0.997	0.001	0.001	0.001
0.059	0.001	0.939	0.001
0.059	0.001	0.939	0.001
0.997	0.001	0.001	0.001
0.997	0.001	0.001	0.001
0.282	0.277	0.175	0.266
0.190	0.233	0.441	0.136
>CACAGGAA	23-CACAGGAA	8.230874	0.000000	0	T:278.0(2.05%),B:10110.1(4.29%),P:1e0	Tpos:30.0,Tstd:19.4,Bpos:4198.5,Bstd:11116.8,StrandBias:-0.4,Multiplicity:1.00
0.241	0.514	0.109	0.136
0.714	0.083	0.001	0.202
0.159	0.591	0.215	0.035
0.969	0.001	0.002	0.028
0.036	0.001	0.919	0.044
0.118	0.059	0.778	0.045
0.867	0.074	0.053	0.006
0.938	0.034	0.017	0.011
>CAGGAAAH	24-CAGGAAAH	9.001751	0.000000	0	T:78.0(0.58%),B:6793.1(2.88%),P:1e0	Tpos:46.0,Tstd:0.0,Bpos:4355.3,Bstd:15922.7,StrandBias:-10.0,Multiplicity:1.00
0.110	0.769	0.055	0.066
0.891	0.007	0.004	0.098
0.124	0.014	0.817	0.045
0.104	0.081	0.768	0.047
0.885	0.057	0.009	0.049
0.892	0.032	0.044	0.032
0.931	0.010	0.011	0.048
0.392	0.312	0.046	0.250
>CCACARSM	25-CCACARSM	7.433967	0.000000	0	T:1386.0(10.24%),B:37619.3(15.95%),P:1e0	Tpos:24.8,Tstd:13.1,Bpos:10177.5,Bstd:56252.0,StrandBias:-0.2,Multiplicity:1.03
0.001	0.997	0.001	0.001
0.001	0.997	0.001	0.001
0.997	0.001	0.001	0.001
0.001	0.997	0.001	0.001
0.997	0.001	0.001	0.001
0.339	0.077	0.447	0.137
0.170	0.320	0.345	0.165
0.359	0.342	0.170	0.130
