>NBYCCCHDGGGR	22-NBYCCCHDGGGR	8.721572	-0.940530	0	T:4.0(0.02%),B:26.5(0.01%),P:1e0
0.295	0.236	0.232	0.237
0.012	0.314	0.387	0.288
0.153	0.338	0.112	0.397
0.018	0.952	0.017	0.013
0.227	0.496	0.016	0.260
0.120	0.695	0.029	0.156
0.359	0.303	0.074	0.264
0.256	0.126	0.311	0.307
0.116	0.073	0.794	0.017
0.119	0.008	0.849	0.024
0.009	0.204	0.773	0.014
0.428	0.164	0.305	0.102
