>CACACACACACA	25-CACACACACACA	8.222409	0.000000	0	T:646.0(2.93%),B:9993.8(5.33%),P:1e0
0.019	0.822	0.015	0.144
0.660	0.141	0.093	0.106
0.014	0.821	0.005	0.160
0.731	0.147	0.107	0.015
0.010	0.841	0.021	0.128
0.696	0.135	0.147	0.022
0.014	0.863	0.016	0.107
0.659	0.120	0.141	0.080
0.007	0.805	0.018	0.170
0.664	0.020	0.180	0.136
0.017	0.857	0.024	0.102
0.659	0.102	0.122	0.117
