>NCTTCCCCTTTN	17-NCTTCCCCTTTN	9.660884	-1.461470	0	T:16.0(0.07%),B:108.2(0.06%),P:1e0
0.275	0.288	0.234	0.202
0.093	0.685	0.111	0.111
0.111	0.166	0.107	0.616
0.082	0.156	0.139	0.623
0.079	0.669	0.127	0.125
0.100	0.714	0.087	0.099
0.105	0.682	0.094	0.119
0.104	0.692	0.094	0.110
0.114	0.172	0.110	0.604
0.089	0.164	0.159	0.588
0.098	0.182	0.153	0.567
0.165	0.294	0.255	0.285
