>CACTTCCTCTYT	10-ARAGAGGAAGTG	9.876543	-14.197295	0	T:58.0(0.26%),B:226.0(0.12%),P:1e-6
0.080	0.582	0.057	0.281
0.628	0.149	0.116	0.107
0.071	0.758	0.096	0.075
0.107	0.135	0.080	0.678
0.063	0.148	0.119	0.670
0.070	0.758	0.102	0.070
0.074	0.830	0.044	0.052
0.164	0.188	0.122	0.526
0.025	0.631	0.298	0.046
0.144	0.217	0.086	0.553
0.078	0.343	0.124	0.455
0.303	0.154	0.052	0.491
