>GGGAATTCCCCY	4-GGGAATTCCCCY	8.228179	-112.903262	0	T:437.0(1.98%),B:1557.3(0.83%),P:1e-49
0.092	0.054	0.700	0.154
0.007	0.030	0.925	0.038
0.297	0.034	0.602	0.067
0.562	0.133	0.208	0.097
0.495	0.154	0.105	0.245
0.321	0.081	0.120	0.479
0.069	0.237	0.173	0.521
0.047	0.613	0.049	0.291
0.013	0.973	0.013	0.001
0.133	0.774	0.037	0.056
0.212	0.470	0.128	0.190
0.182	0.262	0.190	0.366
