>GTTGCCATGGCA	19-GTTGCCATGGCA	12.597363	-1.441076	0	T:10.0(0.05%),B:63.3(0.03%),P:1e0
0.145	0.033	0.821	0.001
0.070	0.340	0.018	0.572
0.081	0.023	0.047	0.849
0.035	0.315	0.530	0.120
0.001	0.829	0.001	0.169
0.001	0.870	0.001	0.128
0.638	0.071	0.070	0.221
0.030	0.001	0.099	0.870
0.020	0.001	0.870	0.109
0.272	0.135	0.564	0.029
0.070	0.612	0.208	0.110
0.694	0.054	0.194	0.058
