>GGGAAASCCCCY	11-GGGAAASCCCCY	10.193071	-14.026686	0	T:43.0(0.19%),B:145.7(0.08%),P:1e-6
0.165	0.129	0.564	0.142
0.091	0.001	0.868	0.040
0.234	0.097	0.668	0.001
0.779	0.001	0.098	0.122
0.984	0.001	0.014	0.001
0.591	0.001	0.407	0.001
0.150	0.379	0.275	0.197
0.176	0.568	0.001	0.255
0.421	0.577	0.001	0.001
0.001	0.893	0.105	0.001
0.177	0.526	0.001	0.296
0.168	0.299	0.185	0.348
