>RRGRGGAAGTGN	21-RRGRGGAAGTGN	9.884838	-1.039655	0	T:3.0(0.01%),B:17.6(0.01%),P:1e0
0.401	0.122	0.388	0.089
0.402	0.028	0.456	0.114
0.258	0.167	0.552	0.023
0.373	0.145	0.456	0.026
0.042	0.007	0.929	0.022
0.031	0.028	0.914	0.027
0.901	0.039	0.038	0.022
0.737	0.029	0.186	0.048
0.246	0.067	0.651	0.036
0.133	0.123	0.143	0.601
0.224	0.223	0.401	0.153
0.297	0.274	0.209	0.220
