>GGGGAAACCCCN	7-GGGGAAACCCCN	10.111014	-31.204620	0	T:224.0(1.01%),B:1054.3(0.56%),P:1e-13
0.250	0.060	0.555	0.135
0.012	0.001	0.937	0.050
0.032	0.018	0.949	0.001
0.117	0.001	0.881	0.001
0.769	0.031	0.199	0.001
0.916	0.035	0.048	0.001
0.779	0.063	0.157	0.001
0.143	0.475	0.294	0.088
0.023	0.809	0.102	0.066
0.311	0.662	0.001	0.026
0.072	0.786	0.035	0.107
0.300	0.262	0.246	0.192
