>TGTCMCCTTGTG	13-TGTCMCCTTGTG	11.010712	-3.995580	0	T:38.0(0.17%),B:217.6(0.12%),P:1e-1
0.083	0.198	0.092	0.627
0.051	0.005	0.884	0.060
0.001	0.333	0.001	0.665
0.020	0.866	0.113	0.001
0.499	0.456	0.001	0.044
0.018	0.804	0.043	0.135
0.060	0.829	0.080	0.031
0.141	0.032	0.057	0.770
0.057	0.063	0.322	0.558
0.056	0.022	0.847	0.075
0.069	0.056	0.094	0.781
0.062	0.111	0.756	0.071
