>RGGGRNTTYCCC	1-RGGGRNTTYCCC	9.165698	-148.825381	0	T:439.0(1.99%),B:1336.3(0.71%),P:1e-64
0.375	0.079	0.325	0.222
0.001	0.100	0.724	0.175
0.018	0.001	0.880	0.101
0.053	0.001	0.814	0.132
0.323	0.101	0.417	0.159
0.322	0.284	0.180	0.214
0.254	0.023	0.001	0.722
0.019	0.231	0.041	0.709
0.001	0.501	0.031	0.467
0.054	0.903	0.009	0.034
0.001	0.836	0.040	0.123
0.210	0.475	0.193	0.121
