>NVSYCACGTGAC	20-NVSYCACGTGAC	9.578992	-1.243742	0	T:31.0(0.14%),B:233.2(0.12%),P:1e0
0.205	0.303	0.247	0.245
0.233	0.229	0.356	0.183
0.198	0.296	0.445	0.061
0.149	0.273	0.173	0.405
0.016	0.895	0.088	0.001
0.808	0.069	0.057	0.066
0.001	0.628	0.051	0.320
0.262	0.061	0.676	0.001
0.016	0.001	0.032	0.951
0.001	0.237	0.761	0.001
0.567	0.167	0.146	0.120
0.002	0.529	0.204	0.265
