>SYNCCWBKSCAG	23-SYNCCWBKSCAG,BestGuess:Hand1::Tcf3/MA0092.1/Jaspar(0.730)	-2.921913	-0.084230	0	T:15431.0(100.00%),B:175592.9(100.00%),P:1e0
0.098	0.385	0.329	0.188
0.121	0.344	0.115	0.420
0.246	0.267	0.278	0.208
0.222	0.452	0.283	0.044
0.240	0.503	0.242	0.015
0.405	0.029	0.193	0.373
0.043	0.285	0.371	0.301
0.224	0.043	0.416	0.316
0.014	0.467	0.505	0.014
0.014	0.971	0.014	0.001
0.782	0.001	0.014	0.203
0.014	0.029	0.943	0.014
