>YCTCWSCWGYCC	4-YCTCWSCWGYCC,BestGuess:ZNF317/MA1593.1/Jaspar(0.652)	3.662820	-674.674796	0	T:15016.0(97.31%),B:156851.7(89.33%),P:1e-293
0.112	0.397	0.122	0.369
0.190	0.559	0.162	0.089
0.122	0.280	0.002	0.596
0.094	0.605	0.182	0.119
0.488	0.123	0.001	0.389
0.044	0.337	0.408	0.211
0.067	0.788	0.105	0.040
0.467	0.016	0.009	0.508
0.027	0.336	0.506	0.131
0.138	0.390	0.076	0.397
0.215	0.510	0.199	0.076
0.234	0.500	0.051	0.215
