>GTCACVTGYTCT	10-GTCACVTGYTCT	10.597511	-5.555294	0	T:11.0(0.10%),B:68.6(0.04%),P:1e-2
0.216	0.148	0.539	0.097
0.064	0.001	0.253	0.682
0.001	0.899	0.099	0.001
0.889	0.094	0.014	0.003
0.001	0.904	0.007	0.088
0.301	0.270	0.386	0.043
0.001	0.094	0.001	0.904
0.051	0.077	0.860	0.012
0.222	0.396	0.100	0.282
0.110	0.278	0.079	0.533
0.001	0.497	0.286	0.216
0.194	0.202	0.031	0.573
