>GGGAATTGTAGT	16-ACTACAATTCCC	11.778694	-0.673163	0	T:20.0(0.18%),B:340.4(0.17%),P:1e0
0.053	0.033	0.828	0.086
0.049	0.031	0.820	0.100
0.067	0.074	0.757	0.102
0.758	0.108	0.092	0.042
0.632	0.100	0.167	0.101
0.154	0.099	0.107	0.640
0.065	0.047	0.119	0.769
0.037	0.074	0.837	0.052
0.097	0.163	0.105	0.635
0.668	0.068	0.155	0.109
0.029	0.052	0.869	0.050
0.086	0.058	0.069	0.787
