>GGAAGTCACGTG	11-GGAAGTCACGTG	10.905744	-3.822877	0	T:23.0(0.20%),B:243.6(0.12%),P:1e-1
0.100	0.079	0.726	0.095
0.091	0.093	0.746	0.070
0.694	0.115	0.110	0.081
0.687	0.078	0.146	0.089
0.074	0.069	0.805	0.052
0.094	0.118	0.121	0.667
0.051	0.828	0.077	0.044
0.797	0.094	0.054	0.055
0.063	0.721	0.088	0.128
0.122	0.077	0.741	0.060
0.082	0.065	0.098	0.755
0.034	0.088	0.833	0.045
