>VAGRGGAAGTGA	12-VAGRGGAAGTGA	11.742334	-3.296084	0	T:14.0(0.12%),B:136.4(0.07%),P:1e-1
0.374	0.234	0.350	0.042
0.662	0.001	0.328	0.009
0.150	0.201	0.648	0.001
0.385	0.096	0.498	0.021
0.011	0.034	0.954	0.001
0.010	0.165	0.824	0.001
0.889	0.055	0.016	0.040
0.940	0.001	0.046	0.013
0.058	0.162	0.779	0.001
0.010	0.029	0.309	0.652
0.093	0.231	0.627	0.049
0.620	0.158	0.173	0.049
