>CACTTCCTCTYT	7-ARAGAGGAAGTG	10.983148	-10.573112	0	T:31.0(0.27%),B:221.9(0.11%),P:1e-4
0.104	0.492	0.219	0.186
0.718	0.126	0.140	0.016
0.010	0.753	0.179	0.058
0.035	0.001	0.016	0.948
0.001	0.038	0.139	0.822
0.001	0.900	0.062	0.037
0.020	0.930	0.001	0.049
0.036	0.207	0.086	0.671
0.023	0.534	0.324	0.119
0.060	0.350	0.029	0.561
0.100	0.286	0.227	0.387
0.095	0.260	0.124	0.521
