>NCACACACACAN	24-NCACACACACAN	7.050950	-0.000000	0	T:296.0(2.60%),B:10712.5(5.47%),P:1e0
0.266	0.253	0.244	0.238
0.083	0.662	0.156	0.099
0.577	0.149	0.122	0.152
0.076	0.709	0.126	0.089
0.570	0.136	0.152	0.142
0.100	0.703	0.116	0.081
0.600	0.135	0.164	0.101
0.084	0.692	0.115	0.109
0.594	0.134	0.158	0.114
0.067	0.717	0.127	0.089
0.574	0.144	0.159	0.123
0.197	0.338	0.259	0.206
