>CACACACATACA	20-CACACACATACA	10.567170	-0.000062	0	T:19.0(0.17%),B:706.7(0.36%),P:1e0
0.112	0.694	0.097	0.097
0.664	0.125	0.093	0.118
0.094	0.717	0.117	0.072
0.639	0.109	0.117	0.135
0.080	0.708	0.120	0.092
0.673	0.104	0.102	0.121
0.082	0.670	0.137	0.111
0.625	0.161	0.104	0.110
0.119	0.221	0.137	0.523
0.517	0.141	0.235	0.107
0.101	0.720	0.104	0.075
0.621	0.151	0.094	0.134
