>ATGAKKCAGTYA	13-ATGAKKCAGTYA	7.847603	-2.546260	0	T:23.0(0.20%),B:282.3(0.14%),P:1e-1
0.487	0.205	0.289	0.019
0.019	0.176	0.238	0.567
0.130	0.021	0.818	0.031
0.451	0.169	0.227	0.153
0.186	0.161	0.257	0.396
0.037	0.175	0.328	0.460
0.008	0.796	0.180	0.016
0.934	0.025	0.012	0.029
0.173	0.218	0.404	0.206
0.168	0.224	0.223	0.385
0.119	0.362	0.038	0.482
0.411	0.190	0.228	0.170
