>NGTGAGTGTGTS	22-SACACACTCACN	9.221625	-0.000022	0	T:16.0(0.14%),B:660.3(0.34%),P:1e0
0.255	0.239	0.224	0.281
0.138	0.131	0.625	0.106
0.094	0.110	0.087	0.709
0.093	0.125	0.688	0.094
0.641	0.184	0.076	0.099
0.130	0.166	0.571	0.133
0.102	0.163	0.108	0.627
0.214	0.117	0.586	0.083
0.201	0.111	0.096	0.592
0.124	0.118	0.671	0.087
0.158	0.126	0.068	0.648
0.181	0.255	0.360	0.205
