>NGTCACATGCAN	15-NGTCACATGCAN	9.580715	-1.698011	0	T:5.0(0.04%),B:50.8(0.03%),P:1e0
0.281	0.218	0.237	0.264
0.103	0.166	0.628	0.103
0.142	0.129	0.142	0.587
0.089	0.684	0.132	0.095
0.650	0.132	0.110	0.108
0.071	0.742	0.108	0.079
0.603	0.114	0.171	0.112
0.125	0.157	0.113	0.605
0.105	0.134	0.658	0.103
0.118	0.634	0.128	0.120
0.600	0.127	0.131	0.142
0.193	0.259	0.328	0.219
