>GGAAASCCCCTT	3-GGAAASCCCCTT	10.637765	-19.774501	0	T:66.0(0.58%),B:481.5(0.25%),P:1e-8
0.041	0.001	0.913	0.045
0.019	0.001	0.979	0.001
0.753	0.026	0.194	0.027
0.936	0.013	0.050	0.001
0.786	0.001	0.092	0.121
0.103	0.354	0.409	0.135
0.063	0.621	0.106	0.210
0.203	0.795	0.001	0.001
0.015	0.983	0.001	0.001
0.001	0.849	0.065	0.085
0.230	0.147	0.151	0.471
0.127	0.234	0.220	0.419
