>CACTCACACACA	25-CACTCACACACA	9.757164	0.000000	0	T:118.0(1.04%),B:3541.4(1.81%),P:1e0
0.041	0.683	0.135	0.141
0.657	0.076	0.131	0.136
0.038	0.636	0.131	0.195
0.239	0.088	0.223	0.449
0.083	0.649	0.157	0.111
0.739	0.066	0.129	0.066
0.036	0.800	0.064	0.100
0.641	0.102	0.166	0.091
0.084	0.593	0.112	0.211
0.795	0.062	0.098	0.045
0.038	0.765	0.092	0.105
0.595	0.039	0.206	0.160
