>CACTCTGTCACH	23-CACTCTGTCACH	6.513659	-0.000000	0	T:363.0(3.19%),B:18442.2(9.42%),P:1e0
0.193	0.407	0.237	0.163
0.577	0.137	0.135	0.151
0.093	0.680	0.137	0.090
0.269	0.121	0.103	0.507
0.079	0.643	0.170	0.108
0.296	0.110	0.101	0.493
0.072	0.154	0.693	0.081
0.373	0.001	0.001	0.625
0.079	0.689	0.151	0.081
0.664	0.137	0.078	0.121
0.077	0.717	0.105	0.101
0.367	0.225	0.173	0.235
