>NNCWYRTGHBWN	18-NNCWYRTGHBWN	6.477308	-0.102375	0	T:16.0(0.14%),B:370.9(0.19%),P:1e0
0.248	0.220	0.267	0.265
0.189	0.316	0.280	0.215
0.001	0.622	0.217	0.160
0.384	0.138	0.233	0.245
0.007	0.492	0.124	0.378
0.339	0.165	0.415	0.081
0.001	0.001	0.034	0.964
0.001	0.001	0.941	0.057
0.303	0.253	0.125	0.319
0.120	0.349	0.297	0.234
0.302	0.176	0.145	0.377
0.268	0.211	0.322	0.199
