>AAAAGSAGAAGT	20-AAAAGSAGAAGT,BestGuess:SpiB(ETS)/OCILY3-SPIB-ChIP-Seq(GSE56857)/Homer(0.771)	10.224619	-4.302732	0	T:13.0(0.10%),B:106.7(0.05%),P:1e-1
0.522	0.109	0.189	0.180
0.588	0.160	0.117	0.135
0.744	0.078	0.092	0.086
0.523	0.076	0.186	0.215
0.090	0.150	0.635	0.125
0.122	0.461	0.357	0.059
0.637	0.048	0.161	0.154
0.110	0.082	0.757	0.051
0.683	0.108	0.150	0.059
0.527	0.072	0.163	0.238
0.085	0.198	0.580	0.137
0.078	0.181	0.138	0.603
