>ATRGAATGGAAT	5-ATRGAATGGAAT	10.818557	-20.007854	0	T:19.0(2.05%),B:867.0(0.35%),P:1e-8
0.495	0.106	0.303	0.096
0.072	0.002	0.006	0.920
0.353	0.150	0.412	0.085
0.101	0.014	0.800	0.085
0.689	0.205	0.002	0.104
0.813	0.096	0.002	0.089
0.103	0.001	0.001	0.895
0.305	0.001	0.465	0.230
0.001	0.001	0.889	0.109
0.849	0.002	0.004	0.145
0.799	0.001	0.098	0.102
0.003	0.001	0.251	0.745
