>CCYCYCYYYYYY	15-CCYCYCYYYYYY	10.015483	-1.303192	0	T:3.0(0.05%),B:60.0(0.03%),P:1e0
0.001	0.588	0.001	0.410
0.001	0.965	0.001	0.033
0.001	0.550	0.001	0.448
0.001	0.599	0.001	0.399
0.001	0.540	0.001	0.458
0.001	0.621	0.001	0.377
0.001	0.533	0.001	0.465
0.001	0.538	0.001	0.460
0.001	0.457	0.001	0.541
0.001	0.541	0.001	0.457
0.001	0.534	0.001	0.464
0.001	0.454	0.001	0.544
