>BYCYYYYYYYYY	19-BYCYYYYYYYYY	6.488100	-0.001274	0	T:19.0(0.30%),B:1184.5(0.56%),P:1e0
0.049	0.357	0.229	0.365
0.161	0.396	0.001	0.442
0.001	0.484	0.196	0.319
0.248	0.301	0.001	0.450
0.001	0.428	0.227	0.344
0.252	0.337	0.004	0.407
0.081	0.400	0.215	0.304
0.219	0.352	0.001	0.428
0.001	0.429	0.188	0.382
0.104	0.422	0.001	0.473
0.001	0.461	0.178	0.360
0.205	0.458	0.001	0.336
