>CHMHMMCCACAR	3-CHMHMMCCACAR	4.176630	-822.971719	0	T:5437.0(86.41%),B:134635.0(63.35%),P:1e-357
0.228	0.481	0.100	0.191
0.354	0.314	0.071	0.261
0.286	0.387	0.130	0.197
0.401	0.320	0.002	0.277
0.376	0.380	0.127	0.118
0.421	0.396	0.111	0.072
0.190	0.707	0.071	0.032
0.177	0.818	0.004	0.001
0.571	0.274	0.070	0.085
0.270	0.591	0.137	0.002
0.611	0.226	0.007	0.156
0.371	0.214	0.223	0.192
