>SBSCYGGSCSSS	11-SSSGSCCRGSVS	1.640995	-166.789072	0	T:6010.0(95.52%),B:189374.4(89.10%),P:1e-72
0.079	0.457	0.403	0.061
0.125	0.366	0.265	0.244
0.061	0.368	0.395	0.176
0.001	0.720	0.278	0.001
0.149	0.372	0.219	0.261
0.163	0.246	0.408	0.184
0.018	0.372	0.609	0.001
0.039	0.542	0.418	0.001
0.244	0.454	0.176	0.126
0.106	0.318	0.405	0.172
0.185	0.349	0.384	0.082
0.097	0.523	0.379	0.001
