>ARAAAAMAVAWA	9-ARAAAAMAVAWA	3.662734	-234.453987	0	T:5353.0(85.08%),B:156608.5(73.68%),P:1e-101
0.691	0.001	0.307	0.001
0.470	0.026	0.503	0.001
0.792	0.031	0.167	0.010
0.792	0.005	0.198	0.005
0.566	0.026	0.407	0.001
0.401	0.218	0.217	0.164
0.354	0.482	0.072	0.092
0.921	0.001	0.001	0.077
0.321	0.214	0.348	0.116
0.523	0.218	0.078	0.181
0.381	0.181	0.167	0.271
0.435	0.132	0.254	0.179
