>RRRRRGRGRRRG	6-CYYYCYCYYYYY	4.268484	-364.064008	0	T:5253.0(83.49%),B:145518.5(68.47%),P:1e-158
0.391	0.077	0.392	0.141
0.455	0.056	0.488	0.001
0.426	0.129	0.444	0.001
0.460	0.126	0.352	0.062
0.403	0.014	0.402	0.181
0.313	0.012	0.509	0.166
0.394	0.001	0.473	0.132
0.348	0.001	0.519	0.132
0.406	0.020	0.473	0.101
0.335	0.116	0.375	0.174
0.381	0.042	0.454	0.123
0.313	0.001	0.510	0.176
