>AATGGAATGGAA	14-AATGGAATGGAA	12.929968	-2.229466	0	T:8.0(0.13%),B:158.2(0.07%),P:1e0
0.935	0.032	0.001	0.032
0.877	0.001	0.096	0.026
0.044	0.032	0.020	0.904
0.054	0.001	0.869	0.076
0.001	0.026	0.951	0.022
0.976	0.022	0.001	0.001
0.945	0.001	0.032	0.022
0.128	0.032	0.001	0.839
0.001	0.032	0.941	0.026
0.001	0.031	0.967	0.001
0.981	0.017	0.001	0.001
0.935	0.001	0.032	0.032
