>TGGTTTTTGTGG	7-CCACAAAAACCA	3.951466	-325.680698	0	T:4344.0(69.04%),B:112869.6(53.10%),P:1e-141
0.076	0.012	0.096	0.816
0.001	0.001	0.965	0.033
0.077	0.120	0.790	0.013
0.001	0.213	0.176	0.610
0.111	0.065	0.184	0.640
0.138	0.038	0.149	0.675
0.061	0.159	0.148	0.632
0.092	0.079	0.077	0.752
0.060	0.086	0.853	0.001
0.080	0.140	0.042	0.738
0.001	0.037	0.781	0.181
0.001	0.038	0.746	0.215
