>ATGGAATGGAAT	13-ATGGAATGGAAT	13.218476	-21.575906	0	T:12.0(0.19%),B:26.3(0.01%),P:1e-9
0.843	0.054	0.085	0.018
0.046	0.068	0.017	0.869
0.039	0.200	0.663	0.098
0.074	0.051	0.821	0.054
0.898	0.028	0.015	0.059
0.852	0.067	0.030	0.051
0.032	0.074	0.046	0.848
0.079	0.118	0.771	0.032
0.040	0.116	0.809	0.035
0.917	0.021	0.034	0.028
0.875	0.059	0.028	0.038
0.047	0.095	0.018	0.840
