>CTGSNGSCMGGC	18-CTGSNGSCMGGC	8.922944	-0.035736	0	T:21.0(0.33%),B:1017.1(0.48%),P:1e0
0.077	0.747	0.101	0.075
0.164	0.071	0.064	0.701
0.001	0.151	0.831	0.017
0.071	0.447	0.401	0.082
0.205	0.239	0.326	0.230
0.177	0.212	0.446	0.166
0.071	0.454	0.360	0.115
0.018	0.946	0.018	0.018
0.324	0.436	0.017	0.223
0.154	0.155	0.431	0.260
0.082	0.249	0.622	0.047
0.047	0.563	0.242	0.148
