>ATGGAATGGAAT	2-ATGGAATGGAAT	13.651016	-55.493105	0	T:18.0(1.94%),B:85.0(0.03%),P:1e-24
0.759	0.078	0.115	0.048
0.026	0.052	0.001	0.921
0.069	0.284	0.580	0.067
0.078	0.017	0.882	0.023
0.902	0.058	0.017	0.023
0.788	0.081	0.067	0.064
0.033	0.078	0.047	0.842
0.053	0.127	0.803	0.017
0.037	0.045	0.899	0.019
0.961	0.015	0.023	0.001
0.805	0.062	0.075	0.058
0.044	0.061	0.031	0.864
