>YCCTGYCYWSAC	24-GTSWRGRCAGGR	8.027962	-0.000065	0	T:13.0(1.40%),B:8259.2(3.37%),P:1e0
0.052	0.360	0.157	0.431
0.103	0.498	0.139	0.260
0.050	0.779	0.068	0.103
0.035	0.001	0.015	0.949
0.050	0.087	0.653	0.210
0.035	0.521	0.035	0.409
0.103	0.727	0.050	0.120
0.105	0.484	0.035	0.377
0.345	0.209	0.070	0.376
0.154	0.484	0.345	0.018
0.534	0.001	0.238	0.227
0.085	0.638	0.138	0.139
