>RAWAGAWASAKR	10-RAWAGAWASAKR	9.093223	-1.947058	0	T:7.0(0.76%),B:1134.3(0.46%),P:1e0
0.375	0.050	0.496	0.079
0.753	0.001	0.230	0.016
0.424	0.090	0.061	0.425
0.798	0.001	0.166	0.035
0.066	0.197	0.490	0.248
0.845	0.016	0.138	0.001
0.312	0.240	0.024	0.424
0.794	0.001	0.001	0.204
0.078	0.299	0.403	0.220
0.579	0.017	0.032	0.372
0.221	0.030	0.311	0.438
0.525	0.035	0.393	0.047
