>CYCTYWTYCCYT	20-CYCTYWTYCCYT	7.969454	-0.059444	0	T:2.0(0.22%),B:1208.4(0.49%),P:1e0
0.119	0.593	0.076	0.212
0.025	0.491	0.008	0.475
0.237	0.645	0.042	0.076
0.305	0.195	0.008	0.491
0.195	0.381	0.187	0.237
0.373	0.187	0.034	0.407
0.059	0.127	0.313	0.501
0.169	0.381	0.203	0.246
0.229	0.661	0.017	0.093
0.042	0.839	0.017	0.102
0.228	0.406	0.001	0.364
0.187	0.280	0.068	0.466
