>KAGRRAAAGAGW	18-KAGRRAAAGAGW	9.060613	-0.071325	0	T:2.0(0.22%),B:1151.7(0.47%),P:1e0
0.217	0.153	0.370	0.260
0.521	0.001	0.282	0.196
0.279	0.001	0.719	0.001
0.328	0.149	0.414	0.109
0.392	0.241	0.260	0.107
0.526	0.279	0.173	0.022
0.586	0.284	0.001	0.129
0.780	0.001	0.131	0.088
0.001	0.214	0.784	0.001
0.781	0.001	0.109	0.109
0.001	0.238	0.674	0.087
0.413	0.151	0.109	0.326
