>AAACCRCA	1-AAACCRCA	6.823937	-3025.382806	0	T:3198.0(50.83%),B:22219.7(10.57%),P:1e-1313	Tpos:51.7,Tstd:22.7,Bpos:15448.1,Bstd:83584.3,StrandBias:-0.1,Multiplicity:1.17
0.653	0.143	0.039	0.165
0.626	0.023	0.288	0.063
0.853	0.053	0.093	0.001
0.001	0.997	0.001	0.001
0.001	0.997	0.001	0.001
0.494	0.001	0.467	0.038
0.001	0.997	0.001	0.001
0.864	0.030	0.021	0.085
>TTGTGGTT	2-TTGTGGTT	6.168612	-2361.998345	0	T:3560.0(56.58%),B:36430.2(17.32%),P:1e-1025	Tpos:51.9,Tstd:25.2,Bpos:10535.4,Bstd:65205.8,StrandBias:0.1,Multiplicity:1.09
0.147	0.228	0.065	0.560
0.057	0.058	0.066	0.819
0.002	0.001	0.994	0.003
0.062	0.267	0.006	0.665
0.002	0.004	0.989	0.005
0.001	0.001	0.997	0.001
0.001	0.112	0.081	0.806
0.185	0.129	0.188	0.499
>ACCGCARA	3-ACCGCARA	6.778788	-2143.410412	0	T:2754.0(43.77%),B:22524.3(10.71%),P:1e-930	Tpos:51.3,Tstd:29.3,Bpos:1160.8,Bstd:4811.2,StrandBias:-0.5,Multiplicity:1.00
0.714	0.108	0.171	0.007
0.002	0.996	0.001	0.001
0.001	0.997	0.001	0.001
0.379	0.044	0.541	0.036
0.006	0.924	0.069	0.001
0.779	0.044	0.024	0.153
0.461	0.110	0.374	0.055
0.440	0.217	0.264	0.078
>GTGGTTAC	4-GTGGTTAC	8.167143	-694.945064	0	T:1002.0(15.92%),B:7953.8(3.78%),P:1e-301	Tpos:50.8,Tstd:24.8,Bpos:2912.1,Bstd:21024.2,StrandBias:-0.1,Multiplicity:1.00
0.001	0.001	0.997	0.001
0.001	0.376	0.001	0.622
0.001	0.001	0.997	0.001
0.001	0.001	0.997	0.001
0.001	0.001	0.001	0.997
0.001	0.001	0.001	0.997
0.613	0.001	0.001	0.385
0.377	0.612	0.002	0.009
>TGTGGTKA	5-TGTGGTKA	7.768079	-377.750696	0	T:664.0(10.55%),B:6140.3(2.92%),P:1e-164	Tpos:49.0,Tstd:24.8,Bpos:4655.6,Bstd:10874.4,StrandBias:0.1,Multiplicity:1.00
0.194	0.072	0.015	0.719
0.044	0.020	0.935	0.001
0.057	0.130	0.048	0.765
0.001	0.047	0.951	0.001
0.001	0.045	0.899	0.055
0.036	0.028	0.113	0.823
0.223	0.023	0.358	0.397
0.447	0.098	0.233	0.221
>AGGAAGTG	6-AGGAAGTG	7.365662	-356.224640	0	T:1451.0(23.06%),B:23228.4(11.05%),P:1e-154	Tpos:50.6,Tstd:25.1,Bpos:7363.5,Bstd:48492.0,StrandBias:-0.0,Multiplicity:1.11
0.785	0.063	0.151	0.001
0.001	0.001	0.997	0.001
0.001	0.001	0.997	0.001
0.997	0.001	0.001	0.001
0.954	0.001	0.001	0.044
0.077	0.033	0.889	0.001
0.020	0.010	0.001	0.969
0.058	0.040	0.818	0.084
>YTAACCAC	7-YTAACCAC	9.759989	-319.479700	0	T:381.0(6.06%),B:2398.8(1.14%),P:1e-138	Tpos:48.8,Tstd:23.6,Bpos:4413.6,Bstd:11173.9,StrandBias:-0.8,Multiplicity:1.00
0.114	0.270	0.211	0.406
0.001	0.001	0.001	0.997
0.997	0.001	0.001	0.001
0.997	0.001	0.001	0.001
0.001	0.997	0.001	0.001
0.001	0.997	0.001	0.001
0.997	0.001	0.001	0.001
0.001	0.997	0.001	0.001
>SAGGAAGT	8-SAGGAAGT	7.366152	-315.981853	0	T:1302.0(20.69%),B:20798.9(9.89%),P:1e-137	Tpos:50.4,Tstd:26.9,Bpos:4617.3,Bstd:38290.5,StrandBias:0.0,Multiplicity:1.02
0.249	0.297	0.419	0.036
0.455	0.264	0.268	0.014
0.087	0.012	0.889	0.012
0.002	0.011	0.980	0.007
0.961	0.011	0.001	0.027
0.911	0.014	0.001	0.074
0.198	0.125	0.676	0.001
0.032	0.222	0.034	0.712
>ACCACAAA	9-ACCACAAA	10.745341	-306.855114	0	T:410.0(6.52%),B:2916.7(1.39%),P:1e-133	Tpos:52.9,Tstd:26.2,Bpos:8627.7,Bstd:50345.4,StrandBias:-0.5,Multiplicity:1.07
0.997	0.001	0.001	0.001
0.001	0.997	0.001	0.001
0.001	0.997	0.001	0.001
0.997	0.001	0.001	0.001
0.001	0.997	0.001	0.001
0.997	0.001	0.001	0.001
0.898	0.001	0.001	0.100
0.803	0.001	0.001	0.195
>GTGGTTTC	10-GTGGTTTC	10.269329	-286.633898	0	T:383.0(6.09%),B:2721.1(1.29%),P:1e-124	Tpos:44.3,Tstd:24.7,Bpos:3356.0,Bstd:8846.7,StrandBias:1.0,Multiplicity:1.00
0.001	0.001	0.997	0.001
0.001	0.001	0.001	0.997
0.001	0.001	0.997	0.001
0.001	0.001	0.997	0.001
0.001	0.001	0.001	0.997
0.001	0.001	0.001	0.997
0.182	0.001	0.001	0.816
0.001	0.549	0.126	0.324
>CTTCCTCT	11-CTTCCTCT	8.216922	-87.624785	0	T:630.0(10.01%),B:12092.7(5.75%),P:1e-38	Tpos:50.2,Tstd:27.1,Bpos:4398.7,Bstd:21695.3,StrandBias:0.1,Multiplicity:1.04
0.005	0.751	0.092	0.152
0.032	0.001	0.005	0.962
0.022	0.001	0.001	0.976
0.001	0.970	0.013	0.016
0.006	0.975	0.003	0.016
0.011	0.158	0.273	0.558
0.062	0.510	0.296	0.132
0.169	0.291	0.027	0.513
>TTCCTCTT	12-TTCCTCTT	9.098930	-56.751966	0	T:497.0(7.90%),B:10105.6(4.81%),P:1e-24	Tpos:52.6,Tstd:28.7,Bpos:4732.5,Bstd:11259.7,StrandBias:-0.2,Multiplicity:1.01
0.001	0.001	0.001	0.997
0.001	0.001	0.001	0.997
0.001	0.997	0.001	0.001
0.001	0.997	0.001	0.001
0.001	0.121	0.001	0.877
0.001	0.779	0.219	0.001
0.124	0.001	0.001	0.874
0.001	0.097	0.079	0.823
>TCACTTCC	13-TCACTTCC	10.238590	-25.853730	0	T:208.0(3.31%),B:4152.3(1.97%),P:1e-11	Tpos:51.2,Tstd:31.3,Bpos:4956.7,Bstd:12447.7,StrandBias:0.3,Multiplicity:1.00
0.049	0.361	0.049	0.541
0.049	0.803	0.001	0.147
0.997	0.001	0.001	0.001
0.001	0.997	0.001	0.001
0.001	0.001	0.001	0.997
0.001	0.001	0.001	0.997
0.001	0.997	0.001	0.001
0.001	0.997	0.001	0.001
>TTACGCAA	14-TTACGCAA	7.741933	-11.125022	0	T:34.0(0.54%),B:489.0(0.23%),P:1e-4	Tpos:49.0,Tstd:23.4,Bpos:1917.1,Bstd:7121.3,StrandBias:0.2,Multiplicity:1.00
0.001	0.001	0.001	0.997
0.001	0.001	0.001	0.997
0.957	0.001	0.037	0.005
0.001	0.997	0.001	0.001
0.031	0.001	0.967	0.001
0.001	0.997	0.001	0.001
0.997	0.001	0.001	0.001
0.997	0.001	0.001	0.001
>ACCACACW	15-ACCACACW	10.396827	-8.364194	0	T:112.0(1.78%),B:2619.2(1.25%),P:1e-3	Tpos:47.8,Tstd:32.0,Bpos:5187.4,Bstd:28982.2,StrandBias:-0.3,Multiplicity:1.16
0.997	0.001	0.001	0.001
0.001	0.997	0.001	0.001
0.001	0.997	0.001	0.001
0.997	0.001	0.001	0.001
0.001	0.997	0.001	0.001
0.997	0.001	0.001	0.001
0.023	0.953	0.023	0.001
0.464	0.001	0.001	0.534
>TTTCCTST	16-TTTCCTST	10.388104	-7.875969	0	T:178.0(2.83%),B:4556.9(2.17%),P:1e-3	Tpos:53.8,Tstd:25.8,Bpos:10755.8,Bstd:63674.9,StrandBias:0.2,Multiplicity:1.00
0.001	0.001	0.001	0.997
0.001	0.001	0.001	0.997
0.001	0.001	0.001	0.997
0.001	0.997	0.001	0.001
0.001	0.997	0.001	0.001
0.001	0.001	0.001	0.997
0.001	0.492	0.506	0.001
0.001	0.001	0.001	0.997
>GGTGGTTT	17-GGTGGTTT	10.135935	-7.186968	0	T:137.0(2.18%),B:3430.4(1.63%),P:1e-3	Tpos:48.9,Tstd:24.3,Bpos:3678.2,Bstd:10581.0,StrandBias:-0.1,Multiplicity:1.03
0.001	0.405	0.593	0.001
0.001	0.001	0.997	0.001
0.001	0.001	0.001	0.997
0.001	0.001	0.997	0.001
0.001	0.001	0.997	0.001
0.001	0.001	0.001	0.997
0.001	0.001	0.001	0.997
0.030	0.001	0.001	0.968
>TGTGGGTA	18-TGTGGGTA	6.147862	-6.992928	0	T:444.0(7.06%),B:12776.9(6.08%),P:1e-3	Tpos:50.0,Tstd:25.6,Bpos:4133.1,Bstd:12375.0,StrandBias:0.1,Multiplicity:1.05
0.001	0.001	0.001	0.997
0.001	0.001	0.997	0.001
0.001	0.001	0.001	0.997
0.001	0.001	0.997	0.001
0.001	0.001	0.997	0.001
0.001	0.380	0.618	0.001
0.001	0.381	0.001	0.617
0.979	0.001	0.001	0.019
>TKTTGCAA	19-TKTTGCAA	7.591247	-5.662927	0	T:333.0(5.29%),B:9566.5(4.55%),P:1e-2	Tpos:52.4,Tstd:25.7,Bpos:6563.8,Bstd:17628.1,StrandBias:-0.1,Multiplicity:1.03
0.059	0.063	0.114	0.764
0.082	0.092	0.419	0.407
0.212	0.027	0.244	0.517
0.075	0.119	0.091	0.715
0.033	0.005	0.960	0.002
0.033	0.895	0.021	0.051
0.918	0.023	0.048	0.011
0.813	0.081	0.015	0.091
>GGAAGTHG	20-GGAAGTHG	9.283766	-4.563618	0	T:113.0(1.80%),B:2998.4(1.43%),P:1e-1	Tpos:53.7,Tstd:23.2,Bpos:5711.4,Bstd:38829.7,StrandBias:-1.5,Multiplicity:1.00
0.025	0.025	0.949	0.001
0.025	0.001	0.949	0.025
0.949	0.001	0.001	0.049
0.949	0.001	0.049	0.001
0.001	0.001	0.949	0.049
0.001	0.001	0.049	0.949
0.323	0.273	0.056	0.348
0.001	0.005	0.646	0.348
>TGAGTCAT	21-TGAGTCAT	8.927657	-1.950790	0	T:157.0(2.50%),B:4799.8(2.28%),P:1e0	Tpos:50.2,Tstd:26.3,Bpos:4933.1,Bstd:11166.0,StrandBias:0.3,Multiplicity:1.01
0.001	0.006	0.016	0.977
0.001	0.001	0.965	0.033
0.865	0.069	0.001	0.065
0.021	0.236	0.710	0.033
0.001	0.001	0.001	0.997
0.001	0.997	0.001	0.001
0.997	0.001	0.001	0.001
0.020	0.209	0.168	0.603
>GAGGAAAC	22-GAGGAAAC	8.115545	-1.792742	0	T:289.0(4.59%),B:9112.9(4.33%),P:1e0	Tpos:46.3,Tstd:25.9,Bpos:2808.7,Bstd:8234.3,StrandBias:0.0,Multiplicity:1.01
0.144	0.244	0.572	0.040
0.736	0.159	0.076	0.029
0.048	0.018	0.903	0.031
0.001	0.003	0.990	0.006
0.793	0.079	0.085	0.043
0.954	0.027	0.004	0.015
0.545	0.095	0.353	0.007
0.091	0.508	0.128	0.273
>CAGGAAAT	23-CAGGAAAT	10.629266	-0.480304	0	T:109.0(1.73%),B:3738.5(1.78%),P:1e0	Tpos:56.0,Tstd:23.9,Bpos:5408.4,Bstd:11602.6,StrandBias:-0.9,Multiplicity:1.00
0.001	0.644	0.354	0.001
0.997	0.001	0.001	0.001
0.001	0.001	0.997	0.001
0.001	0.001	0.997	0.001
0.997	0.001	0.001	0.001
0.997	0.001	0.001	0.001
0.997	0.001	0.001	0.001
0.001	0.001	0.001	0.997
>GGAAGTCA	24-GGAAGTCA	9.821245	-0.050697	0	T:75.0(1.19%),B:3006.5(1.43%),P:1e0	Tpos:52.7,Tstd:26.5,Bpos:6428.1,Bstd:28514.7,StrandBias:-1.0,Multiplicity:1.00
0.001	0.001	0.997	0.001
0.001	0.001	0.997	0.001
0.997	0.001	0.001	0.001
0.997	0.001	0.001	0.001
0.001	0.001	0.997	0.001
0.001	0.001	0.001	0.997
0.228	0.629	0.003	0.140
0.455	0.245	0.003	0.297
>TGTGGTGC	25-TGTGGTGC	10.850462	-0.000000	0	T:38.0(0.60%),B:2559.1(1.22%),P:1e0	Tpos:55.7,Tstd:27.6,Bpos:3776.5,Bstd:10916.8,StrandBias:-1.0,Multiplicity:1.00
0.001	0.001	0.001	0.997
0.001	0.001	0.997	0.001
0.001	0.001	0.001	0.997
0.001	0.001	0.997	0.001
0.001	0.001	0.997	0.001
0.001	0.001	0.001	0.997
0.102	0.001	0.896	0.001
0.001	0.894	0.104	0.001
