>WAACCACARV	1-WAACCACARV	6.818517	-3017.245636	0	T:3152.0(50.10%),B:21495.4(10.22%),P:1e-1310	Tpos:51.6,Tstd:22.3,Bpos:8529.4,Bstd:50858.6,StrandBias:-0.1,Multiplicity:1.18
0.360	0.190	0.045	0.405
0.622	0.076	0.250	0.052
0.870	0.062	0.065	0.003
0.012	0.970	0.010	0.008
0.012	0.974	0.008	0.006
0.695	0.024	0.247	0.034
0.009	0.971	0.011	0.009
0.871	0.027	0.030	0.072
0.393	0.076	0.391	0.140
0.276	0.311	0.276	0.138
>TGYGGTNDNN	2-TGYGGTNDNN	5.238770	-2841.736606	0	T:3546.0(56.36%),B:30533.9(14.52%),P:1e-1234	Tpos:52.6,Tstd:26.4,Bpos:25326.0,Bstd:117271.6,StrandBias:0.0,Multiplicity:1.03
0.134	0.117	0.064	0.685
0.032	0.062	0.905	0.001
0.193	0.414	0.031	0.362
0.039	0.132	0.705	0.124
0.021	0.098	0.749	0.132
0.136	0.202	0.213	0.449
0.233	0.223	0.197	0.346
0.329	0.142	0.220	0.308
0.244	0.262	0.269	0.224
0.216	0.275	0.278	0.232
>ACCRCADWNB	3-ACCRCADWNB	6.094895	-2342.417934	0	T:3356.0(53.34%),B:32206.8(15.31%),P:1e-1017	Tpos:51.2,Tstd:26.0,Bpos:12335.0,Bstd:74215.5,StrandBias:-0.2,Multiplicity:1.07
0.799	0.067	0.122	0.012
0.008	0.943	0.033	0.016
0.092	0.899	0.001	0.008
0.529	0.001	0.469	0.001
0.001	0.867	0.078	0.054
0.883	0.001	0.074	0.042
0.291	0.137	0.257	0.314
0.372	0.118	0.177	0.333
0.299	0.238	0.193	0.270
0.135	0.309	0.241	0.316
>TGYGGTTWNV	4-TGYGGTTWNV	7.401597	-1922.867469	0	T:1569.0(24.94%),B:6573.1(3.13%),P:1e-835	Tpos:60.4,Tstd:34.8,Bpos:919.6,Bstd:2190.0,StrandBias:-0.3,Multiplicity:1.00
0.142	0.040	0.038	0.780
0.001	0.001	0.997	0.001
0.151	0.366	0.006	0.477
0.001	0.001	0.997	0.001
0.001	0.044	0.954	0.001
0.001	0.214	0.162	0.623
0.138	0.274	0.142	0.446
0.391	0.098	0.181	0.331
0.299	0.212	0.280	0.209
0.350	0.237	0.240	0.173
>GTGGTTAMSC	5-GTGGTTAMSC	7.244760	-1059.726930	0	T:1496.0(23.78%),B:12056.7(5.73%),P:1e-460	Tpos:52.8,Tstd:25.1,Bpos:4106.1,Bstd:10931.0,StrandBias:0.0,Multiplicity:1.02
0.001	0.001	0.997	0.001
0.001	0.188	0.001	0.810
0.001	0.001	0.997	0.001
0.001	0.001	0.997	0.001
0.001	0.001	0.001	0.997
0.001	0.001	0.001	0.997
0.594	0.001	0.131	0.274
0.382	0.462	0.083	0.073
0.167	0.372	0.311	0.150
0.089	0.443	0.244	0.225
>AGGAAGTGGK	6-AGGAAGTGGK	8.930724	-429.649996	0	T:758.0(12.05%),B:7067.8(3.36%),P:1e-186	Tpos:51.4,Tstd:24.3,Bpos:2919.9,Bstd:8523.0,StrandBias:-0.0,Multiplicity:1.05
0.672	0.124	0.192	0.012
0.065	0.012	0.912	0.011
0.013	0.011	0.965	0.011
0.892	0.054	0.008	0.046
0.768	0.003	0.001	0.228
0.027	0.025	0.947	0.001
0.001	0.001	0.001	0.997
0.060	0.028	0.792	0.120
0.200	0.105	0.651	0.044
0.119	0.220	0.258	0.403
>RCTTCCTBTK	7-RCTTCCTBTK	6.198785	-372.154876	0	T:2536.0(40.31%),B:51511.4(24.49%),P:1e-161	Tpos:50.4,Tstd:26.0,Bpos:12622.8,Bstd:75731.7,StrandBias:-0.0,Multiplicity:1.16
0.496	0.082	0.355	0.068
0.008	0.589	0.130	0.273
0.102	0.001	0.027	0.870
0.027	0.001	0.001	0.971
0.001	0.922	0.038	0.039
0.018	0.862	0.001	0.119
0.030	0.162	0.299	0.509
0.059	0.312	0.386	0.243
0.197	0.177	0.111	0.515
0.141	0.204	0.288	0.368
>HYACTTCCYB	8-HYACTTCCYB	7.673549	-289.409757	0	T:662.0(10.52%),B:7438.9(3.54%),P:1e-125	Tpos:52.7,Tstd:26.9,Bpos:3484.6,Bstd:8876.3,StrandBias:-0.1,Multiplicity:1.00
0.247	0.320	0.106	0.327
0.058	0.410	0.003	0.529
0.546	0.178	0.197	0.079
0.037	0.507	0.279	0.177
0.030	0.064	0.037	0.869
0.010	0.030	0.010	0.950
0.001	0.940	0.014	0.045
0.001	0.776	0.021	0.202
0.029	0.308	0.239	0.424
0.033	0.394	0.281	0.291
>YGGTTTGTGG	9-YGGTTTGTGG	10.123351	-74.264024	0	T:66.0(1.05%),B:291.3(0.14%),P:1e-32	Tpos:63.6,Tstd:18.0,Bpos:3241.0,Bstd:10195.9,StrandBias:-1.8,Multiplicity:1.00
0.150	0.335	0.144	0.371
0.267	0.109	0.434	0.189
0.142	0.150	0.440	0.268
0.139	0.190	0.068	0.603
0.012	0.295	0.001	0.692
0.001	0.001	0.001	0.997
0.001	0.001	0.997	0.001
0.001	0.097	0.001	0.901
0.001	0.001	0.997	0.001
0.001	0.001	0.997	0.001
>CTTCCTCWTT	10-CTTCCTCWTT	9.574634	-66.709737	0	T:125.0(1.99%),B:1208.9(0.57%),P:1e-28	Tpos:45.2,Tstd:27.3,Bpos:5058.5,Bstd:10981.8,StrandBias:0.0,Multiplicity:1.00
0.001	0.535	0.137	0.327
0.073	0.001	0.001	0.925
0.001	0.001	0.001	0.997
0.001	0.997	0.001	0.001
0.001	0.997	0.001	0.001
0.001	0.271	0.230	0.499
0.040	0.572	0.218	0.170
0.297	0.185	0.113	0.405
0.177	0.187	0.001	0.635
0.232	0.247	0.001	0.520
>VTTGCRHAAB	11-VTTGCRHAAB	6.950566	-33.130873	0	T:496.0(7.88%),B:11509.0(5.47%),P:1e-14	Tpos:52.7,Tstd:24.3,Bpos:5334.4,Bstd:11777.7,StrandBias:-0.1,Multiplicity:1.01
0.267	0.374	0.246	0.114
0.121	0.001	0.001	0.877
0.001	0.001	0.001	0.997
0.217	0.001	0.631	0.151
0.001	0.947	0.001	0.051
0.302	0.153	0.413	0.131
0.274	0.378	0.001	0.347
0.551	0.331	0.103	0.015
0.989	0.001	0.009	0.001
0.142	0.314	0.217	0.327
>CTGTGGSTTT	12-CTGTGGSTTT	10.098943	-30.265770	0	T:85.0(1.35%),B:1099.9(0.52%),P:1e-13	Tpos:55.8,Tstd:23.0,Bpos:7588.4,Bstd:20025.7,StrandBias:0.7,Multiplicity:1.00
0.079	0.545	0.001	0.375
0.001	0.001	0.001	0.997
0.001	0.001	0.997	0.001
0.001	0.295	0.001	0.703
0.001	0.001	0.997	0.001
0.001	0.001	0.997	0.001
0.001	0.516	0.482	0.001
0.001	0.386	0.001	0.612
0.348	0.001	0.030	0.621
0.207	0.053	0.286	0.454
>HSYYACTTCC	13-HSYYACTTCC	9.322841	-29.889840	0	T:84.0(1.34%),B:1087.4(0.52%),P:1e-12	Tpos:54.4,Tstd:37.1,Bpos:5146.3,Bstd:26796.5,StrandBias:0.0,Multiplicity:1.00
0.395	0.248	0.075	0.282
0.165	0.335	0.318	0.182
0.037	0.439	0.171	0.353
0.135	0.458	0.054	0.353
0.895	0.001	0.031	0.073
0.001	0.672	0.001	0.326
0.111	0.001	0.001	0.887
0.038	0.001	0.001	0.960
0.001	0.977	0.021	0.001
0.001	0.997	0.001	0.001
>NRTTGCRCAA	14-NRTTGCRCAA	7.132604	-28.592223	0	T:152.0(2.42%),B:2641.7(1.26%),P:1e-12	Tpos:49.8,Tstd:24.6,Bpos:5664.3,Bstd:12362.5,StrandBias:-0.0,Multiplicity:1.01
0.207	0.254	0.236	0.303
0.459	0.161	0.351	0.028
0.061	0.012	0.023	0.904
0.039	0.048	0.170	0.743
0.220	0.038	0.570	0.172
0.049	0.615	0.120	0.216
0.276	0.163	0.413	0.148
0.165	0.595	0.014	0.226
0.727	0.158	0.033	0.082
0.825	0.088	0.042	0.045
>AAACCACCAA	15-AAACCACCAA	12.502155	-19.565171	0	T:44.0(0.70%),B:509.1(0.24%),P:1e-8	Tpos:53.9,Tstd:25.3,Bpos:5667.9,Bstd:18068.3,StrandBias:1.3,Multiplicity:1.06
0.948	0.001	0.001	0.050
0.997	0.001	0.001	0.001
0.997	0.001	0.001	0.001
0.001	0.997	0.001	0.001
0.001	0.997	0.001	0.001
0.997	0.001	0.001	0.001
0.001	0.997	0.001	0.001
0.001	0.997	0.001	0.001
0.897	0.051	0.001	0.051
0.590	0.051	0.308	0.051
>SCTGCGGTGD	16-SCTGCGGTGD	10.504766	-19.255241	0	T:105.0(1.67%),B:1864.6(0.89%),P:1e-8	Tpos:50.9,Tstd:25.3,Bpos:939.6,Bstd:4087.1,StrandBias:0.0,Multiplicity:1.08
0.171	0.321	0.348	0.161
0.162	0.828	0.009	0.001
0.001	0.001	0.001	0.997
0.001	0.001	0.997	0.001
0.001	0.828	0.001	0.170
0.001	0.001	0.997	0.001
0.001	0.001	0.997	0.001
0.001	0.001	0.001	0.997
0.001	0.001	0.997	0.001
0.329	0.001	0.349	0.321
>TTCCTCTTTW	17-TTCCTCTTTW	11.084433	-19.209686	0	T:56.0(0.89%),B:755.9(0.36%),P:1e-8	Tpos:48.6,Tstd:24.4,Bpos:5920.7,Bstd:13564.0,StrandBias:-1.9,Multiplicity:1.00
0.001	0.001	0.001	0.997
0.001	0.001	0.001	0.997
0.001	0.997	0.001	0.001
0.001	0.997	0.001	0.001
0.001	0.001	0.001	0.997
0.001	0.604	0.262	0.133
0.089	0.001	0.001	0.909
0.001	0.001	0.381	0.617
0.254	0.273	0.011	0.462
0.340	0.130	0.127	0.403
>WDACAGGAAR	18-WDACAGGAAR	9.464967	-11.769389	0	T:37.0(0.59%),B:536.1(0.25%),P:1e-5	Tpos:32.5,Tstd:28.5,Bpos:10.3,Bstd:7.7,StrandBias:-10.0,Multiplicity:1.00
0.431	0.103	0.045	0.421
0.316	0.001	0.381	0.302
0.488	0.001	0.199	0.312
0.187	0.516	0.296	0.001
0.671	0.211	0.117	0.001
0.001	0.001	0.997	0.001
0.001	0.001	0.997	0.001
0.997	0.001	0.001	0.001
0.956	0.001	0.001	0.042
0.346	0.185	0.468	0.001
>ATGACTCASY	19-ATGACTCASY	9.096795	-4.167934	0	T:92.0(1.46%),B:2418.8(1.15%),P:1e-1	Tpos:50.4,Tstd:27.5,Bpos:4039.1,Bstd:10031.2,StrandBias:-0.1,Multiplicity:1.02
0.514	0.273	0.174	0.039
0.001	0.001	0.001	0.997
0.098	0.014	0.814	0.074
0.966	0.032	0.001	0.001
0.001	0.638	0.360	0.001
0.146	0.019	0.026	0.809
0.161	0.812	0.026	0.001
0.811	0.077	0.086	0.026
0.081	0.363	0.427	0.130
0.257	0.430	0.002	0.312
>AGGAARTRBV	20-AGGAARTRBV	9.741864	-2.479903	0	T:16.0(0.25%),B:359.9(0.17%),P:1e-1	Tpos:54.7,Tstd:27.4,Bpos:6866.4,Bstd:14749.6,StrandBias:1.0,Multiplicity:1.00
0.997	0.001	0.001	0.001
0.001	0.001	0.997	0.001
0.001	0.001	0.997	0.001
0.997	0.001	0.001	0.001
0.997	0.001	0.001	0.001
0.563	0.001	0.435	0.001
0.001	0.384	0.001	0.614
0.344	0.175	0.389	0.092
0.086	0.350	0.271	0.293
0.350	0.271	0.207	0.172
>GGAATGGAAT	21-GGAATGGAAT	11.416783	-1.558990	0	T:10.0(0.16%),B:245.7(0.12%),P:1e0	Tpos:47.2,Tstd:25.1,Bpos:12883.9,Bstd:11516.6,StrandBias:4.6,Multiplicity:5.00
0.001	0.089	0.909	0.001
0.001	0.001	0.997	0.001
0.997	0.001	0.001	0.001
0.997	0.001	0.001	0.001
0.001	0.001	0.001	0.997
0.001	0.001	0.997	0.001
0.001	0.001	0.997	0.001
0.997	0.001	0.001	0.001
0.997	0.001	0.001	0.001
0.001	0.001	0.001	0.997
>MTMAGAGGAA	22-MTMAGAGGAA	10.820507	-1.412515	0	T:39.0(0.62%),B:1151.1(0.55%),P:1e0	Tpos:47.6,Tstd:14.6,Bpos:8033.7,Bstd:41224.1,StrandBias:0.3,Multiplicity:1.00
0.338	0.322	0.179	0.162
0.160	0.019	0.001	0.820
0.514	0.484	0.001	0.001
0.997	0.001	0.001	0.001
0.177	0.178	0.644	0.001
0.997	0.001	0.001	0.001
0.001	0.001	0.997	0.001
0.001	0.001	0.997	0.001
0.997	0.001	0.001	0.001
0.997	0.001	0.001	0.001
>GAGGAAGCCR	23-GAGGAAGCCR	10.274743	-1.293155	0	T:65.0(1.03%),B:2002.5(0.95%),P:1e0	Tpos:36.9,Tstd:27.0,Bpos:1808.0,Bstd:4462.5,StrandBias:-0.4,Multiplicity:1.00
0.220	0.220	0.559	0.001
0.770	0.228	0.001	0.001
0.001	0.001	0.997	0.001
0.001	0.001	0.997	0.001
0.997	0.001	0.001	0.001
0.997	0.001	0.001	0.001
0.214	0.001	0.784	0.001
0.001	0.707	0.001	0.291
0.338	0.520	0.069	0.073
0.347	0.138	0.405	0.110
>SAGGAAACDG	24-SAGGAAACDG	10.947505	-0.464882	0	T:60.0(0.95%),B:2080.5(0.99%),P:1e0	Tpos:57.9,Tstd:27.4,Bpos:3566.4,Bstd:9552.7,StrandBias:0.5,Multiplicity:1.00
0.076	0.466	0.457	0.001
0.997	0.001	0.001	0.001
0.001	0.001	0.997	0.001
0.001	0.001	0.997	0.001
0.997	0.001	0.001	0.001
0.997	0.001	0.001	0.001
0.846	0.001	0.152	0.001
0.001	0.694	0.001	0.304
0.275	0.076	0.305	0.343
0.192	0.038	0.731	0.039
>RAAAMAGGAA	25-RAAAMAGGAA	11.394543	-0.273690	0	T:36.0(0.57%),B:1340.1(0.64%),P:1e0	Tpos:56.9,Tstd:28.2,Bpos:4978.2,Bstd:10440.7,StrandBias:0.0,Multiplicity:1.00
0.331	0.001	0.440	0.227
0.898	0.001	0.100	0.001
0.997	0.001	0.001	0.001
0.741	0.001	0.001	0.257
0.466	0.353	0.140	0.041
0.856	0.025	0.118	0.001
0.001	0.001	0.997	0.001
0.016	0.001	0.982	0.001
0.984	0.001	0.001	0.014
0.997	0.001	0.001	0.001
>YTGTGGTYWNNN	1-YTGTGGTYWNNN	7.733723	-3138.862496	0	T:2740.0(43.55%),B:14217.6(6.76%),P:1e-1363	Tpos:51.5,Tstd:21.7,Bpos:10541.6,Bstd:63238.8,StrandBias:0.1,Multiplicity:1.11
0.127	0.389	0.127	0.357
0.001	0.001	0.001	0.997
0.001	0.001	0.997	0.001
0.001	0.363	0.001	0.635
0.001	0.001	0.997	0.001
0.001	0.001	0.997	0.001
0.001	0.001	0.001	0.997
0.001	0.453	0.001	0.545
0.341	0.001	0.212	0.446
0.206	0.307	0.313	0.174
0.206	0.294	0.323	0.177
0.251	0.223	0.262	0.264
>HAACCACARVNB	2-HAACCACARVNB	6.226991	-2388.458121	0	T:3704.0(58.87%),B:39390.4(18.73%),P:1e-1037	Tpos:51.0,Tstd:25.2,Bpos:11309.0,Bstd:72982.7,StrandBias:-0.2,Multiplicity:1.07
0.289	0.265	0.096	0.350
0.596	0.176	0.123	0.105
0.605	0.176	0.218	0.001
0.001	0.997	0.001	0.001
0.001	0.997	0.001	0.001
0.586	0.038	0.327	0.049
0.001	0.939	0.059	0.001
0.702	0.092	0.108	0.098
0.407	0.134	0.362	0.097
0.258	0.233	0.347	0.162
0.212	0.295	0.224	0.270
0.192	0.342	0.259	0.207
>TGTGGTTKDSNN	3-TGTGGTTKDSNN	6.399942	-1047.173158	0	T:2373.0(37.71%),B:29482.9(14.02%),P:1e-454	Tpos:51.0,Tstd:24.5,Bpos:10387.2,Bstd:65016.4,StrandBias:0.2,Multiplicity:1.12
0.103	0.047	0.148	0.702
0.043	0.109	0.800	0.048
0.149	0.188	0.078	0.585
0.024	0.021	0.945	0.010
0.011	0.001	0.987	0.001
0.039	0.188	0.104	0.669
0.222	0.035	0.253	0.490
0.187	0.099	0.405	0.309
0.288	0.129	0.280	0.303
0.124	0.279	0.375	0.222
0.211	0.260	0.281	0.248
0.178	0.242	0.287	0.293
>VSAAVCCACAGM	4-VSAAVCCACAGM	9.301000	-431.618356	0	T:453.0(7.20%),B:2462.5(1.17%),P:1e-187	Tpos:53.3,Tstd:22.4,Bpos:5621.1,Bstd:23336.3,StrandBias:-0.8,Multiplicity:1.02
0.271	0.234	0.351	0.145
0.250	0.438	0.311	0.001
0.603	0.161	0.001	0.235
0.561	0.210	0.228	0.001
0.376	0.307	0.316	0.001
0.018	0.936	0.045	0.001
0.001	0.997	0.001	0.001
0.639	0.032	0.215	0.114
0.001	0.935	0.063	0.001
0.897	0.001	0.001	0.101
0.270	0.131	0.598	0.001
0.401	0.351	0.187	0.061
>NYCACTTCCTBT	5-NYCACTTCCTBT	6.919713	-360.214060	0	T:2062.0(32.77%),B:38765.6(18.43%),P:1e-156	Tpos:50.3,Tstd:25.3,Bpos:9252.6,Bstd:63004.6,StrandBias:0.0,Multiplicity:1.14
0.198	0.270	0.293	0.239
0.136	0.389	0.171	0.304
0.270	0.465	0.121	0.145
0.583	0.050	0.274	0.093
0.001	0.731	0.086	0.182
0.099	0.001	0.001	0.899
0.001	0.033	0.019	0.947
0.001	0.997	0.001	0.001
0.001	0.991	0.001	0.007
0.001	0.171	0.246	0.582
0.060	0.354	0.366	0.220
0.222	0.235	0.088	0.455
>RASAGGAAGTGG	6-RASAGGAAGTGG	9.238871	-344.098382	0	T:511.0(8.12%),B:4047.1(1.92%),P:1e-149	Tpos:52.2,Tstd:23.5,Bpos:3119.8,Bstd:8743.7,StrandBias:0.1,Multiplicity:1.02
0.388	0.204	0.259	0.149
0.539	0.060	0.175	0.226
0.232	0.289	0.427	0.052
0.629	0.125	0.231	0.015
0.074	0.009	0.906	0.011
0.007	0.010	0.982	0.001
0.956	0.028	0.001	0.015
0.929	0.001	0.010	0.060
0.188	0.070	0.741	0.001
0.086	0.166	0.106	0.642
0.211	0.009	0.559	0.221
0.229	0.163	0.465	0.143
>AVCGGAAACCAC	7-AVCGGAAACCAC	9.318027	-317.173749	0	T:424.0(6.74%),B:3019.8(1.44%),P:1e-137	Tpos:53.0,Tstd:21.8,Bpos:3159.1,Bstd:9324.6,StrandBias:0.1,Multiplicity:1.00
0.491	0.194	0.196	0.118
0.267	0.411	0.320	0.001
0.291	0.571	0.051	0.087
0.237	0.001	0.623	0.139
0.001	0.189	0.809	0.001
0.910	0.001	0.088	0.001
0.997	0.001	0.001	0.001
0.839	0.037	0.123	0.001
0.001	0.997	0.001	0.001
0.049	0.949	0.001	0.001
0.567	0.047	0.325	0.061
0.001	0.851	0.057	0.091
>CTGYGGTHAYDR	8-CTGYGGTHAYDR	8.209925	-299.275564	0	T:329.0(5.23%),B:1881.9(0.89%),P:1e-129	Tpos:51.1,Tstd:22.9,Bpos:2701.1,Bstd:7989.7,StrandBias:0.4,Multiplicity:1.00
0.082	0.592	0.085	0.241
0.287	0.128	0.001	0.584
0.001	0.059	0.939	0.001
0.077	0.402	0.025	0.497
0.001	0.001	0.981	0.017
0.001	0.047	0.951	0.001
0.010	0.236	0.279	0.474
0.231	0.235	0.187	0.347
0.506	0.093	0.085	0.316
0.084	0.409	0.238	0.269
0.250	0.173	0.339	0.238
0.361	0.138	0.422	0.080
>NCAAACCACAGN	9-NCAAACCACAGN	8.178982	-250.289131	0	T:225.0(3.58%),B:986.6(0.47%),P:1e-108	Tpos:94.0,Tstd:0.0,Bpos:2460.7,Bstd:8271.2,StrandBias:-10.0,Multiplicity:1.00
0.235	0.323	0.247	0.196
0.139	0.603	0.146	0.112
0.641	0.137	0.091	0.131
0.620	0.155	0.140	0.085
0.605	0.147	0.162	0.086
0.123	0.644	0.128	0.105
0.119	0.701	0.084	0.096
0.607	0.134	0.131	0.128
0.106	0.692	0.121	0.081
0.665	0.102	0.102	0.131
0.145	0.117	0.619	0.119
0.261	0.272	0.281	0.186
>NASTTCCBCHTT	10-NASTTCCBCHTT	9.463759	-203.269389	0	T:342.0(5.44%),B:3006.5(1.43%),P:1e-88	Tpos:50.2,Tstd:25.3,Bpos:4436.4,Bstd:10275.1,StrandBias:0.1,Multiplicity:1.00
0.283	0.295	0.177	0.245
0.548	0.053	0.342	0.057
0.032	0.503	0.383	0.082
0.047	0.001	0.001	0.951
0.001	0.001	0.001	0.997
0.001	0.997	0.001	0.001
0.001	0.897	0.001	0.101
0.044	0.369	0.255	0.332
0.104	0.587	0.060	0.249
0.232	0.343	0.046	0.379
0.001	0.101	0.022	0.876
0.001	0.173	0.075	0.751
>DMCCACTTCTHC	11-DMCCACTTCTHC	10.227381	-162.578951	0	T:306.0(4.86%),B:2945.6(1.40%),P:1e-70	Tpos:49.4,Tstd:27.4,Bpos:3353.4,Bstd:8283.8,StrandBias:-0.2,Multiplicity:1.02
0.343	0.094	0.261	0.302
0.412	0.399	0.188	0.001
0.001	0.947	0.001	0.051
0.001	0.997	0.001	0.001
0.997	0.001	0.001	0.001
0.001	0.997	0.001	0.001
0.289	0.139	0.001	0.571
0.001	0.086	0.001	0.912
0.001	0.997	0.001	0.001
0.060	0.373	0.001	0.566
0.265	0.409	0.001	0.325
0.162	0.536	0.001	0.301
>AGAGGAAGTGGT	12-AGAGGAAGTGGT	9.712539	-107.719026	0	T:57.0(0.91%),B:93.0(0.04%),P:1e-46	Tpos:69.0,Tstd:7.0,Bpos:1852.8,Bstd:2703.1,StrandBias:0.0,Multiplicity:1.00
0.612	0.010	0.192	0.186
0.109	0.008	0.778	0.105
0.399	0.163	0.232	0.206
0.189	0.008	0.603	0.200
0.208	0.102	0.681	0.009
0.568	0.128	0.239	0.065
0.555	0.126	0.129	0.190
0.136	0.146	0.592	0.126
0.195	0.006	0.189	0.610
0.136	0.083	0.768	0.013
0.148	0.185	0.601	0.066
0.219	0.138	0.072	0.571
>GCTGTGGTTTTC	13-GCTGTGGTTTTC	11.010771	-74.997297	0	T:77.0(1.22%),B:411.2(0.20%),P:1e-32	Tpos:94.0,Tstd:0.0,Bpos:3962.3,Bstd:9804.5,StrandBias:-10.0,Multiplicity:1.00
0.073	0.063	0.748	0.116
0.080	0.763	0.078	0.079
0.129	0.081	0.065	0.725
0.052	0.077	0.754	0.117
0.104	0.063	0.105	0.728
0.095	0.042	0.774	0.089
0.050	0.110	0.774	0.066
0.077	0.124	0.119	0.680
0.069	0.080	0.066	0.785
0.044	0.093	0.071	0.792
0.061	0.097	0.106	0.736
0.073	0.741	0.082	0.104
>WGAAACCGCAGG	14-WGAAACCGCAGG	10.808163	-74.473762	0	T:79.0(1.26%),B:439.2(0.21%),P:1e-32	Tpos:48.5,Tstd:25.9,Bpos:4346.7,Bstd:11292.9,StrandBias:0.5,Multiplicity:1.00
0.370	0.210	0.096	0.325
0.134	0.001	0.864	0.001
0.745	0.001	0.153	0.101
0.824	0.001	0.001	0.174
0.997	0.001	0.001	0.001
0.001	0.846	0.052	0.101
0.001	0.859	0.001	0.139
0.001	0.088	0.637	0.274
0.001	0.996	0.002	0.001
0.868	0.124	0.001	0.007
0.292	0.001	0.606	0.101
0.341	0.152	0.506	0.001
>HTSTGGKTTCTG	15-HTSTGGKTTCTG	7.987650	-67.523867	0	T:72.0(1.14%),B:404.7(0.19%),P:1e-29	Tpos:55.9,Tstd:33.3,Bpos:4421.0,Bstd:9320.4,StrandBias:-0.7,Multiplicity:1.00
0.215	0.311	0.120	0.355
0.033	0.034	0.285	0.648
0.154	0.272	0.397	0.176
0.252	0.046	0.197	0.505
0.369	0.018	0.596	0.017
0.165	0.173	0.613	0.049
0.014	0.276	0.281	0.429
0.020	0.252	0.141	0.587
0.168	0.211	0.049	0.572
0.132	0.459	0.206	0.203
0.291	0.049	0.047	0.613
0.046	0.205	0.515	0.234
>TGCGGTTTTCCT	16-TGCGGTTTTCCT	10.484822	-38.590684	0	T:66.0(1.05%),B:604.4(0.29%),P:1e-16	Tpos:53.1,Tstd:25.6,Bpos:4216.9,Bstd:9282.6,StrandBias:-0.7,Multiplicity:1.00
0.029	0.111	0.078	0.782
0.059	0.029	0.834	0.078
0.017	0.785	0.082	0.116
0.139	0.048	0.745	0.068
0.001	0.053	0.852	0.094
0.112	0.091	0.141	0.656
0.031	0.001	0.053	0.915
0.031	0.062	0.031	0.876
0.020	0.073	0.034	0.873
0.037	0.894	0.055	0.014
0.035	0.926	0.001	0.038
0.001	0.057	0.062	0.880
>CTTCCTCYTTBN	17-CTTCCTCYTTBN	9.932702	-29.874949	0	T:81.0(1.29%),B:1027.5(0.49%),P:1e-12	Tpos:48.2,Tstd:26.0,Bpos:3669.4,Bstd:8153.9,StrandBias:-1.6,Multiplicity:1.00
0.001	0.635	0.213	0.151
0.068	0.014	0.001	0.917
0.001	0.032	0.001	0.966
0.007	0.985	0.005	0.003
0.016	0.895	0.001	0.088
0.001	0.190	0.136	0.673
0.087	0.459	0.257	0.197
0.207	0.400	0.059	0.333
0.082	0.305	0.018	0.595
0.012	0.221	0.222	0.545
0.158	0.349	0.202	0.291
0.284	0.267	0.194	0.255
>GAAGTGGTTTGG	18-GAAGTGGTTTGG	11.704459	-28.888919	0	T:19.0(0.30%),B:55.5(0.03%),P:1e-12	Tpos:60.4,Tstd:22.9,Bpos:4123.4,Bstd:6080.0,StrandBias:0.6,Multiplicity:1.00
0.068	0.001	0.846	0.085
0.683	0.315	0.001	0.001
0.862	0.001	0.027	0.110
0.111	0.001	0.887	0.001
0.047	0.039	0.001	0.913
0.039	0.001	0.872	0.088
0.071	0.001	0.900	0.028
0.001	0.192	0.266	0.541
0.092	0.114	0.138	0.656
0.355	0.001	0.093	0.551
0.208	0.040	0.452	0.300
0.001	0.251	0.489	0.258
>AAGCAGAAGTGG	19-AAGCAGAAGTGG	9.234281	-22.292980	0	T:37.0(0.59%),B:341.4(0.16%),P:1e-9	Tpos:53.5,Tstd:24.8,Bpos:3170.6,Bstd:7441.0,StrandBias:-0.2,Multiplicity:1.00
0.516	0.072	0.157	0.255
0.482	0.134	0.190	0.194
0.089	0.291	0.553	0.067
0.174	0.595	0.212	0.019
0.900	0.008	0.063	0.029
0.059	0.025	0.897	0.019
0.707	0.047	0.195	0.051
0.495	0.148	0.032	0.324
0.254	0.165	0.458	0.123
0.180	0.186	0.066	0.568
0.204	0.120	0.467	0.209
0.309	0.045	0.610	0.036
>ATTCCATTCSAT	20-ATTCCATTCSAT	12.308595	-16.807138	0	T:11.0(0.17%),B:34.8(0.02%),P:1e-7	Tpos:47.7,Tstd:25.8,Bpos:16215.7,Bstd:8248.9,StrandBias:-5.4,Multiplicity:1.70
0.941	0.001	0.001	0.057
0.059	0.001	0.090	0.850
0.025	0.028	0.001	0.946
0.028	0.886	0.085	0.001
0.095	0.750	0.101	0.054
0.924	0.001	0.033	0.042
0.028	0.001	0.028	0.943
0.062	0.001	0.092	0.845
0.085	0.733	0.080	0.102
0.078	0.435	0.453	0.034
0.888	0.062	0.034	0.016
0.001	0.033	0.121	0.845
>CGAATGGAATCA	21-CGAATGGAATCA	13.343086	-14.011365	0	T:10.0(0.16%),B:37.6(0.02%),P:1e-6	Tpos:42.4,Tstd:24.4,Bpos:11746.8,Bstd:18415.8,StrandBias:1.9,Multiplicity:1.40
0.001	0.840	0.088	0.071
0.144	0.184	0.671	0.001
0.893	0.105	0.001	0.001
0.997	0.001	0.001	0.001
0.001	0.001	0.001	0.997
0.105	0.001	0.806	0.088
0.105	0.001	0.893	0.001
0.997	0.001	0.001	0.001
0.997	0.001	0.001	0.001
0.001	0.001	0.001	0.997
0.001	0.997	0.001	0.001
0.997	0.001	0.001	0.001
>AACCACATTTCC	22-AACCACATTTCC	13.153073	-13.022834	0	T:9.0(0.14%),B:32.5(0.02%),P:1e-5	Tpos:7.0,Tstd:0.0,Bpos:2018.0,Bstd:0.0,StrandBias:10.0,Multiplicity:1.00
0.708	0.094	0.099	0.099
0.702	0.120	0.125	0.053
0.064	0.774	0.082	0.080
0.072	0.811	0.060	0.057
0.735	0.097	0.057	0.111
0.066	0.835	0.052	0.047
0.777	0.074	0.055	0.094
0.114	0.123	0.123	0.640
0.065	0.151	0.080	0.704
0.062	0.092	0.086	0.760
0.061	0.742	0.087	0.110
0.076	0.813	0.010	0.101
>CTGTGGTCGCTG	23-CTGTGGTCGCTG	11.040389	-9.521419	0	T:24.0(0.38%),B:316.8(0.15%),P:1e-4	Tpos:47.2,Tstd:19.7,Bpos:1432.9,Bstd:5187.2,StrandBias:-2.0,Multiplicity:1.00
0.001	0.825	0.173	0.001
0.108	0.096	0.137	0.659
0.001	0.033	0.846	0.120
0.102	0.198	0.001	0.699
0.071	0.156	0.677	0.096
0.001	0.144	0.854	0.001
0.050	0.284	0.048	0.618
0.024	0.728	0.164	0.084
0.014	0.218	0.740	0.028
0.001	0.842	0.113	0.044
0.225	0.123	0.131	0.521
0.001	0.001	0.938	0.060
>ACAGRAAGTGGG	24-ACAGRAAGTGGG	12.444043	-8.642367	0	T:27.0(0.43%),B:401.7(0.19%),P:1e-3	Tpos:73.9,Tstd:14.2,Bpos:3401.6,Bstd:7321.1,StrandBias:0.4,Multiplicity:1.00
0.540	0.159	0.300	0.001
0.001	0.832	0.001	0.166
0.730	0.001	0.001	0.268
0.140	0.001	0.629	0.230
0.299	0.001	0.441	0.259
0.840	0.158	0.001	0.001
0.985	0.001	0.013	0.001
0.001	0.001	0.997	0.001
0.001	0.001	0.001	0.997
0.001	0.001	0.997	0.001
0.001	0.001	0.997	0.001
0.001	0.001	0.997	0.001
>CTGYTTCCTCTT	25-CTGYTTCCTCTT	10.373765	-8.004966	0	T:55.0(0.87%),B:1101.8(0.52%),P:1e-3	Tpos:52.4,Tstd:25.2,Bpos:3600.7,Bstd:8898.2,StrandBias:-0.4,Multiplicity:1.00
0.166	0.789	0.014	0.031
0.280	0.001	0.011	0.708
0.001	0.331	0.590	0.078
0.073	0.402	0.057	0.468
0.160	0.017	0.099	0.724
0.001	0.240	0.122	0.637
0.001	0.686	0.156	0.157
0.094	0.829	0.001	0.076
0.001	0.347	0.016	0.636
0.086	0.714	0.199	0.001
0.160	0.127	0.001	0.712
0.009	0.200	0.260	0.531
>AAACCRCA	1-AAACCRCA	6.823937	-3025.382806	0	T:3198.0(50.83%),B:22219.7(10.57%),P:1e-1313	Tpos:51.7,Tstd:22.7,Bpos:15448.1,Bstd:83584.3,StrandBias:-0.1,Multiplicity:1.17
0.653	0.143	0.039	0.165
0.626	0.023	0.288	0.063
0.853	0.053	0.093	0.001
0.001	0.997	0.001	0.001
0.001	0.997	0.001	0.001
0.494	0.001	0.467	0.038
0.001	0.997	0.001	0.001
0.864	0.030	0.021	0.085
>TTGTGGTT	2-TTGTGGTT	6.168612	-2361.998345	0	T:3560.0(56.58%),B:36430.2(17.32%),P:1e-1025	Tpos:51.9,Tstd:25.2,Bpos:10535.4,Bstd:65205.8,StrandBias:0.1,Multiplicity:1.09
0.147	0.228	0.065	0.560
0.057	0.058	0.066	0.819
0.002	0.001	0.994	0.003
0.062	0.267	0.006	0.665
0.002	0.004	0.989	0.005
0.001	0.001	0.997	0.001
0.001	0.112	0.081	0.806
0.185	0.129	0.188	0.499
>ACCGCARA	3-ACCGCARA	6.778788	-2143.410412	0	T:2754.0(43.77%),B:22524.3(10.71%),P:1e-930	Tpos:51.3,Tstd:29.3,Bpos:1160.8,Bstd:4811.2,StrandBias:-0.5,Multiplicity:1.00
0.714	0.108	0.171	0.007
0.002	0.996	0.001	0.001
0.001	0.997	0.001	0.001
0.379	0.044	0.541	0.036
0.006	0.924	0.069	0.001
0.779	0.044	0.024	0.153
0.461	0.110	0.374	0.055
0.440	0.217	0.264	0.078
>GTGGTTAC	4-GTGGTTAC	8.167143	-694.945064	0	T:1002.0(15.92%),B:7953.8(3.78%),P:1e-301	Tpos:50.8,Tstd:24.8,Bpos:2912.1,Bstd:21024.2,StrandBias:-0.1,Multiplicity:1.00
0.001	0.001	0.997	0.001
0.001	0.376	0.001	0.622
0.001	0.001	0.997	0.001
0.001	0.001	0.997	0.001
0.001	0.001	0.001	0.997
0.001	0.001	0.001	0.997
0.613	0.001	0.001	0.385
0.377	0.612	0.002	0.009
>TGTGGTKA	5-TGTGGTKA	7.768079	-377.750696	0	T:664.0(10.55%),B:6140.3(2.92%),P:1e-164	Tpos:49.0,Tstd:24.8,Bpos:4655.6,Bstd:10874.4,StrandBias:0.1,Multiplicity:1.00
0.194	0.072	0.015	0.719
0.044	0.020	0.935	0.001
0.057	0.130	0.048	0.765
0.001	0.047	0.951	0.001
0.001	0.045	0.899	0.055
0.036	0.028	0.113	0.823
0.223	0.023	0.358	0.397
0.447	0.098	0.233	0.221
>AGGAAGTG	6-AGGAAGTG	7.365662	-356.224640	0	T:1451.0(23.06%),B:23228.4(11.05%),P:1e-154	Tpos:50.6,Tstd:25.1,Bpos:7363.5,Bstd:48492.0,StrandBias:-0.0,Multiplicity:1.11
0.785	0.063	0.151	0.001
0.001	0.001	0.997	0.001
0.001	0.001	0.997	0.001
0.997	0.001	0.001	0.001
0.954	0.001	0.001	0.044
0.077	0.033	0.889	0.001
0.020	0.010	0.001	0.969
0.058	0.040	0.818	0.084
>YTAACCAC	7-YTAACCAC	9.759989	-319.479700	0	T:381.0(6.06%),B:2398.8(1.14%),P:1e-138	Tpos:48.8,Tstd:23.6,Bpos:4413.6,Bstd:11173.9,StrandBias:-0.8,Multiplicity:1.00
0.114	0.270	0.211	0.406
0.001	0.001	0.001	0.997
0.997	0.001	0.001	0.001
0.997	0.001	0.001	0.001
0.001	0.997	0.001	0.001
0.001	0.997	0.001	0.001
0.997	0.001	0.001	0.001
0.001	0.997	0.001	0.001
>SAGGAAGT	8-SAGGAAGT	7.366152	-315.981853	0	T:1302.0(20.69%),B:20798.9(9.89%),P:1e-137	Tpos:50.4,Tstd:26.9,Bpos:4617.3,Bstd:38290.5,StrandBias:0.0,Multiplicity:1.02
0.249	0.297	0.419	0.036
0.455	0.264	0.268	0.014
0.087	0.012	0.889	0.012
0.002	0.011	0.980	0.007
0.961	0.011	0.001	0.027
0.911	0.014	0.001	0.074
0.198	0.125	0.676	0.001
0.032	0.222	0.034	0.712
>ACCACAAA	9-ACCACAAA	10.745341	-306.855114	0	T:410.0(6.52%),B:2916.7(1.39%),P:1e-133	Tpos:52.9,Tstd:26.2,Bpos:8627.7,Bstd:50345.4,StrandBias:-0.5,Multiplicity:1.07
0.997	0.001	0.001	0.001
0.001	0.997	0.001	0.001
0.001	0.997	0.001	0.001
0.997	0.001	0.001	0.001
0.001	0.997	0.001	0.001
0.997	0.001	0.001	0.001
0.898	0.001	0.001	0.100
0.803	0.001	0.001	0.195
>GTGGTTTC	10-GTGGTTTC	10.269329	-286.633898	0	T:383.0(6.09%),B:2721.1(1.29%),P:1e-124	Tpos:44.3,Tstd:24.7,Bpos:3356.0,Bstd:8846.7,StrandBias:1.0,Multiplicity:1.00
0.001	0.001	0.997	0.001
0.001	0.001	0.001	0.997
0.001	0.001	0.997	0.001
0.001	0.001	0.997	0.001
0.001	0.001	0.001	0.997
0.001	0.001	0.001	0.997
0.182	0.001	0.001	0.816
0.001	0.549	0.126	0.324
>CTTCCTCT	11-CTTCCTCT	8.216922	-87.624785	0	T:630.0(10.01%),B:12092.7(5.75%),P:1e-38	Tpos:50.2,Tstd:27.1,Bpos:4398.7,Bstd:21695.3,StrandBias:0.1,Multiplicity:1.04
0.005	0.751	0.092	0.152
0.032	0.001	0.005	0.962
0.022	0.001	0.001	0.976
0.001	0.970	0.013	0.016
0.006	0.975	0.003	0.016
0.011	0.158	0.273	0.558
0.062	0.510	0.296	0.132
0.169	0.291	0.027	0.513
>TTCCTCTT	12-TTCCTCTT	9.098930	-56.751966	0	T:497.0(7.90%),B:10105.6(4.81%),P:1e-24	Tpos:52.6,Tstd:28.7,Bpos:4732.5,Bstd:11259.7,StrandBias:-0.2,Multiplicity:1.01
0.001	0.001	0.001	0.997
0.001	0.001	0.001	0.997
0.001	0.997	0.001	0.001
0.001	0.997	0.001	0.001
0.001	0.121	0.001	0.877
0.001	0.779	0.219	0.001
0.124	0.001	0.001	0.874
0.001	0.097	0.079	0.823
>TCACTTCC	13-TCACTTCC	10.238590	-25.853730	0	T:208.0(3.31%),B:4152.3(1.97%),P:1e-11	Tpos:51.2,Tstd:31.3,Bpos:4956.7,Bstd:12447.7,StrandBias:0.3,Multiplicity:1.00
0.049	0.361	0.049	0.541
0.049	0.803	0.001	0.147
0.997	0.001	0.001	0.001
0.001	0.997	0.001	0.001
0.001	0.001	0.001	0.997
0.001	0.001	0.001	0.997
0.001	0.997	0.001	0.001
0.001	0.997	0.001	0.001
>TTACGCAA	14-TTACGCAA	7.741933	-11.125022	0	T:34.0(0.54%),B:489.0(0.23%),P:1e-4	Tpos:49.0,Tstd:23.4,Bpos:1917.1,Bstd:7121.3,StrandBias:0.2,Multiplicity:1.00
0.001	0.001	0.001	0.997
0.001	0.001	0.001	0.997
0.957	0.001	0.037	0.005
0.001	0.997	0.001	0.001
0.031	0.001	0.967	0.001
0.001	0.997	0.001	0.001
0.997	0.001	0.001	0.001
0.997	0.001	0.001	0.001
>ACCACACW	15-ACCACACW	10.396827	-8.364194	0	T:112.0(1.78%),B:2619.2(1.25%),P:1e-3	Tpos:47.8,Tstd:32.0,Bpos:5187.4,Bstd:28982.2,StrandBias:-0.3,Multiplicity:1.16
0.997	0.001	0.001	0.001
0.001	0.997	0.001	0.001
0.001	0.997	0.001	0.001
0.997	0.001	0.001	0.001
0.001	0.997	0.001	0.001
0.997	0.001	0.001	0.001
0.023	0.953	0.023	0.001
0.464	0.001	0.001	0.534
>TTTCCTST	16-TTTCCTST	10.388104	-7.875969	0	T:178.0(2.83%),B:4556.9(2.17%),P:1e-3	Tpos:53.8,Tstd:25.8,Bpos:10755.8,Bstd:63674.9,StrandBias:0.2,Multiplicity:1.00
0.001	0.001	0.001	0.997
0.001	0.001	0.001	0.997
0.001	0.001	0.001	0.997
0.001	0.997	0.001	0.001
0.001	0.997	0.001	0.001
0.001	0.001	0.001	0.997
0.001	0.492	0.506	0.001
0.001	0.001	0.001	0.997
>GGTGGTTT	17-GGTGGTTT	10.135935	-7.186968	0	T:137.0(2.18%),B:3430.4(1.63%),P:1e-3	Tpos:48.9,Tstd:24.3,Bpos:3678.2,Bstd:10581.0,StrandBias:-0.1,Multiplicity:1.03
0.001	0.405	0.593	0.001
0.001	0.001	0.997	0.001
0.001	0.001	0.001	0.997
0.001	0.001	0.997	0.001
0.001	0.001	0.997	0.001
0.001	0.001	0.001	0.997
0.001	0.001	0.001	0.997
0.030	0.001	0.001	0.968
>TGTGGGTA	18-TGTGGGTA	6.147862	-6.992928	0	T:444.0(7.06%),B:12776.9(6.08%),P:1e-3	Tpos:50.0,Tstd:25.6,Bpos:4133.1,Bstd:12375.0,StrandBias:0.1,Multiplicity:1.05
0.001	0.001	0.001	0.997
0.001	0.001	0.997	0.001
0.001	0.001	0.001	0.997
0.001	0.001	0.997	0.001
0.001	0.001	0.997	0.001
0.001	0.380	0.618	0.001
0.001	0.381	0.001	0.617
0.979	0.001	0.001	0.019
>TKTTGCAA	19-TKTTGCAA	7.591247	-5.662927	0	T:333.0(5.29%),B:9566.5(4.55%),P:1e-2	Tpos:52.4,Tstd:25.7,Bpos:6563.8,Bstd:17628.1,StrandBias:-0.1,Multiplicity:1.03
0.059	0.063	0.114	0.764
0.082	0.092	0.419	0.407
0.212	0.027	0.244	0.517
0.075	0.119	0.091	0.715
0.033	0.005	0.960	0.002
0.033	0.895	0.021	0.051
0.918	0.023	0.048	0.011
0.813	0.081	0.015	0.091
>GGAAGTHG	20-GGAAGTHG	9.283766	-4.563618	0	T:113.0(1.80%),B:2998.4(1.43%),P:1e-1	Tpos:53.7,Tstd:23.2,Bpos:5711.4,Bstd:38829.7,StrandBias:-1.5,Multiplicity:1.00
0.025	0.025	0.949	0.001
0.025	0.001	0.949	0.025
0.949	0.001	0.001	0.049
0.949	0.001	0.049	0.001
0.001	0.001	0.949	0.049
0.001	0.001	0.049	0.949
0.323	0.273	0.056	0.348
0.001	0.005	0.646	0.348
>TGAGTCAT	21-TGAGTCAT	8.927657	-1.950790	0	T:157.0(2.50%),B:4799.8(2.28%),P:1e0	Tpos:50.2,Tstd:26.3,Bpos:4933.1,Bstd:11166.0,StrandBias:0.3,Multiplicity:1.01
0.001	0.006	0.016	0.977
0.001	0.001	0.965	0.033
0.865	0.069	0.001	0.065
0.021	0.236	0.710	0.033
0.001	0.001	0.001	0.997
0.001	0.997	0.001	0.001
0.997	0.001	0.001	0.001
0.020	0.209	0.168	0.603
>GAGGAAAC	22-GAGGAAAC	8.115545	-1.792742	0	T:289.0(4.59%),B:9112.9(4.33%),P:1e0	Tpos:46.3,Tstd:25.9,Bpos:2808.7,Bstd:8234.3,StrandBias:0.0,Multiplicity:1.01
0.144	0.244	0.572	0.040
0.736	0.159	0.076	0.029
0.048	0.018	0.903	0.031
0.001	0.003	0.990	0.006
0.793	0.079	0.085	0.043
0.954	0.027	0.004	0.015
0.545	0.095	0.353	0.007
0.091	0.508	0.128	0.273
>CAGGAAAT	23-CAGGAAAT	10.629266	-0.480304	0	T:109.0(1.73%),B:3738.5(1.78%),P:1e0	Tpos:56.0,Tstd:23.9,Bpos:5408.4,Bstd:11602.6,StrandBias:-0.9,Multiplicity:1.00
0.001	0.644	0.354	0.001
0.997	0.001	0.001	0.001
0.001	0.001	0.997	0.001
0.001	0.001	0.997	0.001
0.997	0.001	0.001	0.001
0.997	0.001	0.001	0.001
0.997	0.001	0.001	0.001
0.001	0.001	0.001	0.997
>GGAAGTCA	24-GGAAGTCA	9.821245	-0.050697	0	T:75.0(1.19%),B:3006.5(1.43%),P:1e0	Tpos:52.7,Tstd:26.5,Bpos:6428.1,Bstd:28514.7,StrandBias:-1.0,Multiplicity:1.00
0.001	0.001	0.997	0.001
0.001	0.001	0.997	0.001
0.997	0.001	0.001	0.001
0.997	0.001	0.001	0.001
0.001	0.001	0.997	0.001
0.001	0.001	0.001	0.997
0.228	0.629	0.003	0.140
0.455	0.245	0.003	0.297
>TGTGGTGC	25-TGTGGTGC	10.850462	-0.000000	0	T:38.0(0.60%),B:2559.1(1.22%),P:1e0	Tpos:55.7,Tstd:27.6,Bpos:3776.5,Bstd:10916.8,StrandBias:-1.0,Multiplicity:1.00
0.001	0.001	0.001	0.997
0.001	0.001	0.997	0.001
0.001	0.001	0.001	0.997
0.001	0.001	0.997	0.001
0.001	0.001	0.997	0.001
0.001	0.001	0.001	0.997
0.102	0.001	0.896	0.001
0.001	0.894	0.104	0.001
