>YTGTGGTYWNNN	1-YTGTGGTYWNNN	7.733723	-3138.862496	0	T:2740.0(43.55%),B:14217.6(6.76%),P:1e-1363	Tpos:51.5,Tstd:21.7,Bpos:10541.6,Bstd:63238.8,StrandBias:0.1,Multiplicity:1.11
0.127	0.389	0.127	0.357
0.001	0.001	0.001	0.997
0.001	0.001	0.997	0.001
0.001	0.363	0.001	0.635
0.001	0.001	0.997	0.001
0.001	0.001	0.997	0.001
0.001	0.001	0.001	0.997
0.001	0.453	0.001	0.545
0.341	0.001	0.212	0.446
0.206	0.307	0.313	0.174
0.206	0.294	0.323	0.177
0.251	0.223	0.262	0.264
>HAACCACARVNB	2-HAACCACARVNB	6.226991	-2388.458121	0	T:3704.0(58.87%),B:39390.4(18.73%),P:1e-1037	Tpos:51.0,Tstd:25.2,Bpos:11309.0,Bstd:72982.7,StrandBias:-0.2,Multiplicity:1.07
0.289	0.265	0.096	0.350
0.596	0.176	0.123	0.105
0.605	0.176	0.218	0.001
0.001	0.997	0.001	0.001
0.001	0.997	0.001	0.001
0.586	0.038	0.327	0.049
0.001	0.939	0.059	0.001
0.702	0.092	0.108	0.098
0.407	0.134	0.362	0.097
0.258	0.233	0.347	0.162
0.212	0.295	0.224	0.270
0.192	0.342	0.259	0.207
>TGTGGTTKDSNN	3-TGTGGTTKDSNN	6.399942	-1047.173158	0	T:2373.0(37.71%),B:29482.9(14.02%),P:1e-454	Tpos:51.0,Tstd:24.5,Bpos:10387.2,Bstd:65016.4,StrandBias:0.2,Multiplicity:1.12
0.103	0.047	0.148	0.702
0.043	0.109	0.800	0.048
0.149	0.188	0.078	0.585
0.024	0.021	0.945	0.010
0.011	0.001	0.987	0.001
0.039	0.188	0.104	0.669
0.222	0.035	0.253	0.490
0.187	0.099	0.405	0.309
0.288	0.129	0.280	0.303
0.124	0.279	0.375	0.222
0.211	0.260	0.281	0.248
0.178	0.242	0.287	0.293
>VSAAVCCACAGM	4-VSAAVCCACAGM	9.301000	-431.618356	0	T:453.0(7.20%),B:2462.5(1.17%),P:1e-187	Tpos:53.3,Tstd:22.4,Bpos:5621.1,Bstd:23336.3,StrandBias:-0.8,Multiplicity:1.02
0.271	0.234	0.351	0.145
0.250	0.438	0.311	0.001
0.603	0.161	0.001	0.235
0.561	0.210	0.228	0.001
0.376	0.307	0.316	0.001
0.018	0.936	0.045	0.001
0.001	0.997	0.001	0.001
0.639	0.032	0.215	0.114
0.001	0.935	0.063	0.001
0.897	0.001	0.001	0.101
0.270	0.131	0.598	0.001
0.401	0.351	0.187	0.061
>NYCACTTCCTBT	5-NYCACTTCCTBT	6.919713	-360.214060	0	T:2062.0(32.77%),B:38765.6(18.43%),P:1e-156	Tpos:50.3,Tstd:25.3,Bpos:9252.6,Bstd:63004.6,StrandBias:0.0,Multiplicity:1.14
0.198	0.270	0.293	0.239
0.136	0.389	0.171	0.304
0.270	0.465	0.121	0.145
0.583	0.050	0.274	0.093
0.001	0.731	0.086	0.182
0.099	0.001	0.001	0.899
0.001	0.033	0.019	0.947
0.001	0.997	0.001	0.001
0.001	0.991	0.001	0.007
0.001	0.171	0.246	0.582
0.060	0.354	0.366	0.220
0.222	0.235	0.088	0.455
>RASAGGAAGTGG	6-RASAGGAAGTGG	9.238871	-344.098382	0	T:511.0(8.12%),B:4047.1(1.92%),P:1e-149	Tpos:52.2,Tstd:23.5,Bpos:3119.8,Bstd:8743.7,StrandBias:0.1,Multiplicity:1.02
0.388	0.204	0.259	0.149
0.539	0.060	0.175	0.226
0.232	0.289	0.427	0.052
0.629	0.125	0.231	0.015
0.074	0.009	0.906	0.011
0.007	0.010	0.982	0.001
0.956	0.028	0.001	0.015
0.929	0.001	0.010	0.060
0.188	0.070	0.741	0.001
0.086	0.166	0.106	0.642
0.211	0.009	0.559	0.221
0.229	0.163	0.465	0.143
>AVCGGAAACCAC	7-AVCGGAAACCAC	9.318027	-317.173749	0	T:424.0(6.74%),B:3019.8(1.44%),P:1e-137	Tpos:53.0,Tstd:21.8,Bpos:3159.1,Bstd:9324.6,StrandBias:0.1,Multiplicity:1.00
0.491	0.194	0.196	0.118
0.267	0.411	0.320	0.001
0.291	0.571	0.051	0.087
0.237	0.001	0.623	0.139
0.001	0.189	0.809	0.001
0.910	0.001	0.088	0.001
0.997	0.001	0.001	0.001
0.839	0.037	0.123	0.001
0.001	0.997	0.001	0.001
0.049	0.949	0.001	0.001
0.567	0.047	0.325	0.061
0.001	0.851	0.057	0.091
>CTGYGGTHAYDR	8-CTGYGGTHAYDR	8.209925	-299.275564	0	T:329.0(5.23%),B:1881.9(0.89%),P:1e-129	Tpos:51.1,Tstd:22.9,Bpos:2701.1,Bstd:7989.7,StrandBias:0.4,Multiplicity:1.00
0.082	0.592	0.085	0.241
0.287	0.128	0.001	0.584
0.001	0.059	0.939	0.001
0.077	0.402	0.025	0.497
0.001	0.001	0.981	0.017
0.001	0.047	0.951	0.001
0.010	0.236	0.279	0.474
0.231	0.235	0.187	0.347
0.506	0.093	0.085	0.316
0.084	0.409	0.238	0.269
0.250	0.173	0.339	0.238
0.361	0.138	0.422	0.080
>NCAAACCACAGN	9-NCAAACCACAGN	8.178982	-250.289131	0	T:225.0(3.58%),B:986.6(0.47%),P:1e-108	Tpos:94.0,Tstd:0.0,Bpos:2460.7,Bstd:8271.2,StrandBias:-10.0,Multiplicity:1.00
0.235	0.323	0.247	0.196
0.139	0.603	0.146	0.112
0.641	0.137	0.091	0.131
0.620	0.155	0.140	0.085
0.605	0.147	0.162	0.086
0.123	0.644	0.128	0.105
0.119	0.701	0.084	0.096
0.607	0.134	0.131	0.128
0.106	0.692	0.121	0.081
0.665	0.102	0.102	0.131
0.145	0.117	0.619	0.119
0.261	0.272	0.281	0.186
>NASTTCCBCHTT	10-NASTTCCBCHTT	9.463759	-203.269389	0	T:342.0(5.44%),B:3006.5(1.43%),P:1e-88	Tpos:50.2,Tstd:25.3,Bpos:4436.4,Bstd:10275.1,StrandBias:0.1,Multiplicity:1.00
0.283	0.295	0.177	0.245
0.548	0.053	0.342	0.057
0.032	0.503	0.383	0.082
0.047	0.001	0.001	0.951
0.001	0.001	0.001	0.997
0.001	0.997	0.001	0.001
0.001	0.897	0.001	0.101
0.044	0.369	0.255	0.332
0.104	0.587	0.060	0.249
0.232	0.343	0.046	0.379
0.001	0.101	0.022	0.876
0.001	0.173	0.075	0.751
>DMCCACTTCTHC	11-DMCCACTTCTHC	10.227381	-162.578951	0	T:306.0(4.86%),B:2945.6(1.40%),P:1e-70	Tpos:49.4,Tstd:27.4,Bpos:3353.4,Bstd:8283.8,StrandBias:-0.2,Multiplicity:1.02
0.343	0.094	0.261	0.302
0.412	0.399	0.188	0.001
0.001	0.947	0.001	0.051
0.001	0.997	0.001	0.001
0.997	0.001	0.001	0.001
0.001	0.997	0.001	0.001
0.289	0.139	0.001	0.571
0.001	0.086	0.001	0.912
0.001	0.997	0.001	0.001
0.060	0.373	0.001	0.566
0.265	0.409	0.001	0.325
0.162	0.536	0.001	0.301
>AGAGGAAGTGGT	12-AGAGGAAGTGGT	9.712539	-107.719026	0	T:57.0(0.91%),B:93.0(0.04%),P:1e-46	Tpos:69.0,Tstd:7.0,Bpos:1852.8,Bstd:2703.1,StrandBias:0.0,Multiplicity:1.00
0.612	0.010	0.192	0.186
0.109	0.008	0.778	0.105
0.399	0.163	0.232	0.206
0.189	0.008	0.603	0.200
0.208	0.102	0.681	0.009
0.568	0.128	0.239	0.065
0.555	0.126	0.129	0.190
0.136	0.146	0.592	0.126
0.195	0.006	0.189	0.610
0.136	0.083	0.768	0.013
0.148	0.185	0.601	0.066
0.219	0.138	0.072	0.571
>GCTGTGGTTTTC	13-GCTGTGGTTTTC	11.010771	-74.997297	0	T:77.0(1.22%),B:411.2(0.20%),P:1e-32	Tpos:94.0,Tstd:0.0,Bpos:3962.3,Bstd:9804.5,StrandBias:-10.0,Multiplicity:1.00
0.073	0.063	0.748	0.116
0.080	0.763	0.078	0.079
0.129	0.081	0.065	0.725
0.052	0.077	0.754	0.117
0.104	0.063	0.105	0.728
0.095	0.042	0.774	0.089
0.050	0.110	0.774	0.066
0.077	0.124	0.119	0.680
0.069	0.080	0.066	0.785
0.044	0.093	0.071	0.792
0.061	0.097	0.106	0.736
0.073	0.741	0.082	0.104
>WGAAACCGCAGG	14-WGAAACCGCAGG	10.808163	-74.473762	0	T:79.0(1.26%),B:439.2(0.21%),P:1e-32	Tpos:48.5,Tstd:25.9,Bpos:4346.7,Bstd:11292.9,StrandBias:0.5,Multiplicity:1.00
0.370	0.210	0.096	0.325
0.134	0.001	0.864	0.001
0.745	0.001	0.153	0.101
0.824	0.001	0.001	0.174
0.997	0.001	0.001	0.001
0.001	0.846	0.052	0.101
0.001	0.859	0.001	0.139
0.001	0.088	0.637	0.274
0.001	0.996	0.002	0.001
0.868	0.124	0.001	0.007
0.292	0.001	0.606	0.101
0.341	0.152	0.506	0.001
>HTSTGGKTTCTG	15-HTSTGGKTTCTG	7.987650	-67.523867	0	T:72.0(1.14%),B:404.7(0.19%),P:1e-29	Tpos:55.9,Tstd:33.3,Bpos:4421.0,Bstd:9320.4,StrandBias:-0.7,Multiplicity:1.00
0.215	0.311	0.120	0.355
0.033	0.034	0.285	0.648
0.154	0.272	0.397	0.176
0.252	0.046	0.197	0.505
0.369	0.018	0.596	0.017
0.165	0.173	0.613	0.049
0.014	0.276	0.281	0.429
0.020	0.252	0.141	0.587
0.168	0.211	0.049	0.572
0.132	0.459	0.206	0.203
0.291	0.049	0.047	0.613
0.046	0.205	0.515	0.234
>TGCGGTTTTCCT	16-TGCGGTTTTCCT	10.484822	-38.590684	0	T:66.0(1.05%),B:604.4(0.29%),P:1e-16	Tpos:53.1,Tstd:25.6,Bpos:4216.9,Bstd:9282.6,StrandBias:-0.7,Multiplicity:1.00
0.029	0.111	0.078	0.782
0.059	0.029	0.834	0.078
0.017	0.785	0.082	0.116
0.139	0.048	0.745	0.068
0.001	0.053	0.852	0.094
0.112	0.091	0.141	0.656
0.031	0.001	0.053	0.915
0.031	0.062	0.031	0.876
0.020	0.073	0.034	0.873
0.037	0.894	0.055	0.014
0.035	0.926	0.001	0.038
0.001	0.057	0.062	0.880
>CTTCCTCYTTBN	17-CTTCCTCYTTBN	9.932702	-29.874949	0	T:81.0(1.29%),B:1027.5(0.49%),P:1e-12	Tpos:48.2,Tstd:26.0,Bpos:3669.4,Bstd:8153.9,StrandBias:-1.6,Multiplicity:1.00
0.001	0.635	0.213	0.151
0.068	0.014	0.001	0.917
0.001	0.032	0.001	0.966
0.007	0.985	0.005	0.003
0.016	0.895	0.001	0.088
0.001	0.190	0.136	0.673
0.087	0.459	0.257	0.197
0.207	0.400	0.059	0.333
0.082	0.305	0.018	0.595
0.012	0.221	0.222	0.545
0.158	0.349	0.202	0.291
0.284	0.267	0.194	0.255
>GAAGTGGTTTGG	18-GAAGTGGTTTGG	11.704459	-28.888919	0	T:19.0(0.30%),B:55.5(0.03%),P:1e-12	Tpos:60.4,Tstd:22.9,Bpos:4123.4,Bstd:6080.0,StrandBias:0.6,Multiplicity:1.00
0.068	0.001	0.846	0.085
0.683	0.315	0.001	0.001
0.862	0.001	0.027	0.110
0.111	0.001	0.887	0.001
0.047	0.039	0.001	0.913
0.039	0.001	0.872	0.088
0.071	0.001	0.900	0.028
0.001	0.192	0.266	0.541
0.092	0.114	0.138	0.656
0.355	0.001	0.093	0.551
0.208	0.040	0.452	0.300
0.001	0.251	0.489	0.258
>AAGCAGAAGTGG	19-AAGCAGAAGTGG	9.234281	-22.292980	0	T:37.0(0.59%),B:341.4(0.16%),P:1e-9	Tpos:53.5,Tstd:24.8,Bpos:3170.6,Bstd:7441.0,StrandBias:-0.2,Multiplicity:1.00
0.516	0.072	0.157	0.255
0.482	0.134	0.190	0.194
0.089	0.291	0.553	0.067
0.174	0.595	0.212	0.019
0.900	0.008	0.063	0.029
0.059	0.025	0.897	0.019
0.707	0.047	0.195	0.051
0.495	0.148	0.032	0.324
0.254	0.165	0.458	0.123
0.180	0.186	0.066	0.568
0.204	0.120	0.467	0.209
0.309	0.045	0.610	0.036
>ATTCCATTCSAT	20-ATTCCATTCSAT	12.308595	-16.807138	0	T:11.0(0.17%),B:34.8(0.02%),P:1e-7	Tpos:47.7,Tstd:25.8,Bpos:16215.7,Bstd:8248.9,StrandBias:-5.4,Multiplicity:1.70
0.941	0.001	0.001	0.057
0.059	0.001	0.090	0.850
0.025	0.028	0.001	0.946
0.028	0.886	0.085	0.001
0.095	0.750	0.101	0.054
0.924	0.001	0.033	0.042
0.028	0.001	0.028	0.943
0.062	0.001	0.092	0.845
0.085	0.733	0.080	0.102
0.078	0.435	0.453	0.034
0.888	0.062	0.034	0.016
0.001	0.033	0.121	0.845
>CGAATGGAATCA	21-CGAATGGAATCA	13.343086	-14.011365	0	T:10.0(0.16%),B:37.6(0.02%),P:1e-6	Tpos:42.4,Tstd:24.4,Bpos:11746.8,Bstd:18415.8,StrandBias:1.9,Multiplicity:1.40
0.001	0.840	0.088	0.071
0.144	0.184	0.671	0.001
0.893	0.105	0.001	0.001
0.997	0.001	0.001	0.001
0.001	0.001	0.001	0.997
0.105	0.001	0.806	0.088
0.105	0.001	0.893	0.001
0.997	0.001	0.001	0.001
0.997	0.001	0.001	0.001
0.001	0.001	0.001	0.997
0.001	0.997	0.001	0.001
0.997	0.001	0.001	0.001
>AACCACATTTCC	22-AACCACATTTCC	13.153073	-13.022834	0	T:9.0(0.14%),B:32.5(0.02%),P:1e-5	Tpos:7.0,Tstd:0.0,Bpos:2018.0,Bstd:0.0,StrandBias:10.0,Multiplicity:1.00
0.708	0.094	0.099	0.099
0.702	0.120	0.125	0.053
0.064	0.774	0.082	0.080
0.072	0.811	0.060	0.057
0.735	0.097	0.057	0.111
0.066	0.835	0.052	0.047
0.777	0.074	0.055	0.094
0.114	0.123	0.123	0.640
0.065	0.151	0.080	0.704
0.062	0.092	0.086	0.760
0.061	0.742	0.087	0.110
0.076	0.813	0.010	0.101
>CTGTGGTCGCTG	23-CTGTGGTCGCTG	11.040389	-9.521419	0	T:24.0(0.38%),B:316.8(0.15%),P:1e-4	Tpos:47.2,Tstd:19.7,Bpos:1432.9,Bstd:5187.2,StrandBias:-2.0,Multiplicity:1.00
0.001	0.825	0.173	0.001
0.108	0.096	0.137	0.659
0.001	0.033	0.846	0.120
0.102	0.198	0.001	0.699
0.071	0.156	0.677	0.096
0.001	0.144	0.854	0.001
0.050	0.284	0.048	0.618
0.024	0.728	0.164	0.084
0.014	0.218	0.740	0.028
0.001	0.842	0.113	0.044
0.225	0.123	0.131	0.521
0.001	0.001	0.938	0.060
>ACAGRAAGTGGG	24-ACAGRAAGTGGG	12.444043	-8.642367	0	T:27.0(0.43%),B:401.7(0.19%),P:1e-3	Tpos:73.9,Tstd:14.2,Bpos:3401.6,Bstd:7321.1,StrandBias:0.4,Multiplicity:1.00
0.540	0.159	0.300	0.001
0.001	0.832	0.001	0.166
0.730	0.001	0.001	0.268
0.140	0.001	0.629	0.230
0.299	0.001	0.441	0.259
0.840	0.158	0.001	0.001
0.985	0.001	0.013	0.001
0.001	0.001	0.997	0.001
0.001	0.001	0.001	0.997
0.001	0.001	0.997	0.001
0.001	0.001	0.997	0.001
0.001	0.001	0.997	0.001
>CTGYTTCCTCTT	25-CTGYTTCCTCTT	10.373765	-8.004966	0	T:55.0(0.87%),B:1101.8(0.52%),P:1e-3	Tpos:52.4,Tstd:25.2,Bpos:3600.7,Bstd:8898.2,StrandBias:-0.4,Multiplicity:1.00
0.166	0.789	0.014	0.031
0.280	0.001	0.011	0.708
0.001	0.331	0.590	0.078
0.073	0.402	0.057	0.468
0.160	0.017	0.099	0.724
0.001	0.240	0.122	0.637
0.001	0.686	0.156	0.157
0.094	0.829	0.001	0.076
0.001	0.347	0.016	0.636
0.086	0.714	0.199	0.001
0.160	0.127	0.001	0.712
0.009	0.200	0.260	0.531
