>HTGTGGTTDNNN	1-HTGTGGTTDNNN	6.459799	-3948.464844	0	T:7239.0(53.49%),B:42300.2(18.21%),P:1e-1714	Tpos:125.1,Tstd:68.5,Bpos:14039.8,Bstd:68922.8,StrandBias:0.0,Multiplicity:1.42
0.213	0.335	0.121	0.331
0.142	0.001	0.107	0.750
0.001	0.001	0.997	0.001
0.078	0.322	0.001	0.599
0.001	0.001	0.997	0.001
0.001	0.001	0.997	0.001
0.001	0.156	0.110	0.733
0.101	0.187	0.135	0.577
0.317	0.060	0.244	0.379
0.232	0.258	0.250	0.260
0.246	0.259	0.274	0.221
0.251	0.226	0.299	0.224
>WCACTTCCTCAC	2-WCACTTCCTCAC	-4.464419	-829.474113	0	T:12060.0(89.12%),B:173957.5(74.89%),P:1e-360	Tpos:123.1,Tstd:87.7,Bpos:10784.2,Bstd:58407.3,StrandBias:-0.0,Multiplicity:1.63
0.444	0.001	0.001	0.554
0.003	0.832	0.109	0.056
0.997	0.001	0.001	0.001
0.001	0.836	0.162	0.001
0.162	0.001	0.001	0.836
0.001	0.001	0.054	0.944
0.001	0.944	0.054	0.001
0.001	0.944	0.001	0.054
0.001	0.009	0.001	0.989
0.001	0.779	0.219	0.001
0.887	0.003	0.001	0.109
0.283	0.494	0.001	0.221
>CCCCAAACCCCA	3-CCCCAAACCCCA	2.625881	-813.476024	0	T:13351.0(98.66%),B:209403.8(90.15%),P:1e-353	Tpos:130.1,Tstd:97.2,Bpos:4804.2,Bstd:30767.8,StrandBias:-0.0,Multiplicity:2.14
0.100	0.700	0.100	0.100
0.100	0.700	0.100	0.100
0.100	0.700	0.100	0.100
0.100	0.700	0.100	0.100
0.700	0.100	0.100	0.100
0.700	0.100	0.100	0.100
0.700	0.100	0.100	0.100
0.100	0.700	0.100	0.100
0.100	0.700	0.100	0.100
0.100	0.700	0.100	0.100
0.100	0.700	0.100	0.100
0.700	0.100	0.100	0.100
>TTCCATTCCATT	4-TTCCATTCCATT	2.625881	-693.026213	0	T:13139.0(97.09%),B:204703.7(88.13%),P:1e-300	Tpos:121.4,Tstd:89.9,Bpos:9315.4,Bstd:37607.6,StrandBias:-0.0,Multiplicity:3.41
0.100	0.100	0.100	0.700
0.100	0.100	0.100	0.700
0.100	0.700	0.100	0.100
0.100	0.700	0.100	0.100
0.700	0.100	0.100	0.100
0.100	0.100	0.100	0.700
0.100	0.100	0.100	0.700
0.100	0.700	0.100	0.100
0.100	0.700	0.100	0.100
0.700	0.100	0.100	0.100
0.100	0.100	0.100	0.700
0.100	0.100	0.100	0.700
>GAAAAAAAAAAA	5-GAAAAAAAAAAA	-17.945565	-602.572440	0	T:11948.0(88.29%),B:177171.8(76.28%),P:1e-261	Tpos:119.5,Tstd:85.9,Bpos:10997.5,Bstd:43815.3,StrandBias:-0.0,Multiplicity:2.06
0.022	0.001	0.976	0.001
0.997	0.001	0.001	0.001
0.997	0.001	0.001	0.001
0.997	0.001	0.001	0.001
0.997	0.001	0.001	0.001
0.997	0.001	0.001	0.001
0.997	0.001	0.001	0.001
0.997	0.001	0.001	0.001
0.997	0.001	0.001	0.001
0.997	0.001	0.001	0.001
0.997	0.001	0.001	0.001
0.997	0.001	0.001	0.001
>CWGRGSAKCTGC	6-CWGRGSAKCTGC	-13.967792	-377.655640	0	T:13424.0(99.19%),B:220509.5(94.93%),P:1e-164	Tpos:125.6,Tstd:90.8,Bpos:5321.4,Bstd:33501.9,StrandBias:-0.0,Multiplicity:1.72
0.001	0.997	0.001	0.001
0.511	0.001	0.001	0.487
0.001	0.001	0.997	0.001
0.506	0.001	0.492	0.001
0.001	0.001	0.870	0.128
0.001	0.494	0.504	0.001
0.506	0.244	0.001	0.249
0.001	0.001	0.520	0.478
0.001	0.997	0.001	0.001
0.001	0.001	0.001	0.997
0.001	0.001	0.997	0.001
0.001	0.997	0.001	0.001
>CCACAGGAAGCA	7-CCACAGGAAGCA	2.625881	-375.503342	0	T:13512.0(99.84%),B:224312.6(96.57%),P:1e-163	Tpos:128.5,Tstd:95.5,Bpos:5283.6,Bstd:32683.8,StrandBias:-0.0,Multiplicity:3.31
0.100	0.700	0.100	0.100
0.100	0.700	0.100	0.100
0.700	0.100	0.100	0.100
0.100	0.700	0.100	0.100
0.700	0.100	0.100	0.100
0.100	0.100	0.700	0.100
0.100	0.100	0.700	0.100
0.700	0.100	0.100	0.100
0.700	0.100	0.100	0.100
0.100	0.100	0.700	0.100
0.100	0.700	0.100	0.100
0.700	0.100	0.100	0.100
>ATTCCATTCCAT	8-ATTCCATTCCAT	3.317113	-177.413980	0	T:7879.0(58.22%),B:116134.5(50.00%),P:1e-77	Tpos:121.8,Tstd:91.1,Bpos:14696.2,Bstd:63024.9,StrandBias:-0.1,Multiplicity:1.67
0.768	0.053	0.082	0.097
0.077	0.054	0.096	0.773
0.076	0.054	0.051	0.819
0.081	0.767	0.081	0.071
0.060	0.709	0.138	0.093
0.776	0.057	0.115	0.052
0.097	0.081	0.101	0.721
0.101	0.054	0.102	0.743
0.090	0.737	0.091	0.082
0.056	0.682	0.210	0.052
0.761	0.057	0.113	0.069
0.084	0.098	0.070	0.748
>ACCAGGGGGCGC	9-ACCAGGGGGCGC	0.000000	-115.880173	0	T:13521.0(99.91%),B:229530.3(98.82%),P:1e-50
0.700	0.100	0.100	0.100
0.100	0.700	0.100	0.100
0.100	0.700	0.100	0.100
0.700	0.100	0.100	0.100
0.100	0.100	0.700	0.100
0.100	0.100	0.700	0.100
0.100	0.100	0.700	0.100
0.100	0.100	0.700	0.100
0.100	0.100	0.700	0.100
0.100	0.700	0.100	0.100
0.100	0.100	0.700	0.100
0.100	0.700	0.100	0.100
>GVGRGGGGGGGS	10-GVGRGGGGGGGS	0.042615	-110.019134	0	T:13505.0(99.79%),B:228970.7(98.58%),P:1e-47	Tpos:130.4,Tstd:102.2,Bpos:3763.5,Bstd:25689.1,StrandBias:0.0,Multiplicity:1.66
0.135	0.238	0.597	0.030
0.273	0.300	0.387	0.039
0.268	0.250	0.465	0.017
0.323	0.233	0.398	0.046
0.254	0.133	0.612	0.001
0.146	0.267	0.530	0.057
0.157	0.242	0.487	0.114
0.037	0.354	0.594	0.015
0.249	0.170	0.415	0.165
0.169	0.200	0.630	0.001
0.348	0.123	0.517	0.012
0.157	0.325	0.442	0.076
>HTWRWSWSWYAD	11-HTWRWSWSWYAD	-7.313171	-9.516953	0	T:13533.0(100.00%),B:232107.2(99.93%),P:1e-4	Tpos:115.9,Tstd:85.7,Bpos:14213.5,Bstd:59178.8,StrandBias:0.0,Multiplicity:1.60
0.333	0.288	0.045	0.334
0.257	0.071	0.103	0.569
0.397	0.001	0.153	0.448
0.385	0.122	0.365	0.128
0.429	0.001	0.115	0.455
0.045	0.519	0.423	0.013
0.537	0.001	0.001	0.461
0.167	0.346	0.327	0.160
0.499	0.001	0.001	0.499
0.122	0.352	0.193	0.333
0.576	0.001	0.001	0.422
0.212	0.167	0.295	0.327
>CTTCCTTCCCCT	12-CTTCCTTCCCCT	0.000000	-8.100316	0	T:13533.0(100.00%),B:232132.5(99.94%),P:1e-3
0.100	0.700	0.100	0.100
0.100	0.100	0.100	0.700
0.100	0.100	0.100	0.700
0.100	0.700	0.100	0.100
0.100	0.700	0.100	0.100
0.100	0.100	0.100	0.700
0.100	0.100	0.100	0.700
0.100	0.700	0.100	0.100
0.100	0.700	0.100	0.100
0.100	0.700	0.100	0.100
0.100	0.700	0.100	0.100
0.100	0.100	0.100	0.700
>CYWCCAGGGRKN	13-CYWCCAGGGRKN	7.968390	-0.064789	0	T:210.0(1.55%),B:4000.5(1.72%),P:1e0	Tpos:161.3,Tstd:93.3,Bpos:2846.6,Bstd:5551.7,StrandBias:1.0,Multiplicity:1.00
0.107	0.525	0.155	0.213
0.104	0.422	0.052	0.422
0.321	0.159	0.052	0.468
0.051	0.738	0.001	0.210
0.052	0.530	0.156	0.262
0.578	0.052	0.053	0.317
0.312	0.001	0.633	0.054
0.156	0.001	0.790	0.053
0.162	0.052	0.733	0.053
0.365	0.054	0.472	0.108
0.055	0.109	0.471	0.364
0.210	0.310	0.215	0.265
>CCTGCCACTTCC	14-CCTGCCACTTCC	-1.265939	-0.056629	0	T:13533.0(100.00%),B:232274.4(100.00%),P:1e0	Tpos:107.0,Tstd:75.3,Bpos:5314.7,Bstd:17121.5,StrandBias:0.0,Multiplicity:1.00
0.100	0.700	0.100	0.100
0.100	0.700	0.100	0.100
0.100	0.100	0.100	0.700
0.100	0.100	0.700	0.100
0.100	0.700	0.100	0.100
0.100	0.700	0.100	0.100
0.700	0.100	0.100	0.100
0.100	0.700	0.100	0.100
0.100	0.100	0.100	0.700
0.100	0.100	0.100	0.700
0.100	0.700	0.100	0.100
0.100	0.700	0.100	0.100
>VYCCTTGGAWRR	15-VYCCTTGGAWRR	8.015516	-0.008085	0	T:15.0(0.11%),B:449.0(0.19%),P:1e0	Tpos:217.0,Tstd:0.0,Bpos:434.1,Bstd:308.8,StrandBias:-10.0,Multiplicity:1.00
0.302	0.364	0.234	0.100
0.033	0.334	0.202	0.431
0.001	0.830	0.101	0.068
0.165	0.567	0.001	0.267
0.199	0.235	0.066	0.500
0.066	0.135	0.298	0.501
0.232	0.099	0.500	0.169
0.066	0.099	0.834	0.001
0.497	0.171	0.266	0.066
0.365	0.168	0.199	0.268
0.532	0.001	0.466	0.001
0.398	0.166	0.402	0.033
>MWRCCCTRGAGN	16-MWRCCCTRGAGN	7.655025	-0.000054	0	T:207.0(1.53%),B:4609.6(1.98%),P:1e0	Tpos:115.3,Tstd:47.7,Bpos:5127.4,Bstd:10016.8,StrandBias:-1.0,Multiplicity:1.00
0.366	0.444	0.124	0.066
0.428	0.130	0.062	0.380
0.298	0.192	0.384	0.126
0.001	0.508	0.295	0.196
0.062	0.687	0.001	0.250
0.066	0.871	0.001	0.062
0.318	0.064	0.001	0.617
0.424	0.004	0.384	0.188
0.314	0.068	0.554	0.064
0.571	0.049	0.312	0.068
0.001	0.318	0.619	0.062
0.243	0.252	0.250	0.254
>CTACCMAGGGGY	17-CTACCMAGGGGY	8.637582	-0.000041	0	T:164.0(1.21%),B:3784.8(1.63%),P:1e0	Tpos:195.0,Tstd:52.5,Bpos:9402.1,Bstd:28004.1,StrandBias:1.6,Multiplicity:1.00
0.009	0.491	0.162	0.338
0.166	0.337	0.001	0.496
0.495	0.005	0.163	0.337
0.009	0.499	0.168	0.324
0.001	0.997	0.001	0.001
0.499	0.499	0.001	0.001
0.991	0.004	0.004	0.001
0.186	0.314	0.499	0.001
0.165	0.001	0.833	0.001
0.185	0.005	0.653	0.157
0.001	0.324	0.496	0.180
0.157	0.325	0.180	0.337
>CANCCTDGRRGY	18-CANCCTDGRRGY	7.073111	-0.000002	0	T:851.0(6.29%),B:17014.1(7.32%),P:1e0	Tpos:141.9,Tstd:105.2,Bpos:6969.2,Bstd:23423.5,StrandBias:-0.2,Multiplicity:1.00
0.001	0.685	0.001	0.313
0.586	0.001	0.001	0.412
0.228	0.260	0.257	0.254
0.001	0.762	0.155	0.082
0.001	0.736	0.001	0.262
0.165	0.264	0.149	0.422
0.340	0.001	0.257	0.402
0.092	0.001	0.904	0.003
0.409	0.086	0.337	0.168
0.416	0.172	0.320	0.092
0.092	0.261	0.564	0.083
0.092	0.330	0.178	0.400
>MYCCCTRGGMDG	19-MYCCCTRGGMDG	8.011736	-0.000002	0	T:108.0(0.80%),B:2825.3(1.22%),P:1e0	Tpos:88.0,Tstd:0.0,Bpos:1088.8,Bstd:1461.3,StrandBias:10.0,Multiplicity:1.00
0.383	0.281	0.169	0.166
0.110	0.281	0.224	0.386
0.272	0.612	0.001	0.115
0.001	0.669	0.054	0.276
0.001	0.830	0.001	0.168
0.225	0.057	0.112	0.606
0.391	0.001	0.443	0.165
0.113	0.001	0.774	0.112
0.279	0.058	0.497	0.166
0.392	0.443	0.164	0.001
0.280	0.054	0.279	0.387
0.056	0.333	0.556	0.055
>CSVSCCMAGGMC	20-CSVSCCMAGGMC	7.183147	-0.000000	0	T:736.0(5.44%),B:16526.6(7.12%),P:1e0	Tpos:167.8,Tstd:98.2,Bpos:5787.0,Bstd:29317.9,StrandBias:1.6,Multiplicity:1.00
0.130	0.434	0.252	0.185
0.192	0.374	0.307	0.127
0.371	0.247	0.250	0.131
0.063	0.373	0.377	0.188
0.001	0.683	0.001	0.315
0.001	0.997	0.001	0.001
0.490	0.374	0.001	0.135
0.805	0.001	0.193	0.001
0.248	0.001	0.750	0.001
0.252	0.188	0.557	0.003
0.371	0.314	0.128	0.186
0.125	0.435	0.250	0.189
>CYAGYCCAGGMC	21-CYAGYCCAGGMC	8.365601	-0.000000	0	T:670.0(4.95%),B:15453.7(6.65%),P:1e0	Tpos:150.3,Tstd:91.6,Bpos:1751.7,Bstd:4237.6,StrandBias:0.3,Multiplicity:1.00
0.219	0.449	0.225	0.107
0.127	0.428	0.001	0.444
0.428	0.214	0.133	0.225
0.006	0.235	0.545	0.214
0.005	0.546	0.001	0.448
0.001	0.989	0.005	0.005
0.224	0.663	0.001	0.112
0.774	0.001	0.001	0.224
0.001	0.001	0.997	0.001
0.005	0.219	0.775	0.001
0.444	0.433	0.122	0.001
0.214	0.448	0.113	0.225
>NNNNNNNNNNNN	22-NNNNNNNNNNNN	-nan	0.000000	0	T:0.0(0.00%),B:0.0(0.00%),P:1e0	Tpos:0.0,Tstd:0.0,Bpos:0.0,Bstd:0.0,StrandBias:0.0,Multiplicity:1.00
-nan	-nan	-nan	-nan
-nan	-nan	-nan	-nan
-nan	-nan	-nan	-nan
-nan	-nan	-nan	-nan
-nan	-nan	-nan	-nan
-nan	-nan	-nan	-nan
-nan	-nan	-nan	-nan
-nan	-nan	-nan	-nan
-nan	-nan	-nan	-nan
-nan	-nan	-nan	-nan
-nan	-nan	-nan	-nan
-nan	-nan	-nan	-nan
>NNNNNNNNNNNN	23-NNNNNNNNNNNN	-nan	0.000000	0	T:0.0(0.00%),B:0.0(0.00%),P:1e0	Tpos:0.0,Tstd:0.0,Bpos:0.0,Bstd:0.0,StrandBias:0.0,Multiplicity:1.00
-nan	-nan	-nan	-nan
-nan	-nan	-nan	-nan
-nan	-nan	-nan	-nan
-nan	-nan	-nan	-nan
-nan	-nan	-nan	-nan
-nan	-nan	-nan	-nan
-nan	-nan	-nan	-nan
-nan	-nan	-nan	-nan
-nan	-nan	-nan	-nan
-nan	-nan	-nan	-nan
-nan	-nan	-nan	-nan
-nan	-nan	-nan	-nan
>NNNNNNNNNNNN	24-NNNNNNNNNNNN	-nan	0.000000	0	T:0.0(0.00%),B:0.0(0.00%),P:1e0	Tpos:0.0,Tstd:0.0,Bpos:0.0,Bstd:0.0,StrandBias:0.0,Multiplicity:1.00
-nan	-nan	-nan	-nan
-nan	-nan	-nan	-nan
-nan	-nan	-nan	-nan
-nan	-nan	-nan	-nan
-nan	-nan	-nan	-nan
-nan	-nan	-nan	-nan
-nan	-nan	-nan	-nan
-nan	-nan	-nan	-nan
-nan	-nan	-nan	-nan
-nan	-nan	-nan	-nan
-nan	-nan	-nan	-nan
-nan	-nan	-nan	-nan
>AATGCAATGGAA	25-AATGCAATGGAA	-7.103669	0.000000	0	T:13533.0(100.00%),B:232275.1(100.00%),P:1e0	Tpos:125.6,Tstd:93.9,Bpos:13469.0,Bstd:71182.3,StrandBias:-0.0,Multiplicity:1.10
0.700	0.100	0.100	0.100
0.700	0.100	0.100	0.100
0.100	0.100	0.100	0.700
0.100	0.100	0.700	0.100
0.100	0.700	0.100	0.100
0.700	0.100	0.100	0.100
0.700	0.100	0.100	0.100
0.100	0.100	0.100	0.700
0.100	0.100	0.700	0.100
0.100	0.100	0.700	0.100
0.700	0.100	0.100	0.100
0.700	0.100	0.100	0.100
