>TCCCSYYBCCTG	1-TCCCSYYBCCTG	3.074589	-786.888572	0	T:15083.0(97.74%),B:155903.9(89.22%),P:1e-341	Tpos:88.2,Tstd:52.8,Bpos:2003.2,Bstd:7525.4,StrandBias:-0.1,Multiplicity:1.47
0.054	0.124	0.154	0.668
0.001	0.615	0.172	0.212
0.311	0.521	0.009	0.159
0.147	0.462	0.116	0.275
0.104	0.376	0.310	0.209
0.120	0.410	0.171	0.299
0.172	0.392	0.190	0.247
0.015	0.318	0.339	0.328
0.001	0.767	0.193	0.039
0.005	0.993	0.001	0.001
0.061	0.003	0.001	0.935
0.016	0.016	0.809	0.159
>GAGAGAGAGAGG	2-GAGAGAGAGAGG	2.625881	-692.997453	0	T:15312.0(99.23%),B:162529.2(93.02%),P:1e-300	Tpos:88.9,Tstd:52.4,Bpos:2796.2,Bstd:9677.3,StrandBias:0.0,Multiplicity:2.22
0.100	0.100	0.700	0.100
0.700	0.100	0.100	0.100
0.100	0.100	0.700	0.100
0.700	0.100	0.100	0.100
0.100	0.100	0.700	0.100
0.700	0.100	0.100	0.100
0.100	0.100	0.700	0.100
0.700	0.100	0.100	0.100
0.100	0.100	0.700	0.100
0.700	0.100	0.100	0.100
0.100	0.100	0.700	0.100
0.100	0.100	0.700	0.100
>AAAGRGGAAGTG	3-AAAGRGGAAGTG	8.914041	-657.254245	0	T:1161.0(7.52%),B:3335.3(1.91%),P:1e-285	Tpos:93.5,Tstd:46.3,Bpos:2134.2,Bstd:6077.7,StrandBias:-0.0,Multiplicity:1.11
0.444	0.105	0.225	0.225
0.508	0.102	0.243	0.147
0.543	0.026	0.243	0.188
0.161	0.213	0.551	0.075
0.462	0.148	0.336	0.054
0.077	0.004	0.912	0.007
0.016	0.006	0.977	0.001
0.944	0.043	0.008	0.005
0.923	0.031	0.001	0.045
0.119	0.169	0.711	0.001
0.056	0.157	0.077	0.710
0.208	0.178	0.443	0.171
>CGCGCACACACA	4-CGCGCACACACA	2.625881	-527.982761	0	T:15054.0(97.56%),B:158976.1(90.98%),P:1e-229	Tpos:90.4,Tstd:51.9,Bpos:1425.9,Bstd:6270.7,StrandBias:-0.0,Multiplicity:2.44
0.100	0.700	0.100	0.100
0.100	0.100	0.700	0.100
0.100	0.700	0.100	0.100
0.100	0.100	0.700	0.100
0.100	0.700	0.100	0.100
0.700	0.100	0.100	0.100
0.100	0.700	0.100	0.100
0.700	0.100	0.100	0.100
0.100	0.700	0.100	0.100
0.700	0.100	0.100	0.100
0.100	0.700	0.100	0.100
0.700	0.100	0.100	0.100
>CACACANGCACA	5-CACACANGCACA	3.184361	-464.488832	0	T:13775.0(89.27%),B:139465.6(79.82%),P:1e-201	Tpos:88.5,Tstd:52.4,Bpos:3594.0,Bstd:12508.8,StrandBias:-0.0,Multiplicity:1.48
0.078	0.818	0.061	0.043
0.827	0.103	0.001	0.069
0.122	0.641	0.191	0.046
0.731	0.168	0.001	0.100
0.160	0.508	0.234	0.098
0.565	0.207	0.081	0.147
0.231	0.267	0.304	0.198
0.001	0.037	0.912	0.050
0.121	0.669	0.144	0.066
0.600	0.202	0.080	0.118
0.106	0.736	0.118	0.040
0.760	0.101	0.051	0.088
>CCACCAGGTGGC	6-CCACCAGGTGGC	3.124418	-169.546015	0	T:9214.0(59.71%),B:91042.1(52.10%),P:1e-73	Tpos:90.0,Tstd:50.2,Bpos:1824.1,Bstd:6860.5,StrandBias:-0.0,Multiplicity:1.45
0.211	0.619	0.097	0.073
0.001	0.997	0.001	0.001
0.707	0.248	0.044	0.001
0.064	0.589	0.111	0.236
0.040	0.741	0.053	0.166
0.636	0.001	0.001	0.362
0.171	0.086	0.623	0.120
0.233	0.151	0.615	0.001
0.001	0.065	0.172	0.762
0.001	0.001	0.997	0.001
0.150	0.017	0.693	0.140
0.088	0.599	0.005	0.308
>ACTACAATTCCC	7-ACTACAATTCCC	9.561732	-112.258641	0	T:362.0(2.35%),B:1591.7(0.91%),P:1e-48	Tpos:93.5,Tstd:48.2,Bpos:808.2,Bstd:3278.0,StrandBias:-0.0,Multiplicity:1.17
0.767	0.110	0.071	0.052
0.056	0.801	0.073	0.070
0.093	0.149	0.064	0.694
0.704	0.089	0.122	0.085
0.042	0.829	0.076	0.053
0.733	0.115	0.072	0.080
0.628	0.149	0.112	0.111
0.082	0.151	0.085	0.682
0.043	0.111	0.092	0.754
0.084	0.744	0.069	0.103
0.066	0.838	0.033	0.063
0.067	0.824	0.037	0.072
>NACACACACACN	8-NACACACACACN	3.317579	-97.663098	0	T:10855.0(70.35%),B:113440.0(64.92%),P:1e-42	Tpos:90.1,Tstd:51.8,Bpos:3468.0,Bstd:11695.7,StrandBias:-0.0,Multiplicity:1.43
0.243	0.226	0.334	0.197
0.630	0.128	0.113	0.129
0.145	0.625	0.140	0.090
0.639	0.143	0.094	0.124
0.132	0.644	0.124	0.100
0.619	0.149	0.094	0.138
0.135	0.650	0.118	0.097
0.621	0.140	0.099	0.140
0.121	0.656	0.126	0.097
0.623	0.155	0.093	0.129
0.131	0.641	0.122	0.106
0.316	0.261	0.187	0.237
>CACACACACACA	9-CACACACACACA	2.727243	-51.099358	0	T:8336.0(54.02%),B:87210.3(49.91%),P:1e-22	Tpos:90.7,Tstd:48.4,Bpos:2216.2,Bstd:7945.7,StrandBias:-0.0,Multiplicity:1.63
0.043	0.692	0.025	0.240
0.612	0.025	0.245	0.118
0.008	0.696	0.024	0.272
0.584	0.005	0.360	0.051
0.001	0.815	0.014	0.170
0.667	0.013	0.268	0.052
0.001	0.760	0.082	0.157
0.603	0.036	0.342	0.019
0.011	0.743	0.003	0.243
0.613	0.016	0.321	0.050
0.038	0.676	0.079	0.207
0.538	0.036	0.304	0.122
>GGGGGAGGGGAG	10-GGGGGAGGGGAG	0.679971	-28.037183	0	T:15431.0(100.00%),B:174402.9(99.81%),P:1e-12	Tpos:90.1,Tstd:54.2,Bpos:1963.3,Bstd:8973.8,StrandBias:-0.0,Multiplicity:2.09
0.100	0.100	0.700	0.100
0.100	0.100	0.700	0.100
0.100	0.100	0.700	0.100
0.100	0.100	0.700	0.100
0.100	0.100	0.700	0.100
0.700	0.100	0.100	0.100
0.100	0.100	0.700	0.100
0.100	0.100	0.700	0.100
0.100	0.100	0.700	0.100
0.100	0.100	0.700	0.100
0.700	0.100	0.100	0.100
0.100	0.100	0.700	0.100
>CWAAWSCAAGGY	11-CWAAWSCAAGGY	-3.722981	-17.527856	0	T:15431.0(100.00%),B:174526.2(99.88%),P:1e-7	Tpos:88.6,Tstd:54.9,Bpos:6425.7,Bstd:14496.5,StrandBias:0.0,Multiplicity:1.73
0.235	0.436	0.127	0.202
0.404	0.058	0.114	0.424
0.436	0.155	0.214	0.195
0.516	0.198	0.001	0.285
0.293	0.001	0.269	0.437
0.001	0.495	0.461	0.043
0.331	0.667	0.001	0.001
0.942	0.001	0.001	0.056
0.515	0.001	0.226	0.258
0.198	0.001	0.536	0.265
0.034	0.034	0.655	0.277
0.024	0.493	0.091	0.391
>ATGCAAAAGCAG	12-ATGCAAAAGCAG	14.985633	-2.922946	0	T:3.0(0.02%),B:8.1(0.00%),P:1e-1	Tpos:67.0,Tstd:0.0,Bpos:767.1,Bstd:418.5,StrandBias:10.0,Multiplicity:1.00
0.997	0.001	0.001	0.001
0.332	0.001	0.001	0.666
0.001	0.001	0.997	0.001
0.001	0.997	0.001	0.001
0.997	0.001	0.001	0.001
0.666	0.001	0.332	0.001
0.997	0.001	0.001	0.001
0.666	0.001	0.001	0.332
0.001	0.001	0.997	0.001
0.001	0.997	0.001	0.001
0.997	0.001	0.001	0.001
0.332	0.001	0.666	0.001
>DKCAGCAGCADY	13-DKCAGCAGCADY	8.492540	-2.287816	0	T:17.0(0.11%),B:133.5(0.08%),P:1e0	Tpos:129.0,Tstd:0.0,Bpos:884.5,Bstd:868.5,StrandBias:-10.0,Multiplicity:1.00
0.381	0.066	0.251	0.302
0.148	0.151	0.399	0.302
0.251	0.535	0.061	0.153
0.639	0.034	0.028	0.299
0.179	0.062	0.539	0.220
0.154	0.633	0.066	0.147
0.643	0.026	0.011	0.320
0.158	0.100	0.591	0.151
0.128	0.619	0.083	0.170
0.563	0.076	0.017	0.344
0.334	0.072	0.361	0.233
0.165	0.301	0.191	0.343
>NTWYTGCATKTK	14-NTWYTGCATKTK	9.102242	-0.207392	0	T:7.0(0.05%),B:105.8(0.06%),P:1e0	Tpos:121.0,Tstd:0.0,Bpos:3271.5,Bstd:2613.0,StrandBias:10.0,Multiplicity:1.00
0.269	0.174	0.262	0.294
0.276	0.085	0.183	0.456
0.337	0.058	0.196	0.410
0.073	0.370	0.205	0.352
0.312	0.001	0.012	0.675
0.001	0.146	0.658	0.195
0.001	0.997	0.001	0.001
0.600	0.036	0.001	0.363
0.180	0.001	0.098	0.721
0.024	0.187	0.458	0.331
0.079	0.001	0.048	0.872
0.024	0.183	0.397	0.395
>RKCAGMAGCWGN	15-RKCAGMAGCWGN	7.226039	-0.000222	0	T:427.0(2.77%),B:5722.4(3.27%),P:1e0	Tpos:92.7,Tstd:45.0,Bpos:609.9,Bstd:1275.1,StrandBias:1.0,Multiplicity:1.07
0.434	0.083	0.314	0.169
0.118	0.178	0.396	0.308
0.254	0.531	0.093	0.122
0.565	0.024	0.041	0.370
0.246	0.088	0.515	0.151
0.397	0.412	0.079	0.112
0.646	0.019	0.038	0.297
0.162	0.171	0.501	0.166
0.143	0.699	0.022	0.136
0.531	0.050	0.003	0.416
0.268	0.057	0.499	0.176
0.208	0.333	0.250	0.209
>WBYTGCWGCWGN	16-WBYTGCWGCWGN	7.091147	-0.000011	0	T:283.0(1.83%),B:4106.7(2.35%),P:1e0	Tpos:96.4,Tstd:59.1,Bpos:1209.5,Bstd:3841.3,StrandBias:-0.6,Multiplicity:1.00
0.403	0.006	0.241	0.350
0.156	0.326	0.266	0.252
0.229	0.406	0.002	0.363
0.321	0.001	0.059	0.619
0.120	0.120	0.580	0.180
0.128	0.668	0.166	0.038
0.519	0.007	0.018	0.456
0.184	0.083	0.563	0.170
0.224	0.509	0.188	0.079
0.495	0.024	0.043	0.438
0.256	0.104	0.453	0.187
0.282	0.277	0.191	0.250
>GSRGCBSCAGSC	17-GSRGCBSCAGSC	7.315738	-0.000000	0	T:1123.0(7.28%),B:21874.5(12.52%),P:1e0	Tpos:95.4,Tstd:67.1,Bpos:468.1,Bstd:1585.3,StrandBias:0.4,Multiplicity:1.00
0.042	0.268	0.581	0.109
0.127	0.449	0.314	0.110
0.360	0.169	0.350	0.121
0.085	0.106	0.773	0.036
0.057	0.647	0.225	0.071
0.070	0.305	0.364	0.261
0.071	0.455	0.417	0.057
0.113	0.738	0.067	0.082
0.388	0.191	0.184	0.236
0.085	0.180	0.622	0.113
0.029	0.396	0.483	0.092
0.194	0.466	0.057	0.283
>AKGNGGCCCYKG	18-AKGNGGCCCYKG	7.105019	-0.000000	0	T:737.0(4.78%),B:15066.2(8.62%),P:1e0	Tpos:58.3,Tstd:50.1,Bpos:551.8,Bstd:1414.0,StrandBias:-0.7,Multiplicity:1.00
0.491	0.226	0.262	0.022
0.185	0.041	0.451	0.323
0.041	0.246	0.712	0.001
0.267	0.323	0.184	0.226
0.206	0.287	0.466	0.041
0.082	0.122	0.673	0.123
0.097	0.452	0.288	0.163
0.020	0.795	0.164	0.021
0.219	0.657	0.001	0.123
0.001	0.348	0.205	0.446
0.082	0.144	0.431	0.343
0.061	0.349	0.529	0.061
>NNNNNNNNNNNN	19-NNNNNNNNNNNN	-nan	0.000000	0	T:0.0(0.00%),B:0.0(0.00%),P:1e0	Tpos:0.0,Tstd:0.0,Bpos:0.0,Bstd:0.0,StrandBias:0.0,Multiplicity:1.00
-nan	-nan	-nan	-nan
-nan	-nan	-nan	-nan
-nan	-nan	-nan	-nan
-nan	-nan	-nan	-nan
-nan	-nan	-nan	-nan
-nan	-nan	-nan	-nan
-nan	-nan	-nan	-nan
-nan	-nan	-nan	-nan
-nan	-nan	-nan	-nan
-nan	-nan	-nan	-nan
-nan	-nan	-nan	-nan
-nan	-nan	-nan	-nan
>NNNNNNNNNNNN	20-NNNNNNNNNNNN	-nan	0.000000	0	T:0.0(0.00%),B:0.0(0.00%),P:1e0	Tpos:0.0,Tstd:0.0,Bpos:0.0,Bstd:0.0,StrandBias:0.0,Multiplicity:1.00
-nan	-nan	-nan	-nan
-nan	-nan	-nan	-nan
-nan	-nan	-nan	-nan
-nan	-nan	-nan	-nan
-nan	-nan	-nan	-nan
-nan	-nan	-nan	-nan
-nan	-nan	-nan	-nan
-nan	-nan	-nan	-nan
-nan	-nan	-nan	-nan
-nan	-nan	-nan	-nan
-nan	-nan	-nan	-nan
-nan	-nan	-nan	-nan
>NNNNNNNNNNNN	21-NNNNNNNNNNNN	-nan	0.000000	0	T:0.0(0.00%),B:0.0(0.00%),P:1e0	Tpos:0.0,Tstd:0.0,Bpos:0.0,Bstd:0.0,StrandBias:0.0,Multiplicity:1.00
-nan	-nan	-nan	-nan
-nan	-nan	-nan	-nan
-nan	-nan	-nan	-nan
-nan	-nan	-nan	-nan
-nan	-nan	-nan	-nan
-nan	-nan	-nan	-nan
-nan	-nan	-nan	-nan
-nan	-nan	-nan	-nan
-nan	-nan	-nan	-nan
-nan	-nan	-nan	-nan
-nan	-nan	-nan	-nan
-nan	-nan	-nan	-nan
>NNNNNNNNNNNN	22-NNNNNNNNNNNN	-nan	0.000000	0	T:0.0(0.00%),B:0.0(0.00%),P:1e0	Tpos:0.0,Tstd:0.0,Bpos:0.0,Bstd:0.0,StrandBias:0.0,Multiplicity:1.00
-nan	-nan	-nan	-nan
-nan	-nan	-nan	-nan
-nan	-nan	-nan	-nan
-nan	-nan	-nan	-nan
-nan	-nan	-nan	-nan
-nan	-nan	-nan	-nan
-nan	-nan	-nan	-nan
-nan	-nan	-nan	-nan
-nan	-nan	-nan	-nan
-nan	-nan	-nan	-nan
-nan	-nan	-nan	-nan
-nan	-nan	-nan	-nan
>NNNNNNNNNNNN	23-NNNNNNNNNNNN	-nan	0.000000	0	T:0.0(0.00%),B:0.0(0.00%),P:1e0	Tpos:0.0,Tstd:0.0,Bpos:0.0,Bstd:0.0,StrandBias:0.0,Multiplicity:1.00
-nan	-nan	-nan	-nan
-nan	-nan	-nan	-nan
-nan	-nan	-nan	-nan
-nan	-nan	-nan	-nan
-nan	-nan	-nan	-nan
-nan	-nan	-nan	-nan
-nan	-nan	-nan	-nan
-nan	-nan	-nan	-nan
-nan	-nan	-nan	-nan
-nan	-nan	-nan	-nan
-nan	-nan	-nan	-nan
-nan	-nan	-nan	-nan
>NNNNNNNNNNNN	24-NNNNNNNNNNNN	-nan	0.000000	0	T:0.0(0.00%),B:0.0(0.00%),P:1e0	Tpos:0.0,Tstd:0.0,Bpos:0.0,Bstd:0.0,StrandBias:0.0,Multiplicity:1.00
-nan	-nan	-nan	-nan
-nan	-nan	-nan	-nan
-nan	-nan	-nan	-nan
-nan	-nan	-nan	-nan
-nan	-nan	-nan	-nan
-nan	-nan	-nan	-nan
-nan	-nan	-nan	-nan
-nan	-nan	-nan	-nan
-nan	-nan	-nan	-nan
-nan	-nan	-nan	-nan
-nan	-nan	-nan	-nan
-nan	-nan	-nan	-nan
>NNNNNNNNNNNN	25-NNNNNNNNNNNN	-nan	0.000000	0	T:0.0(0.00%),B:0.0(0.00%),P:1e0	Tpos:0.0,Tstd:0.0,Bpos:0.0,Bstd:0.0,StrandBias:0.0,Multiplicity:1.00
-nan	-nan	-nan	-nan
-nan	-nan	-nan	-nan
-nan	-nan	-nan	-nan
-nan	-nan	-nan	-nan
-nan	-nan	-nan	-nan
-nan	-nan	-nan	-nan
-nan	-nan	-nan	-nan
-nan	-nan	-nan	-nan
-nan	-nan	-nan	-nan
-nan	-nan	-nan	-nan
-nan	-nan	-nan	-nan
-nan	-nan	-nan	-nan
