>CTTCCYCTYN	1-CTTCCYCTYN	4.412847	-904.758538	0	T:12780.0(82.82%),B:117185.3(67.07%),P:1e-392	Tpos:89.1,Tstd:52.0,Bpos:2920.0,Bstd:10722.7,StrandBias:-0.1,Multiplicity:1.46
0.001	0.605	0.221	0.173
0.172	0.001	0.001	0.826
0.001	0.001	0.111	0.887
0.001	0.981	0.017	0.001
0.013	0.985	0.001	0.001
0.009	0.400	0.071	0.520
0.046	0.441	0.238	0.276
0.215	0.179	0.137	0.468
0.136	0.382	0.230	0.253
0.195	0.312	0.207	0.286
>GVARRRGGSA	2-GVARRRGGSA	4.414289	-783.525882	0	T:13004.0(84.27%),B:122405.7(70.05%),P:1e-340	Tpos:88.5,Tstd:51.9,Bpos:2380.5,Bstd:8770.9,StrandBias:0.0,Multiplicity:1.51
0.216	0.170	0.588	0.026
0.307	0.266	0.399	0.028
0.461	0.266	0.258	0.015
0.411	0.086	0.291	0.211
0.360	0.120	0.390	0.130
0.467	0.053	0.348	0.132
0.171	0.020	0.648	0.161
0.195	0.006	0.783	0.016
0.143	0.403	0.425	0.029
0.917	0.040	0.020	0.023
>AGAGGAAGTG	3-AGAGGAAGTG	3.334814	-723.908577	0	T:10435.0(67.62%),B:90727.7(51.92%),P:1e-314	Tpos:90.3,Tstd:50.7,Bpos:1997.7,Bstd:7630.2,StrandBias:0.0,Multiplicity:1.66
0.729	0.049	0.118	0.104
0.191	0.322	0.477	0.010
0.615	0.175	0.209	0.001
0.001	0.001	0.997	0.001
0.001	0.001	0.997	0.001
0.962	0.036	0.001	0.001
0.908	0.001	0.001	0.090
0.092	0.113	0.794	0.001
0.001	0.178	0.071	0.750
0.276	0.145	0.578	0.001
>YCCYCHCWBC	4-YCCYCHCWBC	3.960442	-720.240900	0	T:14496.0(93.94%),B:145976.2(83.54%),P:1e-312	Tpos:88.6,Tstd:52.4,Bpos:2468.6,Bstd:9624.4,StrandBias:-0.1,Multiplicity:1.39
0.167	0.373	0.194	0.266
0.102	0.575	0.086	0.237
0.136	0.625	0.001	0.238
0.160	0.359	0.001	0.480
0.001	0.507	0.227	0.265
0.265	0.368	0.001	0.367
0.001	0.873	0.125	0.001
0.379	0.152	0.001	0.468
0.158	0.317	0.313	0.212
0.214	0.409	0.210	0.168
>CCHCAGCHVN	5-CCHCAGCHVN	4.009061	-677.700566	0	T:14925.0(96.72%),B:154262.9(88.28%),P:1e-294	Tpos:89.0,Tstd:52.5,Bpos:2327.4,Bstd:7532.7,StrandBias:-0.0,Multiplicity:1.44
0.270	0.458	0.001	0.271
0.001	0.997	0.001	0.001
0.306	0.390	0.001	0.303
0.001	0.997	0.001	0.001
0.595	0.001	0.001	0.403
0.001	0.001	0.774	0.224
0.077	0.442	0.243	0.238
0.233	0.272	0.147	0.348
0.210	0.294	0.328	0.169
0.251	0.270	0.226	0.252
>GKGKKKDDGD	6-GKGKKKDDGD	2.848690	-613.728167	0	T:15075.0(97.69%),B:158141.7(90.50%),P:1e-266	Tpos:89.8,Tstd:54.1,Bpos:3756.2,Bstd:12688.4,StrandBias:0.1,Multiplicity:1.40
0.074	0.040	0.523	0.363
0.054	0.001	0.522	0.423
0.082	0.087	0.743	0.088
0.244	0.034	0.401	0.321
0.026	0.065	0.473	0.436
0.043	0.087	0.446	0.424
0.235	0.080	0.341	0.345
0.311	0.056	0.345	0.288
0.338	0.084	0.513	0.065
0.301	0.045	0.384	0.270
>RGRAGGRRGG	7-RGRAGGRRGG	3.750551	-607.694567	0	T:13463.0(87.25%),B:132138.2(75.62%),P:1e-263	Tpos:90.0,Tstd:54.0,Bpos:2466.9,Bstd:8984.0,StrandBias:0.1,Multiplicity:1.39
0.396	0.001	0.544	0.059
0.332	0.001	0.666	0.001
0.437	0.033	0.529	0.001
0.550	0.001	0.389	0.060
0.378	0.001	0.589	0.032
0.325	0.001	0.605	0.069
0.446	0.052	0.490	0.011
0.400	0.001	0.477	0.121
0.294	0.001	0.704	0.001
0.091	0.167	0.628	0.114
>DKBHWGBCHY	8-DKBHWGBCHY	3.152305	-605.608266	0	T:15025.0(97.37%),B:157258.4(90.00%),P:1e-263	Tpos:88.2,Tstd:53.4,Bpos:3170.9,Bstd:10621.4,StrandBias:-0.0,Multiplicity:1.42
0.280	0.049	0.328	0.343
0.061	0.054	0.462	0.424
0.030	0.295	0.346	0.329
0.326	0.354	0.043	0.276
0.397	0.023	0.100	0.480
0.088	0.084	0.729	0.099
0.037	0.315	0.290	0.359
0.080	0.717	0.084	0.119
0.318	0.271	0.007	0.404
0.034	0.513	0.084	0.369
>AAGAGGAAGT	9-AAGAGGAAGT	9.069203	-535.905281	0	T:1165.0(7.55%),B:3975.3(2.28%),P:1e-232	Tpos:93.9,Tstd:46.7,Bpos:1968.9,Bstd:5312.8,StrandBias:0.0,Multiplicity:1.11
0.661	0.063	0.197	0.079
0.710	0.015	0.151	0.124
0.137	0.182	0.660	0.021
0.497	0.107	0.336	0.059
0.083	0.001	0.913	0.003
0.030	0.009	0.954	0.007
0.983	0.011	0.001	0.005
0.982	0.009	0.001	0.008
0.071	0.116	0.803	0.010
0.017	0.126	0.021	0.836
>CYCYCWGVNN	10-CYCYCWGVNN	2.615785	-515.516608	0	T:13849.0(89.75%),B:139509.5(79.84%),P:1e-223	Tpos:90.3,Tstd:52.5,Bpos:4462.3,Bstd:14745.7,StrandBias:0.0,Multiplicity:1.45
0.001	0.746	0.001	0.252
0.243	0.347	0.001	0.409
0.001	0.997	0.001	0.001
0.238	0.438	0.001	0.322
0.001	0.997	0.001	0.001
0.573	0.001	0.001	0.425
0.156	0.001	0.842	0.001
0.218	0.283	0.359	0.139
0.267	0.231	0.270	0.232
0.215	0.263	0.303	0.219
>DGNCWNCTGD	11-DGNCWNCTGD	4.354137	-374.884804	0	T:13836.0(89.66%),B:142259.9(81.42%),P:1e-162	Tpos:88.4,Tstd:51.8,Bpos:2226.6,Bstd:7496.9,StrandBias:0.0,Multiplicity:1.45
0.327	0.002	0.345	0.326
0.217	0.001	0.580	0.202
0.288	0.194	0.332	0.186
0.020	0.587	0.392	0.001
0.479	0.001	0.001	0.519
0.214	0.255	0.318	0.212
0.219	0.414	0.215	0.152
0.371	0.001	0.001	0.627
0.001	0.001	0.997	0.001
0.229	0.183	0.361	0.227
>AGGCAGAVGB	12-AGGCAGAVGB	1.156903	-326.985017	0	T:11313.0(73.31%),B:110583.0(63.29%),P:1e-142	Tpos:89.3,Tstd:52.3,Bpos:2099.8,Bstd:7556.3,StrandBias:0.0,Multiplicity:1.43
0.997	0.001	0.001	0.001
0.001	0.001	0.997	0.001
0.001	0.001	0.997	0.001
0.001	0.997	0.001	0.001
0.997	0.001	0.001	0.001
0.001	0.001	0.997	0.001
0.702	0.001	0.193	0.104
0.396	0.290	0.313	0.001
0.088	0.170	0.588	0.154
0.121	0.327	0.312	0.239
>CRCRCACRCA	13-CRCRCACRCA	1.367103	-73.406965	0	T:8464.0(54.85%),B:87161.3(49.88%),P:1e-31	Tpos:90.4,Tstd:48.4,Bpos:2462.8,Bstd:8605.4,StrandBias:-0.0,Multiplicity:1.68
0.001	0.646	0.001	0.352
0.506	0.001	0.429	0.064
0.001	0.586	0.001	0.412
0.409	0.001	0.553	0.037
0.001	0.781	0.001	0.217
0.693	0.001	0.305	0.001
0.001	0.652	0.016	0.331
0.486	0.001	0.512	0.001
0.001	0.711	0.042	0.246
0.672	0.001	0.284	0.043
>CWGNWGNWBN	14-CWGNWGNWBN	5.087783	-1.897125	0	T:94.0(0.61%),B:946.6(0.54%),P:1e0	Tpos:107.6,Tstd:28.7,Bpos:1426.7,Bstd:4833.9,StrandBias:2.6,Multiplicity:1.00
0.001	0.632	0.366	0.001
0.505	0.001	0.001	0.493
0.034	0.287	0.442	0.237
0.266	0.290	0.240	0.203
0.497	0.001	0.001	0.501
0.271	0.287	0.441	0.001
0.264	0.293	0.212	0.231
0.425	0.001	0.001	0.573
0.148	0.262	0.329	0.261
0.195	0.299	0.195	0.312
>VCAGCWKCWG	15-VCAGCWKCWG	6.673869	-0.610322	0	T:318.0(2.06%),B:3619.8(2.07%),P:1e0	Tpos:83.6,Tstd:54.0,Bpos:686.6,Bstd:2228.1,StrandBias:-0.5,Multiplicity:1.00
0.305	0.234	0.322	0.138
0.302	0.619	0.078	0.001
0.645	0.001	0.001	0.353
0.144	0.219	0.460	0.177
0.177	0.413	0.228	0.182
0.408	0.112	0.001	0.479
0.115	0.199	0.404	0.282
0.169	0.650	0.180	0.001
0.495	0.001	0.001	0.503
0.138	0.103	0.524	0.235
>NCWBCWGCWG	16-NCWBCWGCWG	5.841620	-0.242423	0	T:306.0(1.98%),B:3624.3(2.07%),P:1e0	Tpos:59.7,Tstd:32.5,Bpos:1508.4,Bstd:3936.3,StrandBias:-1.0,Multiplicity:1.00
0.251	0.204	0.305	0.239
0.225	0.468	0.226	0.081
0.562	0.001	0.001	0.436
0.146	0.273	0.362	0.219
0.102	0.470	0.215	0.213
0.430	0.001	0.001	0.568
0.133	0.202	0.446	0.218
0.187	0.522	0.290	0.001
0.535	0.001	0.001	0.463
0.186	0.229	0.434	0.151
>HCMCAGVHSV	17-HCMCAGVHSV	7.622344	-0.132309	0	T:41.0(0.27%),B:552.2(0.32%),P:1e0	Tpos:72.1,Tstd:47.6,Bpos:1211.9,Bstd:3269.7,StrandBias:0.0,Multiplicity:1.00
0.292	0.428	0.001	0.279
0.001	0.997	0.001	0.001
0.370	0.409	0.001	0.220
0.001	0.997	0.001	0.001
0.631	0.001	0.001	0.367
0.133	0.001	0.865	0.001
0.250	0.373	0.375	0.001
0.363	0.264	0.001	0.372
0.173	0.284	0.412	0.131
0.228	0.357	0.289	0.126
>CWGCWGCTGH	18-CWGCWGCTGH	6.838301	-0.079834	0	T:165.0(1.07%),B:2087.9(1.19%),P:1e0	Tpos:84.9,Tstd:41.3,Bpos:667.7,Bstd:1990.2,StrandBias:-0.2,Multiplicity:1.00
0.050	0.656	0.246	0.048
0.512	0.001	0.001	0.486
0.052	0.301	0.500	0.147
0.239	0.475	0.141	0.145
0.432	0.001	0.001	0.566
0.067	0.209	0.521	0.203
0.196	0.449	0.236	0.119
0.402	0.001	0.001	0.596
0.059	0.287	0.453	0.201
0.204	0.320	0.163	0.312
>WCASCACCWG	19-WCASCACCWG	7.828369	-0.057371	0	T:73.0(0.47%),B:992.5(0.57%),P:1e0	Tpos:86.2,Tstd:51.7,Bpos:1209.5,Bstd:2783.8,StrandBias:-0.8,Multiplicity:1.00
0.492	0.079	0.063	0.365
0.087	0.705	0.192	0.016
0.668	0.075	0.001	0.256
0.126	0.318	0.458	0.098
0.232	0.562	0.198	0.008
0.457	0.223	0.060	0.260
0.095	0.593	0.162	0.150
0.117	0.800	0.006	0.077
0.468	0.001	0.001	0.530
0.096	0.253	0.471	0.180
>NVWGCWNSWK	20-NVWGCWNSWK	5.184499	-0.038001	0	T:28.0(0.18%),B:436.3(0.25%),P:1e0	Tpos:67.3,Tstd:50.7,Bpos:1350.8,Bstd:5316.1,StrandBias:-10.0,Multiplicity:1.00
0.270	0.239	0.232	0.259
0.221	0.346	0.247	0.185
0.471	0.001	0.001	0.527
0.001	0.289	0.452	0.258
0.281	0.481	0.236	0.001
0.485	0.081	0.001	0.434
0.216	0.205	0.348	0.232
0.241	0.425	0.323	0.011
0.505	0.001	0.001	0.493
0.001	0.260	0.439	0.300
>NNWBCWDNWK	21-NNWBCWDNWK	4.806288	-0.004270	0	T:313.0(2.03%),B:4110.6(2.35%),P:1e0	Tpos:92.6,Tstd:54.7,Bpos:1096.4,Bstd:3015.6,StrandBias:-0.3,Multiplicity:1.00
0.268	0.202	0.276	0.254
0.265	0.244	0.233	0.258
0.505	0.001	0.001	0.493
0.001	0.348	0.400	0.251
0.412	0.586	0.001	0.001
0.496	0.001	0.001	0.502
0.218	0.189	0.360	0.233
0.226	0.344	0.208	0.221
0.465	0.001	0.001	0.533
0.248	0.002	0.434	0.317
>NCAGCWGMTG	22-NCAGCWGMTG	6.457324	-0.000057	0	T:602.0(3.90%),B:7962.1(4.56%),P:1e0	Tpos:95.6,Tstd:50.7,Bpos:884.7,Bstd:2693.0,StrandBias:-0.5,Multiplicity:1.00
0.257	0.194	0.343	0.206
0.264	0.604	0.131	0.001
0.647	0.001	0.001	0.351
0.141	0.205	0.507	0.147
0.234	0.526	0.181	0.059
0.491	0.001	0.001	0.507
0.108	0.181	0.522	0.189
0.264	0.406	0.226	0.105
0.402	0.001	0.001	0.596
0.140	0.153	0.477	0.230
>DNDRBHSWDN	23-DNDRBHSWDN	4.638140	-0.000003	0	T:136.0(0.88%),B:2243.7(1.28%),P:1e0	Tpos:74.0,Tstd:45.3,Bpos:1485.2,Bstd:4122.7,StrandBias:0.6,Multiplicity:1.00
0.318	0.001	0.373	0.308
0.203	0.245	0.335	0.217
0.366	0.001	0.358	0.276
0.512	0.001	0.486	0.001
0.001	0.304	0.396	0.299
0.368	0.271	0.001	0.360
0.001	0.571	0.427	0.001
0.489	0.001	0.001	0.509
0.275	0.001	0.389	0.335
0.239	0.267	0.268	0.226
>CWGCWGCWGN	24-CWGCWGCWGN	6.345996	-0.000000	0	T:275.0(1.78%),B:4533.0(2.59%),P:1e0	Tpos:86.9,Tstd:47.1,Bpos:392.4,Bstd:897.5,StrandBias:0.4,Multiplicity:1.04
0.174	0.495	0.241	0.090
0.532	0.001	0.001	0.466
0.047	0.315	0.504	0.134
0.241	0.500	0.132	0.127
0.534	0.001	0.001	0.464
0.152	0.153	0.525	0.170
0.205	0.436	0.286	0.074
0.479	0.001	0.001	0.519
0.125	0.230	0.428	0.217
0.247	0.327	0.209	0.217
>NNNNNNNNNN	25-NNNNNNNNNN	-nan	0.000000	0	T:0.0(0.00%),B:0.0(0.00%),P:1e0	Tpos:0.0,Tstd:0.0,Bpos:0.0,Bstd:0.0,StrandBias:0.0,Multiplicity:1.00
-nan	-nan	-nan	-nan
-nan	-nan	-nan	-nan
-nan	-nan	-nan	-nan
-nan	-nan	-nan	-nan
-nan	-nan	-nan	-nan
-nan	-nan	-nan	-nan
-nan	-nan	-nan	-nan
-nan	-nan	-nan	-nan
-nan	-nan	-nan	-nan
-nan	-nan	-nan	-nan
>TCCCSYYBCCTG	1-TCCCSYYBCCTG	3.074589	-786.888572	0	T:15083.0(97.74%),B:155903.9(89.22%),P:1e-341	Tpos:88.2,Tstd:52.8,Bpos:2003.2,Bstd:7525.4,StrandBias:-0.1,Multiplicity:1.47
0.054	0.124	0.154	0.668
0.001	0.615	0.172	0.212
0.311	0.521	0.009	0.159
0.147	0.462	0.116	0.275
0.104	0.376	0.310	0.209
0.120	0.410	0.171	0.299
0.172	0.392	0.190	0.247
0.015	0.318	0.339	0.328
0.001	0.767	0.193	0.039
0.005	0.993	0.001	0.001
0.061	0.003	0.001	0.935
0.016	0.016	0.809	0.159
>GAGAGAGAGAGG	2-GAGAGAGAGAGG	2.625881	-692.997453	0	T:15312.0(99.23%),B:162529.2(93.02%),P:1e-300	Tpos:88.9,Tstd:52.4,Bpos:2796.2,Bstd:9677.3,StrandBias:0.0,Multiplicity:2.22
0.100	0.100	0.700	0.100
0.700	0.100	0.100	0.100
0.100	0.100	0.700	0.100
0.700	0.100	0.100	0.100
0.100	0.100	0.700	0.100
0.700	0.100	0.100	0.100
0.100	0.100	0.700	0.100
0.700	0.100	0.100	0.100
0.100	0.100	0.700	0.100
0.700	0.100	0.100	0.100
0.100	0.100	0.700	0.100
0.100	0.100	0.700	0.100
>AAAGRGGAAGTG	3-AAAGRGGAAGTG	8.914041	-657.254245	0	T:1161.0(7.52%),B:3335.3(1.91%),P:1e-285	Tpos:93.5,Tstd:46.3,Bpos:2134.2,Bstd:6077.7,StrandBias:-0.0,Multiplicity:1.11
0.444	0.105	0.225	0.225
0.508	0.102	0.243	0.147
0.543	0.026	0.243	0.188
0.161	0.213	0.551	0.075
0.462	0.148	0.336	0.054
0.077	0.004	0.912	0.007
0.016	0.006	0.977	0.001
0.944	0.043	0.008	0.005
0.923	0.031	0.001	0.045
0.119	0.169	0.711	0.001
0.056	0.157	0.077	0.710
0.208	0.178	0.443	0.171
>CGCGCACACACA	4-CGCGCACACACA	2.625881	-527.982761	0	T:15054.0(97.56%),B:158976.1(90.98%),P:1e-229	Tpos:90.4,Tstd:51.9,Bpos:1425.9,Bstd:6270.7,StrandBias:-0.0,Multiplicity:2.44
0.100	0.700	0.100	0.100
0.100	0.100	0.700	0.100
0.100	0.700	0.100	0.100
0.100	0.100	0.700	0.100
0.100	0.700	0.100	0.100
0.700	0.100	0.100	0.100
0.100	0.700	0.100	0.100
0.700	0.100	0.100	0.100
0.100	0.700	0.100	0.100
0.700	0.100	0.100	0.100
0.100	0.700	0.100	0.100
0.700	0.100	0.100	0.100
>CACACANGCACA	5-CACACANGCACA	3.184361	-464.488832	0	T:13775.0(89.27%),B:139465.6(79.82%),P:1e-201	Tpos:88.5,Tstd:52.4,Bpos:3594.0,Bstd:12508.8,StrandBias:-0.0,Multiplicity:1.48
0.078	0.818	0.061	0.043
0.827	0.103	0.001	0.069
0.122	0.641	0.191	0.046
0.731	0.168	0.001	0.100
0.160	0.508	0.234	0.098
0.565	0.207	0.081	0.147
0.231	0.267	0.304	0.198
0.001	0.037	0.912	0.050
0.121	0.669	0.144	0.066
0.600	0.202	0.080	0.118
0.106	0.736	0.118	0.040
0.760	0.101	0.051	0.088
>CCACCAGGTGGC	6-CCACCAGGTGGC	3.124418	-169.546015	0	T:9214.0(59.71%),B:91042.1(52.10%),P:1e-73	Tpos:90.0,Tstd:50.2,Bpos:1824.1,Bstd:6860.5,StrandBias:-0.0,Multiplicity:1.45
0.211	0.619	0.097	0.073
0.001	0.997	0.001	0.001
0.707	0.248	0.044	0.001
0.064	0.589	0.111	0.236
0.040	0.741	0.053	0.166
0.636	0.001	0.001	0.362
0.171	0.086	0.623	0.120
0.233	0.151	0.615	0.001
0.001	0.065	0.172	0.762
0.001	0.001	0.997	0.001
0.150	0.017	0.693	0.140
0.088	0.599	0.005	0.308
>ACTACAATTCCC	7-ACTACAATTCCC	9.561732	-112.258641	0	T:362.0(2.35%),B:1591.7(0.91%),P:1e-48	Tpos:93.5,Tstd:48.2,Bpos:808.2,Bstd:3278.0,StrandBias:-0.0,Multiplicity:1.17
0.767	0.110	0.071	0.052
0.056	0.801	0.073	0.070
0.093	0.149	0.064	0.694
0.704	0.089	0.122	0.085
0.042	0.829	0.076	0.053
0.733	0.115	0.072	0.080
0.628	0.149	0.112	0.111
0.082	0.151	0.085	0.682
0.043	0.111	0.092	0.754
0.084	0.744	0.069	0.103
0.066	0.838	0.033	0.063
0.067	0.824	0.037	0.072
>NACACACACACN	8-NACACACACACN	3.317579	-97.663098	0	T:10855.0(70.35%),B:113440.0(64.92%),P:1e-42	Tpos:90.1,Tstd:51.8,Bpos:3468.0,Bstd:11695.7,StrandBias:-0.0,Multiplicity:1.43
0.243	0.226	0.334	0.197
0.630	0.128	0.113	0.129
0.145	0.625	0.140	0.090
0.639	0.143	0.094	0.124
0.132	0.644	0.124	0.100
0.619	0.149	0.094	0.138
0.135	0.650	0.118	0.097
0.621	0.140	0.099	0.140
0.121	0.656	0.126	0.097
0.623	0.155	0.093	0.129
0.131	0.641	0.122	0.106
0.316	0.261	0.187	0.237
>CACACACACACA	9-CACACACACACA	2.727243	-51.099358	0	T:8336.0(54.02%),B:87210.3(49.91%),P:1e-22	Tpos:90.7,Tstd:48.4,Bpos:2216.2,Bstd:7945.7,StrandBias:-0.0,Multiplicity:1.63
0.043	0.692	0.025	0.240
0.612	0.025	0.245	0.118
0.008	0.696	0.024	0.272
0.584	0.005	0.360	0.051
0.001	0.815	0.014	0.170
0.667	0.013	0.268	0.052
0.001	0.760	0.082	0.157
0.603	0.036	0.342	0.019
0.011	0.743	0.003	0.243
0.613	0.016	0.321	0.050
0.038	0.676	0.079	0.207
0.538	0.036	0.304	0.122
>GGGGGAGGGGAG	10-GGGGGAGGGGAG	0.679971	-28.037183	0	T:15431.0(100.00%),B:174402.9(99.81%),P:1e-12	Tpos:90.1,Tstd:54.2,Bpos:1963.3,Bstd:8973.8,StrandBias:-0.0,Multiplicity:2.09
0.100	0.100	0.700	0.100
0.100	0.100	0.700	0.100
0.100	0.100	0.700	0.100
0.100	0.100	0.700	0.100
0.100	0.100	0.700	0.100
0.700	0.100	0.100	0.100
0.100	0.100	0.700	0.100
0.100	0.100	0.700	0.100
0.100	0.100	0.700	0.100
0.100	0.100	0.700	0.100
0.700	0.100	0.100	0.100
0.100	0.100	0.700	0.100
>CWAAWSCAAGGY	11-CWAAWSCAAGGY	-3.722981	-17.527856	0	T:15431.0(100.00%),B:174526.2(99.88%),P:1e-7	Tpos:88.6,Tstd:54.9,Bpos:6425.7,Bstd:14496.5,StrandBias:0.0,Multiplicity:1.73
0.235	0.436	0.127	0.202
0.404	0.058	0.114	0.424
0.436	0.155	0.214	0.195
0.516	0.198	0.001	0.285
0.293	0.001	0.269	0.437
0.001	0.495	0.461	0.043
0.331	0.667	0.001	0.001
0.942	0.001	0.001	0.056
0.515	0.001	0.226	0.258
0.198	0.001	0.536	0.265
0.034	0.034	0.655	0.277
0.024	0.493	0.091	0.391
>ATGCAAAAGCAG	12-ATGCAAAAGCAG	14.985633	-2.922946	0	T:3.0(0.02%),B:8.1(0.00%),P:1e-1	Tpos:67.0,Tstd:0.0,Bpos:767.1,Bstd:418.5,StrandBias:10.0,Multiplicity:1.00
0.997	0.001	0.001	0.001
0.332	0.001	0.001	0.666
0.001	0.001	0.997	0.001
0.001	0.997	0.001	0.001
0.997	0.001	0.001	0.001
0.666	0.001	0.332	0.001
0.997	0.001	0.001	0.001
0.666	0.001	0.001	0.332
0.001	0.001	0.997	0.001
0.001	0.997	0.001	0.001
0.997	0.001	0.001	0.001
0.332	0.001	0.666	0.001
>DKCAGCAGCADY	13-DKCAGCAGCADY	8.492540	-2.287816	0	T:17.0(0.11%),B:133.5(0.08%),P:1e0	Tpos:129.0,Tstd:0.0,Bpos:884.5,Bstd:868.5,StrandBias:-10.0,Multiplicity:1.00
0.381	0.066	0.251	0.302
0.148	0.151	0.399	0.302
0.251	0.535	0.061	0.153
0.639	0.034	0.028	0.299
0.179	0.062	0.539	0.220
0.154	0.633	0.066	0.147
0.643	0.026	0.011	0.320
0.158	0.100	0.591	0.151
0.128	0.619	0.083	0.170
0.563	0.076	0.017	0.344
0.334	0.072	0.361	0.233
0.165	0.301	0.191	0.343
>NTWYTGCATKTK	14-NTWYTGCATKTK	9.102242	-0.207392	0	T:7.0(0.05%),B:105.8(0.06%),P:1e0	Tpos:121.0,Tstd:0.0,Bpos:3271.5,Bstd:2613.0,StrandBias:10.0,Multiplicity:1.00
0.269	0.174	0.262	0.294
0.276	0.085	0.183	0.456
0.337	0.058	0.196	0.410
0.073	0.370	0.205	0.352
0.312	0.001	0.012	0.675
0.001	0.146	0.658	0.195
0.001	0.997	0.001	0.001
0.600	0.036	0.001	0.363
0.180	0.001	0.098	0.721
0.024	0.187	0.458	0.331
0.079	0.001	0.048	0.872
0.024	0.183	0.397	0.395
>RKCAGMAGCWGN	15-RKCAGMAGCWGN	7.226039	-0.000222	0	T:427.0(2.77%),B:5722.4(3.27%),P:1e0	Tpos:92.7,Tstd:45.0,Bpos:609.9,Bstd:1275.1,StrandBias:1.0,Multiplicity:1.07
0.434	0.083	0.314	0.169
0.118	0.178	0.396	0.308
0.254	0.531	0.093	0.122
0.565	0.024	0.041	0.370
0.246	0.088	0.515	0.151
0.397	0.412	0.079	0.112
0.646	0.019	0.038	0.297
0.162	0.171	0.501	0.166
0.143	0.699	0.022	0.136
0.531	0.050	0.003	0.416
0.268	0.057	0.499	0.176
0.208	0.333	0.250	0.209
>WBYTGCWGCWGN	16-WBYTGCWGCWGN	7.091147	-0.000011	0	T:283.0(1.83%),B:4106.7(2.35%),P:1e0	Tpos:96.4,Tstd:59.1,Bpos:1209.5,Bstd:3841.3,StrandBias:-0.6,Multiplicity:1.00
0.403	0.006	0.241	0.350
0.156	0.326	0.266	0.252
0.229	0.406	0.002	0.363
0.321	0.001	0.059	0.619
0.120	0.120	0.580	0.180
0.128	0.668	0.166	0.038
0.519	0.007	0.018	0.456
0.184	0.083	0.563	0.170
0.224	0.509	0.188	0.079
0.495	0.024	0.043	0.438
0.256	0.104	0.453	0.187
0.282	0.277	0.191	0.250
>GSRGCBSCAGSC	17-GSRGCBSCAGSC	7.315738	-0.000000	0	T:1123.0(7.28%),B:21874.5(12.52%),P:1e0	Tpos:95.4,Tstd:67.1,Bpos:468.1,Bstd:1585.3,StrandBias:0.4,Multiplicity:1.00
0.042	0.268	0.581	0.109
0.127	0.449	0.314	0.110
0.360	0.169	0.350	0.121
0.085	0.106	0.773	0.036
0.057	0.647	0.225	0.071
0.070	0.305	0.364	0.261
0.071	0.455	0.417	0.057
0.113	0.738	0.067	0.082
0.388	0.191	0.184	0.236
0.085	0.180	0.622	0.113
0.029	0.396	0.483	0.092
0.194	0.466	0.057	0.283
>AKGNGGCCCYKG	18-AKGNGGCCCYKG	7.105019	-0.000000	0	T:737.0(4.78%),B:15066.2(8.62%),P:1e0	Tpos:58.3,Tstd:50.1,Bpos:551.8,Bstd:1414.0,StrandBias:-0.7,Multiplicity:1.00
0.491	0.226	0.262	0.022
0.185	0.041	0.451	0.323
0.041	0.246	0.712	0.001
0.267	0.323	0.184	0.226
0.206	0.287	0.466	0.041
0.082	0.122	0.673	0.123
0.097	0.452	0.288	0.163
0.020	0.795	0.164	0.021
0.219	0.657	0.001	0.123
0.001	0.348	0.205	0.446
0.082	0.144	0.431	0.343
0.061	0.349	0.529	0.061
>NNNNNNNNNNNN	19-NNNNNNNNNNNN	-nan	0.000000	0	T:0.0(0.00%),B:0.0(0.00%),P:1e0	Tpos:0.0,Tstd:0.0,Bpos:0.0,Bstd:0.0,StrandBias:0.0,Multiplicity:1.00
-nan	-nan	-nan	-nan
-nan	-nan	-nan	-nan
-nan	-nan	-nan	-nan
-nan	-nan	-nan	-nan
-nan	-nan	-nan	-nan
-nan	-nan	-nan	-nan
-nan	-nan	-nan	-nan
-nan	-nan	-nan	-nan
-nan	-nan	-nan	-nan
-nan	-nan	-nan	-nan
-nan	-nan	-nan	-nan
-nan	-nan	-nan	-nan
>NNNNNNNNNNNN	20-NNNNNNNNNNNN	-nan	0.000000	0	T:0.0(0.00%),B:0.0(0.00%),P:1e0	Tpos:0.0,Tstd:0.0,Bpos:0.0,Bstd:0.0,StrandBias:0.0,Multiplicity:1.00
-nan	-nan	-nan	-nan
-nan	-nan	-nan	-nan
-nan	-nan	-nan	-nan
-nan	-nan	-nan	-nan
-nan	-nan	-nan	-nan
-nan	-nan	-nan	-nan
-nan	-nan	-nan	-nan
-nan	-nan	-nan	-nan
-nan	-nan	-nan	-nan
-nan	-nan	-nan	-nan
-nan	-nan	-nan	-nan
-nan	-nan	-nan	-nan
>NNNNNNNNNNNN	21-NNNNNNNNNNNN	-nan	0.000000	0	T:0.0(0.00%),B:0.0(0.00%),P:1e0	Tpos:0.0,Tstd:0.0,Bpos:0.0,Bstd:0.0,StrandBias:0.0,Multiplicity:1.00
-nan	-nan	-nan	-nan
-nan	-nan	-nan	-nan
-nan	-nan	-nan	-nan
-nan	-nan	-nan	-nan
-nan	-nan	-nan	-nan
-nan	-nan	-nan	-nan
-nan	-nan	-nan	-nan
-nan	-nan	-nan	-nan
-nan	-nan	-nan	-nan
-nan	-nan	-nan	-nan
-nan	-nan	-nan	-nan
-nan	-nan	-nan	-nan
>NNNNNNNNNNNN	22-NNNNNNNNNNNN	-nan	0.000000	0	T:0.0(0.00%),B:0.0(0.00%),P:1e0	Tpos:0.0,Tstd:0.0,Bpos:0.0,Bstd:0.0,StrandBias:0.0,Multiplicity:1.00
-nan	-nan	-nan	-nan
-nan	-nan	-nan	-nan
-nan	-nan	-nan	-nan
-nan	-nan	-nan	-nan
-nan	-nan	-nan	-nan
-nan	-nan	-nan	-nan
-nan	-nan	-nan	-nan
-nan	-nan	-nan	-nan
-nan	-nan	-nan	-nan
-nan	-nan	-nan	-nan
-nan	-nan	-nan	-nan
-nan	-nan	-nan	-nan
>NNNNNNNNNNNN	23-NNNNNNNNNNNN	-nan	0.000000	0	T:0.0(0.00%),B:0.0(0.00%),P:1e0	Tpos:0.0,Tstd:0.0,Bpos:0.0,Bstd:0.0,StrandBias:0.0,Multiplicity:1.00
-nan	-nan	-nan	-nan
-nan	-nan	-nan	-nan
-nan	-nan	-nan	-nan
-nan	-nan	-nan	-nan
-nan	-nan	-nan	-nan
-nan	-nan	-nan	-nan
-nan	-nan	-nan	-nan
-nan	-nan	-nan	-nan
-nan	-nan	-nan	-nan
-nan	-nan	-nan	-nan
-nan	-nan	-nan	-nan
-nan	-nan	-nan	-nan
>NNNNNNNNNNNN	24-NNNNNNNNNNNN	-nan	0.000000	0	T:0.0(0.00%),B:0.0(0.00%),P:1e0	Tpos:0.0,Tstd:0.0,Bpos:0.0,Bstd:0.0,StrandBias:0.0,Multiplicity:1.00
-nan	-nan	-nan	-nan
-nan	-nan	-nan	-nan
-nan	-nan	-nan	-nan
-nan	-nan	-nan	-nan
-nan	-nan	-nan	-nan
-nan	-nan	-nan	-nan
-nan	-nan	-nan	-nan
-nan	-nan	-nan	-nan
-nan	-nan	-nan	-nan
-nan	-nan	-nan	-nan
-nan	-nan	-nan	-nan
-nan	-nan	-nan	-nan
>NNNNNNNNNNNN	25-NNNNNNNNNNNN	-nan	0.000000	0	T:0.0(0.00%),B:0.0(0.00%),P:1e0	Tpos:0.0,Tstd:0.0,Bpos:0.0,Bstd:0.0,StrandBias:0.0,Multiplicity:1.00
-nan	-nan	-nan	-nan
-nan	-nan	-nan	-nan
-nan	-nan	-nan	-nan
-nan	-nan	-nan	-nan
-nan	-nan	-nan	-nan
-nan	-nan	-nan	-nan
-nan	-nan	-nan	-nan
-nan	-nan	-nan	-nan
-nan	-nan	-nan	-nan
-nan	-nan	-nan	-nan
-nan	-nan	-nan	-nan
-nan	-nan	-nan	-nan
>AGGAAGGA	1-AGGAAGGA	-2.928596	-773.066004	0	T:14988.0(97.13%),B:154128.1(88.21%),P:1e-335	Tpos:90.5,Tstd:53.1,Bpos:1507.9,Bstd:6807.0,StrandBias:0.1,Multiplicity:1.51
0.698	0.220	0.061	0.021
0.238	0.001	0.760	0.001
0.001	0.059	0.939	0.001
0.997	0.001	0.001	0.001
0.997	0.001	0.001	0.001
0.001	0.001	0.997	0.001
0.001	0.001	0.997	0.001
0.697	0.001	0.301	0.001
>GGAGGAAT	2-GGAGGAAT	-1.162040	-485.484419	0	T:14910.0(96.62%),B:156939.2(89.82%),P:1e-210	Tpos:88.7,Tstd:52.4,Bpos:3168.0,Bstd:12100.1,StrandBias:0.1,Multiplicity:1.44
0.129	0.001	0.527	0.343
0.001	0.413	0.585	0.001
0.997	0.001	0.001	0.001
0.001	0.001	0.839	0.159
0.001	0.001	0.997	0.001
0.656	0.001	0.001	0.342
0.725	0.001	0.001	0.273
0.001	0.001	0.160	0.838
>STCCASTS	3-STCCASTS	-0.106985	-442.895903	0	T:15153.0(98.20%),B:162217.6(92.84%),P:1e-192	Tpos:89.3,Tstd:52.8,Bpos:1228.6,Bstd:5045.5,StrandBias:-0.0,Multiplicity:1.49
0.001	0.530	0.468	0.001
0.350	0.001	0.001	0.648
0.001	0.620	0.378	0.001
0.001	0.733	0.265	0.001
0.643	0.001	0.001	0.355
0.001	0.488	0.510	0.001
0.402	0.001	0.001	0.596
0.001	0.509	0.489	0.001
>AAGGGAAA	4-AAGGGAAA	2.399224	-431.281055	0	T:15357.0(99.52%),B:167064.0(95.61%),P:1e-187	Tpos:89.6,Tstd:52.1,Bpos:2118.6,Bstd:8500.5,StrandBias:0.0,Multiplicity:3.32
0.700	0.100	0.100	0.100
0.700	0.100	0.100	0.100
0.100	0.100	0.700	0.100
0.100	0.100	0.700	0.100
0.100	0.100	0.700	0.100
0.700	0.100	0.100	0.100
0.700	0.100	0.100	0.100
0.700	0.100	0.100	0.100
>AGBCCTTW	5-AGBCCTTW	-2.316805	-359.193689	0	T:15301.0(99.16%),B:166610.0(95.35%),P:1e-155	Tpos:88.4,Tstd:54.1,Bpos:2236.9,Bstd:8051.1,StrandBias:0.0,Multiplicity:1.51
0.997	0.001	0.001	0.001
0.042	0.268	0.689	0.001
0.133	0.255	0.309	0.302
0.001	0.535	0.218	0.246
0.001	0.683	0.148	0.168
0.344	0.001	0.001	0.654
0.407	0.001	0.001	0.591
0.471	0.001	0.001	0.527
>TACACATG	6-TACACATG	-4.533057	-315.889012	0	T:12942.0(83.87%),B:131506.8(75.26%),P:1e-137	Tpos:89.3,Tstd:51.4,Bpos:3614.8,Bstd:12200.0,StrandBias:-0.0,Multiplicity:1.77
0.091	0.001	0.183	0.725
0.997	0.001	0.001	0.001
0.001	0.997	0.001	0.001
0.997	0.001	0.001	0.001
0.001	0.997	0.001	0.001
0.997	0.001	0.001	0.001
0.001	0.001	0.001	0.997
0.001	0.001	0.907	0.091
>TWKTTAGR	7-TWKTTAGR	-0.361187	-291.547659	0	T:15155.0(98.21%),B:164604.9(94.20%),P:1e-126	Tpos:89.7,Tstd:53.8,Bpos:3498.7,Bstd:12801.3,StrandBias:0.0,Multiplicity:1.47
0.181	0.020	0.141	0.658
0.538	0.001	0.001	0.460
0.001	0.001	0.538	0.460
0.241	0.001	0.240	0.518
0.001	0.020	0.401	0.578
0.759	0.001	0.001	0.239
0.001	0.001	0.699	0.299
0.380	0.200	0.419	0.001
>TTTTTTTT	8-TTTTTTTT	-10.158965	-283.355456	0	T:12448.0(80.67%),B:126008.5(72.11%),P:1e-123	Tpos:89.4,Tstd:54.1,Bpos:5131.8,Bstd:12357.9,StrandBias:-0.1,Multiplicity:1.75
0.001	0.056	0.001	0.942
0.215	0.001	0.001	0.783
0.363	0.001	0.001	0.635
0.001	0.001	0.001	0.997
0.001	0.001	0.001	0.997
0.001	0.001	0.001	0.997
0.192	0.001	0.001	0.806
0.001	0.001	0.001	0.997
>DRATGTGT	9-DRATGTGT	-0.008450	-190.029768	0	T:10994.0(71.25%),B:111119.8(63.59%),P:1e-82	Tpos:89.0,Tstd:51.8,Bpos:5240.8,Bstd:15145.9,StrandBias:0.0,Multiplicity:1.61
0.337	0.001	0.320	0.341
0.387	0.186	0.278	0.149
0.631	0.001	0.274	0.094
0.177	0.094	0.143	0.586
0.001	0.001	0.997	0.001
0.001	0.001	0.001	0.997
0.001	0.001	0.997	0.001
0.001	0.001	0.001	0.997
>AACAGAGW	10-AACAGAGW	-0.223602	-182.885610	0	T:13241.0(85.81%),B:139264.5(79.70%),P:1e-79	Tpos:88.7,Tstd:52.8,Bpos:3804.3,Bstd:12408.1,StrandBias:-0.0,Multiplicity:1.43
0.674	0.324	0.001	0.001
0.997	0.001	0.001	0.001
0.001	0.997	0.001	0.001
0.997	0.001	0.001	0.001
0.285	0.001	0.449	0.264
0.476	0.201	0.080	0.243
0.244	0.259	0.428	0.069
0.301	0.169	0.140	0.390
>TGTGTHAH	11-TGTGTHAH	2.871194	-182.569208	0	T:12377.0(80.21%),B:128293.3(73.42%),P:1e-79	Tpos:88.6,Tstd:53.2,Bpos:5279.3,Bstd:14799.0,StrandBias:-0.0,Multiplicity:1.56
0.040	0.001	0.060	0.899
0.089	0.048	0.830	0.033
0.037	0.001	0.001	0.961
0.110	0.126	0.568	0.196
0.155	0.151	0.079	0.615
0.349	0.338	0.099	0.213
0.656	0.149	0.001	0.194
0.317	0.314	0.071	0.297
>ACADDMWN	12-ACADDMWN	3.253948	-156.701620	0	T:13409.0(86.90%),B:142306.7(81.44%),P:1e-68	Tpos:87.9,Tstd:53.1,Bpos:4683.8,Bstd:13351.1,StrandBias:0.0,Multiplicity:1.49
0.997	0.001	0.001	0.001
0.191	0.554	0.007	0.248
0.751	0.001	0.001	0.247
0.288	0.001	0.324	0.387
0.213	0.210	0.360	0.218
0.283	0.369	0.194	0.154
0.418	0.261	0.001	0.319
0.251	0.290	0.162	0.297
>SSWGSCWC	13-SSWGSCWC	2.079153	-110.373769	0	T:15426.0(99.97%),B:173206.9(99.13%),P:1e-47	Tpos:89.4,Tstd:53.3,Bpos:1815.4,Bstd:6869.3,StrandBias:0.0,Multiplicity:1.53
0.163	0.320	0.398	0.118
0.115	0.390	0.373	0.122
0.507	0.001	0.001	0.491
0.256	0.001	0.583	0.160
0.112	0.428	0.420	0.039
0.001	0.606	0.255	0.138
0.501	0.001	0.001	0.497
0.112	0.497	0.300	0.091
>ACACACAC	14-ACACACAC	4.153913	-76.882276	0	T:8401.0(54.44%),B:86234.5(49.35%),P:1e-33	Tpos:90.6,Tstd:49.5,Bpos:2395.7,Bstd:8396.7,StrandBias:-0.1,Multiplicity:1.66
0.623	0.085	0.118	0.174
0.055	0.736	0.097	0.112
0.637	0.101	0.165	0.097
0.010	0.911	0.007	0.072
0.806	0.029	0.143	0.022
0.027	0.889	0.012	0.072
0.698	0.058	0.186	0.058
0.061	0.701	0.047	0.191
>ATCAGCTG	15-ATCAGCTG	0.453314	-1.184831	0	T:15431.0(100.00%),B:174719.3(99.99%),P:1e0	Tpos:90.3,Tstd:54.1,Bpos:833.3,Bstd:4317.6,StrandBias:0.0,Multiplicity:2.68
0.700	0.100	0.100	0.100
0.100	0.100	0.100	0.700
0.100	0.700	0.100	0.100
0.700	0.100	0.100	0.100
0.100	0.100	0.700	0.100
0.100	0.700	0.100	0.100
0.100	0.100	0.100	0.700
0.100	0.100	0.700	0.100
>AYGACKTS	16-AYGACKTS	7.276057	-0.730968	0	T:254.0(1.65%),B:2863.0(1.64%),P:1e0	Tpos:70.9,Tstd:39.8,Bpos:388.9,Bstd:889.2,StrandBias:0.4,Multiplicity:1.00
0.758	0.001	0.001	0.240
0.001	0.351	0.212	0.437
0.001	0.227	0.771	0.001
0.587	0.001	0.001	0.411
0.001	0.877	0.121	0.001
0.001	0.091	0.486	0.422
0.211	0.001	0.001	0.787
0.001	0.452	0.546	0.001
>TCCCCCAC	17-TCCCCCAC	0.453314	-0.169256	0	T:15431.0(100.00%),B:174731.7(100.00%),P:1e0	Tpos:91.5,Tstd:55.3,Bpos:878.2,Bstd:4740.0,StrandBias:-0.0,Multiplicity:1.65
0.100	0.100	0.100	0.700
0.100	0.700	0.100	0.100
0.100	0.700	0.100	0.100
0.100	0.700	0.100	0.100
0.100	0.700	0.100	0.100
0.100	0.700	0.100	0.100
0.700	0.100	0.100	0.100
0.100	0.700	0.100	0.100
>MWMGWSSC	18-MWMGWSSC	5.087192	-0.038692	0	T:57.0(0.37%),B:811.2(0.46%),P:1e0	Tpos:61.3,Tstd:30.5,Bpos:455.6,Bstd:1189.0,StrandBias:0.0,Multiplicity:1.00
0.264	0.369	0.166	0.201
0.471	0.001	0.001	0.527
0.393	0.463	0.086	0.057
0.182	0.149	0.441	0.228
0.529	0.001	0.001	0.469
0.001	0.548	0.450	0.001
0.001	0.464	0.534	0.001
0.168	0.402	0.219	0.211
>TAGSAGGT	19-TAGSAGGT	9.600099	-0.002233	0	T:149.0(0.97%),B:2122.0(1.21%),P:1e0	Tpos:85.6,Tstd:48.1,Bpos:3054.7,Bstd:8112.0,StrandBias:0.7,Multiplicity:1.00
0.326	0.001	0.001	0.672
0.997	0.001	0.001	0.001
0.001	0.001	0.997	0.001
0.001	0.492	0.506	0.001
0.997	0.001	0.001	0.001
0.009	0.162	0.828	0.001
0.001	0.001	0.997	0.001
0.164	0.001	0.002	0.833
>GSCATSAG	20-GSCATSAG	7.736298	-0.000286	0	T:133.0(0.86%),B:2015.0(1.15%),P:1e0	Tpos:89.3,Tstd:44.7,Bpos:1097.3,Bstd:5771.2,StrandBias:2.3,Multiplicity:1.00
0.252	0.079	0.653	0.016
0.001	0.509	0.489	0.001
0.001	0.667	0.331	0.001
0.615	0.001	0.001	0.383
0.001	0.001	0.001	0.997
0.001	0.461	0.537	0.001
0.969	0.001	0.001	0.029
0.163	0.239	0.494	0.104
>CWSCACCH	21-CWSCACCH	7.139666	-0.000016	0	T:279.0(1.81%),B:4035.9(2.31%),P:1e0	Tpos:87.7,Tstd:55.6,Bpos:1348.6,Bstd:3938.8,StrandBias:-0.6,Multiplicity:1.00
0.035	0.735	0.229	0.001
0.574	0.001	0.001	0.424
0.001	0.407	0.398	0.194
0.001	0.997	0.001	0.001
0.685	0.001	0.001	0.313
0.001	0.622	0.376	0.001
0.055	0.741	0.203	0.001
0.280	0.218	0.146	0.356
>CTACTATG	22-CTACTATG	10.395249	-0.000000	0	T:14.0(0.09%),B:634.8(0.36%),P:1e0	Tpos:97.1,Tstd:51.3,Bpos:1923.5,Bstd:4409.3,StrandBias:2.8,Multiplicity:1.00
0.125	0.873	0.001	0.001
0.106	0.018	0.001	0.875
0.772	0.001	0.001	0.226
0.001	0.997	0.001	0.001
0.001	0.012	0.001	0.986
0.997	0.001	0.001	0.001
0.001	0.001	0.132	0.866
0.001	0.001	0.997	0.001
>SCNGGCCC	23-SCNGGCCC	4.861913	-0.000000	0	T:1239.0(8.03%),B:27193.1(15.56%),P:1e0	Tpos:101.5,Tstd:49.6,Bpos:1287.2,Bstd:4113.6,StrandBias:1.4,Multiplicity:1.00
0.001	0.527	0.471	0.001
0.161	0.566	0.272	0.001
0.206	0.355	0.217	0.222
0.255	0.039	0.450	0.256
0.217	0.172	0.433	0.178
0.244	0.428	0.206	0.122
0.001	0.699	0.299	0.001
0.001	0.511	0.255	0.233
>ACCAGAAC	24-ACCAGAAC	8.498705	-0.000000	0	T:138.0(0.89%),B:2636.5(1.51%),P:1e0	Tpos:105.5,Tstd:58.8,Bpos:3430.1,Bstd:14124.0,StrandBias:0.3,Multiplicity:1.00
0.997	0.001	0.001	0.001
0.001	0.997	0.001	0.001
0.001	0.997	0.001	0.001
0.913	0.001	0.001	0.085
0.001	0.001	0.997	0.001
0.974	0.001	0.001	0.024
0.941	0.001	0.001	0.057
0.001	0.973	0.025	0.001
>CSVDGCCC	25-CSVDGCCC	4.338579	-0.000000	0	T:629.0(4.08%),B:13319.8(7.62%),P:1e0	Tpos:79.9,Tstd:54.1,Bpos:754.4,Bstd:2987.1,StrandBias:-0.2,Multiplicity:1.00
0.001	0.603	0.395	0.001
0.208	0.354	0.434	0.005
0.231	0.330	0.288	0.151
0.325	0.165	0.274	0.236
0.217	0.269	0.467	0.047
0.207	0.382	0.217	0.193
0.001	0.584	0.414	0.001
0.038	0.458	0.260	0.245
