>CTTCCYCTYN	1-CTTCCYCTYN	4.412847	-904.758538	0	T:12780.0(82.82%),B:117185.3(67.07%),P:1e-392	Tpos:89.1,Tstd:52.0,Bpos:2920.0,Bstd:10722.7,StrandBias:-0.1,Multiplicity:1.46
0.001	0.605	0.221	0.173
0.172	0.001	0.001	0.826
0.001	0.001	0.111	0.887
0.001	0.981	0.017	0.001
0.013	0.985	0.001	0.001
0.009	0.400	0.071	0.520
0.046	0.441	0.238	0.276
0.215	0.179	0.137	0.468
0.136	0.382	0.230	0.253
0.195	0.312	0.207	0.286
>GVARRRGGSA	2-GVARRRGGSA	4.414289	-783.525882	0	T:13004.0(84.27%),B:122405.7(70.05%),P:1e-340	Tpos:88.5,Tstd:51.9,Bpos:2380.5,Bstd:8770.9,StrandBias:0.0,Multiplicity:1.51
0.216	0.170	0.588	0.026
0.307	0.266	0.399	0.028
0.461	0.266	0.258	0.015
0.411	0.086	0.291	0.211
0.360	0.120	0.390	0.130
0.467	0.053	0.348	0.132
0.171	0.020	0.648	0.161
0.195	0.006	0.783	0.016
0.143	0.403	0.425	0.029
0.917	0.040	0.020	0.023
>AGAGGAAGTG	3-AGAGGAAGTG	3.334814	-723.908577	0	T:10435.0(67.62%),B:90727.7(51.92%),P:1e-314	Tpos:90.3,Tstd:50.7,Bpos:1997.7,Bstd:7630.2,StrandBias:0.0,Multiplicity:1.66
0.729	0.049	0.118	0.104
0.191	0.322	0.477	0.010
0.615	0.175	0.209	0.001
0.001	0.001	0.997	0.001
0.001	0.001	0.997	0.001
0.962	0.036	0.001	0.001
0.908	0.001	0.001	0.090
0.092	0.113	0.794	0.001
0.001	0.178	0.071	0.750
0.276	0.145	0.578	0.001
>YCCYCHCWBC	4-YCCYCHCWBC	3.960442	-720.240900	0	T:14496.0(93.94%),B:145976.2(83.54%),P:1e-312	Tpos:88.6,Tstd:52.4,Bpos:2468.6,Bstd:9624.4,StrandBias:-0.1,Multiplicity:1.39
0.167	0.373	0.194	0.266
0.102	0.575	0.086	0.237
0.136	0.625	0.001	0.238
0.160	0.359	0.001	0.480
0.001	0.507	0.227	0.265
0.265	0.368	0.001	0.367
0.001	0.873	0.125	0.001
0.379	0.152	0.001	0.468
0.158	0.317	0.313	0.212
0.214	0.409	0.210	0.168
>CCHCAGCHVN	5-CCHCAGCHVN	4.009061	-677.700566	0	T:14925.0(96.72%),B:154262.9(88.28%),P:1e-294	Tpos:89.0,Tstd:52.5,Bpos:2327.4,Bstd:7532.7,StrandBias:-0.0,Multiplicity:1.44
0.270	0.458	0.001	0.271
0.001	0.997	0.001	0.001
0.306	0.390	0.001	0.303
0.001	0.997	0.001	0.001
0.595	0.001	0.001	0.403
0.001	0.001	0.774	0.224
0.077	0.442	0.243	0.238
0.233	0.272	0.147	0.348
0.210	0.294	0.328	0.169
0.251	0.270	0.226	0.252
>GKGKKKDDGD	6-GKGKKKDDGD	2.848690	-613.728167	0	T:15075.0(97.69%),B:158141.7(90.50%),P:1e-266	Tpos:89.8,Tstd:54.1,Bpos:3756.2,Bstd:12688.4,StrandBias:0.1,Multiplicity:1.40
0.074	0.040	0.523	0.363
0.054	0.001	0.522	0.423
0.082	0.087	0.743	0.088
0.244	0.034	0.401	0.321
0.026	0.065	0.473	0.436
0.043	0.087	0.446	0.424
0.235	0.080	0.341	0.345
0.311	0.056	0.345	0.288
0.338	0.084	0.513	0.065
0.301	0.045	0.384	0.270
>RGRAGGRRGG	7-RGRAGGRRGG	3.750551	-607.694567	0	T:13463.0(87.25%),B:132138.2(75.62%),P:1e-263	Tpos:90.0,Tstd:54.0,Bpos:2466.9,Bstd:8984.0,StrandBias:0.1,Multiplicity:1.39
0.396	0.001	0.544	0.059
0.332	0.001	0.666	0.001
0.437	0.033	0.529	0.001
0.550	0.001	0.389	0.060
0.378	0.001	0.589	0.032
0.325	0.001	0.605	0.069
0.446	0.052	0.490	0.011
0.400	0.001	0.477	0.121
0.294	0.001	0.704	0.001
0.091	0.167	0.628	0.114
>DKBHWGBCHY	8-DKBHWGBCHY	3.152305	-605.608266	0	T:15025.0(97.37%),B:157258.4(90.00%),P:1e-263	Tpos:88.2,Tstd:53.4,Bpos:3170.9,Bstd:10621.4,StrandBias:-0.0,Multiplicity:1.42
0.280	0.049	0.328	0.343
0.061	0.054	0.462	0.424
0.030	0.295	0.346	0.329
0.326	0.354	0.043	0.276
0.397	0.023	0.100	0.480
0.088	0.084	0.729	0.099
0.037	0.315	0.290	0.359
0.080	0.717	0.084	0.119
0.318	0.271	0.007	0.404
0.034	0.513	0.084	0.369
>AAGAGGAAGT	9-AAGAGGAAGT	9.069203	-535.905281	0	T:1165.0(7.55%),B:3975.3(2.28%),P:1e-232	Tpos:93.9,Tstd:46.7,Bpos:1968.9,Bstd:5312.8,StrandBias:0.0,Multiplicity:1.11
0.661	0.063	0.197	0.079
0.710	0.015	0.151	0.124
0.137	0.182	0.660	0.021
0.497	0.107	0.336	0.059
0.083	0.001	0.913	0.003
0.030	0.009	0.954	0.007
0.983	0.011	0.001	0.005
0.982	0.009	0.001	0.008
0.071	0.116	0.803	0.010
0.017	0.126	0.021	0.836
>CYCYCWGVNN	10-CYCYCWGVNN	2.615785	-515.516608	0	T:13849.0(89.75%),B:139509.5(79.84%),P:1e-223	Tpos:90.3,Tstd:52.5,Bpos:4462.3,Bstd:14745.7,StrandBias:0.0,Multiplicity:1.45
0.001	0.746	0.001	0.252
0.243	0.347	0.001	0.409
0.001	0.997	0.001	0.001
0.238	0.438	0.001	0.322
0.001	0.997	0.001	0.001
0.573	0.001	0.001	0.425
0.156	0.001	0.842	0.001
0.218	0.283	0.359	0.139
0.267	0.231	0.270	0.232
0.215	0.263	0.303	0.219
>DGNCWNCTGD	11-DGNCWNCTGD	4.354137	-374.884804	0	T:13836.0(89.66%),B:142259.9(81.42%),P:1e-162	Tpos:88.4,Tstd:51.8,Bpos:2226.6,Bstd:7496.9,StrandBias:0.0,Multiplicity:1.45
0.327	0.002	0.345	0.326
0.217	0.001	0.580	0.202
0.288	0.194	0.332	0.186
0.020	0.587	0.392	0.001
0.479	0.001	0.001	0.519
0.214	0.255	0.318	0.212
0.219	0.414	0.215	0.152
0.371	0.001	0.001	0.627
0.001	0.001	0.997	0.001
0.229	0.183	0.361	0.227
>AGGCAGAVGB	12-AGGCAGAVGB	1.156903	-326.985017	0	T:11313.0(73.31%),B:110583.0(63.29%),P:1e-142	Tpos:89.3,Tstd:52.3,Bpos:2099.8,Bstd:7556.3,StrandBias:0.0,Multiplicity:1.43
0.997	0.001	0.001	0.001
0.001	0.001	0.997	0.001
0.001	0.001	0.997	0.001
0.001	0.997	0.001	0.001
0.997	0.001	0.001	0.001
0.001	0.001	0.997	0.001
0.702	0.001	0.193	0.104
0.396	0.290	0.313	0.001
0.088	0.170	0.588	0.154
0.121	0.327	0.312	0.239
>CRCRCACRCA	13-CRCRCACRCA	1.367103	-73.406965	0	T:8464.0(54.85%),B:87161.3(49.88%),P:1e-31	Tpos:90.4,Tstd:48.4,Bpos:2462.8,Bstd:8605.4,StrandBias:-0.0,Multiplicity:1.68
0.001	0.646	0.001	0.352
0.506	0.001	0.429	0.064
0.001	0.586	0.001	0.412
0.409	0.001	0.553	0.037
0.001	0.781	0.001	0.217
0.693	0.001	0.305	0.001
0.001	0.652	0.016	0.331
0.486	0.001	0.512	0.001
0.001	0.711	0.042	0.246
0.672	0.001	0.284	0.043
>CWGNWGNWBN	14-CWGNWGNWBN	5.087783	-1.897125	0	T:94.0(0.61%),B:946.6(0.54%),P:1e0	Tpos:107.6,Tstd:28.7,Bpos:1426.7,Bstd:4833.9,StrandBias:2.6,Multiplicity:1.00
0.001	0.632	0.366	0.001
0.505	0.001	0.001	0.493
0.034	0.287	0.442	0.237
0.266	0.290	0.240	0.203
0.497	0.001	0.001	0.501
0.271	0.287	0.441	0.001
0.264	0.293	0.212	0.231
0.425	0.001	0.001	0.573
0.148	0.262	0.329	0.261
0.195	0.299	0.195	0.312
>VCAGCWKCWG	15-VCAGCWKCWG	6.673869	-0.610322	0	T:318.0(2.06%),B:3619.8(2.07%),P:1e0	Tpos:83.6,Tstd:54.0,Bpos:686.6,Bstd:2228.1,StrandBias:-0.5,Multiplicity:1.00
0.305	0.234	0.322	0.138
0.302	0.619	0.078	0.001
0.645	0.001	0.001	0.353
0.144	0.219	0.460	0.177
0.177	0.413	0.228	0.182
0.408	0.112	0.001	0.479
0.115	0.199	0.404	0.282
0.169	0.650	0.180	0.001
0.495	0.001	0.001	0.503
0.138	0.103	0.524	0.235
>NCWBCWGCWG	16-NCWBCWGCWG	5.841620	-0.242423	0	T:306.0(1.98%),B:3624.3(2.07%),P:1e0	Tpos:59.7,Tstd:32.5,Bpos:1508.4,Bstd:3936.3,StrandBias:-1.0,Multiplicity:1.00
0.251	0.204	0.305	0.239
0.225	0.468	0.226	0.081
0.562	0.001	0.001	0.436
0.146	0.273	0.362	0.219
0.102	0.470	0.215	0.213
0.430	0.001	0.001	0.568
0.133	0.202	0.446	0.218
0.187	0.522	0.290	0.001
0.535	0.001	0.001	0.463
0.186	0.229	0.434	0.151
>HCMCAGVHSV	17-HCMCAGVHSV	7.622344	-0.132309	0	T:41.0(0.27%),B:552.2(0.32%),P:1e0	Tpos:72.1,Tstd:47.6,Bpos:1211.9,Bstd:3269.7,StrandBias:0.0,Multiplicity:1.00
0.292	0.428	0.001	0.279
0.001	0.997	0.001	0.001
0.370	0.409	0.001	0.220
0.001	0.997	0.001	0.001
0.631	0.001	0.001	0.367
0.133	0.001	0.865	0.001
0.250	0.373	0.375	0.001
0.363	0.264	0.001	0.372
0.173	0.284	0.412	0.131
0.228	0.357	0.289	0.126
>CWGCWGCTGH	18-CWGCWGCTGH	6.838301	-0.079834	0	T:165.0(1.07%),B:2087.9(1.19%),P:1e0	Tpos:84.9,Tstd:41.3,Bpos:667.7,Bstd:1990.2,StrandBias:-0.2,Multiplicity:1.00
0.050	0.656	0.246	0.048
0.512	0.001	0.001	0.486
0.052	0.301	0.500	0.147
0.239	0.475	0.141	0.145
0.432	0.001	0.001	0.566
0.067	0.209	0.521	0.203
0.196	0.449	0.236	0.119
0.402	0.001	0.001	0.596
0.059	0.287	0.453	0.201
0.204	0.320	0.163	0.312
>WCASCACCWG	19-WCASCACCWG	7.828369	-0.057371	0	T:73.0(0.47%),B:992.5(0.57%),P:1e0	Tpos:86.2,Tstd:51.7,Bpos:1209.5,Bstd:2783.8,StrandBias:-0.8,Multiplicity:1.00
0.492	0.079	0.063	0.365
0.087	0.705	0.192	0.016
0.668	0.075	0.001	0.256
0.126	0.318	0.458	0.098
0.232	0.562	0.198	0.008
0.457	0.223	0.060	0.260
0.095	0.593	0.162	0.150
0.117	0.800	0.006	0.077
0.468	0.001	0.001	0.530
0.096	0.253	0.471	0.180
>NVWGCWNSWK	20-NVWGCWNSWK	5.184499	-0.038001	0	T:28.0(0.18%),B:436.3(0.25%),P:1e0	Tpos:67.3,Tstd:50.7,Bpos:1350.8,Bstd:5316.1,StrandBias:-10.0,Multiplicity:1.00
0.270	0.239	0.232	0.259
0.221	0.346	0.247	0.185
0.471	0.001	0.001	0.527
0.001	0.289	0.452	0.258
0.281	0.481	0.236	0.001
0.485	0.081	0.001	0.434
0.216	0.205	0.348	0.232
0.241	0.425	0.323	0.011
0.505	0.001	0.001	0.493
0.001	0.260	0.439	0.300
>NNWBCWDNWK	21-NNWBCWDNWK	4.806288	-0.004270	0	T:313.0(2.03%),B:4110.6(2.35%),P:1e0	Tpos:92.6,Tstd:54.7,Bpos:1096.4,Bstd:3015.6,StrandBias:-0.3,Multiplicity:1.00
0.268	0.202	0.276	0.254
0.265	0.244	0.233	0.258
0.505	0.001	0.001	0.493
0.001	0.348	0.400	0.251
0.412	0.586	0.001	0.001
0.496	0.001	0.001	0.502
0.218	0.189	0.360	0.233
0.226	0.344	0.208	0.221
0.465	0.001	0.001	0.533
0.248	0.002	0.434	0.317
>NCAGCWGMTG	22-NCAGCWGMTG	6.457324	-0.000057	0	T:602.0(3.90%),B:7962.1(4.56%),P:1e0	Tpos:95.6,Tstd:50.7,Bpos:884.7,Bstd:2693.0,StrandBias:-0.5,Multiplicity:1.00
0.257	0.194	0.343	0.206
0.264	0.604	0.131	0.001
0.647	0.001	0.001	0.351
0.141	0.205	0.507	0.147
0.234	0.526	0.181	0.059
0.491	0.001	0.001	0.507
0.108	0.181	0.522	0.189
0.264	0.406	0.226	0.105
0.402	0.001	0.001	0.596
0.140	0.153	0.477	0.230
>DNDRBHSWDN	23-DNDRBHSWDN	4.638140	-0.000003	0	T:136.0(0.88%),B:2243.7(1.28%),P:1e0	Tpos:74.0,Tstd:45.3,Bpos:1485.2,Bstd:4122.7,StrandBias:0.6,Multiplicity:1.00
0.318	0.001	0.373	0.308
0.203	0.245	0.335	0.217
0.366	0.001	0.358	0.276
0.512	0.001	0.486	0.001
0.001	0.304	0.396	0.299
0.368	0.271	0.001	0.360
0.001	0.571	0.427	0.001
0.489	0.001	0.001	0.509
0.275	0.001	0.389	0.335
0.239	0.267	0.268	0.226
>CWGCWGCWGN	24-CWGCWGCWGN	6.345996	-0.000000	0	T:275.0(1.78%),B:4533.0(2.59%),P:1e0	Tpos:86.9,Tstd:47.1,Bpos:392.4,Bstd:897.5,StrandBias:0.4,Multiplicity:1.04
0.174	0.495	0.241	0.090
0.532	0.001	0.001	0.466
0.047	0.315	0.504	0.134
0.241	0.500	0.132	0.127
0.534	0.001	0.001	0.464
0.152	0.153	0.525	0.170
0.205	0.436	0.286	0.074
0.479	0.001	0.001	0.519
0.125	0.230	0.428	0.217
0.247	0.327	0.209	0.217
>NNNNNNNNNN	25-NNNNNNNNNN	-nan	0.000000	0	T:0.0(0.00%),B:0.0(0.00%),P:1e0	Tpos:0.0,Tstd:0.0,Bpos:0.0,Bstd:0.0,StrandBias:0.0,Multiplicity:1.00
-nan	-nan	-nan	-nan
-nan	-nan	-nan	-nan
-nan	-nan	-nan	-nan
-nan	-nan	-nan	-nan
-nan	-nan	-nan	-nan
-nan	-nan	-nan	-nan
-nan	-nan	-nan	-nan
-nan	-nan	-nan	-nan
-nan	-nan	-nan	-nan
-nan	-nan	-nan	-nan
