>AGGAAGGA	1-AGGAAGGA	-2.928596	-773.066004	0	T:14988.0(97.13%),B:154128.1(88.21%),P:1e-335	Tpos:90.5,Tstd:53.1,Bpos:1507.9,Bstd:6807.0,StrandBias:0.1,Multiplicity:1.51
0.698	0.220	0.061	0.021
0.238	0.001	0.760	0.001
0.001	0.059	0.939	0.001
0.997	0.001	0.001	0.001
0.997	0.001	0.001	0.001
0.001	0.001	0.997	0.001
0.001	0.001	0.997	0.001
0.697	0.001	0.301	0.001
>GGAGGAAT	2-GGAGGAAT	-1.162040	-485.484419	0	T:14910.0(96.62%),B:156939.2(89.82%),P:1e-210	Tpos:88.7,Tstd:52.4,Bpos:3168.0,Bstd:12100.1,StrandBias:0.1,Multiplicity:1.44
0.129	0.001	0.527	0.343
0.001	0.413	0.585	0.001
0.997	0.001	0.001	0.001
0.001	0.001	0.839	0.159
0.001	0.001	0.997	0.001
0.656	0.001	0.001	0.342
0.725	0.001	0.001	0.273
0.001	0.001	0.160	0.838
>STCCASTS	3-STCCASTS	-0.106985	-442.895903	0	T:15153.0(98.20%),B:162217.6(92.84%),P:1e-192	Tpos:89.3,Tstd:52.8,Bpos:1228.6,Bstd:5045.5,StrandBias:-0.0,Multiplicity:1.49
0.001	0.530	0.468	0.001
0.350	0.001	0.001	0.648
0.001	0.620	0.378	0.001
0.001	0.733	0.265	0.001
0.643	0.001	0.001	0.355
0.001	0.488	0.510	0.001
0.402	0.001	0.001	0.596
0.001	0.509	0.489	0.001
>AAGGGAAA	4-AAGGGAAA	2.399224	-431.281055	0	T:15357.0(99.52%),B:167064.0(95.61%),P:1e-187	Tpos:89.6,Tstd:52.1,Bpos:2118.6,Bstd:8500.5,StrandBias:0.0,Multiplicity:3.32
0.700	0.100	0.100	0.100
0.700	0.100	0.100	0.100
0.100	0.100	0.700	0.100
0.100	0.100	0.700	0.100
0.100	0.100	0.700	0.100
0.700	0.100	0.100	0.100
0.700	0.100	0.100	0.100
0.700	0.100	0.100	0.100
>AGBCCTTW	5-AGBCCTTW	-2.316805	-359.193689	0	T:15301.0(99.16%),B:166610.0(95.35%),P:1e-155	Tpos:88.4,Tstd:54.1,Bpos:2236.9,Bstd:8051.1,StrandBias:0.0,Multiplicity:1.51
0.997	0.001	0.001	0.001
0.042	0.268	0.689	0.001
0.133	0.255	0.309	0.302
0.001	0.535	0.218	0.246
0.001	0.683	0.148	0.168
0.344	0.001	0.001	0.654
0.407	0.001	0.001	0.591
0.471	0.001	0.001	0.527
>TACACATG	6-TACACATG	-4.533057	-315.889012	0	T:12942.0(83.87%),B:131506.8(75.26%),P:1e-137	Tpos:89.3,Tstd:51.4,Bpos:3614.8,Bstd:12200.0,StrandBias:-0.0,Multiplicity:1.77
0.091	0.001	0.183	0.725
0.997	0.001	0.001	0.001
0.001	0.997	0.001	0.001
0.997	0.001	0.001	0.001
0.001	0.997	0.001	0.001
0.997	0.001	0.001	0.001
0.001	0.001	0.001	0.997
0.001	0.001	0.907	0.091
>TWKTTAGR	7-TWKTTAGR	-0.361187	-291.547659	0	T:15155.0(98.21%),B:164604.9(94.20%),P:1e-126	Tpos:89.7,Tstd:53.8,Bpos:3498.7,Bstd:12801.3,StrandBias:0.0,Multiplicity:1.47
0.181	0.020	0.141	0.658
0.538	0.001	0.001	0.460
0.001	0.001	0.538	0.460
0.241	0.001	0.240	0.518
0.001	0.020	0.401	0.578
0.759	0.001	0.001	0.239
0.001	0.001	0.699	0.299
0.380	0.200	0.419	0.001
>TTTTTTTT	8-TTTTTTTT	-10.158965	-283.355456	0	T:12448.0(80.67%),B:126008.5(72.11%),P:1e-123	Tpos:89.4,Tstd:54.1,Bpos:5131.8,Bstd:12357.9,StrandBias:-0.1,Multiplicity:1.75
0.001	0.056	0.001	0.942
0.215	0.001	0.001	0.783
0.363	0.001	0.001	0.635
0.001	0.001	0.001	0.997
0.001	0.001	0.001	0.997
0.001	0.001	0.001	0.997
0.192	0.001	0.001	0.806
0.001	0.001	0.001	0.997
>DRATGTGT	9-DRATGTGT	-0.008450	-190.029768	0	T:10994.0(71.25%),B:111119.8(63.59%),P:1e-82	Tpos:89.0,Tstd:51.8,Bpos:5240.8,Bstd:15145.9,StrandBias:0.0,Multiplicity:1.61
0.337	0.001	0.320	0.341
0.387	0.186	0.278	0.149
0.631	0.001	0.274	0.094
0.177	0.094	0.143	0.586
0.001	0.001	0.997	0.001
0.001	0.001	0.001	0.997
0.001	0.001	0.997	0.001
0.001	0.001	0.001	0.997
>AACAGAGW	10-AACAGAGW	-0.223602	-182.885610	0	T:13241.0(85.81%),B:139264.5(79.70%),P:1e-79	Tpos:88.7,Tstd:52.8,Bpos:3804.3,Bstd:12408.1,StrandBias:-0.0,Multiplicity:1.43
0.674	0.324	0.001	0.001
0.997	0.001	0.001	0.001
0.001	0.997	0.001	0.001
0.997	0.001	0.001	0.001
0.285	0.001	0.449	0.264
0.476	0.201	0.080	0.243
0.244	0.259	0.428	0.069
0.301	0.169	0.140	0.390
>TGTGTHAH	11-TGTGTHAH	2.871194	-182.569208	0	T:12377.0(80.21%),B:128293.3(73.42%),P:1e-79	Tpos:88.6,Tstd:53.2,Bpos:5279.3,Bstd:14799.0,StrandBias:-0.0,Multiplicity:1.56
0.040	0.001	0.060	0.899
0.089	0.048	0.830	0.033
0.037	0.001	0.001	0.961
0.110	0.126	0.568	0.196
0.155	0.151	0.079	0.615
0.349	0.338	0.099	0.213
0.656	0.149	0.001	0.194
0.317	0.314	0.071	0.297
>ACADDMWN	12-ACADDMWN	3.253948	-156.701620	0	T:13409.0(86.90%),B:142306.7(81.44%),P:1e-68	Tpos:87.9,Tstd:53.1,Bpos:4683.8,Bstd:13351.1,StrandBias:0.0,Multiplicity:1.49
0.997	0.001	0.001	0.001
0.191	0.554	0.007	0.248
0.751	0.001	0.001	0.247
0.288	0.001	0.324	0.387
0.213	0.210	0.360	0.218
0.283	0.369	0.194	0.154
0.418	0.261	0.001	0.319
0.251	0.290	0.162	0.297
>SSWGSCWC	13-SSWGSCWC	2.079153	-110.373769	0	T:15426.0(99.97%),B:173206.9(99.13%),P:1e-47	Tpos:89.4,Tstd:53.3,Bpos:1815.4,Bstd:6869.3,StrandBias:0.0,Multiplicity:1.53
0.163	0.320	0.398	0.118
0.115	0.390	0.373	0.122
0.507	0.001	0.001	0.491
0.256	0.001	0.583	0.160
0.112	0.428	0.420	0.039
0.001	0.606	0.255	0.138
0.501	0.001	0.001	0.497
0.112	0.497	0.300	0.091
>ACACACAC	14-ACACACAC	4.153913	-76.882276	0	T:8401.0(54.44%),B:86234.5(49.35%),P:1e-33	Tpos:90.6,Tstd:49.5,Bpos:2395.7,Bstd:8396.7,StrandBias:-0.1,Multiplicity:1.66
0.623	0.085	0.118	0.174
0.055	0.736	0.097	0.112
0.637	0.101	0.165	0.097
0.010	0.911	0.007	0.072
0.806	0.029	0.143	0.022
0.027	0.889	0.012	0.072
0.698	0.058	0.186	0.058
0.061	0.701	0.047	0.191
>ATCAGCTG	15-ATCAGCTG	0.453314	-1.184831	0	T:15431.0(100.00%),B:174719.3(99.99%),P:1e0	Tpos:90.3,Tstd:54.1,Bpos:833.3,Bstd:4317.6,StrandBias:0.0,Multiplicity:2.68
0.700	0.100	0.100	0.100
0.100	0.100	0.100	0.700
0.100	0.700	0.100	0.100
0.700	0.100	0.100	0.100
0.100	0.100	0.700	0.100
0.100	0.700	0.100	0.100
0.100	0.100	0.100	0.700
0.100	0.100	0.700	0.100
>AYGACKTS	16-AYGACKTS	7.276057	-0.730968	0	T:254.0(1.65%),B:2863.0(1.64%),P:1e0	Tpos:70.9,Tstd:39.8,Bpos:388.9,Bstd:889.2,StrandBias:0.4,Multiplicity:1.00
0.758	0.001	0.001	0.240
0.001	0.351	0.212	0.437
0.001	0.227	0.771	0.001
0.587	0.001	0.001	0.411
0.001	0.877	0.121	0.001
0.001	0.091	0.486	0.422
0.211	0.001	0.001	0.787
0.001	0.452	0.546	0.001
>TCCCCCAC	17-TCCCCCAC	0.453314	-0.169256	0	T:15431.0(100.00%),B:174731.7(100.00%),P:1e0	Tpos:91.5,Tstd:55.3,Bpos:878.2,Bstd:4740.0,StrandBias:-0.0,Multiplicity:1.65
0.100	0.100	0.100	0.700
0.100	0.700	0.100	0.100
0.100	0.700	0.100	0.100
0.100	0.700	0.100	0.100
0.100	0.700	0.100	0.100
0.100	0.700	0.100	0.100
0.700	0.100	0.100	0.100
0.100	0.700	0.100	0.100
>MWMGWSSC	18-MWMGWSSC	5.087192	-0.038692	0	T:57.0(0.37%),B:811.2(0.46%),P:1e0	Tpos:61.3,Tstd:30.5,Bpos:455.6,Bstd:1189.0,StrandBias:0.0,Multiplicity:1.00
0.264	0.369	0.166	0.201
0.471	0.001	0.001	0.527
0.393	0.463	0.086	0.057
0.182	0.149	0.441	0.228
0.529	0.001	0.001	0.469
0.001	0.548	0.450	0.001
0.001	0.464	0.534	0.001
0.168	0.402	0.219	0.211
>TAGSAGGT	19-TAGSAGGT	9.600099	-0.002233	0	T:149.0(0.97%),B:2122.0(1.21%),P:1e0	Tpos:85.6,Tstd:48.1,Bpos:3054.7,Bstd:8112.0,StrandBias:0.7,Multiplicity:1.00
0.326	0.001	0.001	0.672
0.997	0.001	0.001	0.001
0.001	0.001	0.997	0.001
0.001	0.492	0.506	0.001
0.997	0.001	0.001	0.001
0.009	0.162	0.828	0.001
0.001	0.001	0.997	0.001
0.164	0.001	0.002	0.833
>GSCATSAG	20-GSCATSAG	7.736298	-0.000286	0	T:133.0(0.86%),B:2015.0(1.15%),P:1e0	Tpos:89.3,Tstd:44.7,Bpos:1097.3,Bstd:5771.2,StrandBias:2.3,Multiplicity:1.00
0.252	0.079	0.653	0.016
0.001	0.509	0.489	0.001
0.001	0.667	0.331	0.001
0.615	0.001	0.001	0.383
0.001	0.001	0.001	0.997
0.001	0.461	0.537	0.001
0.969	0.001	0.001	0.029
0.163	0.239	0.494	0.104
>CWSCACCH	21-CWSCACCH	7.139666	-0.000016	0	T:279.0(1.81%),B:4035.9(2.31%),P:1e0	Tpos:87.7,Tstd:55.6,Bpos:1348.6,Bstd:3938.8,StrandBias:-0.6,Multiplicity:1.00
0.035	0.735	0.229	0.001
0.574	0.001	0.001	0.424
0.001	0.407	0.398	0.194
0.001	0.997	0.001	0.001
0.685	0.001	0.001	0.313
0.001	0.622	0.376	0.001
0.055	0.741	0.203	0.001
0.280	0.218	0.146	0.356
>CTACTATG	22-CTACTATG	10.395249	-0.000000	0	T:14.0(0.09%),B:634.8(0.36%),P:1e0	Tpos:97.1,Tstd:51.3,Bpos:1923.5,Bstd:4409.3,StrandBias:2.8,Multiplicity:1.00
0.125	0.873	0.001	0.001
0.106	0.018	0.001	0.875
0.772	0.001	0.001	0.226
0.001	0.997	0.001	0.001
0.001	0.012	0.001	0.986
0.997	0.001	0.001	0.001
0.001	0.001	0.132	0.866
0.001	0.001	0.997	0.001
>SCNGGCCC	23-SCNGGCCC	4.861913	-0.000000	0	T:1239.0(8.03%),B:27193.1(15.56%),P:1e0	Tpos:101.5,Tstd:49.6,Bpos:1287.2,Bstd:4113.6,StrandBias:1.4,Multiplicity:1.00
0.001	0.527	0.471	0.001
0.161	0.566	0.272	0.001
0.206	0.355	0.217	0.222
0.255	0.039	0.450	0.256
0.217	0.172	0.433	0.178
0.244	0.428	0.206	0.122
0.001	0.699	0.299	0.001
0.001	0.511	0.255	0.233
>ACCAGAAC	24-ACCAGAAC	8.498705	-0.000000	0	T:138.0(0.89%),B:2636.5(1.51%),P:1e0	Tpos:105.5,Tstd:58.8,Bpos:3430.1,Bstd:14124.0,StrandBias:0.3,Multiplicity:1.00
0.997	0.001	0.001	0.001
0.001	0.997	0.001	0.001
0.001	0.997	0.001	0.001
0.913	0.001	0.001	0.085
0.001	0.001	0.997	0.001
0.974	0.001	0.001	0.024
0.941	0.001	0.001	0.057
0.001	0.973	0.025	0.001
>CSVDGCCC	25-CSVDGCCC	4.338579	-0.000000	0	T:629.0(4.08%),B:13319.8(7.62%),P:1e0	Tpos:79.9,Tstd:54.1,Bpos:754.4,Bstd:2987.1,StrandBias:-0.2,Multiplicity:1.00
0.001	0.603	0.395	0.001
0.208	0.354	0.434	0.005
0.231	0.330	0.288	0.151
0.325	0.165	0.274	0.236
0.217	0.269	0.467	0.047
0.207	0.382	0.217	0.193
0.001	0.584	0.414	0.001
0.038	0.458	0.260	0.245
