>GAATGGAATGGA	1-GAATGGAATGGA	12.259676	-55.512999	0	T:16.0(1.73%),B:49.8(0.02%),P:1e-24	Tpos:52.9,Tstd:24.1,Bpos:18021.0,Bstd:18825.5,StrandBias:-0.3,Multiplicity:1.94
0.001	0.001	0.997	0.001
0.997	0.001	0.001	0.001
0.997	0.001	0.001	0.001
0.001	0.001	0.001	0.997
0.001	0.001	0.997	0.001
0.001	0.001	0.997	0.001
0.997	0.001	0.001	0.001
0.997	0.001	0.001	0.001
0.001	0.001	0.001	0.997
0.001	0.013	0.985	0.001
0.001	0.001	0.997	0.001
0.997	0.001	0.001	0.001
>ATGGAATGGAAT	2-ATGGAATGGAAT	13.651016	-55.493105	0	T:18.0(1.94%),B:85.0(0.03%),P:1e-24	Tpos:53.4,Tstd:29.0,Bpos:12326.1,Bstd:22849.8,StrandBias:0.0,Multiplicity:1.00
0.759	0.078	0.115	0.048
0.026	0.052	0.001	0.921
0.069	0.284	0.580	0.067
0.078	0.017	0.882	0.023
0.902	0.058	0.017	0.023
0.788	0.081	0.067	0.064
0.033	0.078	0.047	0.842
0.053	0.127	0.803	0.017
0.037	0.045	0.899	0.019
0.961	0.015	0.023	0.001
0.805	0.062	0.075	0.058
0.044	0.061	0.031	0.864
>ACTCGGGTTGAT	3-ACTCGGGTTGAT	14.874558	-48.976733	0	T:10.0(1.08%),B:4.8(0.00%),P:1e-21	Tpos:67.8,Tstd:13.5,Bpos:3894.9,Bstd:4751.1,StrandBias:0.6,Multiplicity:1.00
0.997	0.001	0.001	0.001
0.001	0.997	0.001	0.001
0.001	0.001	0.001	0.997
0.178	0.820	0.001	0.001
0.001	0.001	0.997	0.001
0.001	0.001	0.997	0.001
0.001	0.001	0.997	0.001
0.001	0.001	0.001	0.997
0.001	0.001	0.001	0.997
0.001	0.001	0.997	0.001
0.997	0.001	0.001	0.001
0.001	0.001	0.216	0.782
>AATGGAATCATC	4-AATGGAATCATC	13.617320	-48.273908	0	T:17.0(1.83%),B:106.1(0.04%),P:1e-20	Tpos:53.9,Tstd:25.9,Bpos:16575.0,Bstd:63702.8,StrandBias:0.4,Multiplicity:1.17
0.952	0.001	0.001	0.046
0.947	0.001	0.051	0.001
0.001	0.071	0.001	0.927
0.049	0.001	0.949	0.001
0.033	0.001	0.965	0.001
0.997	0.001	0.001	0.001
0.997	0.001	0.001	0.001
0.034	0.001	0.001	0.964
0.048	0.842	0.001	0.109
0.961	0.001	0.001	0.037
0.310	0.001	0.001	0.688
0.001	0.925	0.001	0.073
>GGAATGGAATGG	5-GGAATGGAATGG	12.083660	-28.563923	0	T:18.0(1.94%),B:442.8(0.18%),P:1e-12	Tpos:54.0,Tstd:34.2,Bpos:15306.7,Bstd:23197.8,StrandBias:3.0,Multiplicity:1.00
0.001	0.114	0.857	0.028
0.090	0.079	0.793	0.038
0.913	0.001	0.085	0.001
0.748	0.043	0.128	0.081
0.102	0.081	0.102	0.715
0.028	0.158	0.791	0.023
0.001	0.001	0.965	0.033
0.997	0.001	0.001	0.001
0.735	0.022	0.168	0.075
0.042	0.081	0.055	0.822
0.028	0.043	0.862	0.067
0.091	0.076	0.805	0.028
>CCATTCCACTCG	6-CCATTCCACTCG	10.708441	-27.073074	0	T:24.0(2.59%),B:972.3(0.40%),P:1e-11	Tpos:46.0,Tstd:25.3,Bpos:12641.4,Bstd:29392.1,StrandBias:-0.2,Multiplicity:1.08
0.078	0.843	0.001	0.078
0.078	0.696	0.078	0.148
0.901	0.097	0.001	0.001
0.001	0.077	0.001	0.921
0.001	0.050	0.001	0.948
0.001	0.921	0.001	0.077
0.124	0.797	0.078	0.001
0.886	0.112	0.001	0.001
0.001	0.714	0.078	0.207
0.001	0.001	0.001	0.997
0.001	0.831	0.001	0.167
0.001	0.251	0.694	0.054
>ATGGAATCATCV	7-ATGGAATCATCV	11.160277	-19.883877	0	T:22.0(2.37%),B:1178.4(0.48%),P:1e-8	Tpos:37.5,Tstd:23.1,Bpos:72496.2,Bstd:170966.5,StrandBias:0.2,Multiplicity:1.31
0.785	0.001	0.213	0.001
0.001	0.122	0.001	0.876
0.108	0.001	0.890	0.001
0.116	0.001	0.882	0.001
0.923	0.075	0.001	0.001
0.926	0.001	0.072	0.001
0.074	0.001	0.109	0.816
0.072	0.926	0.001	0.001
0.929	0.001	0.001	0.069
0.050	0.001	0.001	0.948
0.001	0.824	0.001	0.174
0.254	0.324	0.289	0.133
>CGTTCCATTCCA	8-CGTTCCATTCCA	14.636913	-16.893950	0	T:5.0(0.54%),B:21.9(0.01%),P:1e-7	Tpos:53.8,Tstd:27.8,Bpos:10758.4,Bstd:13863.2,StrandBias:2.0,Multiplicity:1.25
0.001	0.997	0.001	0.001
0.001	0.001	0.997	0.001
0.001	0.001	0.001	0.997
0.001	0.001	0.001	0.997
0.001	0.734	0.001	0.264
0.001	0.997	0.001	0.001
0.529	0.001	0.264	0.206
0.001	0.001	0.001	0.997
0.001	0.001	0.001	0.997
0.001	0.997	0.001	0.001
0.001	0.997	0.001	0.001
0.997	0.001	0.001	0.001
>TGGATAGATAGC	9-TGGATAGATAGC	10.861809	-3.891982	0	T:6.0(0.65%),B:554.0(0.23%),P:1e-1	Tpos:51.0,Tstd:26.4,Bpos:14582.8,Bstd:55572.6,StrandBias:-2.3,Multiplicity:1.00
0.137	0.001	0.200	0.662
0.381	0.001	0.617	0.001
0.001	0.364	0.634	0.001
0.682	0.147	0.170	0.001
0.001	0.128	0.098	0.773
0.990	0.001	0.008	0.001
0.001	0.009	0.874	0.116
0.712	0.286	0.001	0.001
0.128	0.146	0.001	0.725
0.989	0.001	0.001	0.009
0.001	0.001	0.725	0.273
0.098	0.710	0.001	0.191
>RAWAGAWASAKR	10-RAWAGAWASAKR	9.093223	-1.947058	0	T:7.0(0.76%),B:1134.3(0.46%),P:1e0	Tpos:38.8,Tstd:25.0,Bpos:15891.3,Bstd:44055.8,StrandBias:1.1,Multiplicity:1.00
0.375	0.050	0.496	0.079
0.753	0.001	0.230	0.016
0.424	0.090	0.061	0.425
0.798	0.001	0.166	0.035
0.066	0.197	0.490	0.248
0.845	0.016	0.138	0.001
0.312	0.240	0.024	0.424
0.794	0.001	0.001	0.204
0.078	0.299	0.403	0.220
0.579	0.017	0.032	0.372
0.221	0.030	0.311	0.438
0.525	0.035	0.393	0.047
>NGGRACASAGAD	11-NGGRACASAGAD	8.634178	-1.708331	0	T:1.0(0.11%),B:53.0(0.02%),P:1e0	Tpos:93.0,Tstd:0.0,Bpos:14235.1,Bstd:59069.3,StrandBias:-10.0,Multiplicity:1.00
0.288	0.159	0.299	0.253
0.274	0.044	0.544	0.138
0.197	0.063	0.622	0.118
0.350	0.127	0.460	0.063
0.495	0.104	0.243	0.158
0.180	0.503	0.211	0.106
0.634	0.116	0.106	0.144
0.170	0.313	0.444	0.074
0.788	0.032	0.062	0.118
0.180	0.053	0.619	0.148
0.658	0.106	0.173	0.063
0.320	0.169	0.247	0.264
>NAGGAGAGTCCT	12-NAGGAGAGTCCT	8.541813	-1.651535	0	T:5.0(0.54%),B:804.4(0.33%),P:1e0	Tpos:62.2,Tstd:28.6,Bpos:10439.8,Bstd:40300.3,StrandBias:-0.6,Multiplicity:1.00
0.298	0.286	0.173	0.243
0.731	0.041	0.086	0.142
0.137	0.032	0.685	0.146
0.209	0.172	0.526	0.093
0.767	0.033	0.076	0.124
0.194	0.105	0.596	0.105
0.663	0.114	0.107	0.116
0.162	0.110	0.554	0.174
0.161	0.097	0.159	0.583
0.127	0.599	0.100	0.174
0.187	0.577	0.052	0.184
0.270	0.199	0.097	0.434
>TGCTTTTCCCCT	13-TGCTTTTCCCCT	12.355432	-1.245387	0	T:1.0(0.11%),B:89.6(0.04%),P:1e0	Tpos:47.0,Tstd:0.0,Bpos:12287.4,Bstd:20383.9,StrandBias:10.0,Multiplicity:1.00
0.100	0.100	0.100	0.700
0.100	0.100	0.700	0.100
0.100	0.700	0.100	0.100
0.100	0.100	0.100	0.700
0.100	0.100	0.100	0.700
0.100	0.100	0.100	0.700
0.100	0.100	0.100	0.700
0.100	0.700	0.100	0.100
0.100	0.700	0.100	0.100
0.100	0.700	0.100	0.100
0.100	0.700	0.100	0.100
0.100	0.100	0.100	0.700
>TGGAAATTAAAC	14-TGGAAATTAAAC	12.355432	-0.991035	0	T:1.0(0.11%),B:122.5(0.05%),P:1e0	Tpos:89.0,Tstd:0.0,Bpos:24806.6,Bstd:63930.8,StrandBias:10.0,Multiplicity:1.00
0.100	0.100	0.100	0.700
0.100	0.100	0.700	0.100
0.100	0.100	0.700	0.100
0.700	0.100	0.100	0.100
0.700	0.100	0.100	0.100
0.700	0.100	0.100	0.100
0.100	0.100	0.100	0.700
0.100	0.100	0.100	0.700
0.700	0.100	0.100	0.100
0.700	0.100	0.100	0.100
0.700	0.100	0.100	0.100
0.100	0.700	0.100	0.100
>TGGTGGTGGTGG	15-TGGTGGTGGTGG	12.261789	-0.508537	0	T:4.0(0.43%),B:1106.2(0.45%),P:1e0	Tpos:36.8,Tstd:23.9,Bpos:8334.8,Bstd:29623.9,StrandBias:2.8,Multiplicity:2.00
0.129	0.077	0.160	0.634
0.001	0.001	0.997	0.001
0.141	0.001	0.802	0.056
0.147	0.084	0.001	0.768
0.062	0.001	0.936	0.001
0.110	0.061	0.753	0.076
0.063	0.001	0.001	0.935
0.001	0.001	0.936	0.062
0.167	0.001	0.831	0.001
0.058	0.001	0.142	0.799
0.128	0.001	0.787	0.084
0.171	0.001	0.827	0.001
>KRTTTYTCTTCC	16-KRTTTYTCTTCC	10.662586	-0.380349	0	T:1.0(0.11%),B:304.7(0.12%),P:1e0	Tpos:74.0,Tstd:0.0,Bpos:6731.5,Bstd:23005.3,StrandBias:-10.0,Multiplicity:1.00
0.145	0.072	0.350	0.433
0.419	0.001	0.508	0.072
0.001	0.214	0.220	0.565
0.144	0.220	0.001	0.635
0.001	0.001	0.214	0.784
0.001	0.432	0.071	0.496
0.001	0.349	0.073	0.577
0.218	0.578	0.001	0.203
0.286	0.071	0.001	0.642
0.001	0.362	0.072	0.565
0.072	0.790	0.131	0.007
0.001	0.997	0.001	0.001
>HCCTGGGCTCAN	17-HCCTGGGCTCAN	9.673128	-0.180595	0	T:1.0(0.11%),B:476.4(0.19%),P:1e0	Tpos:20.0,Tstd:0.0,Bpos:7076.9,Bstd:20202.1,StrandBias:10.0,Multiplicity:1.00
0.254	0.236	0.175	0.335
0.105	0.637	0.118	0.140
0.123	0.597	0.092	0.188
0.144	0.044	0.070	0.742
0.101	0.073	0.699	0.127
0.160	0.074	0.657	0.109
0.140	0.131	0.595	0.134
0.131	0.646	0.096	0.127
0.166	0.131	0.070	0.633
0.122	0.598	0.166	0.114
0.622	0.149	0.074	0.155
0.219	0.271	0.270	0.241
>KAGRRAAAGAGW	18-KAGRRAAAGAGW	9.060613	-0.071325	0	T:2.0(0.22%),B:1151.7(0.47%),P:1e0	Tpos:7.0,Tstd:0.0,Bpos:13629.3,Bstd:48276.6,StrandBias:10.0,Multiplicity:1.00
0.217	0.153	0.370	0.260
0.521	0.001	0.282	0.196
0.279	0.001	0.719	0.001
0.328	0.149	0.414	0.109
0.392	0.241	0.260	0.107
0.526	0.279	0.173	0.022
0.586	0.284	0.001	0.129
0.780	0.001	0.131	0.088
0.001	0.214	0.784	0.001
0.781	0.001	0.109	0.109
0.001	0.238	0.674	0.087
0.413	0.151	0.109	0.326
>CATTCCACTCGG	19-CATTCCACTCGG	2.625881	-0.065129	0	T:807.0(87.06%),B:217441.8(88.62%),P:1e0	Tpos:50.5,Tstd:25.8,Bpos:13360.3,Bstd:54453.0,StrandBias:0.0,Multiplicity:2.10
0.100	0.700	0.100	0.100
0.700	0.100	0.100	0.100
0.100	0.100	0.100	0.700
0.100	0.100	0.100	0.700
0.100	0.700	0.100	0.100
0.100	0.700	0.100	0.100
0.700	0.100	0.100	0.100
0.100	0.700	0.100	0.100
0.100	0.100	0.100	0.700
0.100	0.700	0.100	0.100
0.100	0.100	0.700	0.100
0.100	0.100	0.700	0.100
>CYCTYWTYCCYT	20-CYCTYWTYCCYT	7.969454	-0.059444	0	T:2.0(0.22%),B:1208.4(0.49%),P:1e0	Tpos:16.0,Tstd:0.0,Bpos:9027.2,Bstd:33449.3,StrandBias:-10.0,Multiplicity:1.00
0.119	0.593	0.076	0.212
0.025	0.491	0.008	0.475
0.237	0.645	0.042	0.076
0.305	0.195	0.008	0.491
0.195	0.381	0.187	0.237
0.373	0.187	0.034	0.407
0.059	0.127	0.313	0.501
0.169	0.381	0.203	0.246
0.229	0.661	0.017	0.093
0.042	0.839	0.017	0.102
0.228	0.406	0.001	0.364
0.187	0.280	0.068	0.466
>GVACAGAGGAGA	21-GVACAGAGGAGA	11.016493	-0.022317	0	T:9.0(0.97%),B:4218.6(1.72%),P:1e0	Tpos:72.0,Tstd:24.2,Bpos:9347.1,Bstd:35335.2,StrandBias:1.6,Multiplicity:1.00
0.001	0.324	0.667	0.008
0.350	0.316	0.333	0.001
0.991	0.001	0.001	0.007
0.326	0.649	0.001	0.024
0.991	0.001	0.001	0.007
0.001	0.001	0.997	0.001
0.997	0.001	0.001	0.001
0.358	0.001	0.640	0.001
0.001	0.341	0.657	0.001
0.665	0.001	0.001	0.333
0.001	0.001	0.997	0.001
0.674	0.001	0.324	0.001
>TCCCTCTCTCCC	22-TCCCTCTCTCCC	11.203382	-0.004691	0	T:6.0(0.65%),B:3756.7(1.53%),P:1e0	Tpos:46.0,Tstd:22.7,Bpos:9768.7,Bstd:38480.5,StrandBias:-1.0,Multiplicity:1.00
0.001	0.195	0.221	0.583
0.001	0.610	0.001	0.388
0.001	0.609	0.001	0.389
0.001	0.997	0.001	0.001
0.001	0.387	0.001	0.611
0.001	0.997	0.001	0.001
0.001	0.388	0.001	0.610
0.001	0.805	0.001	0.193
0.001	0.195	0.220	0.584
0.001	0.610	0.001	0.388
0.001	0.774	0.001	0.224
0.001	0.607	0.001	0.391
>CTCTCTCTCTCT	23-CTCTCTCTCTCT	10.409522	-0.000373	0	T:7.0(0.76%),B:5122.9(2.09%),P:1e0	Tpos:61.1,Tstd:26.7,Bpos:12511.7,Bstd:44026.7,StrandBias:3.3,Multiplicity:1.40
0.100	0.700	0.100	0.100
0.100	0.100	0.100	0.700
0.100	0.700	0.100	0.100
0.100	0.100	0.100	0.700
0.100	0.700	0.100	0.100
0.100	0.100	0.100	0.700
0.100	0.700	0.100	0.100
0.100	0.100	0.100	0.700
0.100	0.700	0.100	0.100
0.100	0.100	0.100	0.700
0.100	0.700	0.100	0.100
0.100	0.100	0.100	0.700
>GTSWRGRCAGGR	24-GTSWRGRCAGGR	8.027962	-0.000065	0	T:13.0(1.40%),B:8259.2(3.37%),P:1e0	Tpos:41.1,Tstd:24.7,Bpos:8552.8,Bstd:31837.0,StrandBias:-1.3,Multiplicity:1.00
0.139	0.138	0.638	0.085
0.227	0.238	0.001	0.534
0.018	0.345	0.484	0.154
0.376	0.070	0.209	0.345
0.377	0.035	0.484	0.105
0.120	0.050	0.727	0.103
0.409	0.035	0.521	0.035
0.210	0.653	0.087	0.050
0.949	0.015	0.001	0.035
0.103	0.068	0.779	0.050
0.260	0.139	0.498	0.103
0.431	0.157	0.360	0.052
>TGGRGDRAGNAR	25-TGGRGDRAGNAR	8.459192	-0.000051	0	T:4.0(0.43%),B:4399.1(1.79%),P:1e0	Tpos:29.5,Tstd:18.0,Bpos:7809.4,Bstd:28834.7,StrandBias:10.0,Multiplicity:1.00
0.291	0.001	0.178	0.530
0.001	0.001	0.997	0.001
0.319	0.001	0.592	0.088
0.496	0.001	0.502	0.001
0.319	0.001	0.502	0.178
0.355	0.001	0.260	0.384
0.555	0.001	0.443	0.001
0.644	0.001	0.354	0.001
0.236	0.088	0.675	0.001
0.261	0.266	0.266	0.207
0.557	0.030	0.177	0.236
0.409	0.029	0.443	0.118
