>ACTCGGGTTG	1-ACTCGGGTTG	11.193747	-35.072210	0	T:11.0(1.19%),B:49.8(0.02%),P:1e-15	Tpos:54.6,Tstd:21.8,Bpos:7356.5,Bstd:32026.9,StrandBias:0.8,Multiplicity:1.00
0.997	0.001	0.001	0.001
0.001	0.922	0.001	0.076
0.001	0.001	0.001	0.997
0.001	0.997	0.001	0.001
0.001	0.077	0.921	0.001
0.001	0.001	0.997	0.001
0.001	0.001	0.997	0.001
0.001	0.001	0.001	0.997
0.001	0.001	0.001	0.997
0.001	0.001	0.997	0.001
>TCGAATGGAA	2-TCGAATGGAA	9.770364	-24.006879	0	T:21.0(2.27%),B:845.7(0.34%),P:1e-10	Tpos:49.8,Tstd:32.7,Bpos:11785.7,Bstd:35535.9,StrandBias:-0.6,Multiplicity:1.11
0.056	0.094	0.031	0.819
0.061	0.553	0.306	0.080
0.025	0.061	0.869	0.045
0.803	0.100	0.042	0.055
0.836	0.001	0.142	0.021
0.063	0.106	0.038	0.793
0.080	0.001	0.806	0.113
0.001	0.020	0.897	0.082
0.931	0.029	0.011	0.029
0.697	0.136	0.128	0.039
>CATTCCATTC	3-CATTCCATTC	13.593953	-20.310985	0	T:16.0(1.73%),B:571.4(0.23%),P:1e-8	Tpos:93.0,Tstd:0.0,Bpos:9898.9,Bstd:25608.1,StrandBias:10.0,Multiplicity:1.00
0.001	0.907	0.091	0.001
0.997	0.001	0.001	0.001
0.001	0.001	0.001	0.997
0.001	0.001	0.001	0.997
0.001	0.997	0.001	0.001
0.001	0.997	0.001	0.001
0.997	0.001	0.001	0.001
0.001	0.001	0.001	0.997
0.001	0.001	0.001	0.997
0.001	0.863	0.045	0.091
>GGAATGGAAT	4-GGAATGGAAT	13.635443	-19.721862	0	T:16.0(1.73%),B:596.6(0.24%),P:1e-8	Tpos:53.0,Tstd:23.5,Bpos:15833.9,Bstd:24596.0,StrandBias:-0.5,Multiplicity:6.75
0.001	0.043	0.955	0.001
0.001	0.068	0.930	0.001
0.997	0.001	0.001	0.001
0.997	0.001	0.001	0.001
0.001	0.022	0.001	0.976
0.001	0.013	0.985	0.001
0.001	0.051	0.947	0.001
0.997	0.001	0.001	0.001
0.997	0.001	0.001	0.001
0.001	0.001	0.001	0.997
>CCAATGGAAT	5-CCAATGGAAT	10.740271	-18.088860	0	T:24.0(2.59%),B:1544.7(0.63%),P:1e-7	Tpos:55.6,Tstd:27.8,Bpos:14467.3,Bstd:56814.8,StrandBias:-0.4,Multiplicity:1.08
0.027	0.745	0.227	0.001
0.253	0.696	0.001	0.050
0.997	0.001	0.001	0.001
0.960	0.001	0.001	0.038
0.001	0.089	0.001	0.909
0.047	0.001	0.951	0.001
0.001	0.001	0.997	0.001
0.883	0.001	0.115	0.001
0.898	0.001	0.058	0.043
0.001	0.001	0.001	0.997
>TGATTCCATT	6-TGATTCCATT	13.004400	-15.141316	0	T:16.0(1.73%),B:840.6(0.34%),P:1e-6	Tpos:48.0,Tstd:31.6,Bpos:13532.2,Bstd:47613.2,StrandBias:-2.3,Multiplicity:1.20
0.027	0.001	0.035	0.937
0.104	0.036	0.764	0.096
0.897	0.026	0.034	0.043
0.001	0.031	0.001	0.967
0.001	0.001	0.001	0.997
0.024	0.869	0.001	0.106
0.026	0.972	0.001	0.001
0.928	0.001	0.070	0.001
0.035	0.001	0.030	0.934
0.034	0.001	0.030	0.935
>ATCGAATGGA	7-ATCGAATGGA	8.689565	-11.621930	0	T:6.0(0.65%),B:119.9(0.05%),P:1e-5	Tpos:53.7,Tstd:24.0,Bpos:17822.4,Bstd:54981.5,StrandBias:10.0,Multiplicity:1.17
0.634	0.162	0.089	0.115
0.108	0.098	0.069	0.725
0.045	0.724	0.143	0.088
0.078	0.100	0.697	0.125
0.696	0.096	0.122	0.086
0.672	0.100	0.118	0.110
0.081	0.080	0.095	0.744
0.129	0.124	0.633	0.114
0.099	0.118	0.715	0.068
0.761	0.134	0.050	0.055
>ATCATCGAAT	8-ATCATCGAAT	10.957121	-9.643263	0	T:10.0(1.08%),B:549.7(0.22%),P:1e-4	Tpos:54.4,Tstd:22.0,Bpos:12188.5,Bstd:38459.2,StrandBias:1.0,Multiplicity:1.12
0.997	0.001	0.001	0.001
0.001	0.128	0.113	0.758
0.001	0.997	0.001	0.001
0.997	0.001	0.001	0.001
0.001	0.001	0.001	0.997
0.045	0.778	0.001	0.176
0.029	0.054	0.916	0.001
0.997	0.001	0.001	0.001
0.789	0.115	0.001	0.095
0.001	0.124	0.001	0.874
>AATGGAATGG	9-AATGGAATGG	10.303944	-7.749163	0	T:20.0(2.16%),B:2217.7(0.90%),P:1e-3	Tpos:43.3,Tstd:29.4,Bpos:12954.2,Bstd:33788.0,StrandBias:0.8,Multiplicity:1.27
0.966	0.001	0.032	0.001
0.865	0.038	0.096	0.001
0.022	0.001	0.021	0.956
0.027	0.001	0.971	0.001
0.001	0.001	0.997	0.001
0.920	0.056	0.023	0.001
0.866	0.001	0.096	0.037
0.061	0.096	0.001	0.842
0.033	0.001	0.942	0.024
0.022	0.001	0.957	0.020
>CATGATATCA	10-CATGATATCA	10.643253	-3.283923	0	T:7.0(0.76%),B:813.1(0.33%),P:1e-1	Tpos:57.7,Tstd:17.5,Bpos:15047.9,Bstd:48591.7,StrandBias:0.4,Multiplicity:1.00
0.055	0.877	0.001	0.067
0.915	0.001	0.001	0.083
0.001	0.001	0.001	0.997
0.001	0.001	0.997	0.001
0.831	0.092	0.076	0.001
0.001	0.001	0.149	0.849
0.867	0.092	0.001	0.040
0.001	0.001	0.001	0.997
0.058	0.798	0.075	0.069
0.930	0.001	0.001	0.068
>ACATCATCAG	11-ACATCATCAG	10.599057	-3.157643	0	T:11.0(1.19%),B:1588.1(0.65%),P:1e-1	Tpos:42.8,Tstd:23.7,Bpos:11126.5,Bstd:40994.9,StrandBias:0.8,Multiplicity:1.00
0.961	0.001	0.001	0.037
0.037	0.925	0.037	0.001
0.997	0.001	0.001	0.001
0.048	0.131	0.044	0.777
0.063	0.828	0.058	0.051
0.780	0.045	0.001	0.174
0.047	0.001	0.001	0.951
0.001	0.997	0.001	0.001
0.899	0.001	0.001	0.099
0.038	0.045	0.916	0.001
>GTGGAGTGGA	12-GTGGAGTGGA	10.296193	-1.856519	0	T:3.0(0.32%),B:358.7(0.15%),P:1e0	Tpos:51.7,Tstd:31.9,Bpos:11941.7,Bstd:20103.5,StrandBias:1.0,Multiplicity:1.00
0.100	0.100	0.700	0.100
0.100	0.100	0.100	0.700
0.100	0.100	0.700	0.100
0.100	0.100	0.700	0.100
0.700	0.100	0.100	0.100
0.100	0.100	0.700	0.100
0.100	0.100	0.100	0.700
0.100	0.100	0.700	0.100
0.100	0.100	0.700	0.100
0.700	0.100	0.100	0.100
>TCTGCCGCTC	13-TCTGCCGCTC	11.928875	-1.434147	0	T:2.0(0.22%),B:245.5(0.10%),P:1e0	Tpos:61.5,Tstd:17.5,Bpos:7279.2,Bstd:24944.5,StrandBias:0.0,Multiplicity:1.00
0.001	0.001	0.001	0.997
0.001	0.997	0.001	0.001
0.001	0.009	0.001	0.989
0.001	0.247	0.751	0.001
0.001	0.732	0.001	0.266
0.001	0.997	0.001	0.001
0.001	0.001	0.745	0.253
0.001	0.997	0.001	0.001
0.001	0.001	0.001	0.997
0.001	0.997	0.001	0.001
>TATCTATCTA	14-TATCTATCTA	8.211426	-1.006521	0	T:9.0(0.97%),B:2037.8(0.83%),P:1e0	Tpos:37.8,Tstd:25.5,Bpos:16018.3,Bstd:47322.6,StrandBias:-1.5,Multiplicity:1.00
0.064	0.062	0.001	0.873
0.997	0.001	0.001	0.001
0.001	0.065	0.001	0.933
0.001	0.997	0.001	0.001
0.001	0.001	0.001	0.997
0.997	0.001	0.001	0.001
0.001	0.055	0.001	0.943
0.001	0.997	0.001	0.001
0.001	0.057	0.001	0.941
0.997	0.001	0.001	0.001
>MMCCATCACC	15-MMCCATCACC	9.048516	-0.472858	0	T:2.0(0.22%),B:558.8(0.23%),P:1e0	Tpos:56.0,Tstd:21.4,Bpos:8629.0,Bstd:28696.0,StrandBias:-10.0,Multiplicity:1.50
0.286	0.432	0.082	0.201
0.503	0.378	0.034	0.085
0.279	0.564	0.006	0.151
0.137	0.801	0.001	0.061
0.729	0.148	0.001	0.122
0.119	0.221	0.149	0.511
0.184	0.583	0.198	0.035
0.784	0.094	0.039	0.083
0.069	0.612	0.149	0.170
0.017	0.793	0.076	0.114
