>TGYGGTTT	1-TGYGGTTT	6.385726	-3365.204307	0	T:6085.0(44.96%),B:33469.5(14.42%),P:1e-1461	Tpos:97.5,Tstd:42.2,Bpos:13265.7,Bstd:64982.5,StrandBias:0.0,Multiplicity:1.30
0.078	0.027	0.044	0.851
0.001	0.001	0.997	0.001
0.049	0.417	0.001	0.533
0.001	0.001	0.997	0.001
0.001	0.001	0.997	0.001
0.001	0.108	0.077	0.814
0.055	0.253	0.001	0.691
0.111	0.027	0.125	0.737
>TTTGTGGT	2-TTTGTGGT	0.921843	-1165.452729	0	T:10366.0(76.60%),B:130498.8(56.20%),P:1e-506	Tpos:94.6,Tstd:52.3,Bpos:12164.7,Bstd:59886.2,StrandBias:0.0,Multiplicity:1.65
0.147	0.165	0.001	0.687
0.073	0.236	0.089	0.602
0.001	0.001	0.001	0.997
0.001	0.001	0.997	0.001
0.001	0.001	0.001	0.997
0.001	0.001	0.997	0.001
0.001	0.001	0.997	0.001
0.001	0.001	0.001	0.997
>TTGTGGTT	3-TTGTGGTT	-3.090467	-1000.399022	0	T:12468.0(92.13%),B:179830.0(77.45%),P:1e-434	Tpos:94.5,Tstd:53.7,Bpos:9723.2,Bstd:43986.2,StrandBias:0.0,Multiplicity:1.82
0.001	0.063	0.188	0.748
0.001	0.001	0.001	0.997
0.001	0.001	0.997	0.001
0.001	0.001	0.001	0.997
0.001	0.001	0.997	0.001
0.001	0.001	0.997	0.001
0.001	0.001	0.001	0.997
0.047	0.001	0.013	0.939
>TCCTCTGA	4-TCCTCTGA	-4.457717	-698.595038	0	T:13136.0(97.07%),B:204416.6(88.04%),P:1e-303	Tpos:95.2,Tstd:55.3,Bpos:8413.0,Bstd:48968.4,StrandBias:-0.0,Multiplicity:1.47
0.001	0.001	0.001	0.997
0.001	0.739	0.001	0.259
0.001	0.997	0.001	0.001
0.205	0.001	0.001	0.793
0.001	0.997	0.001	0.001
0.307	0.001	0.001	0.691
0.001	0.001	0.997	0.001
0.773	0.001	0.001	0.225
>KGTTTTTG	5-KGTTTTTG	0.499300	-519.991139	0	T:10648.0(78.68%),B:152670.4(65.75%),P:1e-225	Tpos:94.5,Tstd:56.0,Bpos:9289.4,Bstd:38934.7,StrandBias:-0.0,Multiplicity:1.54
0.001	0.001	0.515	0.483
0.001	0.001	0.997	0.001
0.001	0.001	0.258	0.740
0.001	0.001	0.001	0.997
0.001	0.001	0.001	0.997
0.001	0.001	0.001	0.997
0.258	0.001	0.258	0.483
0.001	0.001	0.740	0.258
>AAAAMAAM	6-AAAAMAAM	2.662048	-492.431303	0	T:11360.0(83.94%),B:167791.5(72.27%),P:1e-213	Tpos:93.5,Tstd:55.9,Bpos:12479.3,Bstd:47269.9,StrandBias:-0.0,Multiplicity:1.70
0.459	0.268	0.119	0.155
0.530	0.218	0.058	0.194
0.606	0.254	0.059	0.081
0.640	0.227	0.015	0.118
0.449	0.321	0.049	0.181
0.506	0.290	0.082	0.122
0.491	0.207	0.136	0.167
0.364	0.260	0.163	0.214
>AHRGSCAA	7-AHRGSCAA	-1.516807	-374.152823	0	T:13454.0(99.42%),B:221632.9(95.46%),P:1e-162	Tpos:94.7,Tstd:55.7,Bpos:5320.9,Bstd:21636.7,StrandBias:-0.0,Multiplicity:1.52
0.578	0.001	0.001	0.420
0.214	0.294	0.144	0.349
0.333	0.001	0.452	0.214
0.001	0.001	0.997	0.001
0.001	0.428	0.570	0.001
0.063	0.778	0.001	0.158
0.721	0.001	0.001	0.277
0.997	0.001	0.001	0.001
>TTTTAACA	8-TTTTAACA	-7.102600	-321.685634	0	T:11770.0(86.97%),B:181882.1(78.34%),P:1e-139	Tpos:94.6,Tstd:55.6,Bpos:12305.9,Bstd:58126.3,StrandBias:-0.0,Multiplicity:1.60
0.250	0.001	0.001	0.748
0.001	0.001	0.001	0.997
0.001	0.001	0.001	0.997
0.001	0.001	0.001	0.997
0.976	0.001	0.001	0.022
0.770	0.001	0.001	0.228
0.001	0.997	0.001	0.001
0.997	0.001	0.001	0.001
>ATTACTTT	9-ATTACTTT	-5.439044	-243.758204	0	T:12313.0(90.98%),B:196091.5(84.45%),P:1e-105	Tpos:94.8,Tstd:55.2,Bpos:9681.4,Bstd:48116.3,StrandBias:-0.0,Multiplicity:1.58
0.997	0.001	0.001	0.001
0.001	0.001	0.001	0.997
0.001	0.078	0.173	0.748
0.997	0.001	0.001	0.001
0.001	0.997	0.001	0.001
0.001	0.001	0.001	0.997
0.001	0.001	0.001	0.997
0.138	0.001	0.001	0.860
>CBGSSGSC	10-CBGSSGSC	-2.034463	-243.680503	0	T:13413.0(99.11%),B:222834.9(95.97%),P:1e-105	Tpos:97.1,Tstd:55.6,Bpos:2935.7,Bstd:16193.1,StrandBias:-0.0,Multiplicity:1.72
0.093	0.571	0.266	0.070
0.076	0.386	0.278	0.261
0.001	0.200	0.762	0.037
0.003	0.526	0.470	0.001
0.139	0.467	0.380	0.014
0.079	0.001	0.883	0.037
0.001	0.547	0.451	0.001
0.001	0.997	0.001	0.001
>TATTKCAT	11-TATTKCAT	-1.561738	-234.862052	0	T:11016.0(81.40%),B:170237.1(73.32%),P:1e-101	Tpos:94.3,Tstd:55.5,Bpos:12989.6,Bstd:59060.0,StrandBias:-0.0,Multiplicity:1.67
0.042	0.001	0.001	0.956
0.799	0.001	0.001	0.199
0.001	0.001	0.001	0.997
0.001	0.001	0.001	0.997
0.035	0.228	0.331	0.406
0.234	0.764	0.001	0.001
0.633	0.001	0.043	0.323
0.001	0.001	0.001	0.997
>AAWAWWAW	12-AAWAWWAW	3.035349	-226.177787	0	T:10270.0(75.89%),B:156461.2(67.39%),P:1e-98	Tpos:92.9,Tstd:56.2,Bpos:12033.7,Bstd:37232.9,StrandBias:-0.0,Multiplicity:1.94
0.502	0.232	0.016	0.250
0.675	0.001	0.011	0.313
0.439	0.231	0.039	0.291
0.587	0.001	0.125	0.287
0.462	0.001	0.220	0.317
0.350	0.032	0.192	0.427
0.390	0.150	0.220	0.240
0.480	0.133	0.001	0.386
>AGWSCWGA	13-AGWSCWGA	-0.959694	-207.300426	0	T:13406.0(99.06%),B:223421.2(96.23%),P:1e-90	Tpos:94.7,Tstd:55.3,Bpos:8061.5,Bstd:42851.5,StrandBias:-0.1,Multiplicity:1.45
0.636	0.001	0.001	0.362
0.229	0.001	0.665	0.105
0.460	0.001	0.001	0.538
0.059	0.335	0.459	0.147
0.106	0.528	0.250	0.116
0.494	0.001	0.001	0.504
0.067	0.335	0.585	0.013
0.997	0.001	0.001	0.001
>GGGAGTGG	14-GGGAGTGG	2.399224	-187.677000	0	T:13519.0(99.90%),B:228003.7(98.20%),P:1e-81	Tpos:95.5,Tstd:55.3,Bpos:3418.2,Bstd:27946.7,StrandBias:-0.0,Multiplicity:2.41
0.100	0.100	0.700	0.100
0.100	0.100	0.700	0.100
0.100	0.100	0.700	0.100
0.700	0.100	0.100	0.100
0.100	0.100	0.700	0.100
0.100	0.100	0.100	0.700
0.100	0.100	0.700	0.100
0.100	0.100	0.700	0.100
>AGGAAGTA	15-AGGAAGTA	2.399224	-155.575274	0	T:13526.0(99.95%),B:228968.6(98.61%),P:1e-67	Tpos:95.0,Tstd:54.6,Bpos:7111.2,Bstd:41214.9,StrandBias:0.0,Multiplicity:3.66
0.700	0.100	0.100	0.100
0.100	0.100	0.700	0.100
0.100	0.100	0.700	0.100
0.700	0.100	0.100	0.100
0.700	0.100	0.100	0.100
0.100	0.100	0.700	0.100
0.100	0.100	0.100	0.700
0.700	0.100	0.100	0.100
>AACAGCTG	16-AACAGCTG	2.399224	-108.730752	0	T:13525.0(99.94%),B:229771.1(98.96%),P:1e-47	Tpos:95.8,Tstd:55.0,Bpos:4192.6,Bstd:23359.7,StrandBias:-0.0,Multiplicity:1.65
0.700	0.100	0.100	0.100
0.700	0.100	0.100	0.100
0.100	0.700	0.100	0.100
0.700	0.100	0.100	0.100
0.100	0.100	0.700	0.100
0.100	0.700	0.100	0.100
0.100	0.100	0.100	0.700
0.100	0.100	0.700	0.100
>NMKGTSAS	17-NMKGTSAS	6.116026	-0.000000	0	T:1018.0(7.52%),B:23023.4(9.92%),P:1e0	Tpos:100.4,Tstd:35.5,Bpos:5757.0,Bstd:18059.7,StrandBias:0.0,Multiplicity:1.00
0.188	0.281	0.252	0.280
0.280	0.343	0.189	0.188
0.001	0.001	0.499	0.499
0.001	0.001	0.997	0.001
0.096	0.001	0.189	0.714
0.221	0.404	0.374	0.001
0.997	0.001	0.001	0.001
0.001	0.439	0.559	0.001
>STGRGARK	18-STGRGARK	5.988370	-0.000000	0	T:3711.0(27.42%),B:69302.9(29.85%),P:1e0	Tpos:107.2,Tstd:54.5,Bpos:5591.8,Bstd:22738.7,StrandBias:-2.3,Multiplicity:1.00
0.001	0.497	0.501	0.001
0.296	0.001	0.001	0.702
0.001	0.200	0.604	0.195
0.494	0.001	0.504	0.001
0.202	0.001	0.796	0.001
0.488	0.207	0.304	0.001
0.410	0.001	0.486	0.103
0.001	0.001	0.501	0.497
>VYBCYCAN	19-VYBCYCAN	4.013763	-0.000000	0	T:4350.0(32.14%),B:80771.2(34.79%),P:1e0	Tpos:112.1,Tstd:52.2,Bpos:5691.8,Bstd:16751.9,StrandBias:0.2,Multiplicity:1.00
0.327	0.229	0.295	0.148
0.180	0.246	0.197	0.377
0.016	0.344	0.295	0.344
0.083	0.492	0.164	0.262
0.130	0.443	0.001	0.426
0.066	0.720	0.213	0.001
0.606	0.115	0.049	0.230
0.180	0.328	0.311	0.180
>GBKGWSAG	20-GBKGWSAG	5.876289	-0.000000	0	T:380.0(2.81%),B:9417.8(4.06%),P:1e0	Tpos:143.0,Tstd:0.0,Bpos:831.9,Bstd:1158.1,StrandBias:10.0,Multiplicity:1.00
0.260	0.224	0.452	0.064
0.132	0.290	0.290	0.288
0.001	0.001	0.484	0.514
0.001	0.064	0.934	0.001
0.416	0.001	0.132	0.451
0.032	0.515	0.452	0.001
0.581	0.001	0.001	0.417
0.001	0.353	0.645	0.001
>MNKGGSAC	21-MNKGGSAC	6.510384	-0.000000	0	T:84.0(0.62%),B:3808.9(1.64%),P:1e0	Tpos:146.5,Tstd:50.5,Bpos:1140.3,Bstd:2637.5,StrandBias:10.0,Multiplicity:1.00
0.318	0.387	0.159	0.136
0.227	0.316	0.229	0.227
0.001	0.001	0.568	0.430
0.001	0.001	0.997	0.001
0.001	0.001	0.818	0.180
0.207	0.408	0.383	0.001
0.725	0.001	0.001	0.273
0.001	0.612	0.386	0.001
>SAGAGAAG	22-SAGAGAAG	6.648408	-0.000000	0	T:1360.0(10.05%),B:27948.6(12.04%),P:1e0	Tpos:108.0,Tstd:60.2,Bpos:7985.1,Bstd:19165.1,StrandBias:0.6,Multiplicity:1.00
0.077	0.389	0.533	0.001
0.685	0.001	0.001	0.313
0.001	0.001	0.997	0.001
0.608	0.001	0.383	0.008
0.230	0.001	0.463	0.305
0.466	0.225	0.308	0.001
0.849	0.001	0.149	0.001
0.153	0.236	0.461	0.150
>RNGGTSAG	23-RNGGTSAG	5.049125	-0.000000	0	T:266.0(1.97%),B:8799.1(3.79%),P:1e0	Tpos:134.5,Tstd:10.5,Bpos:1819.4,Bstd:4151.1,StrandBias:10.0,Multiplicity:1.00
0.368	0.179	0.302	0.151
0.302	0.207	0.274	0.217
0.076	0.066	0.650	0.208
0.123	0.189	0.546	0.142
0.208	0.189	0.198	0.406
0.179	0.415	0.330	0.075
0.697	0.057	0.104	0.142
0.066	0.283	0.566	0.085
>RNKGTSAG	24-RNKGTSAG	4.275284	-0.000000	0	T:342.0(2.53%),B:10201.2(4.39%),P:1e0	Tpos:73.5,Tstd:48.5,Bpos:3214.0,Bstd:8437.8,StrandBias:0.0,Multiplicity:1.00
0.364	0.172	0.384	0.081
0.252	0.242	0.263	0.243
0.101	0.121	0.394	0.383
0.010	0.283	0.515	0.192
0.242	0.172	0.142	0.445
0.182	0.384	0.374	0.061
0.637	0.050	0.101	0.212
0.071	0.353	0.505	0.071
>SCATGTCR	25-SCATGTCR	-18.446801	0.000000	0	T:13533.0(100.00%),B:232184.9(100.00%),P:1e0	Tpos:94.7,Tstd:57.4,Bpos:9984.4,Bstd:49571.8,StrandBias:0.0,Multiplicity:1.43
0.001	0.449	0.549	0.001
0.001	0.997	0.001	0.001
0.997	0.001	0.001	0.001
0.001	0.001	0.001	0.997
0.001	0.001	0.997	0.001
0.001	0.001	0.001	0.997
0.001	0.997	0.001	0.001
0.450	0.150	0.400	0.001
