>YTGTGGTTWNNN	1-YTGTGGTTWNNN	6.300366	-3648.581820	0	T:5771.0(42.64%),B:28076.7(12.09%),P:1e-1584	Tpos:97.4,Tstd:40.9,Bpos:14023.1,Bstd:67745.8,StrandBias:0.1,Multiplicity:1.28
0.196	0.313	0.128	0.362
0.163	0.162	0.095	0.580
0.061	0.061	0.836	0.042
0.080	0.290	0.061	0.569
0.011	0.054	0.928	0.007
0.023	0.010	0.964	0.003
0.001	0.170	0.116	0.713
0.113	0.238	0.093	0.556
0.369	0.066	0.158	0.407
0.215	0.304	0.237	0.243
0.197	0.281	0.272	0.250
0.222	0.256	0.230	0.292
>NDDNAWNAGGAA	2-NDDNAWNAGGAA	4.407415	-936.169321	0	T:10748.0(79.42%),B:143306.4(61.72%),P:1e-406	Tpos:93.7,Tstd:54.0,Bpos:11520.5,Bstd:56614.4,StrandBias:0.1,Multiplicity:1.46
0.283	0.195	0.279	0.242
0.281	0.154	0.311	0.253
0.351	0.173	0.248	0.229
0.318	0.174	0.225	0.283
0.391	0.165	0.208	0.236
0.395	0.051	0.221	0.334
0.317	0.214	0.284	0.185
0.681	0.025	0.286	0.008
0.001	0.001	0.997	0.001
0.001	0.001	0.997	0.001
0.951	0.013	0.033	0.003
0.760	0.001	0.037	0.202
>CCACTTCCTSHY	3-CCACTTCCTSHY	2.116095	-849.059365	0	T:9224.0(68.16%),B:116577.8(50.21%),P:1e-368	Tpos:95.6,Tstd:51.0,Bpos:8132.0,Bstd:43087.2,StrandBias:-0.0,Multiplicity:1.65
0.171	0.418	0.197	0.215
0.323	0.520	0.001	0.156
0.749	0.001	0.249	0.001
0.001	0.694	0.083	0.222
0.183	0.001	0.001	0.815
0.001	0.001	0.001	0.997
0.001	0.997	0.001	0.001
0.001	0.997	0.001	0.001
0.001	0.191	0.298	0.510
0.080	0.390	0.348	0.181
0.259	0.336	0.048	0.357
0.196	0.264	0.133	0.407
>TGTGTGTGGTGT	4-TGTGTGTGGTGT	2.625881	-645.593854	0	T:13389.0(98.94%),B:213904.8(92.13%),P:1e-280	Tpos:95.3,Tstd:53.3,Bpos:7999.4,Bstd:45634.8,StrandBias:-0.0,Multiplicity:2.15
0.100	0.100	0.100	0.700
0.100	0.100	0.700	0.100
0.100	0.100	0.100	0.700
0.100	0.100	0.700	0.100
0.100	0.100	0.100	0.700
0.100	0.100	0.700	0.100
0.100	0.100	0.100	0.700
0.100	0.100	0.700	0.100
0.100	0.100	0.700	0.100
0.100	0.100	0.100	0.700
0.100	0.100	0.700	0.100
0.100	0.100	0.100	0.700
>CCACCAGAGGGC	5-CCACCAGAGGGC	2.625881	-485.286432	0	T:13267.0(98.03%),B:212940.2(91.71%),P:1e-210	Tpos:95.7,Tstd:54.4,Bpos:3813.2,Bstd:25964.3,StrandBias:0.0,Multiplicity:2.42
0.100	0.700	0.100	0.100
0.100	0.700	0.100	0.100
0.700	0.100	0.100	0.100
0.100	0.700	0.100	0.100
0.100	0.700	0.100	0.100
0.700	0.100	0.100	0.100
0.100	0.100	0.700	0.100
0.700	0.100	0.100	0.100
0.100	0.100	0.700	0.100
0.100	0.100	0.700	0.100
0.100	0.100	0.700	0.100
0.100	0.700	0.100	0.100
>CAGGGCCTGGCM	6-CAGGGCCTGGCM	-2.551505	-368.612469	0	T:12647.0(93.45%),B:199547.5(85.94%),P:1e-160	Tpos:94.7,Tstd:56.5,Bpos:3237.2,Bstd:12318.6,StrandBias:-0.0,Multiplicity:1.61
0.105	0.582	0.312	0.001
0.677	0.021	0.114	0.188
0.083	0.001	0.915	0.001
0.082	0.001	0.916	0.001
0.020	0.301	0.678	0.001
0.001	0.833	0.165	0.001
0.001	0.957	0.001	0.041
0.239	0.063	0.135	0.563
0.021	0.001	0.958	0.020
0.001	0.103	0.895	0.001
0.135	0.564	0.300	0.001
0.250	0.375	0.167	0.208
>CTCTCTCTCTCT	7-CTCTCTCTCTCT	4.290395	-312.255226	0	T:10197.0(75.35%),B:151368.5(65.19%),P:1e-135	Tpos:94.8,Tstd:55.4,Bpos:10784.8,Bstd:50542.0,StrandBias:0.0,Multiplicity:1.42
0.217	0.501	0.045	0.237
0.199	0.246	0.022	0.533
0.117	0.485	0.178	0.220
0.223	0.233	0.011	0.533
0.183	0.447	0.185	0.185
0.194	0.255	0.005	0.546
0.220	0.506	0.043	0.231
0.231	0.208	0.018	0.543
0.220	0.484	0.086	0.210
0.014	0.264	0.003	0.719
0.056	0.501	0.186	0.257
0.228	0.277	0.011	0.485
>STTVACAGATGR	8-STTVACAGATGR	4.319696	-254.444577	0	T:8855.0(65.43%),B:129353.1(55.71%),P:1e-110	Tpos:95.8,Tstd:54.1,Bpos:11140.3,Bstd:53101.4,StrandBias:0.0,Multiplicity:1.47
0.215	0.259	0.377	0.149
0.253	0.142	0.168	0.436
0.107	0.109	0.152	0.632
0.227	0.248	0.368	0.156
0.538	0.065	0.228	0.169
0.126	0.537	0.242	0.095
0.878	0.001	0.001	0.120
0.175	0.149	0.556	0.120
0.639	0.210	0.035	0.116
0.125	0.001	0.315	0.559
0.209	0.100	0.576	0.115
0.344	0.086	0.484	0.086
>WNWSWSWCWSWW	9-WNWSWSWCWSWW	3.653019	-237.111599	0	T:10793.0(79.75%),B:165848.2(71.43%),P:1e-102	Tpos:95.2,Tstd:54.4,Bpos:14442.4,Bstd:67028.0,StrandBias:0.0,Multiplicity:1.60
0.384	0.086	0.144	0.386
0.252	0.221	0.232	0.294
0.413	0.001	0.162	0.423
0.133	0.437	0.409	0.021
0.532	0.021	0.001	0.446
0.030	0.359	0.468	0.143
0.385	0.178	0.087	0.350
0.181	0.448	0.189	0.181
0.514	0.001	0.001	0.484
0.020	0.360	0.444	0.177
0.465	0.155	0.014	0.366
0.418	0.001	0.125	0.455
>TTTTHTTYTTTY	10-TTTTHTTYTTTY	3.806644	-214.197126	0	T:10222.0(75.53%),B:156133.7(67.25%),P:1e-93	Tpos:93.5,Tstd:56.0,Bpos:10646.5,Bstd:31186.6,StrandBias:0.0,Multiplicity:1.87
0.243	0.220	0.124	0.413
0.228	0.255	0.078	0.439
0.295	0.226	0.001	0.478
0.208	0.081	0.146	0.565
0.192	0.330	0.155	0.323
0.350	0.001	0.001	0.648
0.144	0.199	0.235	0.422
0.237	0.268	0.096	0.399
0.210	0.143	0.001	0.646
0.001	0.303	0.063	0.633
0.009	0.246	0.001	0.744
0.167	0.313	0.062	0.458
>GCCGCAGCCCCG	11-GCCGCAGCCCCG	0.000000	-198.190806	0	T:13481.0(99.62%),B:226168.0(97.41%),P:1e-86
0.100	0.100	0.700	0.100
0.100	0.700	0.100	0.100
0.100	0.700	0.100	0.100
0.100	0.100	0.700	0.100
0.100	0.700	0.100	0.100
0.700	0.100	0.100	0.100
0.100	0.100	0.700	0.100
0.100	0.700	0.100	0.100
0.100	0.700	0.100	0.100
0.100	0.700	0.100	0.100
0.100	0.700	0.100	0.100
0.100	0.100	0.700	0.100
>GAGGCCACGCCC	12-GAGGCCACGCCC	0.000000	-153.173018	0	T:13522.0(99.92%),B:228794.4(98.54%),P:1e-66
0.100	0.100	0.700	0.100
0.700	0.100	0.100	0.100
0.100	0.100	0.700	0.100
0.100	0.100	0.700	0.100
0.100	0.700	0.100	0.100
0.100	0.700	0.100	0.100
0.700	0.100	0.100	0.100
0.100	0.700	0.100	0.100
0.100	0.100	0.700	0.100
0.100	0.700	0.100	0.100
0.100	0.700	0.100	0.100
0.100	0.700	0.100	0.100
>CCACCAGGGGGC	13-CCACCAGGGGGC	0.000000	-118.884386	0	T:13520.0(99.90%),B:229336.1(98.77%),P:1e-51
0.100	0.700	0.100	0.100
0.100	0.700	0.100	0.100
0.700	0.100	0.100	0.100
0.100	0.700	0.100	0.100
0.100	0.700	0.100	0.100
0.700	0.100	0.100	0.100
0.100	0.100	0.700	0.100
0.100	0.100	0.700	0.100
0.100	0.100	0.700	0.100
0.100	0.100	0.700	0.100
0.100	0.100	0.700	0.100
0.100	0.700	0.100	0.100
>HTDAANMARYTD	14-HTDAANMARYTD	0.779138	-116.601288	0	T:13318.0(98.41%),B:223261.5(96.16%),P:1e-50	Tpos:93.0,Tstd:56.7,Bpos:11344.9,Bstd:44262.1,StrandBias:-0.0,Multiplicity:1.68
0.268	0.254	0.131	0.347
0.001	0.001	0.001	0.997
0.216	0.154	0.333	0.297
0.456	0.171	0.154	0.219
0.475	0.007	0.204	0.314
0.309	0.192	0.295	0.204
0.446	0.361	0.001	0.192
0.554	0.116	0.005	0.325
0.418	0.093	0.302	0.188
0.211	0.321	0.105	0.363
0.396	0.004	0.001	0.599
0.219	0.123	0.333	0.325
>TCCATTCCATTC	15-TCCATTCCATTC	10.012137	-37.958016	0	T:26.0(0.19%),B:35.4(0.02%),P:1e-16	Tpos:110.1,Tstd:58.8,Bpos:18127.2,Bstd:20560.4,StrandBias:-2.2,Multiplicity:1.38
0.015	0.071	0.056	0.858
0.075	0.595	0.092	0.238
0.137	0.521	0.252	0.090
0.567	0.104	0.145	0.184
0.171	0.144	0.163	0.522
0.021	0.054	0.025	0.900
0.224	0.537	0.150	0.089
0.161	0.433	0.267	0.139
0.717	0.079	0.107	0.097
0.177	0.159	0.161	0.503
0.095	0.040	0.159	0.706
0.098	0.655	0.056	0.191
>ATTCCATTCCAT	16-ATTCCATTCCAT	13.708227	-34.520344	0	T:25.0(0.18%),B:39.0(0.02%),P:1e-14	Tpos:99.6,Tstd:48.9,Bpos:16149.1,Bstd:9653.0,StrandBias:-1.3,Multiplicity:2.44
0.899	0.006	0.064	0.031
0.016	0.070	0.057	0.857
0.029	0.011	0.006	0.954
0.036	0.847	0.041	0.076
0.032	0.716	0.201	0.051
0.838	0.026	0.110	0.026
0.014	0.031	0.113	0.842
0.029	0.030	0.008	0.933
0.037	0.839	0.031	0.093
0.077	0.580	0.302	0.041
0.915	0.005	0.056	0.024
0.034	0.060	0.119	0.787
>ACAGCCCACAGC	17-ACAGCCCACAGC	0.000000	-19.898842	0	T:13533.0(100.00%),B:231833.5(99.85%),P:1e-8
0.700	0.100	0.100	0.100
0.100	0.700	0.100	0.100
0.700	0.100	0.100	0.100
0.100	0.100	0.700	0.100
0.100	0.700	0.100	0.100
0.100	0.700	0.100	0.100
0.100	0.700	0.100	0.100
0.700	0.100	0.100	0.100
0.100	0.700	0.100	0.100
0.700	0.100	0.100	0.100
0.100	0.100	0.700	0.100
0.100	0.700	0.100	0.100
>CTTCCGCTTCCG	18-CTTCCGCTTCCG	0.000000	-19.440945	0	T:13531.0(99.99%),B:231739.5(99.81%),P:1e-8
0.100	0.700	0.100	0.100
0.100	0.100	0.100	0.700
0.100	0.100	0.100	0.700
0.100	0.700	0.100	0.100
0.100	0.700	0.100	0.100
0.100	0.100	0.700	0.100
0.100	0.700	0.100	0.100
0.100	0.100	0.100	0.700
0.100	0.100	0.100	0.700
0.100	0.700	0.100	0.100
0.100	0.700	0.100	0.100
0.100	0.100	0.700	0.100
>TGATTCCATTCG	19-TGATTCCATTCG	14.422064	-15.655297	0	T:7.0(0.05%),B:3.4(0.00%),P:1e-6	Tpos:106.0,Tstd:69.8,Bpos:6727.9,Bstd:5968.7,StrandBias:-1.0,Multiplicity:1.20
0.047	0.171	0.053	0.729
0.096	0.050	0.794	0.060
0.828	0.082	0.054	0.036
0.036	0.066	0.001	0.897
0.001	0.035	0.001	0.963
0.061	0.866	0.052	0.021
0.041	0.872	0.034	0.053
0.885	0.029	0.041	0.045
0.082	0.051	0.041	0.826
0.132	0.023	0.043	0.802
0.034	0.755	0.061	0.150
0.061	0.104	0.790	0.045
>GAGGAAGGAAGG	20-GAGGAAGGAAGG	0.000000	-14.396805	0	T:13533.0(100.00%),B:231931.0(99.89%),P:1e-6
0.100	0.100	0.700	0.100
0.700	0.100	0.100	0.100
0.100	0.100	0.700	0.100
0.100	0.100	0.700	0.100
0.700	0.100	0.100	0.100
0.700	0.100	0.100	0.100
0.100	0.100	0.700	0.100
0.100	0.100	0.700	0.100
0.700	0.100	0.100	0.100
0.700	0.100	0.100	0.100
0.100	0.100	0.700	0.100
0.100	0.100	0.700	0.100
>GTTTCCTCATCT	21-GTTTCCTCATCT	0.000000	-12.582191	0	T:13533.0(100.00%),B:231962.0(99.90%),P:1e-5
0.100	0.100	0.700	0.100
0.100	0.100	0.100	0.700
0.100	0.100	0.100	0.700
0.100	0.100	0.100	0.700
0.100	0.700	0.100	0.100
0.100	0.700	0.100	0.100
0.100	0.100	0.100	0.700
0.100	0.700	0.100	0.100
0.700	0.100	0.100	0.100
0.100	0.100	0.100	0.700
0.100	0.700	0.100	0.100
0.100	0.100	0.100	0.700
>TGTGGTCTGTGG	22-TGTGGTCTGTGG	0.000000	-10.484346	0	T:13533.0(100.00%),B:231999.1(99.92%),P:1e-4
0.100	0.100	0.100	0.700
0.100	0.100	0.700	0.100
0.100	0.100	0.100	0.700
0.100	0.100	0.700	0.100
0.100	0.100	0.700	0.100
0.100	0.100	0.100	0.700
0.100	0.700	0.100	0.100
0.100	0.100	0.100	0.700
0.100	0.100	0.700	0.100
0.100	0.100	0.100	0.700
0.100	0.100	0.700	0.100
0.100	0.100	0.700	0.100
>TTCCATTCCATT	23-TTCCATTCCATT	11.915217	-7.344836	0	T:37.0(0.27%),B:343.4(0.15%),P:1e-3	Tpos:96.4,Tstd:50.6,Bpos:11497.4,Bstd:16289.0,StrandBias:-0.6,Multiplicity:1.36
0.037	0.075	0.047	0.841
0.029	0.009	0.001	0.961
0.042	0.880	0.023	0.055
0.048	0.760	0.165	0.027
0.749	0.051	0.090	0.110
0.026	0.067	0.102	0.805
0.020	0.018	0.016	0.946
0.055	0.848	0.035	0.062
0.108	0.708	0.170	0.014
0.841	0.020	0.072	0.067
0.066	0.071	0.097	0.766
0.025	0.052	0.025	0.898
>SCWGCHDKSCAG	24-SCWGCHDKSCAG	0.089707	-3.739429	0	T:13533.0(100.00%),B:232118.2(99.97%),P:1e-1	Tpos:94.2,Tstd:56.8,Bpos:6878.6,Bstd:36172.4,StrandBias:-0.0,Multiplicity:1.39
0.159	0.320	0.411	0.109
0.184	0.690	0.033	0.093
0.451	0.053	0.031	0.464
0.049	0.065	0.694	0.192
0.089	0.512	0.362	0.037
0.318	0.275	0.135	0.272
0.318	0.106	0.298	0.278
0.196	0.201	0.355	0.248
0.110	0.339	0.376	0.176
0.166	0.672	0.101	0.061
0.577	0.041	0.033	0.349
0.025	0.236	0.609	0.130
>SWGCCYTTKCCH	25-SWGCCYTTKCCH	-28.831812	0.000000	0	T:13533.0(100.00%),B:232184.9(100.00%),P:1e0	Tpos:93.9,Tstd:58.0,Bpos:8554.3,Bstd:45634.7,StrandBias:0.0,Multiplicity:1.28
0.117	0.298	0.398	0.187
0.375	0.001	0.135	0.490
0.094	0.350	0.555	0.001
0.325	0.628	0.046	0.001
0.228	0.560	0.001	0.211
0.181	0.397	0.001	0.420
0.001	0.163	0.211	0.625
0.163	0.211	0.210	0.416
0.187	0.163	0.276	0.373
0.116	0.631	0.252	0.001
0.094	0.579	0.001	0.326
0.368	0.280	0.001	0.351
