>WAACCACAAB	1-WAACCACAAB	4.195300	-3724.117384	0	T:4984.0(36.83%),B:20039.5(8.63%),P:1e-1617	Tpos:98.1,Tstd:40.1,Bpos:17506.9,Bstd:83175.5,StrandBias:-0.0,Multiplicity:1.20
0.479	0.065	0.001	0.455
0.686	0.001	0.312	0.001
0.997	0.001	0.001	0.001
0.001	0.997	0.001	0.001
0.001	0.997	0.001	0.001
0.705	0.001	0.293	0.001
0.001	0.997	0.001	0.001
0.997	0.001	0.001	0.001
0.519	0.190	0.153	0.138
0.095	0.276	0.373	0.256
>DRRARAGGAA	2-DRRARAGGAA	1.686721	-995.423683	0	T:11782.0(87.06%),B:163738.8(70.52%),P:1e-432	Tpos:93.7,Tstd:54.9,Bpos:12418.0,Bstd:60815.9,StrandBias:0.0,Multiplicity:1.43
0.294	0.118	0.319	0.270
0.446	0.020	0.392	0.142
0.466	0.103	0.329	0.103
0.446	0.103	0.240	0.211
0.333	0.182	0.402	0.083
0.847	0.001	0.151	0.001
0.001	0.001	0.997	0.001
0.001	0.001	0.997	0.001
0.997	0.001	0.001	0.001
0.955	0.001	0.001	0.043
>DDNNAGGAAG	3-DDNNAGGAAG	4.734294	-896.720908	0	T:10261.0(75.82%),B:134699.1(58.01%),P:1e-389	Tpos:93.5,Tstd:53.7,Bpos:8086.5,Bstd:38051.6,StrandBias:-0.0,Multiplicity:1.50
0.335	0.154	0.227	0.284
0.352	0.177	0.240	0.231
0.279	0.202	0.231	0.288
0.226	0.286	0.211	0.277
0.734	0.076	0.189	0.001
0.001	0.001	0.997	0.001
0.040	0.001	0.873	0.086
0.997	0.001	0.001	0.001
0.818	0.001	0.001	0.180
0.211	0.001	0.787	0.001
>AAGCAACAGA	4-AAGCAACAGA	-8.357882	-806.465868	0	T:12984.0(95.94%),B:197699.3(85.15%),P:1e-350	Tpos:94.2,Tstd:53.5,Bpos:8674.3,Bstd:51321.6,StrandBias:-0.0,Multiplicity:1.61
0.997	0.001	0.001	0.001
0.997	0.001	0.001	0.001
0.001	0.001	0.997	0.001
0.001	0.997	0.001	0.001
0.748	0.250	0.001	0.001
0.997	0.001	0.001	0.001
0.018	0.980	0.001	0.001
0.997	0.001	0.001	0.001
0.001	0.001	0.997	0.001
0.924	0.001	0.001	0.074
>ACCACTTCCT	5-ACCACTTCCT	3.589719	-750.612660	0	T:9103.0(67.27%),B:116964.9(50.38%),P:1e-325	Tpos:95.8,Tstd:51.0,Bpos:6744.4,Bstd:32369.7,StrandBias:-0.0,Multiplicity:1.61
0.478	0.249	0.209	0.064
0.078	0.702	0.080	0.140
0.096	0.795	0.050	0.059
0.963	0.001	0.031	0.005
0.005	0.958	0.004	0.033
0.310	0.001	0.008	0.681
0.045	0.019	0.043	0.893
0.053	0.901	0.014	0.032
0.005	0.952	0.013	0.030
0.021	0.162	0.138	0.679
>WWCWSWSANT	6-WWCWSWSANT	3.238824	-502.838061	0	T:12335.0(91.15%),B:188530.3(81.20%),P:1e-218	Tpos:95.2,Tstd:55.3,Bpos:7557.0,Bstd:35234.3,StrandBias:-0.0,Multiplicity:1.46
0.451	0.083	0.125	0.341
0.363	0.188	0.093	0.356
0.005	0.702	0.236	0.057
0.488	0.045	0.011	0.456
0.028	0.506	0.439	0.027
0.480	0.122	0.038	0.359
0.041	0.497	0.372	0.091
0.565	0.085	0.016	0.334
0.190	0.278	0.315	0.217
0.164	0.213	0.213	0.410
>TTGSTWAATT	7-TTGSTWAATT	-9.284158	-410.528034	0	T:12035.0(88.93%),B:184550.9(79.48%),P:1e-178	Tpos:94.9,Tstd:54.1,Bpos:10250.3,Bstd:46253.4,StrandBias:0.1,Multiplicity:1.59
0.001	0.001	0.001	0.997
0.001	0.001	0.001	0.997
0.001	0.001	0.997	0.001
0.001	0.544	0.454	0.001
0.001	0.001	0.001	0.997
0.544	0.001	0.001	0.454
0.726	0.001	0.001	0.272
0.635	0.001	0.001	0.363
0.001	0.001	0.001	0.997
0.001	0.001	0.001	0.997
>MWVWRNVWTT	8-MWVWRNVWTT	2.341941	-376.991706	0	T:11563.0(85.44%),B:175697.3(75.67%),P:1e-163	Tpos:94.6,Tstd:55.9,Bpos:10308.5,Bstd:42715.5,StrandBias:-0.0,Multiplicity:1.61
0.299	0.356	0.152	0.193
0.451	0.069	0.001	0.480
0.238	0.368	0.233	0.161
0.465	0.001	0.001	0.533
0.350	0.001	0.437	0.212
0.244	0.201	0.313	0.241
0.250	0.359	0.259	0.132
0.445	0.043	0.001	0.511
0.001	0.001	0.001	0.997
0.001	0.001	0.001	0.997
>YCYTTTTTTY	9-YCYTTTTTTY	4.030763	-350.539636	0	T:10547.0(77.94%),B:156519.4(67.41%),P:1e-152	Tpos:96.2,Tstd:56.0,Bpos:10271.6,Bstd:46391.6,StrandBias:-0.0,Multiplicity:1.41
0.088	0.424	0.075	0.412
0.081	0.625	0.012	0.282
0.110	0.478	0.001	0.411
0.067	0.281	0.005	0.647
0.096	0.303	0.079	0.522
0.156	0.336	0.001	0.507
0.196	0.324	0.001	0.479
0.196	0.256	0.001	0.547
0.179	0.279	0.080	0.463
0.178	0.398	0.107	0.316
>WHNNNWNAAA	10-WHNNNWNAAA	3.461553	-299.910955	0	T:10371.0(76.63%),B:155150.8(66.82%),P:1e-130	Tpos:93.6,Tstd:55.6,Bpos:13787.2,Bstd:54168.5,StrandBias:0.0,Multiplicity:1.94
0.353	0.156	0.160	0.331
0.321	0.179	0.175	0.325
0.320	0.221	0.173	0.285
0.290	0.240	0.175	0.295
0.281	0.269	0.163	0.287
0.431	0.154	0.001	0.414
0.324	0.181	0.242	0.253
0.997	0.001	0.001	0.001
0.752	0.001	0.246	0.001
0.561	0.001	0.251	0.187
>RAAARRNHHN	11-RAAARRNHHN	4.123046	-283.920269	0	T:10745.0(79.40%),B:162937.6(70.18%),P:1e-123	Tpos:93.8,Tstd:55.7,Bpos:12445.6,Bstd:51383.6,StrandBias:0.0,Multiplicity:1.58
0.564	0.001	0.434	0.001
0.700	0.001	0.298	0.001
0.663	0.001	0.335	0.001
0.618	0.001	0.380	0.001
0.388	0.018	0.377	0.217
0.346	0.142	0.331	0.180
0.292	0.238	0.270	0.201
0.348	0.338	0.001	0.314
0.381	0.236	0.012	0.371
0.266	0.242	0.222	0.270
>CTGCCTCTGG	12-CTGCCTCTGG	2.512553	-178.858094	0	T:13507.0(99.81%),B:227603.3(98.03%),P:1e-77	Tpos:95.5,Tstd:55.6,Bpos:4341.4,Bstd:28005.1,StrandBias:-0.0,Multiplicity:1.90
0.100	0.700	0.100	0.100
0.100	0.100	0.100	0.700
0.100	0.100	0.700	0.100
0.100	0.700	0.100	0.100
0.100	0.700	0.100	0.100
0.100	0.100	0.100	0.700
0.100	0.700	0.100	0.100
0.100	0.100	0.100	0.700
0.100	0.100	0.700	0.100
0.100	0.100	0.700	0.100
>CCCCAGCTTT	13-CCCCAGCTTT	2.512553	-178.033080	0	T:13519.0(99.90%),B:228181.3(98.28%),P:1e-77	Tpos:95.9,Tstd:54.3,Bpos:4292.0,Bstd:24260.5,StrandBias:-0.0,Multiplicity:2.71
0.100	0.700	0.100	0.100
0.100	0.700	0.100	0.100
0.100	0.700	0.100	0.100
0.100	0.700	0.100	0.100
0.700	0.100	0.100	0.100
0.100	0.100	0.700	0.100
0.100	0.700	0.100	0.100
0.100	0.100	0.100	0.700
0.100	0.100	0.100	0.700
0.100	0.100	0.100	0.700
>GCCACGCCCC	14-GCCACGCCCC	0.566642	-75.938169	0	T:13530.0(99.98%),B:230644.8(99.34%),P:1e-32	Tpos:95.6,Tstd:55.8,Bpos:4397.5,Bstd:28306.0,StrandBias:-0.0,Multiplicity:1.88
0.100	0.100	0.700	0.100
0.100	0.700	0.100	0.100
0.100	0.700	0.100	0.100
0.700	0.100	0.100	0.100
0.100	0.700	0.100	0.100
0.100	0.100	0.700	0.100
0.100	0.700	0.100	0.100
0.100	0.700	0.100	0.100
0.100	0.700	0.100	0.100
0.100	0.700	0.100	0.100
>TCCATTCSAT	15-TCCATTCSAT	11.352400	-9.046238	0	T:38.0(0.28%),B:323.4(0.14%),P:1e-3	Tpos:96.9,Tstd:51.4,Bpos:13725.5,Bstd:15166.0,StrandBias:-1.3,Multiplicity:4.65
0.005	0.045	0.015	0.935
0.028	0.918	0.039	0.015
0.082	0.571	0.187	0.160
0.817	0.025	0.134	0.024
0.034	0.034	0.010	0.922
0.037	0.026	0.037	0.900
0.010	0.939	0.050	0.001
0.054	0.489	0.414	0.044
0.822	0.040	0.122	0.016
0.017	0.171	0.047	0.765
>TCCATTTGAT	16-TCCATTTGAT	10.296193	-0.706305	0	T:16.0(0.12%),B:267.6(0.12%),P:1e0	Tpos:168.0,Tstd:0.0,Bpos:3535.0,Bstd:105.9,StrandBias:-10.0,Multiplicity:1.00
0.100	0.100	0.100	0.700
0.100	0.700	0.100	0.100
0.100	0.700	0.100	0.100
0.700	0.100	0.100	0.100
0.100	0.100	0.100	0.700
0.100	0.100	0.100	0.700
0.100	0.100	0.100	0.700
0.100	0.100	0.700	0.100
0.700	0.100	0.100	0.100
0.100	0.100	0.100	0.700
>AGTGACTCAG	17-AGTGACTCAG	8.350283	-0.129579	0	T:390.0(2.88%),B:7093.2(3.05%),P:1e0	Tpos:72.0,Tstd:0.0,Bpos:2754.1,Bstd:5784.3,StrandBias:10.0,Multiplicity:1.00
0.700	0.100	0.100	0.100
0.100	0.100	0.700	0.100
0.100	0.100	0.100	0.700
0.100	0.100	0.700	0.100
0.700	0.100	0.100	0.100
0.100	0.700	0.100	0.100
0.100	0.100	0.100	0.700
0.100	0.700	0.100	0.100
0.700	0.100	0.100	0.100
0.100	0.100	0.700	0.100
>CTCTCCCCAC	18-CTCTCCCCAC	6.404373	-0.095203	0	T:4295.0(31.74%),B:74961.3(32.29%),P:1e0	Tpos:64.3,Tstd:46.4,Bpos:3798.5,Bstd:14275.6,StrandBias:1.0,Multiplicity:1.00
0.100	0.700	0.100	0.100
0.100	0.100	0.100	0.700
0.100	0.700	0.100	0.100
0.100	0.100	0.100	0.700
0.100	0.700	0.100	0.100
0.100	0.700	0.100	0.100
0.100	0.700	0.100	0.100
0.100	0.700	0.100	0.100
0.700	0.100	0.100	0.100
0.100	0.700	0.100	0.100
>WANATGWGNN	19-WANATGWGNN	7.531251	-0.060407	0	T:5.0(0.04%),B:154.1(0.07%),P:1e0	Tpos:180.0,Tstd:0.0,Bpos:11312.7,Bstd:24540.5,StrandBias:10.0,Multiplicity:1.00
0.454	0.001	0.001	0.544
0.681	0.001	0.001	0.317
0.203	0.299	0.270	0.227
0.997	0.001	0.001	0.001
0.400	0.001	0.001	0.598
0.001	0.395	0.603	0.001
0.514	0.001	0.001	0.484
0.001	0.001	0.997	0.001
0.275	0.228	0.252	0.246
0.246	0.239	0.317	0.198
>WTGTGGTGAT	20-WTGTGGTGAT	12.913648	-0.060265	0	T:20.0(0.15%),B:474.7(0.20%),P:1e0	Tpos:147.7,Tstd:26.8,Bpos:7140.2,Bstd:12925.4,StrandBias:1.0,Multiplicity:1.00
0.451	0.027	0.047	0.475
0.001	0.001	0.001	0.997
0.001	0.001	0.997	0.001
0.001	0.001	0.001	0.997
0.001	0.001	0.997	0.001
0.001	0.001	0.997	0.001
0.001	0.001	0.001	0.997
0.001	0.001	0.997	0.001
0.997	0.001	0.001	0.001
0.068	0.047	0.006	0.879
>CTTCCTGCTC	21-CTTCCTGCTC	8.350283	-0.004950	0	T:787.0(5.82%),B:14770.9(6.36%),P:1e0	Tpos:196.0,Tstd:0.0,Bpos:6866.8,Bstd:13098.9,StrandBias:10.0,Multiplicity:1.00
0.100	0.700	0.100	0.100
0.100	0.100	0.100	0.700
0.100	0.100	0.100	0.700
0.100	0.700	0.100	0.100
0.100	0.700	0.100	0.100
0.100	0.100	0.100	0.700
0.100	0.100	0.700	0.100
0.100	0.700	0.100	0.100
0.100	0.100	0.100	0.700
0.100	0.700	0.100	0.100
>CAGAGGCTGC	22-CAGAGGCTGC	8.350283	-0.000000	0	T:627.0(4.63%),B:16977.8(7.31%),P:1e0	Tpos:120.2,Tstd:44.7,Bpos:3398.9,Bstd:9213.6,StrandBias:10.0,Multiplicity:1.00
0.100	0.700	0.100	0.100
0.700	0.100	0.100	0.100
0.100	0.100	0.700	0.100
0.700	0.100	0.100	0.100
0.100	0.100	0.700	0.100
0.100	0.100	0.700	0.100
0.100	0.700	0.100	0.100
0.100	0.100	0.100	0.700
0.100	0.100	0.700	0.100
0.100	0.700	0.100	0.100
>AGCCCCACCC	23-AGCCCCACCC	8.350283	-0.000000	0	T:743.0(5.49%),B:16515.7(7.11%),P:1e0	Tpos:57.0,Tstd:0.0,Bpos:3657.2,Bstd:9514.5,StrandBias:10.0,Multiplicity:1.00
0.700	0.100	0.100	0.100
0.100	0.100	0.700	0.100
0.100	0.700	0.100	0.100
0.100	0.700	0.100	0.100
0.100	0.700	0.100	0.100
0.100	0.700	0.100	0.100
0.700	0.100	0.100	0.100
0.100	0.700	0.100	0.100
0.100	0.700	0.100	0.100
0.100	0.700	0.100	0.100
>GGCCTCTCTG	24-GGCCTCTCTG	8.350283	-0.000000	0	T:465.0(3.44%),B:11271.5(4.85%),P:1e0	Tpos:81.3,Tstd:7.7,Bpos:6906.4,Bstd:27530.2,StrandBias:10.0,Multiplicity:1.00
0.100	0.100	0.700	0.100
0.100	0.100	0.700	0.100
0.100	0.700	0.100	0.100
0.100	0.700	0.100	0.100
0.100	0.100	0.100	0.700
0.100	0.700	0.100	0.100
0.100	0.100	0.100	0.700
0.100	0.700	0.100	0.100
0.100	0.100	0.100	0.700
0.100	0.100	0.700	0.100
>TTTGTGGTGG	25-TTTGTGGTGG	-1.379268	0.000000	0	T:13533.0(100.00%),B:232184.9(100.00%),P:1e0	Tpos:94.5,Tstd:57.4,Bpos:11402.7,Bstd:52115.4,StrandBias:-0.0,Multiplicity:1.43
0.100	0.100	0.100	0.700
0.100	0.100	0.100	0.700
0.100	0.100	0.100	0.700
0.100	0.100	0.700	0.100
0.100	0.100	0.100	0.700
0.100	0.100	0.700	0.100
0.100	0.100	0.700	0.100
0.100	0.100	0.100	0.700
0.100	0.100	0.700	0.100
0.100	0.100	0.700	0.100
>YTGTGGTTWNNN	1-YTGTGGTTWNNN	6.300366	-3648.581820	0	T:5771.0(42.64%),B:28076.7(12.09%),P:1e-1584	Tpos:97.4,Tstd:40.9,Bpos:14023.1,Bstd:67745.8,StrandBias:0.1,Multiplicity:1.28
0.196	0.313	0.128	0.362
0.163	0.162	0.095	0.580
0.061	0.061	0.836	0.042
0.080	0.290	0.061	0.569
0.011	0.054	0.928	0.007
0.023	0.010	0.964	0.003
0.001	0.170	0.116	0.713
0.113	0.238	0.093	0.556
0.369	0.066	0.158	0.407
0.215	0.304	0.237	0.243
0.197	0.281	0.272	0.250
0.222	0.256	0.230	0.292
>NDDNAWNAGGAA	2-NDDNAWNAGGAA	4.407415	-936.169321	0	T:10748.0(79.42%),B:143306.4(61.72%),P:1e-406	Tpos:93.7,Tstd:54.0,Bpos:11520.5,Bstd:56614.4,StrandBias:0.1,Multiplicity:1.46
0.283	0.195	0.279	0.242
0.281	0.154	0.311	0.253
0.351	0.173	0.248	0.229
0.318	0.174	0.225	0.283
0.391	0.165	0.208	0.236
0.395	0.051	0.221	0.334
0.317	0.214	0.284	0.185
0.681	0.025	0.286	0.008
0.001	0.001	0.997	0.001
0.001	0.001	0.997	0.001
0.951	0.013	0.033	0.003
0.760	0.001	0.037	0.202
>CCACTTCCTSHY	3-CCACTTCCTSHY	2.116095	-849.059365	0	T:9224.0(68.16%),B:116577.8(50.21%),P:1e-368	Tpos:95.6,Tstd:51.0,Bpos:8132.0,Bstd:43087.2,StrandBias:-0.0,Multiplicity:1.65
0.171	0.418	0.197	0.215
0.323	0.520	0.001	0.156
0.749	0.001	0.249	0.001
0.001	0.694	0.083	0.222
0.183	0.001	0.001	0.815
0.001	0.001	0.001	0.997
0.001	0.997	0.001	0.001
0.001	0.997	0.001	0.001
0.001	0.191	0.298	0.510
0.080	0.390	0.348	0.181
0.259	0.336	0.048	0.357
0.196	0.264	0.133	0.407
>TGTGTGTGGTGT	4-TGTGTGTGGTGT	2.625881	-645.593854	0	T:13389.0(98.94%),B:213904.8(92.13%),P:1e-280	Tpos:95.3,Tstd:53.3,Bpos:7999.4,Bstd:45634.8,StrandBias:-0.0,Multiplicity:2.15
0.100	0.100	0.100	0.700
0.100	0.100	0.700	0.100
0.100	0.100	0.100	0.700
0.100	0.100	0.700	0.100
0.100	0.100	0.100	0.700
0.100	0.100	0.700	0.100
0.100	0.100	0.100	0.700
0.100	0.100	0.700	0.100
0.100	0.100	0.700	0.100
0.100	0.100	0.100	0.700
0.100	0.100	0.700	0.100
0.100	0.100	0.100	0.700
>GAGGCCACGCCC	5-GAGGCCACGCCC	2.625881	-490.718426	0	T:12798.0(94.57%),B:199922.9(86.11%),P:1e-213	Tpos:71.0,Tstd:0.0,Bpos:228.5,Bstd:275.2,StrandBias:-10.0,Multiplicity:1.00
0.100	0.100	0.700	0.100
0.700	0.100	0.100	0.100
0.100	0.100	0.700	0.100
0.100	0.100	0.700	0.100
0.100	0.700	0.100	0.100
0.100	0.700	0.100	0.100
0.700	0.100	0.100	0.100
0.100	0.700	0.100	0.100
0.100	0.100	0.700	0.100
0.100	0.700	0.100	0.100
0.100	0.700	0.100	0.100
0.100	0.700	0.100	0.100
>CCACCAGAGGGC	6-CCACCAGAGGGC	2.625881	-485.286432	0	T:13267.0(98.03%),B:212940.2(91.71%),P:1e-210	Tpos:95.7,Tstd:54.4,Bpos:3813.2,Bstd:25964.3,StrandBias:0.0,Multiplicity:2.42
0.100	0.700	0.100	0.100
0.100	0.700	0.100	0.100
0.700	0.100	0.100	0.100
0.100	0.700	0.100	0.100
0.100	0.700	0.100	0.100
0.700	0.100	0.100	0.100
0.100	0.100	0.700	0.100
0.700	0.100	0.100	0.100
0.100	0.100	0.700	0.100
0.100	0.100	0.700	0.100
0.100	0.100	0.700	0.100
0.100	0.700	0.100	0.100
>CAGGGCCTGGCM	7-CAGGGCCTGGCM	-2.551505	-368.612469	0	T:12647.0(93.45%),B:199547.5(85.94%),P:1e-160	Tpos:94.7,Tstd:56.5,Bpos:3237.2,Bstd:12318.6,StrandBias:-0.0,Multiplicity:1.61
0.105	0.582	0.312	0.001
0.677	0.021	0.114	0.188
0.083	0.001	0.915	0.001
0.082	0.001	0.916	0.001
0.020	0.301	0.678	0.001
0.001	0.833	0.165	0.001
0.001	0.957	0.001	0.041
0.239	0.063	0.135	0.563
0.021	0.001	0.958	0.020
0.001	0.103	0.895	0.001
0.135	0.564	0.300	0.001
0.250	0.375	0.167	0.208
>CTCTCTCTCTCT	8-CTCTCTCTCTCT	4.290395	-312.255226	0	T:10197.0(75.35%),B:151368.5(65.19%),P:1e-135	Tpos:94.8,Tstd:55.4,Bpos:10784.8,Bstd:50542.0,StrandBias:0.0,Multiplicity:1.42
0.217	0.501	0.045	0.237
0.199	0.246	0.022	0.533
0.117	0.485	0.178	0.220
0.223	0.233	0.011	0.533
0.183	0.447	0.185	0.185
0.194	0.255	0.005	0.546
0.220	0.506	0.043	0.231
0.231	0.208	0.018	0.543
0.220	0.484	0.086	0.210
0.014	0.264	0.003	0.719
0.056	0.501	0.186	0.257
0.228	0.277	0.011	0.485
>STTVACAGATGR	9-STTVACAGATGR	4.319696	-254.444577	0	T:8855.0(65.43%),B:129353.1(55.71%),P:1e-110	Tpos:95.8,Tstd:54.1,Bpos:11140.3,Bstd:53101.4,StrandBias:0.0,Multiplicity:1.47
0.215	0.259	0.377	0.149
0.253	0.142	0.168	0.436
0.107	0.109	0.152	0.632
0.227	0.248	0.368	0.156
0.538	0.065	0.228	0.169
0.126	0.537	0.242	0.095
0.878	0.001	0.001	0.120
0.175	0.149	0.556	0.120
0.639	0.210	0.035	0.116
0.125	0.001	0.315	0.559
0.209	0.100	0.576	0.115
0.344	0.086	0.484	0.086
>WNWSWSWCWSWW	10-WNWSWSWCWSWW	3.653019	-237.111599	0	T:10793.0(79.75%),B:165848.2(71.43%),P:1e-102	Tpos:95.2,Tstd:54.4,Bpos:14442.4,Bstd:67028.0,StrandBias:0.0,Multiplicity:1.60
0.384	0.086	0.144	0.386
0.252	0.221	0.232	0.294
0.413	0.001	0.162	0.423
0.133	0.437	0.409	0.021
0.532	0.021	0.001	0.446
0.030	0.359	0.468	0.143
0.385	0.178	0.087	0.350
0.181	0.448	0.189	0.181
0.514	0.001	0.001	0.484
0.020	0.360	0.444	0.177
0.465	0.155	0.014	0.366
0.418	0.001	0.125	0.455
>TTTTHTTYTTTY	11-TTTTHTTYTTTY	3.806644	-214.197126	0	T:10222.0(75.53%),B:156133.7(67.25%),P:1e-93	Tpos:93.5,Tstd:56.0,Bpos:10646.5,Bstd:31186.6,StrandBias:0.0,Multiplicity:1.87
0.243	0.220	0.124	0.413
0.228	0.255	0.078	0.439
0.295	0.226	0.001	0.478
0.208	0.081	0.146	0.565
0.192	0.330	0.155	0.323
0.350	0.001	0.001	0.648
0.144	0.199	0.235	0.422
0.237	0.268	0.096	0.399
0.210	0.143	0.001	0.646
0.001	0.303	0.063	0.633
0.009	0.246	0.001	0.744
0.167	0.313	0.062	0.458
>GCCGCAGCCCCG	12-GCCGCAGCCCCG	0.000000	-198.190806	0	T:13481.0(99.62%),B:226168.0(97.41%),P:1e-86
0.100	0.100	0.700	0.100
0.100	0.700	0.100	0.100
0.100	0.700	0.100	0.100
0.100	0.100	0.700	0.100
0.100	0.700	0.100	0.100
0.700	0.100	0.100	0.100
0.100	0.100	0.700	0.100
0.100	0.700	0.100	0.100
0.100	0.700	0.100	0.100
0.100	0.700	0.100	0.100
0.100	0.700	0.100	0.100
0.100	0.100	0.700	0.100
>NHADNAATTKVH	13-NHADNAATTKVH	0.644069	-135.513002	0	T:13396.0(98.99%),B:224839.1(96.84%),P:1e-58	Tpos:92.0,Tstd:56.6,Bpos:11648.4,Bstd:48337.7,StrandBias:0.0,Multiplicity:1.68
0.285	0.171	0.248	0.295
0.312	0.259	0.158	0.271
0.599	0.001	0.001	0.399
0.301	0.001	0.383	0.315
0.212	0.296	0.295	0.198
0.574	0.274	0.001	0.151
0.597	0.030	0.232	0.141
0.218	0.207	0.181	0.393
0.001	0.012	0.001	0.986
0.047	0.001	0.419	0.533
0.316	0.242	0.322	0.121
0.292	0.248	0.077	0.383
>CCACCAGGGGGC	14-CCACCAGGGGGC	0.000000	-118.884386	0	T:13520.0(99.90%),B:229336.1(98.77%),P:1e-51
0.100	0.700	0.100	0.100
0.100	0.700	0.100	0.100
0.700	0.100	0.100	0.100
0.100	0.700	0.100	0.100
0.100	0.700	0.100	0.100
0.700	0.100	0.100	0.100
0.100	0.100	0.700	0.100
0.100	0.100	0.700	0.100
0.100	0.100	0.700	0.100
0.100	0.100	0.700	0.100
0.100	0.100	0.700	0.100
0.100	0.700	0.100	0.100
>TCCATTCCATTC	15-TCCATTCCATTC	10.012137	-37.958016	0	T:26.0(0.19%),B:35.4(0.02%),P:1e-16	Tpos:110.1,Tstd:58.8,Bpos:18127.2,Bstd:20560.4,StrandBias:-2.2,Multiplicity:1.38
0.015	0.071	0.056	0.858
0.075	0.595	0.092	0.238
0.137	0.521	0.252	0.090
0.567	0.104	0.145	0.184
0.171	0.144	0.163	0.522
0.021	0.054	0.025	0.900
0.224	0.537	0.150	0.089
0.161	0.433	0.267	0.139
0.717	0.079	0.107	0.097
0.177	0.159	0.161	0.503
0.095	0.040	0.159	0.706
0.098	0.655	0.056	0.191
>ATTCCATTCCAT	16-ATTCCATTCCAT	13.708227	-34.520344	0	T:25.0(0.18%),B:39.0(0.02%),P:1e-14	Tpos:99.6,Tstd:48.9,Bpos:16149.1,Bstd:9653.0,StrandBias:-1.3,Multiplicity:2.44
0.899	0.006	0.064	0.031
0.016	0.070	0.057	0.857
0.029	0.011	0.006	0.954
0.036	0.847	0.041	0.076
0.032	0.716	0.201	0.051
0.838	0.026	0.110	0.026
0.014	0.031	0.113	0.842
0.029	0.030	0.008	0.933
0.037	0.839	0.031	0.093
0.077	0.580	0.302	0.041
0.915	0.005	0.056	0.024
0.034	0.060	0.119	0.787
>ACAGCCCACAGC	17-ACAGCCCACAGC	0.000000	-19.898842	0	T:13533.0(100.00%),B:231833.5(99.85%),P:1e-8
0.700	0.100	0.100	0.100
0.100	0.700	0.100	0.100
0.700	0.100	0.100	0.100
0.100	0.100	0.700	0.100
0.100	0.700	0.100	0.100
0.100	0.700	0.100	0.100
0.100	0.700	0.100	0.100
0.700	0.100	0.100	0.100
0.100	0.700	0.100	0.100
0.700	0.100	0.100	0.100
0.100	0.100	0.700	0.100
0.100	0.700	0.100	0.100
>CTGTGGTCAGGG	18-CTGTGGTCAGGG	0.000000	-17.175905	0	T:13533.0(100.00%),B:231881.6(99.87%),P:1e-7
0.100	0.700	0.100	0.100
0.100	0.100	0.100	0.700
0.100	0.100	0.700	0.100
0.100	0.100	0.100	0.700
0.100	0.100	0.700	0.100
0.100	0.100	0.700	0.100
0.100	0.100	0.100	0.700
0.100	0.700	0.100	0.100
0.700	0.100	0.100	0.100
0.100	0.100	0.700	0.100
0.100	0.100	0.700	0.100
0.100	0.100	0.700	0.100
>TGATTCCATTCG	19-TGATTCCATTCG	14.422064	-15.655297	0	T:7.0(0.05%),B:3.4(0.00%),P:1e-6	Tpos:106.0,Tstd:69.8,Bpos:6727.9,Bstd:5968.7,StrandBias:-1.0,Multiplicity:1.20
0.047	0.171	0.053	0.729
0.096	0.050	0.794	0.060
0.828	0.082	0.054	0.036
0.036	0.066	0.001	0.897
0.001	0.035	0.001	0.963
0.061	0.866	0.052	0.021
0.041	0.872	0.034	0.053
0.885	0.029	0.041	0.045
0.082	0.051	0.041	0.826
0.132	0.023	0.043	0.802
0.034	0.755	0.061	0.150
0.061	0.104	0.790	0.045
>GAGGAAGGAAGG	20-GAGGAAGGAAGG	0.000000	-14.396805	0	T:13533.0(100.00%),B:231931.0(99.89%),P:1e-6
0.100	0.100	0.700	0.100
0.700	0.100	0.100	0.100
0.100	0.100	0.700	0.100
0.100	0.100	0.700	0.100
0.700	0.100	0.100	0.100
0.700	0.100	0.100	0.100
0.100	0.100	0.700	0.100
0.100	0.100	0.700	0.100
0.700	0.100	0.100	0.100
0.700	0.100	0.100	0.100
0.100	0.100	0.700	0.100
0.100	0.100	0.700	0.100
>GTTTCCTCATCT	21-GTTTCCTCATCT	0.000000	-12.582191	0	T:13533.0(100.00%),B:231962.0(99.90%),P:1e-5
0.100	0.100	0.700	0.100
0.100	0.100	0.100	0.700
0.100	0.100	0.100	0.700
0.100	0.100	0.100	0.700
0.100	0.700	0.100	0.100
0.100	0.700	0.100	0.100
0.100	0.100	0.100	0.700
0.100	0.700	0.100	0.100
0.700	0.100	0.100	0.100
0.100	0.100	0.100	0.700
0.100	0.700	0.100	0.100
0.100	0.100	0.100	0.700
>TTCCATTCCATT	22-TTCCATTCCATT	11.915217	-7.344836	0	T:37.0(0.27%),B:343.4(0.15%),P:1e-3	Tpos:96.4,Tstd:50.6,Bpos:11497.4,Bstd:16289.0,StrandBias:-0.6,Multiplicity:1.36
0.037	0.075	0.047	0.841
0.029	0.009	0.001	0.961
0.042	0.880	0.023	0.055
0.048	0.760	0.165	0.027
0.749	0.051	0.090	0.110
0.026	0.067	0.102	0.805
0.020	0.018	0.016	0.946
0.055	0.848	0.035	0.062
0.108	0.708	0.170	0.014
0.841	0.020	0.072	0.067
0.066	0.071	0.097	0.766
0.025	0.052	0.025	0.898
>CTNKBCWGCCHG	23-CTNKBCWGCCHG	-0.692854	-1.416329	0	T:13533.0(100.00%),B:232159.4(99.99%),P:1e0	Tpos:95.7,Tstd:57.0,Bpos:7080.4,Bstd:37993.4,StrandBias:0.0,Multiplicity:1.39
0.001	0.650	0.322	0.027
0.267	0.274	0.034	0.425
0.267	0.212	0.247	0.274
0.103	0.185	0.322	0.390
0.021	0.350	0.349	0.281
0.013	0.808	0.001	0.178
0.411	0.048	0.007	0.534
0.021	0.219	0.514	0.246
0.027	0.788	0.055	0.130
0.274	0.513	0.001	0.212
0.295	0.199	0.164	0.342
0.089	0.219	0.493	0.199
>CTGGGCAVAADG	24-CTGGGCAVAADG	11.027745	-0.003298	0	T:6.0(0.04%),B:258.0(0.11%),P:1e0	Tpos:90.0,Tstd:0.0,Bpos:2811.1,Bstd:8898.4,StrandBias:10.0,Multiplicity:1.00
0.001	0.680	0.001	0.318
0.001	0.001	0.001	0.997
0.001	0.001	0.841	0.157
0.158	0.001	0.733	0.108
0.001	0.261	0.635	0.103
0.105	0.843	0.051	0.001
0.943	0.001	0.001	0.055
0.320	0.367	0.312	0.001
0.632	0.366	0.001	0.001
0.576	0.320	0.001	0.103
0.374	0.052	0.261	0.313
0.107	0.313	0.477	0.103
>STKGCTCAGAGG	25-STKGCTCAGAGG	-39.585959	0.000000	0	T:13533.0(100.00%),B:232184.9(100.00%),P:1e0	Tpos:93.7,Tstd:58.3,Bpos:13961.5,Bstd:71057.2,StrandBias:0.0,Multiplicity:1.28
0.148	0.433	0.417	0.001
0.005	0.281	0.012	0.702
0.149	0.001	0.433	0.417
0.285	0.001	0.574	0.140
0.141	0.437	0.277	0.145
0.284	0.001	0.001	0.714
0.001	0.997	0.001	0.001
0.710	0.001	0.001	0.288
0.001	0.413	0.582	0.004
0.702	0.001	0.001	0.296
0.276	0.001	0.722	0.001
0.148	0.149	0.430	0.273
>TGYGGTTT	1-TGYGGTTT	6.385726	-3365.204307	0	T:6085.0(44.96%),B:33469.5(14.42%),P:1e-1461	Tpos:97.5,Tstd:42.2,Bpos:13265.7,Bstd:64982.5,StrandBias:0.0,Multiplicity:1.30
0.078	0.027	0.044	0.851
0.001	0.001	0.997	0.001
0.049	0.417	0.001	0.533
0.001	0.001	0.997	0.001
0.001	0.001	0.997	0.001
0.001	0.108	0.077	0.814
0.055	0.253	0.001	0.691
0.111	0.027	0.125	0.737
>TTTGTGGT	2-TTTGTGGT	0.921843	-1165.452729	0	T:10366.0(76.60%),B:130498.8(56.20%),P:1e-506	Tpos:94.6,Tstd:52.3,Bpos:12164.7,Bstd:59886.2,StrandBias:0.0,Multiplicity:1.65
0.147	0.165	0.001	0.687
0.073	0.236	0.089	0.602
0.001	0.001	0.001	0.997
0.001	0.001	0.997	0.001
0.001	0.001	0.001	0.997
0.001	0.001	0.997	0.001
0.001	0.001	0.997	0.001
0.001	0.001	0.001	0.997
>TTGTGGTT	3-TTGTGGTT	-3.090467	-1000.399022	0	T:12468.0(92.13%),B:179830.0(77.45%),P:1e-434	Tpos:94.5,Tstd:53.7,Bpos:9723.2,Bstd:43986.2,StrandBias:0.0,Multiplicity:1.82
0.001	0.063	0.188	0.748
0.001	0.001	0.001	0.997
0.001	0.001	0.997	0.001
0.001	0.001	0.001	0.997
0.001	0.001	0.997	0.001
0.001	0.001	0.997	0.001
0.001	0.001	0.001	0.997
0.047	0.001	0.013	0.939
>TCCTCTGA	4-TCCTCTGA	-4.457717	-698.595038	0	T:13136.0(97.07%),B:204416.6(88.04%),P:1e-303	Tpos:95.2,Tstd:55.3,Bpos:8413.0,Bstd:48968.4,StrandBias:-0.0,Multiplicity:1.47
0.001	0.001	0.001	0.997
0.001	0.739	0.001	0.259
0.001	0.997	0.001	0.001
0.205	0.001	0.001	0.793
0.001	0.997	0.001	0.001
0.307	0.001	0.001	0.691
0.001	0.001	0.997	0.001
0.773	0.001	0.001	0.225
>KGTTTTTG	5-KGTTTTTG	0.499300	-519.991139	0	T:10648.0(78.68%),B:152670.4(65.75%),P:1e-225	Tpos:94.5,Tstd:56.0,Bpos:9289.4,Bstd:38934.7,StrandBias:-0.0,Multiplicity:1.54
0.001	0.001	0.515	0.483
0.001	0.001	0.997	0.001
0.001	0.001	0.258	0.740
0.001	0.001	0.001	0.997
0.001	0.001	0.001	0.997
0.001	0.001	0.001	0.997
0.258	0.001	0.258	0.483
0.001	0.001	0.740	0.258
>AAAAMAAM	6-AAAAMAAM	2.662048	-492.431303	0	T:11360.0(83.94%),B:167791.5(72.27%),P:1e-213	Tpos:93.5,Tstd:55.9,Bpos:12479.3,Bstd:47269.9,StrandBias:-0.0,Multiplicity:1.70
0.459	0.268	0.119	0.155
0.530	0.218	0.058	0.194
0.606	0.254	0.059	0.081
0.640	0.227	0.015	0.118
0.449	0.321	0.049	0.181
0.506	0.290	0.082	0.122
0.491	0.207	0.136	0.167
0.364	0.260	0.163	0.214
>AHRGSCAA	7-AHRGSCAA	-1.516807	-374.152823	0	T:13454.0(99.42%),B:221632.9(95.46%),P:1e-162	Tpos:94.7,Tstd:55.7,Bpos:5320.9,Bstd:21636.7,StrandBias:-0.0,Multiplicity:1.52
0.578	0.001	0.001	0.420
0.214	0.294	0.144	0.349
0.333	0.001	0.452	0.214
0.001	0.001	0.997	0.001
0.001	0.428	0.570	0.001
0.063	0.778	0.001	0.158
0.721	0.001	0.001	0.277
0.997	0.001	0.001	0.001
>TTTTAACA	8-TTTTAACA	-7.102600	-321.685634	0	T:11770.0(86.97%),B:181882.1(78.34%),P:1e-139	Tpos:94.6,Tstd:55.6,Bpos:12305.9,Bstd:58126.3,StrandBias:-0.0,Multiplicity:1.60
0.250	0.001	0.001	0.748
0.001	0.001	0.001	0.997
0.001	0.001	0.001	0.997
0.001	0.001	0.001	0.997
0.976	0.001	0.001	0.022
0.770	0.001	0.001	0.228
0.001	0.997	0.001	0.001
0.997	0.001	0.001	0.001
>ATTACTTT	9-ATTACTTT	-5.439044	-243.758204	0	T:12313.0(90.98%),B:196091.5(84.45%),P:1e-105	Tpos:94.8,Tstd:55.2,Bpos:9681.4,Bstd:48116.3,StrandBias:-0.0,Multiplicity:1.58
0.997	0.001	0.001	0.001
0.001	0.001	0.001	0.997
0.001	0.078	0.173	0.748
0.997	0.001	0.001	0.001
0.001	0.997	0.001	0.001
0.001	0.001	0.001	0.997
0.001	0.001	0.001	0.997
0.138	0.001	0.001	0.860
>CBGSSGSC	10-CBGSSGSC	-2.034463	-243.680503	0	T:13413.0(99.11%),B:222834.9(95.97%),P:1e-105	Tpos:97.1,Tstd:55.6,Bpos:2935.7,Bstd:16193.1,StrandBias:-0.0,Multiplicity:1.72
0.093	0.571	0.266	0.070
0.076	0.386	0.278	0.261
0.001	0.200	0.762	0.037
0.003	0.526	0.470	0.001
0.139	0.467	0.380	0.014
0.079	0.001	0.883	0.037
0.001	0.547	0.451	0.001
0.001	0.997	0.001	0.001
>TATTKCAT	11-TATTKCAT	-1.561738	-234.862052	0	T:11016.0(81.40%),B:170237.1(73.32%),P:1e-101	Tpos:94.3,Tstd:55.5,Bpos:12989.6,Bstd:59060.0,StrandBias:-0.0,Multiplicity:1.67
0.042	0.001	0.001	0.956
0.799	0.001	0.001	0.199
0.001	0.001	0.001	0.997
0.001	0.001	0.001	0.997
0.035	0.228	0.331	0.406
0.234	0.764	0.001	0.001
0.633	0.001	0.043	0.323
0.001	0.001	0.001	0.997
>AAWAWWAW	12-AAWAWWAW	3.035349	-226.177787	0	T:10270.0(75.89%),B:156461.2(67.39%),P:1e-98	Tpos:92.9,Tstd:56.2,Bpos:12033.7,Bstd:37232.9,StrandBias:-0.0,Multiplicity:1.94
0.502	0.232	0.016	0.250
0.675	0.001	0.011	0.313
0.439	0.231	0.039	0.291
0.587	0.001	0.125	0.287
0.462	0.001	0.220	0.317
0.350	0.032	0.192	0.427
0.390	0.150	0.220	0.240
0.480	0.133	0.001	0.386
>AGWSCWGA	13-AGWSCWGA	-0.959694	-207.300426	0	T:13406.0(99.06%),B:223421.2(96.23%),P:1e-90	Tpos:94.7,Tstd:55.3,Bpos:8061.5,Bstd:42851.5,StrandBias:-0.1,Multiplicity:1.45
0.636	0.001	0.001	0.362
0.229	0.001	0.665	0.105
0.460	0.001	0.001	0.538
0.059	0.335	0.459	0.147
0.106	0.528	0.250	0.116
0.494	0.001	0.001	0.504
0.067	0.335	0.585	0.013
0.997	0.001	0.001	0.001
>GGGAGTGG	14-GGGAGTGG	2.399224	-187.677000	0	T:13519.0(99.90%),B:228003.7(98.20%),P:1e-81	Tpos:95.5,Tstd:55.3,Bpos:3418.2,Bstd:27946.7,StrandBias:-0.0,Multiplicity:2.41
0.100	0.100	0.700	0.100
0.100	0.100	0.700	0.100
0.100	0.100	0.700	0.100
0.700	0.100	0.100	0.100
0.100	0.100	0.700	0.100
0.100	0.100	0.100	0.700
0.100	0.100	0.700	0.100
0.100	0.100	0.700	0.100
>AGGAAGTA	15-AGGAAGTA	2.399224	-155.575274	0	T:13526.0(99.95%),B:228968.6(98.61%),P:1e-67	Tpos:95.0,Tstd:54.6,Bpos:7111.2,Bstd:41214.9,StrandBias:0.0,Multiplicity:3.66
0.700	0.100	0.100	0.100
0.100	0.100	0.700	0.100
0.100	0.100	0.700	0.100
0.700	0.100	0.100	0.100
0.700	0.100	0.100	0.100
0.100	0.100	0.700	0.100
0.100	0.100	0.100	0.700
0.700	0.100	0.100	0.100
>AACAGCTG	16-AACAGCTG	2.399224	-108.730752	0	T:13525.0(99.94%),B:229771.1(98.96%),P:1e-47	Tpos:95.8,Tstd:55.0,Bpos:4192.6,Bstd:23359.7,StrandBias:-0.0,Multiplicity:1.65
0.700	0.100	0.100	0.100
0.700	0.100	0.100	0.100
0.100	0.700	0.100	0.100
0.700	0.100	0.100	0.100
0.100	0.100	0.700	0.100
0.100	0.700	0.100	0.100
0.100	0.100	0.100	0.700
0.100	0.100	0.700	0.100
>NMKGTSAS	17-NMKGTSAS	6.116026	-0.000000	0	T:1018.0(7.52%),B:23023.4(9.92%),P:1e0	Tpos:100.4,Tstd:35.5,Bpos:5757.0,Bstd:18059.7,StrandBias:0.0,Multiplicity:1.00
0.188	0.281	0.252	0.280
0.280	0.343	0.189	0.188
0.001	0.001	0.499	0.499
0.001	0.001	0.997	0.001
0.096	0.001	0.189	0.714
0.221	0.404	0.374	0.001
0.997	0.001	0.001	0.001
0.001	0.439	0.559	0.001
>STGRGARK	18-STGRGARK	5.988370	-0.000000	0	T:3711.0(27.42%),B:69302.9(29.85%),P:1e0	Tpos:107.2,Tstd:54.5,Bpos:5591.8,Bstd:22738.7,StrandBias:-2.3,Multiplicity:1.00
0.001	0.497	0.501	0.001
0.296	0.001	0.001	0.702
0.001	0.200	0.604	0.195
0.494	0.001	0.504	0.001
0.202	0.001	0.796	0.001
0.488	0.207	0.304	0.001
0.410	0.001	0.486	0.103
0.001	0.001	0.501	0.497
>VYBCYCAN	19-VYBCYCAN	4.013763	-0.000000	0	T:4350.0(32.14%),B:80771.2(34.79%),P:1e0	Tpos:112.1,Tstd:52.2,Bpos:5691.8,Bstd:16751.9,StrandBias:0.2,Multiplicity:1.00
0.327	0.229	0.295	0.148
0.180	0.246	0.197	0.377
0.016	0.344	0.295	0.344
0.083	0.492	0.164	0.262
0.130	0.443	0.001	0.426
0.066	0.720	0.213	0.001
0.606	0.115	0.049	0.230
0.180	0.328	0.311	0.180
>GBKGWSAG	20-GBKGWSAG	5.876289	-0.000000	0	T:380.0(2.81%),B:9417.8(4.06%),P:1e0	Tpos:143.0,Tstd:0.0,Bpos:831.9,Bstd:1158.1,StrandBias:10.0,Multiplicity:1.00
0.260	0.224	0.452	0.064
0.132	0.290	0.290	0.288
0.001	0.001	0.484	0.514
0.001	0.064	0.934	0.001
0.416	0.001	0.132	0.451
0.032	0.515	0.452	0.001
0.581	0.001	0.001	0.417
0.001	0.353	0.645	0.001
>MNKGGSAC	21-MNKGGSAC	6.510384	-0.000000	0	T:84.0(0.62%),B:3808.9(1.64%),P:1e0	Tpos:146.5,Tstd:50.5,Bpos:1140.3,Bstd:2637.5,StrandBias:10.0,Multiplicity:1.00
0.318	0.387	0.159	0.136
0.227	0.316	0.229	0.227
0.001	0.001	0.568	0.430
0.001	0.001	0.997	0.001
0.001	0.001	0.818	0.180
0.207	0.408	0.383	0.001
0.725	0.001	0.001	0.273
0.001	0.612	0.386	0.001
>SAGAGAAG	22-SAGAGAAG	6.648408	-0.000000	0	T:1360.0(10.05%),B:27948.6(12.04%),P:1e0	Tpos:108.0,Tstd:60.2,Bpos:7985.1,Bstd:19165.1,StrandBias:0.6,Multiplicity:1.00
0.077	0.389	0.533	0.001
0.685	0.001	0.001	0.313
0.001	0.001	0.997	0.001
0.608	0.001	0.383	0.008
0.230	0.001	0.463	0.305
0.466	0.225	0.308	0.001
0.849	0.001	0.149	0.001
0.153	0.236	0.461	0.150
>RNGGTSAG	23-RNGGTSAG	5.049125	-0.000000	0	T:266.0(1.97%),B:8799.1(3.79%),P:1e0	Tpos:134.5,Tstd:10.5,Bpos:1819.4,Bstd:4151.1,StrandBias:10.0,Multiplicity:1.00
0.368	0.179	0.302	0.151
0.302	0.207	0.274	0.217
0.076	0.066	0.650	0.208
0.123	0.189	0.546	0.142
0.208	0.189	0.198	0.406
0.179	0.415	0.330	0.075
0.697	0.057	0.104	0.142
0.066	0.283	0.566	0.085
>RNKGTSAG	24-RNKGTSAG	4.275284	-0.000000	0	T:342.0(2.53%),B:10201.2(4.39%),P:1e0	Tpos:73.5,Tstd:48.5,Bpos:3214.0,Bstd:8437.8,StrandBias:0.0,Multiplicity:1.00
0.364	0.172	0.384	0.081
0.252	0.242	0.263	0.243
0.101	0.121	0.394	0.383
0.010	0.283	0.515	0.192
0.242	0.172	0.142	0.445
0.182	0.384	0.374	0.061
0.637	0.050	0.101	0.212
0.071	0.353	0.505	0.071
>SCATGTCR	25-SCATGTCR	-18.446801	0.000000	0	T:13533.0(100.00%),B:232184.9(100.00%),P:1e0	Tpos:94.7,Tstd:57.4,Bpos:9984.4,Bstd:49571.8,StrandBias:0.0,Multiplicity:1.43
0.001	0.449	0.549	0.001
0.001	0.997	0.001	0.001
0.997	0.001	0.001	0.001
0.001	0.001	0.001	0.997
0.001	0.001	0.997	0.001
0.001	0.001	0.001	0.997
0.001	0.997	0.001	0.001
0.450	0.150	0.400	0.001
