>WAACCACAAB	1-WAACCACAAB	4.195300	-3724.117384	0	T:4984.0(36.83%),B:20039.5(8.63%),P:1e-1617	Tpos:98.1,Tstd:40.1,Bpos:17506.9,Bstd:83175.5,StrandBias:-0.0,Multiplicity:1.20
0.479	0.065	0.001	0.455
0.686	0.001	0.312	0.001
0.997	0.001	0.001	0.001
0.001	0.997	0.001	0.001
0.001	0.997	0.001	0.001
0.705	0.001	0.293	0.001
0.001	0.997	0.001	0.001
0.997	0.001	0.001	0.001
0.519	0.190	0.153	0.138
0.095	0.276	0.373	0.256
>DRRARAGGAA	2-DRRARAGGAA	1.686721	-995.423683	0	T:11782.0(87.06%),B:163738.8(70.52%),P:1e-432	Tpos:93.7,Tstd:54.9,Bpos:12418.0,Bstd:60815.9,StrandBias:0.0,Multiplicity:1.43
0.294	0.118	0.319	0.270
0.446	0.020	0.392	0.142
0.466	0.103	0.329	0.103
0.446	0.103	0.240	0.211
0.333	0.182	0.402	0.083
0.847	0.001	0.151	0.001
0.001	0.001	0.997	0.001
0.001	0.001	0.997	0.001
0.997	0.001	0.001	0.001
0.955	0.001	0.001	0.043
>DDNNAGGAAG	3-DDNNAGGAAG	4.734294	-896.720908	0	T:10261.0(75.82%),B:134699.1(58.01%),P:1e-389	Tpos:93.5,Tstd:53.7,Bpos:8086.5,Bstd:38051.6,StrandBias:-0.0,Multiplicity:1.50
0.335	0.154	0.227	0.284
0.352	0.177	0.240	0.231
0.279	0.202	0.231	0.288
0.226	0.286	0.211	0.277
0.734	0.076	0.189	0.001
0.001	0.001	0.997	0.001
0.040	0.001	0.873	0.086
0.997	0.001	0.001	0.001
0.818	0.001	0.001	0.180
0.211	0.001	0.787	0.001
>AAGCAACAGA	4-AAGCAACAGA	-8.357882	-806.465868	0	T:12984.0(95.94%),B:197699.3(85.15%),P:1e-350	Tpos:94.2,Tstd:53.5,Bpos:8674.3,Bstd:51321.6,StrandBias:-0.0,Multiplicity:1.61
0.997	0.001	0.001	0.001
0.997	0.001	0.001	0.001
0.001	0.001	0.997	0.001
0.001	0.997	0.001	0.001
0.748	0.250	0.001	0.001
0.997	0.001	0.001	0.001
0.018	0.980	0.001	0.001
0.997	0.001	0.001	0.001
0.001	0.001	0.997	0.001
0.924	0.001	0.001	0.074
>ACCACTTCCT	5-ACCACTTCCT	3.589719	-750.612660	0	T:9103.0(67.27%),B:116964.9(50.38%),P:1e-325	Tpos:95.8,Tstd:51.0,Bpos:6744.4,Bstd:32369.7,StrandBias:-0.0,Multiplicity:1.61
0.478	0.249	0.209	0.064
0.078	0.702	0.080	0.140
0.096	0.795	0.050	0.059
0.963	0.001	0.031	0.005
0.005	0.958	0.004	0.033
0.310	0.001	0.008	0.681
0.045	0.019	0.043	0.893
0.053	0.901	0.014	0.032
0.005	0.952	0.013	0.030
0.021	0.162	0.138	0.679
>WWCWSWSANT	6-WWCWSWSANT	3.238824	-502.838061	0	T:12335.0(91.15%),B:188530.3(81.20%),P:1e-218	Tpos:95.2,Tstd:55.3,Bpos:7557.0,Bstd:35234.3,StrandBias:-0.0,Multiplicity:1.46
0.451	0.083	0.125	0.341
0.363	0.188	0.093	0.356
0.005	0.702	0.236	0.057
0.488	0.045	0.011	0.456
0.028	0.506	0.439	0.027
0.480	0.122	0.038	0.359
0.041	0.497	0.372	0.091
0.565	0.085	0.016	0.334
0.190	0.278	0.315	0.217
0.164	0.213	0.213	0.410
>TTGSTWAATT	7-TTGSTWAATT	-9.284158	-410.528034	0	T:12035.0(88.93%),B:184550.9(79.48%),P:1e-178	Tpos:94.9,Tstd:54.1,Bpos:10250.3,Bstd:46253.4,StrandBias:0.1,Multiplicity:1.59
0.001	0.001	0.001	0.997
0.001	0.001	0.001	0.997
0.001	0.001	0.997	0.001
0.001	0.544	0.454	0.001
0.001	0.001	0.001	0.997
0.544	0.001	0.001	0.454
0.726	0.001	0.001	0.272
0.635	0.001	0.001	0.363
0.001	0.001	0.001	0.997
0.001	0.001	0.001	0.997
>MWVWRNVWTT	8-MWVWRNVWTT	2.341941	-376.991706	0	T:11563.0(85.44%),B:175697.3(75.67%),P:1e-163	Tpos:94.6,Tstd:55.9,Bpos:10308.5,Bstd:42715.5,StrandBias:-0.0,Multiplicity:1.61
0.299	0.356	0.152	0.193
0.451	0.069	0.001	0.480
0.238	0.368	0.233	0.161
0.465	0.001	0.001	0.533
0.350	0.001	0.437	0.212
0.244	0.201	0.313	0.241
0.250	0.359	0.259	0.132
0.445	0.043	0.001	0.511
0.001	0.001	0.001	0.997
0.001	0.001	0.001	0.997
>YCYTTTTTTY	9-YCYTTTTTTY	4.030763	-350.539636	0	T:10547.0(77.94%),B:156519.4(67.41%),P:1e-152	Tpos:96.2,Tstd:56.0,Bpos:10271.6,Bstd:46391.6,StrandBias:-0.0,Multiplicity:1.41
0.088	0.424	0.075	0.412
0.081	0.625	0.012	0.282
0.110	0.478	0.001	0.411
0.067	0.281	0.005	0.647
0.096	0.303	0.079	0.522
0.156	0.336	0.001	0.507
0.196	0.324	0.001	0.479
0.196	0.256	0.001	0.547
0.179	0.279	0.080	0.463
0.178	0.398	0.107	0.316
>WHNNNWNAAA	10-WHNNNWNAAA	3.461553	-299.910955	0	T:10371.0(76.63%),B:155150.8(66.82%),P:1e-130	Tpos:93.6,Tstd:55.6,Bpos:13787.2,Bstd:54168.5,StrandBias:0.0,Multiplicity:1.94
0.353	0.156	0.160	0.331
0.321	0.179	0.175	0.325
0.320	0.221	0.173	0.285
0.290	0.240	0.175	0.295
0.281	0.269	0.163	0.287
0.431	0.154	0.001	0.414
0.324	0.181	0.242	0.253
0.997	0.001	0.001	0.001
0.752	0.001	0.246	0.001
0.561	0.001	0.251	0.187
>RAAARRNHHN	11-RAAARRNHHN	4.123046	-283.920269	0	T:10745.0(79.40%),B:162937.6(70.18%),P:1e-123	Tpos:93.8,Tstd:55.7,Bpos:12445.6,Bstd:51383.6,StrandBias:0.0,Multiplicity:1.58
0.564	0.001	0.434	0.001
0.700	0.001	0.298	0.001
0.663	0.001	0.335	0.001
0.618	0.001	0.380	0.001
0.388	0.018	0.377	0.217
0.346	0.142	0.331	0.180
0.292	0.238	0.270	0.201
0.348	0.338	0.001	0.314
0.381	0.236	0.012	0.371
0.266	0.242	0.222	0.270
>CTGCCTCTGG	12-CTGCCTCTGG	2.512553	-178.858094	0	T:13507.0(99.81%),B:227603.3(98.03%),P:1e-77	Tpos:95.5,Tstd:55.6,Bpos:4341.4,Bstd:28005.1,StrandBias:-0.0,Multiplicity:1.90
0.100	0.700	0.100	0.100
0.100	0.100	0.100	0.700
0.100	0.100	0.700	0.100
0.100	0.700	0.100	0.100
0.100	0.700	0.100	0.100
0.100	0.100	0.100	0.700
0.100	0.700	0.100	0.100
0.100	0.100	0.100	0.700
0.100	0.100	0.700	0.100
0.100	0.100	0.700	0.100
>CCCCAGCTTT	13-CCCCAGCTTT	2.512553	-178.033080	0	T:13519.0(99.90%),B:228181.3(98.28%),P:1e-77	Tpos:95.9,Tstd:54.3,Bpos:4292.0,Bstd:24260.5,StrandBias:-0.0,Multiplicity:2.71
0.100	0.700	0.100	0.100
0.100	0.700	0.100	0.100
0.100	0.700	0.100	0.100
0.100	0.700	0.100	0.100
0.700	0.100	0.100	0.100
0.100	0.100	0.700	0.100
0.100	0.700	0.100	0.100
0.100	0.100	0.100	0.700
0.100	0.100	0.100	0.700
0.100	0.100	0.100	0.700
>GCCACGCCCC	14-GCCACGCCCC	0.566642	-75.938169	0	T:13530.0(99.98%),B:230644.8(99.34%),P:1e-32	Tpos:95.6,Tstd:55.8,Bpos:4397.5,Bstd:28306.0,StrandBias:-0.0,Multiplicity:1.88
0.100	0.100	0.700	0.100
0.100	0.700	0.100	0.100
0.100	0.700	0.100	0.100
0.700	0.100	0.100	0.100
0.100	0.700	0.100	0.100
0.100	0.100	0.700	0.100
0.100	0.700	0.100	0.100
0.100	0.700	0.100	0.100
0.100	0.700	0.100	0.100
0.100	0.700	0.100	0.100
>TCCATTCSAT	15-TCCATTCSAT	11.352400	-9.046238	0	T:38.0(0.28%),B:323.4(0.14%),P:1e-3	Tpos:96.9,Tstd:51.4,Bpos:13725.5,Bstd:15166.0,StrandBias:-1.3,Multiplicity:4.65
0.005	0.045	0.015	0.935
0.028	0.918	0.039	0.015
0.082	0.571	0.187	0.160
0.817	0.025	0.134	0.024
0.034	0.034	0.010	0.922
0.037	0.026	0.037	0.900
0.010	0.939	0.050	0.001
0.054	0.489	0.414	0.044
0.822	0.040	0.122	0.016
0.017	0.171	0.047	0.765
>TCCATTTGAT	16-TCCATTTGAT	10.296193	-0.706305	0	T:16.0(0.12%),B:267.6(0.12%),P:1e0	Tpos:168.0,Tstd:0.0,Bpos:3535.0,Bstd:105.9,StrandBias:-10.0,Multiplicity:1.00
0.100	0.100	0.100	0.700
0.100	0.700	0.100	0.100
0.100	0.700	0.100	0.100
0.700	0.100	0.100	0.100
0.100	0.100	0.100	0.700
0.100	0.100	0.100	0.700
0.100	0.100	0.100	0.700
0.100	0.100	0.700	0.100
0.700	0.100	0.100	0.100
0.100	0.100	0.100	0.700
>AGTGACTCAG	17-AGTGACTCAG	8.350283	-0.129579	0	T:390.0(2.88%),B:7093.2(3.05%),P:1e0	Tpos:72.0,Tstd:0.0,Bpos:2754.1,Bstd:5784.3,StrandBias:10.0,Multiplicity:1.00
0.700	0.100	0.100	0.100
0.100	0.100	0.700	0.100
0.100	0.100	0.100	0.700
0.100	0.100	0.700	0.100
0.700	0.100	0.100	0.100
0.100	0.700	0.100	0.100
0.100	0.100	0.100	0.700
0.100	0.700	0.100	0.100
0.700	0.100	0.100	0.100
0.100	0.100	0.700	0.100
>CTCTCCCCAC	18-CTCTCCCCAC	6.404373	-0.095203	0	T:4295.0(31.74%),B:74961.3(32.29%),P:1e0	Tpos:64.3,Tstd:46.4,Bpos:3798.5,Bstd:14275.6,StrandBias:1.0,Multiplicity:1.00
0.100	0.700	0.100	0.100
0.100	0.100	0.100	0.700
0.100	0.700	0.100	0.100
0.100	0.100	0.100	0.700
0.100	0.700	0.100	0.100
0.100	0.700	0.100	0.100
0.100	0.700	0.100	0.100
0.100	0.700	0.100	0.100
0.700	0.100	0.100	0.100
0.100	0.700	0.100	0.100
>WANATGWGNN	19-WANATGWGNN	7.531251	-0.060407	0	T:5.0(0.04%),B:154.1(0.07%),P:1e0	Tpos:180.0,Tstd:0.0,Bpos:11312.7,Bstd:24540.5,StrandBias:10.0,Multiplicity:1.00
0.454	0.001	0.001	0.544
0.681	0.001	0.001	0.317
0.203	0.299	0.270	0.227
0.997	0.001	0.001	0.001
0.400	0.001	0.001	0.598
0.001	0.395	0.603	0.001
0.514	0.001	0.001	0.484
0.001	0.001	0.997	0.001
0.275	0.228	0.252	0.246
0.246	0.239	0.317	0.198
>WTGTGGTGAT	20-WTGTGGTGAT	12.913648	-0.060265	0	T:20.0(0.15%),B:474.7(0.20%),P:1e0	Tpos:147.7,Tstd:26.8,Bpos:7140.2,Bstd:12925.4,StrandBias:1.0,Multiplicity:1.00
0.451	0.027	0.047	0.475
0.001	0.001	0.001	0.997
0.001	0.001	0.997	0.001
0.001	0.001	0.001	0.997
0.001	0.001	0.997	0.001
0.001	0.001	0.997	0.001
0.001	0.001	0.001	0.997
0.001	0.001	0.997	0.001
0.997	0.001	0.001	0.001
0.068	0.047	0.006	0.879
>CTTCCTGCTC	21-CTTCCTGCTC	8.350283	-0.004950	0	T:787.0(5.82%),B:14770.9(6.36%),P:1e0	Tpos:196.0,Tstd:0.0,Bpos:6866.8,Bstd:13098.9,StrandBias:10.0,Multiplicity:1.00
0.100	0.700	0.100	0.100
0.100	0.100	0.100	0.700
0.100	0.100	0.100	0.700
0.100	0.700	0.100	0.100
0.100	0.700	0.100	0.100
0.100	0.100	0.100	0.700
0.100	0.100	0.700	0.100
0.100	0.700	0.100	0.100
0.100	0.100	0.100	0.700
0.100	0.700	0.100	0.100
>CAGAGGCTGC	22-CAGAGGCTGC	8.350283	-0.000000	0	T:627.0(4.63%),B:16977.8(7.31%),P:1e0	Tpos:120.2,Tstd:44.7,Bpos:3398.9,Bstd:9213.6,StrandBias:10.0,Multiplicity:1.00
0.100	0.700	0.100	0.100
0.700	0.100	0.100	0.100
0.100	0.100	0.700	0.100
0.700	0.100	0.100	0.100
0.100	0.100	0.700	0.100
0.100	0.100	0.700	0.100
0.100	0.700	0.100	0.100
0.100	0.100	0.100	0.700
0.100	0.100	0.700	0.100
0.100	0.700	0.100	0.100
>AGCCCCACCC	23-AGCCCCACCC	8.350283	-0.000000	0	T:743.0(5.49%),B:16515.7(7.11%),P:1e0	Tpos:57.0,Tstd:0.0,Bpos:3657.2,Bstd:9514.5,StrandBias:10.0,Multiplicity:1.00
0.700	0.100	0.100	0.100
0.100	0.100	0.700	0.100
0.100	0.700	0.100	0.100
0.100	0.700	0.100	0.100
0.100	0.700	0.100	0.100
0.100	0.700	0.100	0.100
0.700	0.100	0.100	0.100
0.100	0.700	0.100	0.100
0.100	0.700	0.100	0.100
0.100	0.700	0.100	0.100
>GGCCTCTCTG	24-GGCCTCTCTG	8.350283	-0.000000	0	T:465.0(3.44%),B:11271.5(4.85%),P:1e0	Tpos:81.3,Tstd:7.7,Bpos:6906.4,Bstd:27530.2,StrandBias:10.0,Multiplicity:1.00
0.100	0.100	0.700	0.100
0.100	0.100	0.700	0.100
0.100	0.700	0.100	0.100
0.100	0.700	0.100	0.100
0.100	0.100	0.100	0.700
0.100	0.700	0.100	0.100
0.100	0.100	0.100	0.700
0.100	0.700	0.100	0.100
0.100	0.100	0.100	0.700
0.100	0.100	0.700	0.100
>TTTGTGGTGG	25-TTTGTGGTGG	-1.379268	0.000000	0	T:13533.0(100.00%),B:232184.9(100.00%),P:1e0	Tpos:94.5,Tstd:57.4,Bpos:11402.7,Bstd:52115.4,StrandBias:-0.0,Multiplicity:1.43
0.100	0.100	0.100	0.700
0.100	0.100	0.100	0.700
0.100	0.100	0.100	0.700
0.100	0.100	0.700	0.100
0.100	0.100	0.100	0.700
0.100	0.100	0.700	0.100
0.100	0.100	0.700	0.100
0.100	0.100	0.100	0.700
0.100	0.100	0.700	0.100
0.100	0.100	0.700	0.100
