>WAACCACARN	1-WAACCACARN	6.000483	-4308.755428	0	T:4424.0(70.31%),B:34989.0(16.46%),P:1e-1871	Tpos:96.1,Tstd:38.5,Bpos:17197.5,Bstd:90953.7,StrandBias:-0.1,Multiplicity:1.41
0.340	0.183	0.038	0.439
0.610	0.063	0.270	0.057
0.901	0.039	0.055	0.005
0.010	0.985	0.001	0.004
0.002	0.986	0.010	0.002
0.708	0.013	0.252	0.027
0.002	0.979	0.004	0.015
0.862	0.024	0.040	0.074
0.436	0.063	0.353	0.147
0.277	0.286	0.284	0.152
>ACTTCCTCTT	2-ACTTCCTCTT	5.580325	-1186.750655	0	T:3978.0(63.22%),B:69594.3(32.74%),P:1e-515	Tpos:95.5,Tstd:49.5,Bpos:10542.7,Bstd:66265.9,StrandBias:-0.0,Multiplicity:1.49
0.770	0.061	0.139	0.030
0.019	0.766	0.093	0.122
0.063	0.027	0.034	0.876
0.066	0.039	0.044	0.851
0.034	0.919	0.022	0.025
0.030	0.874	0.039	0.057
0.070	0.250	0.146	0.534
0.034	0.433	0.274	0.259
0.226	0.222	0.054	0.498
0.126	0.253	0.141	0.481
>YYYTYTTYCY	3-YYYTYTTYCY	4.209902	-416.410323	0	T:5498.0(87.38%),B:153408.8(72.18%),P:1e-180	Tpos:93.5,Tstd:55.9,Bpos:8828.2,Bstd:48116.3,StrandBias:-0.0,Multiplicity:1.41
0.181	0.318	0.148	0.353
0.153	0.340	0.108	0.399
0.154	0.299	0.188	0.359
0.228	0.230	0.151	0.391
0.150	0.393	0.067	0.391
0.001	0.001	0.001	0.997
0.001	0.233	0.067	0.699
0.001	0.559	0.022	0.418
0.096	0.588	0.001	0.315
0.136	0.347	0.038	0.478
>GWCHCWGTTB	4-GWCHCWGTTB	0.828028	-317.586025	0	T:5907.0(93.88%),B:176973.8(83.27%),P:1e-137	Tpos:95.0,Tstd:54.7,Bpos:3983.3,Bstd:27796.0,StrandBias:-0.0,Multiplicity:1.53
0.001	0.232	0.766	0.001
0.443	0.001	0.001	0.555
0.001	0.929	0.069	0.001
0.267	0.216	0.156	0.361
0.001	0.997	0.001	0.001
0.454	0.001	0.001	0.544
0.001	0.365	0.633	0.001
0.172	0.280	0.001	0.547
0.161	0.204	0.221	0.415
0.155	0.251	0.305	0.288
>WGWGKGTTTT	5-WGWGKGTTTT	3.541752	-317.063477	0	T:5461.0(86.79%),B:156599.3(73.68%),P:1e-137	Tpos:94.9,Tstd:55.6,Bpos:8496.4,Bstd:52921.6,StrandBias:-0.0,Multiplicity:1.48
0.289	0.067	0.234	0.411
0.138	0.215	0.412	0.235
0.353	0.002	0.234	0.411
0.116	0.019	0.599	0.266
0.203	0.015	0.428	0.353
0.099	0.242	0.426	0.233
0.169	0.228	0.182	0.421
0.006	0.078	0.008	0.908
0.091	0.077	0.185	0.647
0.181	0.231	0.202	0.386
>TTCCTTCCTT	6-TTCCTTCCTT	3.940923	-303.265831	0	T:4806.0(76.38%),B:131122.3(61.69%),P:1e-131	Tpos:95.2,Tstd:56.2,Bpos:5303.3,Bstd:22534.3,StrandBias:0.1,Multiplicity:1.40
0.045	0.106	0.044	0.805
0.036	0.089	0.066	0.809
0.035	0.805	0.063	0.097
0.049	0.817	0.023	0.111
0.024	0.044	0.011	0.921
0.019	0.161	0.100	0.720
0.032	0.866	0.035	0.067
0.059	0.782	0.011	0.148
0.039	0.143	0.055	0.763
0.047	0.142	0.096	0.715
>AAADDRARAA	7-AAADDRARAA	3.192329	-242.569392	0	T:5499.0(87.40%),B:162208.1(76.32%),P:1e-105	Tpos:94.6,Tstd:57.7,Bpos:11257.4,Bstd:55074.5,StrandBias:0.0,Multiplicity:1.59
0.521	0.158	0.230	0.091
0.637	0.001	0.154	0.208
0.479	0.055	0.195	0.271
0.347	0.101	0.274	0.279
0.346	0.118	0.300	0.236
0.412	0.123	0.302	0.163
0.582	0.001	0.306	0.111
0.490	0.001	0.469	0.041
0.551	0.034	0.400	0.015
0.567	0.070	0.251	0.112
>TCACATCCTA	8-TCACATCCTA	2.940306	-240.891507	0	T:5789.0(92.01%),B:175038.1(82.35%),P:1e-104	Tpos:95.0,Tstd:55.7,Bpos:5914.2,Bstd:34927.4,StrandBias:-0.0,Multiplicity:1.47
0.225	0.102	0.225	0.448
0.179	0.574	0.135	0.112
0.683	0.090	0.045	0.182
0.090	0.460	0.227	0.224
0.720	0.190	0.022	0.068
0.124	0.135	0.173	0.568
0.135	0.650	0.170	0.045
0.254	0.610	0.023	0.113
0.249	0.082	0.097	0.572
0.712	0.091	0.137	0.060
>TGGAATGGAA	9-TGGAATGGAA	2.512553	-221.940849	0	T:6262.0(99.52%),B:201821.5(94.96%),P:1e-96	Tpos:94.9,Tstd:56.2,Bpos:5557.5,Bstd:36938.5,StrandBias:0.0,Multiplicity:2.01
0.100	0.100	0.100	0.700
0.100	0.100	0.700	0.100
0.100	0.100	0.700	0.100
0.700	0.100	0.100	0.100
0.700	0.100	0.100	0.100
0.100	0.100	0.100	0.700
0.100	0.100	0.700	0.100
0.100	0.100	0.700	0.100
0.700	0.100	0.100	0.100
0.700	0.100	0.100	0.100
>AWGHSTSWWN	10-AWGHSTSWWN	-0.622486	-193.638133	0	T:6044.0(96.06%),B:189727.1(89.27%),P:1e-84	Tpos:95.0,Tstd:56.8,Bpos:9254.4,Bstd:56109.3,StrandBias:0.0,Multiplicity:1.50
0.992	0.001	0.001	0.006
0.574	0.001	0.001	0.424
0.001	0.397	0.601	0.001
0.373	0.289	0.001	0.337
0.188	0.437	0.374	0.001
0.368	0.001	0.001	0.630
0.010	0.499	0.490	0.001
0.455	0.001	0.001	0.543
0.355	0.004	0.226	0.415
0.192	0.284	0.330	0.195
>AAGCCCCGCC	11-AAGCCCCGCC	2.512553	-189.649512	0	T:6226.0(98.95%),B:200328.8(94.25%),P:1e-82	Tpos:73.0,Tstd:46.0,Bpos:3376.9,Bstd:7797.9,StrandBias:0.0,Multiplicity:1.00
0.700	0.100	0.100	0.100
0.700	0.100	0.100	0.100
0.100	0.100	0.700	0.100
0.100	0.700	0.100	0.100
0.100	0.700	0.100	0.100
0.100	0.700	0.100	0.100
0.100	0.700	0.100	0.100
0.100	0.100	0.700	0.100
0.100	0.700	0.100	0.100
0.100	0.700	0.100	0.100
>GGAATGGAAT	12-GGAATGGAAT	-7.094099	-153.351748	0	T:4312.0(68.53%),B:122791.0(57.77%),P:1e-66	Tpos:93.6,Tstd:56.3,Bpos:14535.4,Bstd:77234.9,StrandBias:0.1,Multiplicity:1.70
0.001	0.134	0.864	0.001
0.001	0.001	0.997	0.001
0.997	0.001	0.001	0.001
0.997	0.001	0.001	0.001
0.001	0.001	0.001	0.997
0.001	0.068	0.930	0.001
0.001	0.001	0.997	0.001
0.997	0.001	0.001	0.001
0.997	0.001	0.001	0.001
0.001	0.001	0.001	0.997
>AGAACTGCTG	13-AGAACTGCTG	2.512553	-140.134802	0	T:6284.0(99.87%),B:206769.3(97.28%),P:1e-60	Tpos:95.0,Tstd:54.7,Bpos:3331.9,Bstd:24367.2,StrandBias:-0.0,Multiplicity:1.76
0.700	0.100	0.100	0.100
0.100	0.100	0.700	0.100
0.700	0.100	0.100	0.100
0.700	0.100	0.100	0.100
0.100	0.700	0.100	0.100
0.100	0.100	0.100	0.700
0.100	0.100	0.700	0.100
0.100	0.700	0.100	0.100
0.100	0.100	0.100	0.700
0.100	0.100	0.700	0.100
>HWTTTGWAAT	14-HWTTTGWAAT	-4.747280	-137.796786	0	T:4894.0(77.78%),B:145264.7(68.35%),P:1e-59	Tpos:92.6,Tstd:56.6,Bpos:16682.4,Bstd:79310.8,StrandBias:-0.0,Multiplicity:1.77
0.333	0.355	0.001	0.311
0.510	0.001	0.001	0.488
0.001	0.001	0.001	0.997
0.001	0.001	0.001	0.997
0.001	0.001	0.001	0.997
0.001	0.001	0.621	0.377
0.378	0.133	0.222	0.267
0.997	0.001	0.001	0.001
0.997	0.001	0.001	0.001
0.399	0.001	0.001	0.599
>GAGGCCCAGA	15-GAGGCCCAGA	2.512553	-125.998988	0	T:6278.0(99.78%),B:206691.1(97.25%),P:1e-54	Tpos:96.0,Tstd:55.6,Bpos:2824.3,Bstd:26781.1,StrandBias:0.0,Multiplicity:2.00
0.100	0.100	0.700	0.100
0.700	0.100	0.100	0.100
0.100	0.100	0.700	0.100
0.100	0.100	0.700	0.100
0.100	0.700	0.100	0.100
0.100	0.700	0.100	0.100
0.100	0.700	0.100	0.100
0.700	0.100	0.100	0.100
0.100	0.100	0.700	0.100
0.700	0.100	0.100	0.100
>GMGBAARWWY	16-GMGBAARWWY	5.334394	-62.627574	0	T:1987.0(31.58%),B:53898.2(25.36%),P:1e-27	Tpos:98.6,Tstd:45.2,Bpos:5717.6,Bstd:15148.4,StrandBias:-0.6,Multiplicity:1.00
0.063	0.313	0.561	0.063
0.500	0.375	0.001	0.125
0.063	0.063	0.749	0.125
0.001	0.312	0.312	0.375
0.750	0.063	0.062	0.125
0.874	0.001	0.001	0.124
0.375	0.063	0.500	0.062
0.437	0.188	0.063	0.313
0.437	0.001	0.187	0.375
0.125	0.438	0.125	0.312
>AAGSAAGTGY	17-AAGSAAGTGY	5.200407	-40.132886	0	T:1816.0(28.86%),B:51110.5(24.05%),P:1e-17	Tpos:78.8,Tstd:56.2,Bpos:5668.5,Bstd:12148.7,StrandBias:1.6,Multiplicity:1.00
0.540	0.158	0.301	0.001
0.616	0.233	0.001	0.150
0.157	0.001	0.535	0.307
0.082	0.383	0.302	0.233
0.685	0.001	0.001	0.313
0.624	0.075	0.075	0.226
0.232	0.226	0.391	0.151
0.226	0.157	0.075	0.542
0.001	0.001	0.690	0.308
0.076	0.377	0.095	0.452
>CCCCCACCAC	18-CCCCCACCAC	0.566642	-9.663980	0	T:6292.0(100.00%),B:212211.0(99.84%),P:1e-4	Tpos:95.5,Tstd:55.3,Bpos:3330.4,Bstd:30384.7,StrandBias:-0.0,Multiplicity:1.73
0.100	0.700	0.100	0.100
0.100	0.700	0.100	0.100
0.100	0.700	0.100	0.100
0.100	0.700	0.100	0.100
0.100	0.700	0.100	0.100
0.700	0.100	0.100	0.100
0.100	0.700	0.100	0.100
0.100	0.700	0.100	0.100
0.700	0.100	0.100	0.100
0.100	0.700	0.100	0.100
>AAAACCACCA	19-AAAACCACCA	0.566642	-4.786340	0	T:6292.0(100.00%),B:212377.8(99.92%),P:1e-2	Tpos:127.1,Tstd:56.1,Bpos:7389.0,Bstd:15133.5,StrandBias:0.3,Multiplicity:1.00
0.700	0.100	0.100	0.100
0.700	0.100	0.100	0.100
0.700	0.100	0.100	0.100
0.700	0.100	0.100	0.100
0.100	0.700	0.100	0.100
0.100	0.700	0.100	0.100
0.700	0.100	0.100	0.100
0.100	0.700	0.100	0.100
0.100	0.700	0.100	0.100
0.700	0.100	0.100	0.100
>CCCAGCCACA	20-CCCAGCCACA	0.000000	-1.283783	0	T:6292.0(100.00%),B:212497.2(99.98%),P:1e0
0.100	0.700	0.100	0.100
0.100	0.700	0.100	0.100
0.100	0.700	0.100	0.100
0.700	0.100	0.100	0.100
0.100	0.100	0.700	0.100
0.100	0.700	0.100	0.100
0.100	0.700	0.100	0.100
0.700	0.100	0.100	0.100
0.100	0.700	0.100	0.100
0.700	0.100	0.100	0.100
>GCASARGTGC	21-GCASARGTGC	8.039794	-0.000000	0	T:188.0(2.99%),B:9555.8(4.50%),P:1e0	Tpos:114.3,Tstd:64.2,Bpos:7556.0,Bstd:24465.9,StrandBias:-1.0,Multiplicity:1.00
0.125	0.125	0.749	0.001
0.001	0.749	0.001	0.249
0.624	0.001	0.125	0.250
0.001	0.500	0.375	0.125
0.997	0.001	0.001	0.001
0.375	0.001	0.500	0.125
0.374	0.001	0.624	0.001
0.374	0.001	0.001	0.624
0.250	0.001	0.500	0.250
0.001	0.874	0.124	0.001
>STGCAYGAGY	22-STGCAYGAGY	6.128111	-0.000000	0	T:393.0(6.25%),B:20581.2(9.68%),P:1e0	Tpos:36.0,Tstd:31.0,Bpos:6663.8,Bstd:15996.8,StrandBias:10.0,Multiplicity:1.00
0.021	0.488	0.490	0.001
0.319	0.169	0.001	0.511
0.001	0.001	0.819	0.179
0.170	0.490	0.021	0.320
0.510	0.001	0.160	0.329
0.182	0.478	0.001	0.339
0.160	0.001	0.509	0.330
0.490	0.170	0.001	0.339
0.318	0.001	0.680	0.001
0.010	0.488	0.159	0.342
>AATSTAATRN	23-AATSTAATRN	6.454121	-0.000000	0	T:416.0(6.61%),B:19757.5(9.30%),P:1e0	Tpos:85.8,Tstd:38.8,Bpos:8907.5,Bstd:15715.7,StrandBias:1.6,Multiplicity:1.00
0.713	0.143	0.143	0.001
0.856	0.142	0.001	0.001
0.143	0.001	0.285	0.571
0.001	0.570	0.428	0.001
0.285	0.001	0.143	0.571
0.571	0.001	0.143	0.285
0.713	0.001	0.285	0.001
0.001	0.142	0.001	0.856
0.428	0.001	0.428	0.143
0.286	0.143	0.286	0.286
>VWATYTACGB	24-VWATYTACGB	5.854397	-0.000000	0	T:484.0(7.69%),B:22747.7(10.70%),P:1e0	Tpos:91.0,Tstd:29.1,Bpos:5556.1,Bstd:11194.4,StrandBias:1.6,Multiplicity:1.00
0.284	0.285	0.430	0.001
0.431	0.001	0.001	0.567
0.568	0.001	0.285	0.146
0.283	0.164	0.001	0.552
0.137	0.412	0.001	0.450
0.001	0.145	0.001	0.853
0.716	0.137	0.009	0.138
0.146	0.844	0.001	0.009
0.164	0.001	0.558	0.277
0.009	0.302	0.275	0.414
>CGCAGGCGCA	25-CGCAGGCGCA	-5.271088	0.000000	0	T:6292.0(100.00%),B:212541.2(100.00%),P:1e0	Tpos:95.6,Tstd:58.1,Bpos:10080.7,Bstd:60322.9,StrandBias:-0.0,Multiplicity:1.38
0.100	0.700	0.100	0.100
0.100	0.100	0.700	0.100
0.100	0.700	0.100	0.100
0.700	0.100	0.100	0.100
0.100	0.100	0.700	0.100
0.100	0.100	0.700	0.100
0.100	0.700	0.100	0.100
0.100	0.100	0.700	0.100
0.100	0.700	0.100	0.100
0.700	0.100	0.100	0.100
>BYTGTGGTTWSN	1-BYTGTGGTTWSN	7.007441	-4231.763814	0	T:3684.0(58.55%),B:21485.9(10.11%),P:1e-1837	Tpos:96.5,Tstd:36.8,Bpos:8853.6,Bstd:53954.0,StrandBias:0.1,Multiplicity:1.24
0.161	0.248	0.263	0.329
0.095	0.362	0.128	0.415
0.029	0.037	0.060	0.874
0.007	0.006	0.984	0.003
0.041	0.276	0.016	0.667
0.001	0.006	0.988	0.005
0.001	0.003	0.988	0.008
0.003	0.104	0.058	0.835
0.084	0.303	0.102	0.511
0.383	0.058	0.194	0.366
0.184	0.257	0.358	0.201
0.235	0.279	0.293	0.193
>NNYTGTGGTTDN	2-NNYTGTGGTTDN	4.663471	-2482.659053	0	T:5979.0(95.03%),B:117813.0(55.43%),P:1e-1078	Tpos:94.8,Tstd:49.8,Bpos:7747.8,Bstd:54113.3,StrandBias:0.1,Multiplicity:1.54
0.189	0.212	0.334	0.265
0.189	0.235	0.307	0.269
0.154	0.374	0.117	0.355
0.177	0.030	0.062	0.731
0.001	0.001	0.997	0.001
0.126	0.235	0.028	0.611
0.001	0.001	0.997	0.001
0.001	0.001	0.997	0.001
0.001	0.217	0.198	0.584
0.141	0.195	0.184	0.480
0.281	0.090	0.267	0.362
0.228	0.224	0.309	0.238
>RASAGGAAGTGG	3-RASAGGAAGTGG	5.979454	-1300.324912	0	T:4171.0(66.29%),B:72800.3(34.25%),P:1e-564	Tpos:95.8,Tstd:47.7,Bpos:6800.2,Bstd:46066.7,StrandBias:-0.0,Multiplicity:1.59
0.382	0.132	0.306	0.181
0.463	0.045	0.278	0.214
0.232	0.306	0.417	0.044
0.625	0.131	0.233	0.011
0.049	0.001	0.949	0.001
0.001	0.001	0.997	0.001
0.997	0.001	0.001	0.001
0.880	0.001	0.001	0.118
0.185	0.108	0.706	0.001
0.067	0.263	0.072	0.598
0.185	0.128	0.469	0.218
0.263	0.162	0.458	0.118
>AGAGGATGTGGT	4-AGAGGATGTGGT	2.865167	-685.411700	0	T:4799.0(76.27%),B:113598.1(53.45%),P:1e-297	Tpos:94.8,Tstd:53.2,Bpos:6383.6,Bstd:39983.6,StrandBias:0.1,Multiplicity:1.45
0.899	0.018	0.042	0.041
0.118	0.062	0.714	0.106
0.860	0.025	0.044	0.071
0.105	0.001	0.777	0.117
0.085	0.105	0.777	0.033
0.700	0.140	0.070	0.090
0.040	0.057	0.053	0.850
0.010	0.037	0.912	0.041
0.055	0.048	0.044	0.853
0.015	0.013	0.962	0.010
0.070	0.016	0.908	0.006
0.005	0.077	0.121	0.797
>ACTTCTGCTTTT	5-ACTTCTGCTTTT	10.424853	-67.580613	0	T:168.0(2.67%),B:1999.9(0.94%),P:1e-29	Tpos:92.2,Tstd:47.4,Bpos:6077.4,Bstd:15501.4,StrandBias:-0.6,Multiplicity:1.01
0.834	0.036	0.057	0.073
0.010	0.778	0.207	0.005
0.198	0.001	0.001	0.800
0.001	0.010	0.023	0.966
0.015	0.983	0.001	0.001
0.001	0.001	0.001	0.997
0.018	0.240	0.663	0.079
0.001	0.743	0.035	0.221
0.211	0.001	0.001	0.787
0.128	0.204	0.001	0.667
0.091	0.239	0.056	0.614
0.113	0.294	0.014	0.579
>CTGTGGTCAGGG	6-CTGTGGTCAGGG	10.146825	-53.123630	0	T:112.0(1.78%),B:1200.4(0.56%),P:1e-23	Tpos:104.8,Tstd:53.1,Bpos:3065.2,Bstd:8947.4,StrandBias:-1.8,Multiplicity:1.00
0.001	0.959	0.039	0.001
0.099	0.127	0.075	0.699
0.089	0.143	0.766	0.002
0.112	0.088	0.108	0.692
0.092	0.067	0.685	0.156
0.039	0.142	0.691	0.128
0.133	0.144	0.144	0.579
0.048	0.744	0.122	0.086
0.872	0.001	0.001	0.126
0.040	0.094	0.722	0.144
0.137	0.001	0.861	0.001
0.170	0.053	0.720	0.057
>AAAGGGAAGTGG	7-AAAGGGAAGTGG	9.613007	-49.755567	0	T:128.0(2.03%),B:1566.0(0.74%),P:1e-21	Tpos:111.6,Tstd:61.4,Bpos:3458.1,Bstd:9086.9,StrandBias:-0.6,Multiplicity:1.00
0.760	0.077	0.107	0.056
0.724	0.110	0.109	0.057
0.807	0.038	0.060	0.095
0.048	0.025	0.819	0.108
0.134	0.054	0.715	0.097
0.117	0.086	0.745	0.052
0.740	0.115	0.101	0.044
0.761	0.055	0.124	0.060
0.072	0.120	0.738	0.070
0.119	0.055	0.128	0.698
0.107	0.043	0.755	0.095
0.099	0.079	0.738	0.084
>TTCCTCTTTCCT	8-TTCCTCTTTCCT	11.561321	-32.096830	0	T:131.0(2.08%),B:2060.5(0.97%),P:1e-13	Tpos:99.8,Tstd:54.0,Bpos:4572.1,Bstd:9804.7,StrandBias:-1.3,Multiplicity:1.00
0.001	0.001	0.001	0.997
0.001	0.001	0.001	0.997
0.001	0.981	0.001	0.017
0.001	0.997	0.001	0.001
0.001	0.222	0.001	0.776
0.001	0.533	0.200	0.266
0.091	0.367	0.001	0.541
0.001	0.309	0.001	0.689
0.001	0.367	0.091	0.541
0.001	0.606	0.054	0.339
0.001	0.587	0.001	0.411
0.001	0.420	0.001	0.578
>ATGGAATGGAAT	9-ATGGAATGGAAT	14.312198	-21.575906	0	T:12.0(0.19%),B:26.3(0.01%),P:1e-9	Tpos:77.2,Tstd:47.5,Bpos:16405.9,Bstd:8905.5,StrandBias:5.9,Multiplicity:2.36
0.997	0.001	0.001	0.001
0.001	0.001	0.001	0.997
0.001	0.109	0.889	0.001
0.001	0.001	0.997	0.001
0.997	0.001	0.001	0.001
0.997	0.001	0.001	0.001
0.001	0.001	0.001	0.997
0.001	0.072	0.926	0.001
0.001	0.001	0.997	0.001
0.997	0.001	0.001	0.001
0.997	0.001	0.001	0.001
0.001	0.001	0.001	0.997
>TCACTTCCTCTT	10-TCACTTCCTCTT	10.970166	-20.590034	0	T:26.0(0.41%),B:191.3(0.09%),P:1e-8	Tpos:103.3,Tstd:65.8,Bpos:4639.4,Bstd:12246.3,StrandBias:10.0,Multiplicity:1.00
0.104	0.164	0.046	0.686
0.006	0.804	0.087	0.103
0.763	0.174	0.001	0.062
0.032	0.805	0.058	0.105
0.177	0.133	0.009	0.681
0.056	0.259	0.157	0.528
0.010	0.684	0.115	0.191
0.074	0.576	0.001	0.349
0.267	0.090	0.116	0.527
0.055	0.884	0.054	0.007
0.133	0.112	0.031	0.724
0.015	0.115	0.150	0.720
>VAGAGGATGTGN	11-VAGAGGATGTGN	8.233355	-19.812210	0	T:74.0(1.18%),B:1138.7(0.54%),P:1e-8	Tpos:5.0,Tstd:0.0,Bpos:1194.5,Bstd:1978.0,StrandBias:-10.0,Multiplicity:1.00
0.233	0.253	0.349	0.165
0.643	0.094	0.133	0.130
0.135	0.127	0.660	0.078
0.647	0.099	0.141	0.113
0.134	0.085	0.669	0.112
0.138	0.144	0.620	0.098
0.594	0.160	0.137	0.109
0.142	0.102	0.157	0.599
0.108	0.132	0.637	0.123
0.138	0.096	0.148	0.618
0.110	0.106	0.665	0.119
0.242	0.225	0.299	0.234
>ACTMCAANTCCC	12-ACTMCAANTCCC	11.026115	-15.270768	0	T:70.0(1.11%),B:1189.1(0.56%),P:1e-6	Tpos:104.6,Tstd:49.5,Bpos:699.2,Bstd:4025.0,StrandBias:-0.1,Multiplicity:1.08
0.899	0.017	0.001	0.083
0.128	0.824	0.047	0.001
0.001	0.001	0.001	0.997
0.450	0.314	0.001	0.235
0.001	0.808	0.001	0.190
0.695	0.072	0.222	0.011
0.449	0.220	0.128	0.204
0.188	0.284	0.210	0.318
0.088	0.103	0.162	0.647
0.015	0.619	0.023	0.343
0.001	0.997	0.001	0.001
0.001	0.997	0.001	0.001
>GAGGAAGGAAGD	13-GAGGAAGGAAGD	10.121017	-14.424934	0	T:72.0(1.14%),B:1267.2(0.60%),P:1e-6	Tpos:102.0,Tstd:33.0,Bpos:3276.8,Bstd:13710.1,StrandBias:0.0,Multiplicity:1.00
0.133	0.126	0.712	0.029
0.628	0.065	0.209	0.098
0.168	0.008	0.737	0.087
0.099	0.073	0.786	0.042
0.638	0.173	0.148	0.041
0.743	0.040	0.150	0.067
0.151	0.015	0.768	0.066
0.185	0.045	0.733	0.037
0.620	0.167	0.190	0.023
0.652	0.044	0.151	0.153
0.117	0.149	0.627	0.107
0.235	0.120	0.276	0.369
>KGTGRCMWSAGN	14-KGTGRCMWSAGN	8.616073	-12.684069	0	T:33.0(0.52%),B:435.8(0.21%),P:1e-5	Tpos:53.2,Tstd:52.7,Bpos:2391.0,Bstd:4605.8,StrandBias:2.0,Multiplicity:1.00
0.211	0.065	0.400	0.324
0.167	0.141	0.655	0.037
0.107	0.001	0.088	0.804
0.015	0.121	0.588	0.276
0.462	0.053	0.380	0.104
0.114	0.446	0.231	0.208
0.330	0.381	0.159	0.130
0.419	0.137	0.118	0.326
0.160	0.473	0.363	0.004
0.882	0.001	0.018	0.099
0.018	0.079	0.892	0.011
0.214	0.322	0.289	0.174
>TCGAATGGAATC	15-TCGAATGGAATC	13.120938	-11.411076	0	T:6.0(0.10%),B:13.9(0.01%),P:1e-4	Tpos:72.3,Tstd:44.2,Bpos:7142.0,Bstd:8188.9,StrandBias:2.6,Multiplicity:1.40
0.001	0.042	0.042	0.915
0.002	0.715	0.151	0.132
0.171	0.098	0.594	0.137
0.843	0.052	0.001	0.104
0.997	0.001	0.001	0.001
0.052	0.104	0.001	0.843
0.002	0.001	0.910	0.087
0.044	0.001	0.903	0.052
0.997	0.001	0.001	0.001
0.790	0.186	0.001	0.023
0.042	0.052	0.001	0.905
0.098	0.641	0.199	0.062
>CATTTCCTCTTT	16-CATTTCCTCTTT	11.342469	-7.508293	0	T:31.0(0.49%),B:532.7(0.25%),P:1e-3	Tpos:142.0,Tstd:0.0,Bpos:5222.9,Bstd:9615.5,StrandBias:-10.0,Multiplicity:1.00
0.014	0.933	0.048	0.005
0.707	0.185	0.001	0.107
0.036	0.001	0.157	0.806
0.021	0.179	0.111	0.689
0.077	0.125	0.112	0.686
0.085	0.607	0.121	0.187
0.096	0.766	0.001	0.137
0.052	0.115	0.005	0.828
0.099	0.695	0.099	0.107
0.166	0.090	0.001	0.743
0.044	0.106	0.126	0.724
0.001	0.108	0.114	0.777
>GAATGGAATGGA	17-GAATGGAATGGA	12.998554	-6.680346	0	T:9.0(0.14%),B:82.6(0.04%),P:1e-2	Tpos:116.5,Tstd:48.7,Bpos:15931.2,Bstd:16226.9,StrandBias:4.4,Multiplicity:2.38
0.029	0.029	0.941	0.001
0.997	0.001	0.001	0.001
0.923	0.001	0.058	0.018
0.043	0.029	0.024	0.904
0.029	0.001	0.884	0.086
0.001	0.058	0.912	0.029
0.997	0.001	0.001	0.001
0.912	0.001	0.029	0.058
0.115	0.029	0.001	0.855
0.001	0.029	0.941	0.029
0.023	0.029	0.947	0.001
0.947	0.023	0.001	0.029
>GGGKGKSTGTGG	18-GGGKGKSTGTGG	10.694050	-5.095496	0	T:9.0(0.14%),B:106.9(0.05%),P:1e-2	Tpos:77.0,Tstd:56.3,Bpos:894.8,Bstd:1179.9,StrandBias:-1.0,Multiplicity:1.00
0.079	0.058	0.550	0.313
0.001	0.029	0.592	0.378
0.242	0.218	0.511	0.029
0.001	0.001	0.472	0.526
0.001	0.151	0.730	0.118
0.195	0.019	0.371	0.414
0.078	0.312	0.384	0.226
0.301	0.001	0.043	0.655
0.001	0.001	0.997	0.001
0.172	0.169	0.026	0.633
0.020	0.005	0.733	0.242
0.060	0.085	0.854	0.001
>GAAAGGAAGTGG	19-GAAAGGAAGTGG	10.753169	-4.964880	0	T:14.0(0.22%),B:215.1(0.10%),P:1e-2	Tpos:5.0,Tstd:0.0,Bpos:4594.2,Bstd:9926.9,StrandBias:-10.0,Multiplicity:1.00
0.109	0.105	0.767	0.019
0.661	0.091	0.239	0.009
0.681	0.122	0.184	0.013
0.666	0.003	0.197	0.134
0.146	0.029	0.713	0.112
0.191	0.101	0.678	0.030
0.529	0.225	0.244	0.002
0.654	0.038	0.220	0.088
0.140	0.074	0.700	0.086
0.214	0.059	0.222	0.505
0.130	0.007	0.757	0.106
0.180	0.081	0.637	0.102
>CCACTTCMRCCC	20-CCACTTCMRCCC	12.071270	-4.964880	0	T:14.0(0.22%),B:215.8(0.10%),P:1e-2	Tpos:133.2,Tstd:55.7,Bpos:2864.5,Bstd:9509.2,StrandBias:0.0,Multiplicity:1.00
0.114	0.731	0.001	0.154
0.001	0.735	0.103	0.161
0.731	0.035	0.107	0.127
0.025	0.709	0.171	0.095
0.141	0.001	0.001	0.857
0.078	0.163	0.153	0.606
0.001	0.997	0.001	0.001
0.337	0.445	0.001	0.217
0.509	0.001	0.489	0.001
0.168	0.685	0.001	0.146
0.001	0.997	0.001	0.001
0.001	0.997	0.001	0.001
>GGRGDGRGGAAG	21-GGRGDGRGGAAG	9.522499	-0.552559	0	T:35.0(0.56%),B:1209.1(0.57%),P:1e0	Tpos:111.0,Tstd:13.9,Bpos:2513.6,Bstd:5798.2,StrandBias:-1.0,Multiplicity:1.00
0.215	0.060	0.606	0.119
0.251	0.169	0.527	0.053
0.484	0.001	0.354	0.161
0.192	0.075	0.574	0.159
0.343	0.004	0.343	0.310
0.178	0.031	0.710	0.081
0.425	0.002	0.545	0.028
0.205	0.001	0.756	0.038
0.195	0.090	0.676	0.039
0.539	0.115	0.307	0.039
0.610	0.011	0.328	0.051
0.304	0.079	0.584	0.033
>TYCYCCCCCCYC	22-TYCYCCCCCCYC	9.552369	-0.011469	0	T:5.0(0.08%),B:388.9(0.18%),P:1e0	Tpos:94.5,Tstd:24.5,Bpos:1165.5,Bstd:3070.1,StrandBias:0.0,Multiplicity:1.00
0.015	0.357	0.050	0.578
0.001	0.564	0.008	0.427
0.008	0.665	0.001	0.326
0.079	0.500	0.001	0.420
0.001	0.702	0.001	0.296
0.001	0.600	0.001	0.398
0.135	0.510	0.021	0.334
0.060	0.602	0.020	0.318
0.115	0.546	0.001	0.338
0.109	0.586	0.001	0.304
0.125	0.501	0.001	0.373
0.151	0.563	0.001	0.285
>YYYYCCCCYCCC	23-YYYYCCCCYCCC	10.397217	-0.007403	0	T:17.0(0.27%),B:973.8(0.46%),P:1e0	Tpos:101.7,Tstd:49.6,Bpos:1513.8,Bstd:8333.8,StrandBias:-1.3,Multiplicity:1.00
0.008	0.528	0.031	0.433
0.001	0.525	0.001	0.473
0.001	0.506	0.001	0.492
0.001	0.563	0.001	0.435
0.001	0.665	0.001	0.333
0.001	0.759	0.001	0.239
0.001	0.627	0.001	0.371
0.001	0.583	0.001	0.415
0.001	0.492	0.001	0.506
0.001	0.579	0.001	0.419
0.001	0.733	0.001	0.265
0.001	0.642	0.001	0.356
>YCYCYYCCYYHH	24-YCYCYYCCYYHH	7.303647	-0.001227	0	T:4.0(0.06%),B:436.6(0.21%),P:1e0	Tpos:168.5,Tstd:10.5,Bpos:867.7,Bstd:2577.7,StrandBias:0.0,Multiplicity:1.00
0.033	0.497	0.035	0.435
0.042	0.607	0.022	0.329
0.221	0.423	0.022	0.334
0.070	0.580	0.023	0.327
0.149	0.473	0.023	0.355
0.205	0.446	0.032	0.317
0.234	0.512	0.026	0.228
0.147	0.522	0.031	0.300
0.212	0.441	0.022	0.325
0.242	0.416	0.023	0.320
0.229	0.375	0.135	0.261
0.254	0.401	0.039	0.306
>RRRRRRRGRGRR	25-RRRRRRRGRGRR	7.989025	-0.000341	0	T:35.0(0.56%),B:1989.4(0.94%),P:1e0	Tpos:96.3,Tstd:38.0,Bpos:2958.7,Bstd:7923.4,StrandBias:1.8,Multiplicity:1.00
0.267	0.164	0.377	0.193
0.419	0.030	0.370	0.181
0.344	0.001	0.476	0.180
0.401	0.008	0.537	0.054
0.391	0.018	0.449	0.142
0.426	0.113	0.460	0.001
0.490	0.001	0.508	0.001
0.409	0.001	0.589	0.001
0.384	0.001	0.491	0.124
0.354	0.001	0.644	0.001
0.487	0.001	0.511	0.001
0.512	0.020	0.467	0.001
>AAACCRCA	1-AAACCRCA	6.529298	-4093.976856	0	T:3967.0(63.05%),B:27539.1(12.96%),P:1e-1777	Tpos:96.4,Tstd:37.4,Bpos:14520.0,Bstd:80636.1,StrandBias:-0.1,Multiplicity:1.31
0.726	0.112	0.037	0.125
0.659	0.001	0.288	0.052
0.833	0.066	0.100	0.001
0.001	0.997	0.001	0.001
0.001	0.997	0.001	0.001
0.503	0.001	0.446	0.050
0.001	0.997	0.001	0.001
0.880	0.034	0.029	0.057
>TTTGTGGT	2-TTTGTGGT	4.961462	-3653.520615	0	T:3945.0(62.70%),B:30959.5(14.57%),P:1e-1586	Tpos:93.7,Tstd:44.5,Bpos:13158.8,Bstd:78357.5,StrandBias:0.1,Multiplicity:1.10
0.075	0.091	0.085	0.749
0.095	0.339	0.001	0.565
0.001	0.001	0.001	0.997
0.001	0.001	0.997	0.001
0.001	0.087	0.001	0.911
0.001	0.001	0.997	0.001
0.001	0.001	0.997	0.001
0.001	0.001	0.001	0.997
>GTGGTTTT	3-GTGGTTTT	-1.268354	-1229.419246	0	T:5286.0(84.01%),B:115202.9(54.20%),P:1e-533	Tpos:95.3,Tstd:52.8,Bpos:9431.4,Bstd:52194.0,StrandBias:0.0,Multiplicity:1.60
0.001	0.001	0.997	0.001
0.001	0.001	0.001	0.997
0.001	0.001	0.997	0.001
0.001	0.001	0.997	0.001
0.001	0.001	0.001	0.997
0.089	0.001	0.001	0.909
0.059	0.001	0.001	0.939
0.081	0.301	0.148	0.469
>AGGAAGTG	4-AGGAAGTG	5.096404	-1054.306529	0	T:3018.0(47.97%),B:45432.6(21.38%),P:1e-457	Tpos:95.3,Tstd:48.0,Bpos:10170.9,Bstd:64416.7,StrandBias:0.0,Multiplicity:1.28
0.767	0.070	0.162	0.001
0.001	0.001	0.997	0.001
0.001	0.001	0.997	0.001
0.997	0.001	0.001	0.001
0.956	0.001	0.001	0.042
0.080	0.033	0.886	0.001
0.001	0.011	0.001	0.987
0.061	0.043	0.812	0.084
>ADBTGTGG	5-ADBTGTGG	0.752603	-840.596293	0	T:5480.0(87.09%),B:135948.6(63.96%),P:1e-365	Tpos:95.5,Tstd:55.1,Bpos:7578.0,Bstd:47815.6,StrandBias:0.1,Multiplicity:1.45
0.513	0.108	0.118	0.261
0.392	0.001	0.249	0.358
0.163	0.238	0.278	0.321
0.273	0.001	0.001	0.725
0.001	0.001	0.997	0.001
0.001	0.001	0.001	0.997
0.001	0.001	0.997	0.001
0.001	0.001	0.997	0.001
>TAGTGGTT	6-TAGTGGTT	3.579116	-695.575761	0	T:5460.0(86.78%),B:140255.1(65.99%),P:1e-302	Tpos:95.3,Tstd:55.1,Bpos:12841.6,Bstd:72495.8,StrandBias:0.0,Multiplicity:1.47
0.167	0.183	0.151	0.499
0.532	0.062	0.140	0.266
0.073	0.090	0.740	0.097
0.061	0.008	0.041	0.890
0.051	0.004	0.869	0.076
0.074	0.081	0.748	0.097
0.036	0.038	0.042	0.884
0.022	0.045	0.096	0.837
>DRAGRAAA	7-DRAGRAAA	3.730131	-432.919548	0	T:5692.0(90.46%),B:161452.2(75.96%),P:1e-188	Tpos:95.3,Tstd:55.3,Bpos:5144.0,Bstd:29999.7,StrandBias:0.0,Multiplicity:1.59
0.406	0.061	0.261	0.272
0.442	0.183	0.335	0.039
0.648	0.001	0.327	0.024
0.187	0.001	0.727	0.085
0.406	0.182	0.372	0.040
0.685	0.151	0.129	0.035
0.638	0.001	0.228	0.133
0.415	0.123	0.222	0.240
>KDDWWGTG	8-KDDWWGTG	4.187372	-342.201636	0	T:5348.0(85.00%),B:150550.3(70.83%),P:1e-148	Tpos:93.3,Tstd:56.9,Bpos:8033.3,Bstd:41427.3,StrandBias:0.0,Multiplicity:1.49
0.192	0.185	0.242	0.381
0.371	0.013	0.241	0.375
0.245	0.001	0.369	0.385
0.371	0.115	0.162	0.352
0.511	0.001	0.001	0.487
0.001	0.001	0.821	0.177
0.001	0.001	0.001	0.997
0.001	0.001	0.858	0.140
>CTSTTTCC	9-CTSTTTCC	-4.357297	-321.526664	0	T:6164.0(97.97%),B:191058.2(89.89%),P:1e-139	Tpos:93.9,Tstd:55.6,Bpos:8928.6,Bstd:61416.3,StrandBias:0.0,Multiplicity:1.56
0.229	0.542	0.084	0.145
0.001	0.001	0.001	0.997
0.001	0.449	0.549	0.001
0.001	0.001	0.001	0.997
0.001	0.001	0.001	0.997
0.001	0.001	0.001	0.997
0.001	0.997	0.001	0.001
0.313	0.663	0.001	0.023
>TGTKTDGT	10-TGTKTDGT	3.298229	-266.780748	0	T:5309.0(84.38%),B:152949.5(71.96%),P:1e-115	Tpos:93.3,Tstd:57.6,Bpos:13268.8,Bstd:68912.5,StrandBias:-0.0,Multiplicity:1.56
0.285	0.003	0.119	0.593
0.074	0.088	0.593	0.245
0.096	0.027	0.099	0.778
0.071	0.023	0.500	0.406
0.235	0.139	0.107	0.519
0.314	0.056	0.299	0.331
0.217	0.117	0.463	0.203
0.198	0.139	0.135	0.528
>AASWGAGT	11-AASWGAGT	0.619916	-207.427314	0	T:5736.0(91.16%),B:174446.7(82.08%),P:1e-90	Tpos:93.8,Tstd:56.7,Bpos:14362.3,Bstd:79172.8,StrandBias:-0.0,Multiplicity:1.53
0.670	0.028	0.001	0.301
0.971	0.001	0.001	0.027
0.028	0.460	0.423	0.089
0.539	0.001	0.001	0.459
0.001	0.290	0.708	0.001
0.854	0.001	0.001	0.144
0.016	0.397	0.575	0.012
0.402	0.009	0.019	0.570
>AAAAWRRW	12-AAAAWRRW	2.626306	-181.922493	0	T:5161.0(82.02%),B:152244.0(71.63%),P:1e-79	Tpos:94.6,Tstd:56.8,Bpos:12688.2,Bstd:69380.5,StrandBias:0.1,Multiplicity:1.57
0.467	0.256	0.135	0.142
0.616	0.133	0.138	0.113
0.567	0.180	0.172	0.081
0.530	0.039	0.156	0.275
0.417	0.042	0.257	0.284
0.397	0.140	0.293	0.169
0.378	0.218	0.254	0.150
0.408	0.094	0.205	0.293
>WTTTKHAA	13-WTTTKHAA	3.062306	-145.173314	0	T:4660.0(74.06%),B:136010.4(63.99%),P:1e-63	Tpos:94.1,Tstd:58.4,Bpos:10300.4,Bstd:40369.8,StrandBias:-0.0,Multiplicity:1.87
0.387	0.001	0.116	0.496
0.279	0.001	0.254	0.466
0.398	0.001	0.001	0.600
0.260	0.001	0.259	0.481
0.235	0.038	0.311	0.416
0.312	0.246	0.150	0.292
0.596	0.231	0.001	0.172
0.554	0.192	0.139	0.115
>TGGAAVKC	14-TGGAAVKC	-1.967023	-71.228195	0	T:6289.0(99.95%),B:209725.6(98.68%),P:1e-30	Tpos:94.3,Tstd:57.3,Bpos:11159.0,Bstd:69220.3,StrandBias:0.0,Multiplicity:1.49
0.001	0.001	0.001	0.997
0.285	0.137	0.500	0.078
0.001	0.299	0.466	0.233
0.997	0.001	0.001	0.001
0.997	0.001	0.001	0.001
0.311	0.396	0.292	0.001
0.169	0.137	0.279	0.415
0.001	0.526	0.298	0.175
>TGGCCAGA	15-TGGCCAGA	2.399224	-67.837986	0	T:6291.0(99.98%),B:210083.6(98.84%),P:1e-29	Tpos:95.3,Tstd:55.3,Bpos:3245.4,Bstd:24007.9,StrandBias:-0.0,Multiplicity:1.65
0.100	0.100	0.100	0.700
0.100	0.100	0.700	0.100
0.100	0.100	0.700	0.100
0.100	0.700	0.100	0.100
0.100	0.700	0.100	0.100
0.700	0.100	0.100	0.100
0.100	0.100	0.700	0.100
0.700	0.100	0.100	0.100
>AGCCTCAA	16-AGCCTCAA	2.399224	-50.434823	0	T:6291.0(99.98%),B:210683.8(99.13%),P:1e-21	Tpos:94.9,Tstd:55.8,Bpos:5741.5,Bstd:42586.7,StrandBias:0.1,Multiplicity:2.46
0.700	0.100	0.100	0.100
0.100	0.100	0.700	0.100
0.100	0.700	0.100	0.100
0.100	0.700	0.100	0.100
0.100	0.100	0.100	0.700
0.100	0.700	0.100	0.100
0.700	0.100	0.100	0.100
0.700	0.100	0.100	0.100
>AAAGGGAG	17-AAAGGGAG	2.399224	-42.218093	0	T:6291.0(99.98%),B:210968.3(99.26%),P:1e-18	Tpos:95.1,Tstd:55.8,Bpos:5315.5,Bstd:41460.6,StrandBias:0.0,Multiplicity:3.02
0.700	0.100	0.100	0.100
0.700	0.100	0.100	0.100
0.700	0.100	0.100	0.100
0.100	0.100	0.700	0.100
0.100	0.100	0.700	0.100
0.100	0.100	0.700	0.100
0.700	0.100	0.100	0.100
0.100	0.100	0.700	0.100
>CCSCVGSC	18-CCSCVGSC	-1.129455	-0.262571	0	T:6292.0(100.00%),B:212533.0(100.00%),P:1e0	Tpos:95.6,Tstd:55.6,Bpos:4294.7,Bstd:35325.3,StrandBias:0.0,Multiplicity:1.42
0.149	0.553	0.266	0.032
0.121	0.485	0.201	0.193
0.102	0.385	0.342	0.171
0.106	0.472	0.299	0.123
0.260	0.355	0.279	0.106
0.167	0.210	0.491	0.132
0.063	0.489	0.441	0.007
0.087	0.824	0.063	0.026
>CAGAGCTG	19-CAGAGCTG	0.453314	-0.058348	0	T:6292.0(100.00%),B:212539.3(100.00%),P:1e0	Tpos:95.4,Tstd:55.8,Bpos:4670.0,Bstd:39774.6,StrandBias:-0.0,Multiplicity:1.89
0.100	0.700	0.100	0.100
0.700	0.100	0.100	0.100
0.100	0.100	0.700	0.100
0.700	0.100	0.100	0.100
0.100	0.100	0.700	0.100
0.100	0.700	0.100	0.100
0.100	0.100	0.100	0.700
0.100	0.100	0.700	0.100
>TSCTGCCA	20-TSCTGCCA	8.830065	-0.002346	0	T:360.0(5.72%),B:14014.7(6.59%),P:1e0	Tpos:88.3,Tstd:55.3,Bpos:3186.1,Bstd:10394.7,StrandBias:-0.2,Multiplicity:1.00
0.226	0.001	0.001	0.772
0.001	0.453	0.506	0.040
0.001	0.997	0.001	0.001
0.306	0.001	0.001	0.692
0.001	0.001	0.997	0.001
0.001	0.997	0.001	0.001
0.001	0.972	0.001	0.026
0.906	0.001	0.001	0.092
>NANHTTMT	21-NANHTTMT	4.454674	-0.000139	0	T:17.0(0.27%),B:1229.7(0.58%),P:1e0	Tpos:100.3,Tstd:43.5,Bpos:22700.0,Bstd:75268.2,StrandBias:-1.0,Multiplicity:1.00
0.260	0.219	0.301	0.219
0.575	0.001	0.013	0.411
0.274	0.178	0.233	0.315
0.315	0.247	0.165	0.274
0.396	0.001	0.001	0.602
0.219	0.111	0.219	0.451
0.411	0.328	0.259	0.001
0.246	0.068	0.001	0.685
>ATAWNATC	22-ATAWNATC	5.088431	-0.000003	0	T:12.0(0.19%),B:1177.0(0.55%),P:1e0	Tpos:66.0,Tstd:0.0,Bpos:6167.7,Bstd:8859.7,StrandBias:-10.0,Multiplicity:1.00
0.503	0.159	0.069	0.269
0.055	0.276	0.200	0.469
0.566	0.131	0.186	0.117
0.365	0.083	0.069	0.483
0.193	0.310	0.228	0.269
0.476	0.103	0.097	0.324
0.290	0.069	0.062	0.579
0.097	0.449	0.214	0.241
>NAWDDNAT	23-NAWDDNAT	4.273834	-0.000000	0	T:38.0(0.60%),B:2761.6(1.30%),P:1e0	Tpos:26.5,Tstd:14.5,Bpos:5533.5,Bstd:9321.4,StrandBias:0.0,Multiplicity:1.00
0.232	0.246	0.218	0.304
0.492	0.001	0.203	0.304
0.463	0.115	0.001	0.421
0.188	0.174	0.333	0.305
0.275	0.087	0.246	0.392
0.232	0.305	0.159	0.305
0.450	0.276	0.072	0.202
0.001	0.115	0.001	0.883
>NBATGAHT	24-NBATGAHT	5.903909	-0.000000	0	T:50.0(0.79%),B:3626.4(1.71%),P:1e0	Tpos:187.0,Tstd:0.0,Bpos:11117.0,Bstd:22581.7,StrandBias:10.0,Multiplicity:1.00
0.318	0.250	0.182	0.250
0.001	0.363	0.295	0.341
0.997	0.001	0.001	0.001
0.317	0.001	0.001	0.681
0.001	0.001	0.590	0.408
0.500	0.193	0.001	0.306
0.420	0.272	0.001	0.306
0.385	0.001	0.001	0.613
>WDACWDDY	25-WDACWDDY	5.312960	-0.000000	0	T:133.0(2.11%),B:8900.4(4.19%),P:1e0	Tpos:103.0,Tstd:64.8,Bpos:7732.9,Bstd:14887.3,StrandBias:0.0,Multiplicity:1.00
0.463	0.001	0.001	0.535
0.334	0.001	0.265	0.400
0.997	0.001	0.001	0.001
0.001	0.599	0.001	0.399
0.463	0.001	0.001	0.535
0.331	0.001	0.300	0.367
0.234	0.133	0.366	0.267
0.001	0.336	0.231	0.432
