>AAACCRCA	1-AAACCRCA	6.529298	-4093.976856	0	T:3967.0(63.05%),B:27539.1(12.96%),P:1e-1777	Tpos:96.4,Tstd:37.4,Bpos:14520.0,Bstd:80636.1,StrandBias:-0.1,Multiplicity:1.31
0.726	0.112	0.037	0.125
0.659	0.001	0.288	0.052
0.833	0.066	0.100	0.001
0.001	0.997	0.001	0.001
0.001	0.997	0.001	0.001
0.503	0.001	0.446	0.050
0.001	0.997	0.001	0.001
0.880	0.034	0.029	0.057
>TTTGTGGT	2-TTTGTGGT	4.961462	-3653.520615	0	T:3945.0(62.70%),B:30959.5(14.57%),P:1e-1586	Tpos:93.7,Tstd:44.5,Bpos:13158.8,Bstd:78357.5,StrandBias:0.1,Multiplicity:1.10
0.075	0.091	0.085	0.749
0.095	0.339	0.001	0.565
0.001	0.001	0.001	0.997
0.001	0.001	0.997	0.001
0.001	0.087	0.001	0.911
0.001	0.001	0.997	0.001
0.001	0.001	0.997	0.001
0.001	0.001	0.001	0.997
>GTGGTTTT	3-GTGGTTTT	-1.268354	-1229.419246	0	T:5286.0(84.01%),B:115202.9(54.20%),P:1e-533	Tpos:95.3,Tstd:52.8,Bpos:9431.4,Bstd:52194.0,StrandBias:0.0,Multiplicity:1.60
0.001	0.001	0.997	0.001
0.001	0.001	0.001	0.997
0.001	0.001	0.997	0.001
0.001	0.001	0.997	0.001
0.001	0.001	0.001	0.997
0.089	0.001	0.001	0.909
0.059	0.001	0.001	0.939
0.081	0.301	0.148	0.469
>AGGAAGTG	4-AGGAAGTG	5.096404	-1054.306529	0	T:3018.0(47.97%),B:45432.6(21.38%),P:1e-457	Tpos:95.3,Tstd:48.0,Bpos:10170.9,Bstd:64416.7,StrandBias:0.0,Multiplicity:1.28
0.767	0.070	0.162	0.001
0.001	0.001	0.997	0.001
0.001	0.001	0.997	0.001
0.997	0.001	0.001	0.001
0.956	0.001	0.001	0.042
0.080	0.033	0.886	0.001
0.001	0.011	0.001	0.987
0.061	0.043	0.812	0.084
>ADBTGTGG	5-ADBTGTGG	0.752603	-840.596293	0	T:5480.0(87.09%),B:135948.6(63.96%),P:1e-365	Tpos:95.5,Tstd:55.1,Bpos:7578.0,Bstd:47815.6,StrandBias:0.1,Multiplicity:1.45
0.513	0.108	0.118	0.261
0.392	0.001	0.249	0.358
0.163	0.238	0.278	0.321
0.273	0.001	0.001	0.725
0.001	0.001	0.997	0.001
0.001	0.001	0.001	0.997
0.001	0.001	0.997	0.001
0.001	0.001	0.997	0.001
>TAGTGGTT	6-TAGTGGTT	3.579116	-695.575761	0	T:5460.0(86.78%),B:140255.1(65.99%),P:1e-302	Tpos:95.3,Tstd:55.1,Bpos:12841.6,Bstd:72495.8,StrandBias:0.0,Multiplicity:1.47
0.167	0.183	0.151	0.499
0.532	0.062	0.140	0.266
0.073	0.090	0.740	0.097
0.061	0.008	0.041	0.890
0.051	0.004	0.869	0.076
0.074	0.081	0.748	0.097
0.036	0.038	0.042	0.884
0.022	0.045	0.096	0.837
>DRAGRAAA	7-DRAGRAAA	3.730131	-432.919548	0	T:5692.0(90.46%),B:161452.2(75.96%),P:1e-188	Tpos:95.3,Tstd:55.3,Bpos:5144.0,Bstd:29999.7,StrandBias:0.0,Multiplicity:1.59
0.406	0.061	0.261	0.272
0.442	0.183	0.335	0.039
0.648	0.001	0.327	0.024
0.187	0.001	0.727	0.085
0.406	0.182	0.372	0.040
0.685	0.151	0.129	0.035
0.638	0.001	0.228	0.133
0.415	0.123	0.222	0.240
>KDDWWGTG	8-KDDWWGTG	4.187372	-342.201636	0	T:5348.0(85.00%),B:150550.3(70.83%),P:1e-148	Tpos:93.3,Tstd:56.9,Bpos:8033.3,Bstd:41427.3,StrandBias:0.0,Multiplicity:1.49
0.192	0.185	0.242	0.381
0.371	0.013	0.241	0.375
0.245	0.001	0.369	0.385
0.371	0.115	0.162	0.352
0.511	0.001	0.001	0.487
0.001	0.001	0.821	0.177
0.001	0.001	0.001	0.997
0.001	0.001	0.858	0.140
>CTSTTTCC	9-CTSTTTCC	-4.357297	-321.526664	0	T:6164.0(97.97%),B:191058.2(89.89%),P:1e-139	Tpos:93.9,Tstd:55.6,Bpos:8928.6,Bstd:61416.3,StrandBias:0.0,Multiplicity:1.56
0.229	0.542	0.084	0.145
0.001	0.001	0.001	0.997
0.001	0.449	0.549	0.001
0.001	0.001	0.001	0.997
0.001	0.001	0.001	0.997
0.001	0.001	0.001	0.997
0.001	0.997	0.001	0.001
0.313	0.663	0.001	0.023
>TGTKTDGT	10-TGTKTDGT	3.298229	-266.780748	0	T:5309.0(84.38%),B:152949.5(71.96%),P:1e-115	Tpos:93.3,Tstd:57.6,Bpos:13268.8,Bstd:68912.5,StrandBias:-0.0,Multiplicity:1.56
0.285	0.003	0.119	0.593
0.074	0.088	0.593	0.245
0.096	0.027	0.099	0.778
0.071	0.023	0.500	0.406
0.235	0.139	0.107	0.519
0.314	0.056	0.299	0.331
0.217	0.117	0.463	0.203
0.198	0.139	0.135	0.528
>AASWGAGT	11-AASWGAGT	0.619916	-207.427314	0	T:5736.0(91.16%),B:174446.7(82.08%),P:1e-90	Tpos:93.8,Tstd:56.7,Bpos:14362.3,Bstd:79172.8,StrandBias:-0.0,Multiplicity:1.53
0.670	0.028	0.001	0.301
0.971	0.001	0.001	0.027
0.028	0.460	0.423	0.089
0.539	0.001	0.001	0.459
0.001	0.290	0.708	0.001
0.854	0.001	0.001	0.144
0.016	0.397	0.575	0.012
0.402	0.009	0.019	0.570
>AAAAWRRW	12-AAAAWRRW	2.626306	-181.922493	0	T:5161.0(82.02%),B:152244.0(71.63%),P:1e-79	Tpos:94.6,Tstd:56.8,Bpos:12688.2,Bstd:69380.5,StrandBias:0.1,Multiplicity:1.57
0.467	0.256	0.135	0.142
0.616	0.133	0.138	0.113
0.567	0.180	0.172	0.081
0.530	0.039	0.156	0.275
0.417	0.042	0.257	0.284
0.397	0.140	0.293	0.169
0.378	0.218	0.254	0.150
0.408	0.094	0.205	0.293
>WTTTKHAA	13-WTTTKHAA	3.062306	-145.173314	0	T:4660.0(74.06%),B:136010.4(63.99%),P:1e-63	Tpos:94.1,Tstd:58.4,Bpos:10300.4,Bstd:40369.8,StrandBias:-0.0,Multiplicity:1.87
0.387	0.001	0.116	0.496
0.279	0.001	0.254	0.466
0.398	0.001	0.001	0.600
0.260	0.001	0.259	0.481
0.235	0.038	0.311	0.416
0.312	0.246	0.150	0.292
0.596	0.231	0.001	0.172
0.554	0.192	0.139	0.115
>TGGAAVKC	14-TGGAAVKC	-1.967023	-71.228195	0	T:6289.0(99.95%),B:209725.6(98.68%),P:1e-30	Tpos:94.3,Tstd:57.3,Bpos:11159.0,Bstd:69220.3,StrandBias:0.0,Multiplicity:1.49
0.001	0.001	0.001	0.997
0.285	0.137	0.500	0.078
0.001	0.299	0.466	0.233
0.997	0.001	0.001	0.001
0.997	0.001	0.001	0.001
0.311	0.396	0.292	0.001
0.169	0.137	0.279	0.415
0.001	0.526	0.298	0.175
>TGGCCAGA	15-TGGCCAGA	2.399224	-67.837986	0	T:6291.0(99.98%),B:210083.6(98.84%),P:1e-29	Tpos:95.3,Tstd:55.3,Bpos:3245.4,Bstd:24007.9,StrandBias:-0.0,Multiplicity:1.65
0.100	0.100	0.100	0.700
0.100	0.100	0.700	0.100
0.100	0.100	0.700	0.100
0.100	0.700	0.100	0.100
0.100	0.700	0.100	0.100
0.700	0.100	0.100	0.100
0.100	0.100	0.700	0.100
0.700	0.100	0.100	0.100
>AGCCTCAA	16-AGCCTCAA	2.399224	-50.434823	0	T:6291.0(99.98%),B:210683.8(99.13%),P:1e-21	Tpos:94.9,Tstd:55.8,Bpos:5741.5,Bstd:42586.7,StrandBias:0.1,Multiplicity:2.46
0.700	0.100	0.100	0.100
0.100	0.100	0.700	0.100
0.100	0.700	0.100	0.100
0.100	0.700	0.100	0.100
0.100	0.100	0.100	0.700
0.100	0.700	0.100	0.100
0.700	0.100	0.100	0.100
0.700	0.100	0.100	0.100
>AAAGGGAG	17-AAAGGGAG	2.399224	-42.218093	0	T:6291.0(99.98%),B:210968.3(99.26%),P:1e-18	Tpos:95.1,Tstd:55.8,Bpos:5315.5,Bstd:41460.6,StrandBias:0.0,Multiplicity:3.02
0.700	0.100	0.100	0.100
0.700	0.100	0.100	0.100
0.700	0.100	0.100	0.100
0.100	0.100	0.700	0.100
0.100	0.100	0.700	0.100
0.100	0.100	0.700	0.100
0.700	0.100	0.100	0.100
0.100	0.100	0.700	0.100
>CCSCVGSC	18-CCSCVGSC	-1.129455	-0.262571	0	T:6292.0(100.00%),B:212533.0(100.00%),P:1e0	Tpos:95.6,Tstd:55.6,Bpos:4294.7,Bstd:35325.3,StrandBias:0.0,Multiplicity:1.42
0.149	0.553	0.266	0.032
0.121	0.485	0.201	0.193
0.102	0.385	0.342	0.171
0.106	0.472	0.299	0.123
0.260	0.355	0.279	0.106
0.167	0.210	0.491	0.132
0.063	0.489	0.441	0.007
0.087	0.824	0.063	0.026
>CAGAGCTG	19-CAGAGCTG	0.453314	-0.058348	0	T:6292.0(100.00%),B:212539.3(100.00%),P:1e0	Tpos:95.4,Tstd:55.8,Bpos:4670.0,Bstd:39774.6,StrandBias:-0.0,Multiplicity:1.89
0.100	0.700	0.100	0.100
0.700	0.100	0.100	0.100
0.100	0.100	0.700	0.100
0.700	0.100	0.100	0.100
0.100	0.100	0.700	0.100
0.100	0.700	0.100	0.100
0.100	0.100	0.100	0.700
0.100	0.100	0.700	0.100
>TSCTGCCA	20-TSCTGCCA	8.830065	-0.002346	0	T:360.0(5.72%),B:14014.7(6.59%),P:1e0	Tpos:88.3,Tstd:55.3,Bpos:3186.1,Bstd:10394.7,StrandBias:-0.2,Multiplicity:1.00
0.226	0.001	0.001	0.772
0.001	0.453	0.506	0.040
0.001	0.997	0.001	0.001
0.306	0.001	0.001	0.692
0.001	0.001	0.997	0.001
0.001	0.997	0.001	0.001
0.001	0.972	0.001	0.026
0.906	0.001	0.001	0.092
>NANHTTMT	21-NANHTTMT	4.454674	-0.000139	0	T:17.0(0.27%),B:1229.7(0.58%),P:1e0	Tpos:100.3,Tstd:43.5,Bpos:22700.0,Bstd:75268.2,StrandBias:-1.0,Multiplicity:1.00
0.260	0.219	0.301	0.219
0.575	0.001	0.013	0.411
0.274	0.178	0.233	0.315
0.315	0.247	0.165	0.274
0.396	0.001	0.001	0.602
0.219	0.111	0.219	0.451
0.411	0.328	0.259	0.001
0.246	0.068	0.001	0.685
>ATAWNATC	22-ATAWNATC	5.088431	-0.000003	0	T:12.0(0.19%),B:1177.0(0.55%),P:1e0	Tpos:66.0,Tstd:0.0,Bpos:6167.7,Bstd:8859.7,StrandBias:-10.0,Multiplicity:1.00
0.503	0.159	0.069	0.269
0.055	0.276	0.200	0.469
0.566	0.131	0.186	0.117
0.365	0.083	0.069	0.483
0.193	0.310	0.228	0.269
0.476	0.103	0.097	0.324
0.290	0.069	0.062	0.579
0.097	0.449	0.214	0.241
>NAWDDNAT	23-NAWDDNAT	4.273834	-0.000000	0	T:38.0(0.60%),B:2761.6(1.30%),P:1e0	Tpos:26.5,Tstd:14.5,Bpos:5533.5,Bstd:9321.4,StrandBias:0.0,Multiplicity:1.00
0.232	0.246	0.218	0.304
0.492	0.001	0.203	0.304
0.463	0.115	0.001	0.421
0.188	0.174	0.333	0.305
0.275	0.087	0.246	0.392
0.232	0.305	0.159	0.305
0.450	0.276	0.072	0.202
0.001	0.115	0.001	0.883
>NBATGAHT	24-NBATGAHT	5.903909	-0.000000	0	T:50.0(0.79%),B:3626.4(1.71%),P:1e0	Tpos:187.0,Tstd:0.0,Bpos:11117.0,Bstd:22581.7,StrandBias:10.0,Multiplicity:1.00
0.318	0.250	0.182	0.250
0.001	0.363	0.295	0.341
0.997	0.001	0.001	0.001
0.317	0.001	0.001	0.681
0.001	0.001	0.590	0.408
0.500	0.193	0.001	0.306
0.420	0.272	0.001	0.306
0.385	0.001	0.001	0.613
>WDACWDDY	25-WDACWDDY	5.312960	-0.000000	0	T:133.0(2.11%),B:8900.4(4.19%),P:1e0	Tpos:103.0,Tstd:64.8,Bpos:7732.9,Bstd:14887.3,StrandBias:0.0,Multiplicity:1.00
0.463	0.001	0.001	0.535
0.334	0.001	0.265	0.400
0.997	0.001	0.001	0.001
0.001	0.599	0.001	0.399
0.463	0.001	0.001	0.535
0.331	0.001	0.300	0.367
0.234	0.133	0.366	0.267
0.001	0.336	0.231	0.432
