>WAACCACARN	1-WAACCACARN	6.000483	-4308.755428	0	T:4424.0(70.31%),B:34989.0(16.46%),P:1e-1871	Tpos:96.1,Tstd:38.5,Bpos:17197.5,Bstd:90953.7,StrandBias:-0.1,Multiplicity:1.41
0.340	0.183	0.038	0.439
0.610	0.063	0.270	0.057
0.901	0.039	0.055	0.005
0.010	0.985	0.001	0.004
0.002	0.986	0.010	0.002
0.708	0.013	0.252	0.027
0.002	0.979	0.004	0.015
0.862	0.024	0.040	0.074
0.436	0.063	0.353	0.147
0.277	0.286	0.284	0.152
>ACTTCCTCTT	2-ACTTCCTCTT	5.580325	-1186.750655	0	T:3978.0(63.22%),B:69594.3(32.74%),P:1e-515	Tpos:95.5,Tstd:49.5,Bpos:10542.7,Bstd:66265.9,StrandBias:-0.0,Multiplicity:1.49
0.770	0.061	0.139	0.030
0.019	0.766	0.093	0.122
0.063	0.027	0.034	0.876
0.066	0.039	0.044	0.851
0.034	0.919	0.022	0.025
0.030	0.874	0.039	0.057
0.070	0.250	0.146	0.534
0.034	0.433	0.274	0.259
0.226	0.222	0.054	0.498
0.126	0.253	0.141	0.481
>YYYTYTTYCY	3-YYYTYTTYCY	4.209902	-416.410323	0	T:5498.0(87.38%),B:153408.8(72.18%),P:1e-180	Tpos:93.5,Tstd:55.9,Bpos:8828.2,Bstd:48116.3,StrandBias:-0.0,Multiplicity:1.41
0.181	0.318	0.148	0.353
0.153	0.340	0.108	0.399
0.154	0.299	0.188	0.359
0.228	0.230	0.151	0.391
0.150	0.393	0.067	0.391
0.001	0.001	0.001	0.997
0.001	0.233	0.067	0.699
0.001	0.559	0.022	0.418
0.096	0.588	0.001	0.315
0.136	0.347	0.038	0.478
>GWCHCWGTTB	4-GWCHCWGTTB	0.828028	-317.586025	0	T:5907.0(93.88%),B:176973.8(83.27%),P:1e-137	Tpos:95.0,Tstd:54.7,Bpos:3983.3,Bstd:27796.0,StrandBias:-0.0,Multiplicity:1.53
0.001	0.232	0.766	0.001
0.443	0.001	0.001	0.555
0.001	0.929	0.069	0.001
0.267	0.216	0.156	0.361
0.001	0.997	0.001	0.001
0.454	0.001	0.001	0.544
0.001	0.365	0.633	0.001
0.172	0.280	0.001	0.547
0.161	0.204	0.221	0.415
0.155	0.251	0.305	0.288
>WGWGKGTTTT	5-WGWGKGTTTT	3.541752	-317.063477	0	T:5461.0(86.79%),B:156599.3(73.68%),P:1e-137	Tpos:94.9,Tstd:55.6,Bpos:8496.4,Bstd:52921.6,StrandBias:-0.0,Multiplicity:1.48
0.289	0.067	0.234	0.411
0.138	0.215	0.412	0.235
0.353	0.002	0.234	0.411
0.116	0.019	0.599	0.266
0.203	0.015	0.428	0.353
0.099	0.242	0.426	0.233
0.169	0.228	0.182	0.421
0.006	0.078	0.008	0.908
0.091	0.077	0.185	0.647
0.181	0.231	0.202	0.386
>TTCCTTCCTT	6-TTCCTTCCTT	3.940923	-303.265831	0	T:4806.0(76.38%),B:131122.3(61.69%),P:1e-131	Tpos:95.2,Tstd:56.2,Bpos:5303.3,Bstd:22534.3,StrandBias:0.1,Multiplicity:1.40
0.045	0.106	0.044	0.805
0.036	0.089	0.066	0.809
0.035	0.805	0.063	0.097
0.049	0.817	0.023	0.111
0.024	0.044	0.011	0.921
0.019	0.161	0.100	0.720
0.032	0.866	0.035	0.067
0.059	0.782	0.011	0.148
0.039	0.143	0.055	0.763
0.047	0.142	0.096	0.715
>AAADDRARAA	7-AAADDRARAA	3.192329	-242.569392	0	T:5499.0(87.40%),B:162208.1(76.32%),P:1e-105	Tpos:94.6,Tstd:57.7,Bpos:11257.4,Bstd:55074.5,StrandBias:0.0,Multiplicity:1.59
0.521	0.158	0.230	0.091
0.637	0.001	0.154	0.208
0.479	0.055	0.195	0.271
0.347	0.101	0.274	0.279
0.346	0.118	0.300	0.236
0.412	0.123	0.302	0.163
0.582	0.001	0.306	0.111
0.490	0.001	0.469	0.041
0.551	0.034	0.400	0.015
0.567	0.070	0.251	0.112
>TCACATCCTA	8-TCACATCCTA	2.940306	-240.891507	0	T:5789.0(92.01%),B:175038.1(82.35%),P:1e-104	Tpos:95.0,Tstd:55.7,Bpos:5914.2,Bstd:34927.4,StrandBias:-0.0,Multiplicity:1.47
0.225	0.102	0.225	0.448
0.179	0.574	0.135	0.112
0.683	0.090	0.045	0.182
0.090	0.460	0.227	0.224
0.720	0.190	0.022	0.068
0.124	0.135	0.173	0.568
0.135	0.650	0.170	0.045
0.254	0.610	0.023	0.113
0.249	0.082	0.097	0.572
0.712	0.091	0.137	0.060
>TGGAATGGAA	9-TGGAATGGAA	2.512553	-221.940849	0	T:6262.0(99.52%),B:201821.5(94.96%),P:1e-96	Tpos:94.9,Tstd:56.2,Bpos:5557.5,Bstd:36938.5,StrandBias:0.0,Multiplicity:2.01
0.100	0.100	0.100	0.700
0.100	0.100	0.700	0.100
0.100	0.100	0.700	0.100
0.700	0.100	0.100	0.100
0.700	0.100	0.100	0.100
0.100	0.100	0.100	0.700
0.100	0.100	0.700	0.100
0.100	0.100	0.700	0.100
0.700	0.100	0.100	0.100
0.700	0.100	0.100	0.100
>AWGHSTSWWN	10-AWGHSTSWWN	-0.622486	-193.638133	0	T:6044.0(96.06%),B:189727.1(89.27%),P:1e-84	Tpos:95.0,Tstd:56.8,Bpos:9254.4,Bstd:56109.3,StrandBias:0.0,Multiplicity:1.50
0.992	0.001	0.001	0.006
0.574	0.001	0.001	0.424
0.001	0.397	0.601	0.001
0.373	0.289	0.001	0.337
0.188	0.437	0.374	0.001
0.368	0.001	0.001	0.630
0.010	0.499	0.490	0.001
0.455	0.001	0.001	0.543
0.355	0.004	0.226	0.415
0.192	0.284	0.330	0.195
>AAGCCCCGCC	11-AAGCCCCGCC	2.512553	-189.649512	0	T:6226.0(98.95%),B:200328.8(94.25%),P:1e-82	Tpos:73.0,Tstd:46.0,Bpos:3376.9,Bstd:7797.9,StrandBias:0.0,Multiplicity:1.00
0.700	0.100	0.100	0.100
0.700	0.100	0.100	0.100
0.100	0.100	0.700	0.100
0.100	0.700	0.100	0.100
0.100	0.700	0.100	0.100
0.100	0.700	0.100	0.100
0.100	0.700	0.100	0.100
0.100	0.100	0.700	0.100
0.100	0.700	0.100	0.100
0.100	0.700	0.100	0.100
>GGAATGGAAT	12-GGAATGGAAT	-7.094099	-153.351748	0	T:4312.0(68.53%),B:122791.0(57.77%),P:1e-66	Tpos:93.6,Tstd:56.3,Bpos:14535.4,Bstd:77234.9,StrandBias:0.1,Multiplicity:1.70
0.001	0.134	0.864	0.001
0.001	0.001	0.997	0.001
0.997	0.001	0.001	0.001
0.997	0.001	0.001	0.001
0.001	0.001	0.001	0.997
0.001	0.068	0.930	0.001
0.001	0.001	0.997	0.001
0.997	0.001	0.001	0.001
0.997	0.001	0.001	0.001
0.001	0.001	0.001	0.997
>AGAACTGCTG	13-AGAACTGCTG	2.512553	-140.134802	0	T:6284.0(99.87%),B:206769.3(97.28%),P:1e-60	Tpos:95.0,Tstd:54.7,Bpos:3331.9,Bstd:24367.2,StrandBias:-0.0,Multiplicity:1.76
0.700	0.100	0.100	0.100
0.100	0.100	0.700	0.100
0.700	0.100	0.100	0.100
0.700	0.100	0.100	0.100
0.100	0.700	0.100	0.100
0.100	0.100	0.100	0.700
0.100	0.100	0.700	0.100
0.100	0.700	0.100	0.100
0.100	0.100	0.100	0.700
0.100	0.100	0.700	0.100
>HWTTTGWAAT	14-HWTTTGWAAT	-4.747280	-137.796786	0	T:4894.0(77.78%),B:145264.7(68.35%),P:1e-59	Tpos:92.6,Tstd:56.6,Bpos:16682.4,Bstd:79310.8,StrandBias:-0.0,Multiplicity:1.77
0.333	0.355	0.001	0.311
0.510	0.001	0.001	0.488
0.001	0.001	0.001	0.997
0.001	0.001	0.001	0.997
0.001	0.001	0.001	0.997
0.001	0.001	0.621	0.377
0.378	0.133	0.222	0.267
0.997	0.001	0.001	0.001
0.997	0.001	0.001	0.001
0.399	0.001	0.001	0.599
>GAGGCCCAGA	15-GAGGCCCAGA	2.512553	-125.998988	0	T:6278.0(99.78%),B:206691.1(97.25%),P:1e-54	Tpos:96.0,Tstd:55.6,Bpos:2824.3,Bstd:26781.1,StrandBias:0.0,Multiplicity:2.00
0.100	0.100	0.700	0.100
0.700	0.100	0.100	0.100
0.100	0.100	0.700	0.100
0.100	0.100	0.700	0.100
0.100	0.700	0.100	0.100
0.100	0.700	0.100	0.100
0.100	0.700	0.100	0.100
0.700	0.100	0.100	0.100
0.100	0.100	0.700	0.100
0.700	0.100	0.100	0.100
>GMGBAARWWY	16-GMGBAARWWY	5.334394	-62.627574	0	T:1987.0(31.58%),B:53898.2(25.36%),P:1e-27	Tpos:98.6,Tstd:45.2,Bpos:5717.6,Bstd:15148.4,StrandBias:-0.6,Multiplicity:1.00
0.063	0.313	0.561	0.063
0.500	0.375	0.001	0.125
0.063	0.063	0.749	0.125
0.001	0.312	0.312	0.375
0.750	0.063	0.062	0.125
0.874	0.001	0.001	0.124
0.375	0.063	0.500	0.062
0.437	0.188	0.063	0.313
0.437	0.001	0.187	0.375
0.125	0.438	0.125	0.312
>AAGSAAGTGY	17-AAGSAAGTGY	5.200407	-40.132886	0	T:1816.0(28.86%),B:51110.5(24.05%),P:1e-17	Tpos:78.8,Tstd:56.2,Bpos:5668.5,Bstd:12148.7,StrandBias:1.6,Multiplicity:1.00
0.540	0.158	0.301	0.001
0.616	0.233	0.001	0.150
0.157	0.001	0.535	0.307
0.082	0.383	0.302	0.233
0.685	0.001	0.001	0.313
0.624	0.075	0.075	0.226
0.232	0.226	0.391	0.151
0.226	0.157	0.075	0.542
0.001	0.001	0.690	0.308
0.076	0.377	0.095	0.452
>CCCCCACCAC	18-CCCCCACCAC	0.566642	-9.663980	0	T:6292.0(100.00%),B:212211.0(99.84%),P:1e-4	Tpos:95.5,Tstd:55.3,Bpos:3330.4,Bstd:30384.7,StrandBias:-0.0,Multiplicity:1.73
0.100	0.700	0.100	0.100
0.100	0.700	0.100	0.100
0.100	0.700	0.100	0.100
0.100	0.700	0.100	0.100
0.100	0.700	0.100	0.100
0.700	0.100	0.100	0.100
0.100	0.700	0.100	0.100
0.100	0.700	0.100	0.100
0.700	0.100	0.100	0.100
0.100	0.700	0.100	0.100
>AAAACCACCA	19-AAAACCACCA	0.566642	-4.786340	0	T:6292.0(100.00%),B:212377.8(99.92%),P:1e-2	Tpos:127.1,Tstd:56.1,Bpos:7389.0,Bstd:15133.5,StrandBias:0.3,Multiplicity:1.00
0.700	0.100	0.100	0.100
0.700	0.100	0.100	0.100
0.700	0.100	0.100	0.100
0.700	0.100	0.100	0.100
0.100	0.700	0.100	0.100
0.100	0.700	0.100	0.100
0.700	0.100	0.100	0.100
0.100	0.700	0.100	0.100
0.100	0.700	0.100	0.100
0.700	0.100	0.100	0.100
>CCCAGCCACA	20-CCCAGCCACA	0.000000	-1.283783	0	T:6292.0(100.00%),B:212497.2(99.98%),P:1e0
0.100	0.700	0.100	0.100
0.100	0.700	0.100	0.100
0.100	0.700	0.100	0.100
0.700	0.100	0.100	0.100
0.100	0.100	0.700	0.100
0.100	0.700	0.100	0.100
0.100	0.700	0.100	0.100
0.700	0.100	0.100	0.100
0.100	0.700	0.100	0.100
0.700	0.100	0.100	0.100
>GCASARGTGC	21-GCASARGTGC	8.039794	-0.000000	0	T:188.0(2.99%),B:9555.8(4.50%),P:1e0	Tpos:114.3,Tstd:64.2,Bpos:7556.0,Bstd:24465.9,StrandBias:-1.0,Multiplicity:1.00
0.125	0.125	0.749	0.001
0.001	0.749	0.001	0.249
0.624	0.001	0.125	0.250
0.001	0.500	0.375	0.125
0.997	0.001	0.001	0.001
0.375	0.001	0.500	0.125
0.374	0.001	0.624	0.001
0.374	0.001	0.001	0.624
0.250	0.001	0.500	0.250
0.001	0.874	0.124	0.001
>STGCAYGAGY	22-STGCAYGAGY	6.128111	-0.000000	0	T:393.0(6.25%),B:20581.2(9.68%),P:1e0	Tpos:36.0,Tstd:31.0,Bpos:6663.8,Bstd:15996.8,StrandBias:10.0,Multiplicity:1.00
0.021	0.488	0.490	0.001
0.319	0.169	0.001	0.511
0.001	0.001	0.819	0.179
0.170	0.490	0.021	0.320
0.510	0.001	0.160	0.329
0.182	0.478	0.001	0.339
0.160	0.001	0.509	0.330
0.490	0.170	0.001	0.339
0.318	0.001	0.680	0.001
0.010	0.488	0.159	0.342
>AATSTAATRN	23-AATSTAATRN	6.454121	-0.000000	0	T:416.0(6.61%),B:19757.5(9.30%),P:1e0	Tpos:85.8,Tstd:38.8,Bpos:8907.5,Bstd:15715.7,StrandBias:1.6,Multiplicity:1.00
0.713	0.143	0.143	0.001
0.856	0.142	0.001	0.001
0.143	0.001	0.285	0.571
0.001	0.570	0.428	0.001
0.285	0.001	0.143	0.571
0.571	0.001	0.143	0.285
0.713	0.001	0.285	0.001
0.001	0.142	0.001	0.856
0.428	0.001	0.428	0.143
0.286	0.143	0.286	0.286
>VWATYTACGB	24-VWATYTACGB	5.854397	-0.000000	0	T:484.0(7.69%),B:22747.7(10.70%),P:1e0	Tpos:91.0,Tstd:29.1,Bpos:5556.1,Bstd:11194.4,StrandBias:1.6,Multiplicity:1.00
0.284	0.285	0.430	0.001
0.431	0.001	0.001	0.567
0.568	0.001	0.285	0.146
0.283	0.164	0.001	0.552
0.137	0.412	0.001	0.450
0.001	0.145	0.001	0.853
0.716	0.137	0.009	0.138
0.146	0.844	0.001	0.009
0.164	0.001	0.558	0.277
0.009	0.302	0.275	0.414
>CGCAGGCGCA	25-CGCAGGCGCA	-5.271088	0.000000	0	T:6292.0(100.00%),B:212541.2(100.00%),P:1e0	Tpos:95.6,Tstd:58.1,Bpos:10080.7,Bstd:60322.9,StrandBias:-0.0,Multiplicity:1.38
0.100	0.700	0.100	0.100
0.100	0.100	0.700	0.100
0.100	0.700	0.100	0.100
0.700	0.100	0.100	0.100
0.100	0.100	0.700	0.100
0.100	0.100	0.700	0.100
0.100	0.700	0.100	0.100
0.100	0.100	0.700	0.100
0.100	0.700	0.100	0.100
0.700	0.100	0.100	0.100
