>BYTGTGGTTWSN	1-BYTGTGGTTWSN	7.007441	-4231.763814	0	T:3684.0(58.55%),B:21485.9(10.11%),P:1e-1837	Tpos:96.5,Tstd:36.8,Bpos:8853.6,Bstd:53954.0,StrandBias:0.1,Multiplicity:1.24
0.161	0.248	0.263	0.329
0.095	0.362	0.128	0.415
0.029	0.037	0.060	0.874
0.007	0.006	0.984	0.003
0.041	0.276	0.016	0.667
0.001	0.006	0.988	0.005
0.001	0.003	0.988	0.008
0.003	0.104	0.058	0.835
0.084	0.303	0.102	0.511
0.383	0.058	0.194	0.366
0.184	0.257	0.358	0.201
0.235	0.279	0.293	0.193
>NNYTGTGGTTDN	2-NNYTGTGGTTDN	4.663471	-2482.659053	0	T:5979.0(95.03%),B:117813.0(55.43%),P:1e-1078	Tpos:94.8,Tstd:49.8,Bpos:7747.8,Bstd:54113.3,StrandBias:0.1,Multiplicity:1.54
0.189	0.212	0.334	0.265
0.189	0.235	0.307	0.269
0.154	0.374	0.117	0.355
0.177	0.030	0.062	0.731
0.001	0.001	0.997	0.001
0.126	0.235	0.028	0.611
0.001	0.001	0.997	0.001
0.001	0.001	0.997	0.001
0.001	0.217	0.198	0.584
0.141	0.195	0.184	0.480
0.281	0.090	0.267	0.362
0.228	0.224	0.309	0.238
>RASAGGAAGTGG	3-RASAGGAAGTGG	5.979454	-1300.324912	0	T:4171.0(66.29%),B:72800.3(34.25%),P:1e-564	Tpos:95.8,Tstd:47.7,Bpos:6800.2,Bstd:46066.7,StrandBias:-0.0,Multiplicity:1.59
0.382	0.132	0.306	0.181
0.463	0.045	0.278	0.214
0.232	0.306	0.417	0.044
0.625	0.131	0.233	0.011
0.049	0.001	0.949	0.001
0.001	0.001	0.997	0.001
0.997	0.001	0.001	0.001
0.880	0.001	0.001	0.118
0.185	0.108	0.706	0.001
0.067	0.263	0.072	0.598
0.185	0.128	0.469	0.218
0.263	0.162	0.458	0.118
>AGAGGATGTGGT	4-AGAGGATGTGGT	2.865167	-685.411700	0	T:4799.0(76.27%),B:113598.1(53.45%),P:1e-297	Tpos:94.8,Tstd:53.2,Bpos:6383.6,Bstd:39983.6,StrandBias:0.1,Multiplicity:1.45
0.899	0.018	0.042	0.041
0.118	0.062	0.714	0.106
0.860	0.025	0.044	0.071
0.105	0.001	0.777	0.117
0.085	0.105	0.777	0.033
0.700	0.140	0.070	0.090
0.040	0.057	0.053	0.850
0.010	0.037	0.912	0.041
0.055	0.048	0.044	0.853
0.015	0.013	0.962	0.010
0.070	0.016	0.908	0.006
0.005	0.077	0.121	0.797
>ACTTCTGCTTTT	5-ACTTCTGCTTTT	10.424853	-67.580613	0	T:168.0(2.67%),B:1999.9(0.94%),P:1e-29	Tpos:92.2,Tstd:47.4,Bpos:6077.4,Bstd:15501.4,StrandBias:-0.6,Multiplicity:1.01
0.834	0.036	0.057	0.073
0.010	0.778	0.207	0.005
0.198	0.001	0.001	0.800
0.001	0.010	0.023	0.966
0.015	0.983	0.001	0.001
0.001	0.001	0.001	0.997
0.018	0.240	0.663	0.079
0.001	0.743	0.035	0.221
0.211	0.001	0.001	0.787
0.128	0.204	0.001	0.667
0.091	0.239	0.056	0.614
0.113	0.294	0.014	0.579
>CTGTGGTCAGGG	6-CTGTGGTCAGGG	10.146825	-53.123630	0	T:112.0(1.78%),B:1200.4(0.56%),P:1e-23	Tpos:104.8,Tstd:53.1,Bpos:3065.2,Bstd:8947.4,StrandBias:-1.8,Multiplicity:1.00
0.001	0.959	0.039	0.001
0.099	0.127	0.075	0.699
0.089	0.143	0.766	0.002
0.112	0.088	0.108	0.692
0.092	0.067	0.685	0.156
0.039	0.142	0.691	0.128
0.133	0.144	0.144	0.579
0.048	0.744	0.122	0.086
0.872	0.001	0.001	0.126
0.040	0.094	0.722	0.144
0.137	0.001	0.861	0.001
0.170	0.053	0.720	0.057
>AAAGGGAAGTGG	7-AAAGGGAAGTGG	9.613007	-49.755567	0	T:128.0(2.03%),B:1566.0(0.74%),P:1e-21	Tpos:111.6,Tstd:61.4,Bpos:3458.1,Bstd:9086.9,StrandBias:-0.6,Multiplicity:1.00
0.760	0.077	0.107	0.056
0.724	0.110	0.109	0.057
0.807	0.038	0.060	0.095
0.048	0.025	0.819	0.108
0.134	0.054	0.715	0.097
0.117	0.086	0.745	0.052
0.740	0.115	0.101	0.044
0.761	0.055	0.124	0.060
0.072	0.120	0.738	0.070
0.119	0.055	0.128	0.698
0.107	0.043	0.755	0.095
0.099	0.079	0.738	0.084
>TTCCTCTTTCCT	8-TTCCTCTTTCCT	11.561321	-32.096830	0	T:131.0(2.08%),B:2060.5(0.97%),P:1e-13	Tpos:99.8,Tstd:54.0,Bpos:4572.1,Bstd:9804.7,StrandBias:-1.3,Multiplicity:1.00
0.001	0.001	0.001	0.997
0.001	0.001	0.001	0.997
0.001	0.981	0.001	0.017
0.001	0.997	0.001	0.001
0.001	0.222	0.001	0.776
0.001	0.533	0.200	0.266
0.091	0.367	0.001	0.541
0.001	0.309	0.001	0.689
0.001	0.367	0.091	0.541
0.001	0.606	0.054	0.339
0.001	0.587	0.001	0.411
0.001	0.420	0.001	0.578
>ATGGAATGGAAT	9-ATGGAATGGAAT	14.312198	-21.575906	0	T:12.0(0.19%),B:26.3(0.01%),P:1e-9	Tpos:77.2,Tstd:47.5,Bpos:16405.9,Bstd:8905.5,StrandBias:5.9,Multiplicity:2.36
0.997	0.001	0.001	0.001
0.001	0.001	0.001	0.997
0.001	0.109	0.889	0.001
0.001	0.001	0.997	0.001
0.997	0.001	0.001	0.001
0.997	0.001	0.001	0.001
0.001	0.001	0.001	0.997
0.001	0.072	0.926	0.001
0.001	0.001	0.997	0.001
0.997	0.001	0.001	0.001
0.997	0.001	0.001	0.001
0.001	0.001	0.001	0.997
>TCACTTCCTCTT	10-TCACTTCCTCTT	10.970166	-20.590034	0	T:26.0(0.41%),B:191.3(0.09%),P:1e-8	Tpos:103.3,Tstd:65.8,Bpos:4639.4,Bstd:12246.3,StrandBias:10.0,Multiplicity:1.00
0.104	0.164	0.046	0.686
0.006	0.804	0.087	0.103
0.763	0.174	0.001	0.062
0.032	0.805	0.058	0.105
0.177	0.133	0.009	0.681
0.056	0.259	0.157	0.528
0.010	0.684	0.115	0.191
0.074	0.576	0.001	0.349
0.267	0.090	0.116	0.527
0.055	0.884	0.054	0.007
0.133	0.112	0.031	0.724
0.015	0.115	0.150	0.720
>VAGAGGATGTGN	11-VAGAGGATGTGN	8.233355	-19.812210	0	T:74.0(1.18%),B:1138.7(0.54%),P:1e-8	Tpos:5.0,Tstd:0.0,Bpos:1194.5,Bstd:1978.0,StrandBias:-10.0,Multiplicity:1.00
0.233	0.253	0.349	0.165
0.643	0.094	0.133	0.130
0.135	0.127	0.660	0.078
0.647	0.099	0.141	0.113
0.134	0.085	0.669	0.112
0.138	0.144	0.620	0.098
0.594	0.160	0.137	0.109
0.142	0.102	0.157	0.599
0.108	0.132	0.637	0.123
0.138	0.096	0.148	0.618
0.110	0.106	0.665	0.119
0.242	0.225	0.299	0.234
>ACTMCAANTCCC	12-ACTMCAANTCCC	11.026115	-15.270768	0	T:70.0(1.11%),B:1189.1(0.56%),P:1e-6	Tpos:104.6,Tstd:49.5,Bpos:699.2,Bstd:4025.0,StrandBias:-0.1,Multiplicity:1.08
0.899	0.017	0.001	0.083
0.128	0.824	0.047	0.001
0.001	0.001	0.001	0.997
0.450	0.314	0.001	0.235
0.001	0.808	0.001	0.190
0.695	0.072	0.222	0.011
0.449	0.220	0.128	0.204
0.188	0.284	0.210	0.318
0.088	0.103	0.162	0.647
0.015	0.619	0.023	0.343
0.001	0.997	0.001	0.001
0.001	0.997	0.001	0.001
>GAGGAAGGAAGD	13-GAGGAAGGAAGD	10.121017	-14.424934	0	T:72.0(1.14%),B:1267.2(0.60%),P:1e-6	Tpos:102.0,Tstd:33.0,Bpos:3276.8,Bstd:13710.1,StrandBias:0.0,Multiplicity:1.00
0.133	0.126	0.712	0.029
0.628	0.065	0.209	0.098
0.168	0.008	0.737	0.087
0.099	0.073	0.786	0.042
0.638	0.173	0.148	0.041
0.743	0.040	0.150	0.067
0.151	0.015	0.768	0.066
0.185	0.045	0.733	0.037
0.620	0.167	0.190	0.023
0.652	0.044	0.151	0.153
0.117	0.149	0.627	0.107
0.235	0.120	0.276	0.369
>KGTGRCMWSAGN	14-KGTGRCMWSAGN	8.616073	-12.684069	0	T:33.0(0.52%),B:435.8(0.21%),P:1e-5	Tpos:53.2,Tstd:52.7,Bpos:2391.0,Bstd:4605.8,StrandBias:2.0,Multiplicity:1.00
0.211	0.065	0.400	0.324
0.167	0.141	0.655	0.037
0.107	0.001	0.088	0.804
0.015	0.121	0.588	0.276
0.462	0.053	0.380	0.104
0.114	0.446	0.231	0.208
0.330	0.381	0.159	0.130
0.419	0.137	0.118	0.326
0.160	0.473	0.363	0.004
0.882	0.001	0.018	0.099
0.018	0.079	0.892	0.011
0.214	0.322	0.289	0.174
>TCGAATGGAATC	15-TCGAATGGAATC	13.120938	-11.411076	0	T:6.0(0.10%),B:13.9(0.01%),P:1e-4	Tpos:72.3,Tstd:44.2,Bpos:7142.0,Bstd:8188.9,StrandBias:2.6,Multiplicity:1.40
0.001	0.042	0.042	0.915
0.002	0.715	0.151	0.132
0.171	0.098	0.594	0.137
0.843	0.052	0.001	0.104
0.997	0.001	0.001	0.001
0.052	0.104	0.001	0.843
0.002	0.001	0.910	0.087
0.044	0.001	0.903	0.052
0.997	0.001	0.001	0.001
0.790	0.186	0.001	0.023
0.042	0.052	0.001	0.905
0.098	0.641	0.199	0.062
>CATTTCCTCTTT	16-CATTTCCTCTTT	11.342469	-7.508293	0	T:31.0(0.49%),B:532.7(0.25%),P:1e-3	Tpos:142.0,Tstd:0.0,Bpos:5222.9,Bstd:9615.5,StrandBias:-10.0,Multiplicity:1.00
0.014	0.933	0.048	0.005
0.707	0.185	0.001	0.107
0.036	0.001	0.157	0.806
0.021	0.179	0.111	0.689
0.077	0.125	0.112	0.686
0.085	0.607	0.121	0.187
0.096	0.766	0.001	0.137
0.052	0.115	0.005	0.828
0.099	0.695	0.099	0.107
0.166	0.090	0.001	0.743
0.044	0.106	0.126	0.724
0.001	0.108	0.114	0.777
>GAATGGAATGGA	17-GAATGGAATGGA	12.998554	-6.680346	0	T:9.0(0.14%),B:82.6(0.04%),P:1e-2	Tpos:116.5,Tstd:48.7,Bpos:15931.2,Bstd:16226.9,StrandBias:4.4,Multiplicity:2.38
0.029	0.029	0.941	0.001
0.997	0.001	0.001	0.001
0.923	0.001	0.058	0.018
0.043	0.029	0.024	0.904
0.029	0.001	0.884	0.086
0.001	0.058	0.912	0.029
0.997	0.001	0.001	0.001
0.912	0.001	0.029	0.058
0.115	0.029	0.001	0.855
0.001	0.029	0.941	0.029
0.023	0.029	0.947	0.001
0.947	0.023	0.001	0.029
>GGGKGKSTGTGG	18-GGGKGKSTGTGG	10.694050	-5.095496	0	T:9.0(0.14%),B:106.9(0.05%),P:1e-2	Tpos:77.0,Tstd:56.3,Bpos:894.8,Bstd:1179.9,StrandBias:-1.0,Multiplicity:1.00
0.079	0.058	0.550	0.313
0.001	0.029	0.592	0.378
0.242	0.218	0.511	0.029
0.001	0.001	0.472	0.526
0.001	0.151	0.730	0.118
0.195	0.019	0.371	0.414
0.078	0.312	0.384	0.226
0.301	0.001	0.043	0.655
0.001	0.001	0.997	0.001
0.172	0.169	0.026	0.633
0.020	0.005	0.733	0.242
0.060	0.085	0.854	0.001
>GAAAGGAAGTGG	19-GAAAGGAAGTGG	10.753169	-4.964880	0	T:14.0(0.22%),B:215.1(0.10%),P:1e-2	Tpos:5.0,Tstd:0.0,Bpos:4594.2,Bstd:9926.9,StrandBias:-10.0,Multiplicity:1.00
0.109	0.105	0.767	0.019
0.661	0.091	0.239	0.009
0.681	0.122	0.184	0.013
0.666	0.003	0.197	0.134
0.146	0.029	0.713	0.112
0.191	0.101	0.678	0.030
0.529	0.225	0.244	0.002
0.654	0.038	0.220	0.088
0.140	0.074	0.700	0.086
0.214	0.059	0.222	0.505
0.130	0.007	0.757	0.106
0.180	0.081	0.637	0.102
>CCACTTCMRCCC	20-CCACTTCMRCCC	12.071270	-4.964880	0	T:14.0(0.22%),B:215.8(0.10%),P:1e-2	Tpos:133.2,Tstd:55.7,Bpos:2864.5,Bstd:9509.2,StrandBias:0.0,Multiplicity:1.00
0.114	0.731	0.001	0.154
0.001	0.735	0.103	0.161
0.731	0.035	0.107	0.127
0.025	0.709	0.171	0.095
0.141	0.001	0.001	0.857
0.078	0.163	0.153	0.606
0.001	0.997	0.001	0.001
0.337	0.445	0.001	0.217
0.509	0.001	0.489	0.001
0.168	0.685	0.001	0.146
0.001	0.997	0.001	0.001
0.001	0.997	0.001	0.001
>GGRGDGRGGAAG	21-GGRGDGRGGAAG	9.522499	-0.552559	0	T:35.0(0.56%),B:1209.1(0.57%),P:1e0	Tpos:111.0,Tstd:13.9,Bpos:2513.6,Bstd:5798.2,StrandBias:-1.0,Multiplicity:1.00
0.215	0.060	0.606	0.119
0.251	0.169	0.527	0.053
0.484	0.001	0.354	0.161
0.192	0.075	0.574	0.159
0.343	0.004	0.343	0.310
0.178	0.031	0.710	0.081
0.425	0.002	0.545	0.028
0.205	0.001	0.756	0.038
0.195	0.090	0.676	0.039
0.539	0.115	0.307	0.039
0.610	0.011	0.328	0.051
0.304	0.079	0.584	0.033
>TYCYCCCCCCYC	22-TYCYCCCCCCYC	9.552369	-0.011469	0	T:5.0(0.08%),B:388.9(0.18%),P:1e0	Tpos:94.5,Tstd:24.5,Bpos:1165.5,Bstd:3070.1,StrandBias:0.0,Multiplicity:1.00
0.015	0.357	0.050	0.578
0.001	0.564	0.008	0.427
0.008	0.665	0.001	0.326
0.079	0.500	0.001	0.420
0.001	0.702	0.001	0.296
0.001	0.600	0.001	0.398
0.135	0.510	0.021	0.334
0.060	0.602	0.020	0.318
0.115	0.546	0.001	0.338
0.109	0.586	0.001	0.304
0.125	0.501	0.001	0.373
0.151	0.563	0.001	0.285
>YYYYCCCCYCCC	23-YYYYCCCCYCCC	10.397217	-0.007403	0	T:17.0(0.27%),B:973.8(0.46%),P:1e0	Tpos:101.7,Tstd:49.6,Bpos:1513.8,Bstd:8333.8,StrandBias:-1.3,Multiplicity:1.00
0.008	0.528	0.031	0.433
0.001	0.525	0.001	0.473
0.001	0.506	0.001	0.492
0.001	0.563	0.001	0.435
0.001	0.665	0.001	0.333
0.001	0.759	0.001	0.239
0.001	0.627	0.001	0.371
0.001	0.583	0.001	0.415
0.001	0.492	0.001	0.506
0.001	0.579	0.001	0.419
0.001	0.733	0.001	0.265
0.001	0.642	0.001	0.356
>YCYCYYCCYYHH	24-YCYCYYCCYYHH	7.303647	-0.001227	0	T:4.0(0.06%),B:436.6(0.21%),P:1e0	Tpos:168.5,Tstd:10.5,Bpos:867.7,Bstd:2577.7,StrandBias:0.0,Multiplicity:1.00
0.033	0.497	0.035	0.435
0.042	0.607	0.022	0.329
0.221	0.423	0.022	0.334
0.070	0.580	0.023	0.327
0.149	0.473	0.023	0.355
0.205	0.446	0.032	0.317
0.234	0.512	0.026	0.228
0.147	0.522	0.031	0.300
0.212	0.441	0.022	0.325
0.242	0.416	0.023	0.320
0.229	0.375	0.135	0.261
0.254	0.401	0.039	0.306
>RRRRRRRGRGRR	25-RRRRRRRGRGRR	7.989025	-0.000341	0	T:35.0(0.56%),B:1989.4(0.94%),P:1e0	Tpos:96.3,Tstd:38.0,Bpos:2958.7,Bstd:7923.4,StrandBias:1.8,Multiplicity:1.00
0.267	0.164	0.377	0.193
0.419	0.030	0.370	0.181
0.344	0.001	0.476	0.180
0.401	0.008	0.537	0.054
0.391	0.018	0.449	0.142
0.426	0.113	0.460	0.001
0.490	0.001	0.508	0.001
0.409	0.001	0.589	0.001
0.384	0.001	0.491	0.124
0.354	0.001	0.644	0.001
0.487	0.001	0.511	0.001
0.512	0.020	0.467	0.001
