>VSSDGCHGCNSC	8-VSSDGCHGCNSC,BestGuess:Tcf12(bHLH)/GM12878-Tcf12-ChIP-Seq(GSE32465)/Homer(0.723)	2.665098	-368.326055	0	T:21418.0(97.02%),B:178149.8(92.63%),P:1e-159
0.205	0.323	0.329	0.143
0.181	0.295	0.421	0.102
0.164	0.467	0.369	0.001
0.346	0.149	0.305	0.200
0.001	0.285	0.713	0.001
0.001	0.793	0.205	0.001
0.284	0.251	0.137	0.328
0.001	0.281	0.635	0.083
0.089	0.494	0.330	0.086
0.172	0.297	0.260	0.271
0.001	0.387	0.426	0.186
0.118	0.453	0.247	0.182
