>TCTCTCTCTCTC	1-TCTCTCTCTCTC,BestGuess:PRDM1/MA0508.3/Jaspar(0.666)	2.560511	-1484.314388	0	T:21019.0(95.22%),B:159033.1(82.69%),P:1e-644
0.110	0.120	0.107	0.663
0.078	0.675	0.169	0.078
0.105	0.120	0.112	0.663
0.113	0.620	0.166	0.101
0.125	0.107	0.101	0.667
0.086	0.641	0.150	0.123
0.105	0.109	0.084	0.702
0.103	0.598	0.187	0.112
0.092	0.101	0.127	0.680
0.075	0.655	0.161	0.109
0.115	0.124	0.121	0.640
0.096	0.670	0.117	0.117
