>GCMDGCCWGSHN	25-GCMDGCCWGSHN,BestGuess:TEAD2(TEA)/Py2T-Tead2-ChIP-Seq(GSE55709)/Homer(0.650)	-3.719246	0.000000	0	T:22075.0(100.00%),B:192333.4(100.00%),P:1e0
0.107	0.262	0.501	0.130
0.141	0.547	0.161	0.151
0.447	0.390	0.001	0.163
0.360	0.001	0.328	0.310
0.024	0.211	0.526	0.239
0.105	0.579	0.148	0.168
0.197	0.613	0.001	0.189
0.438	0.001	0.001	0.560
0.113	0.122	0.731	0.034
0.141	0.437	0.412	0.010
0.294	0.287	0.109	0.310
0.178	0.288	0.263	0.271
