>WBCMCRBVCCYS	17-WBCMCRBVCCYS,BestGuess:Zac1(Zf)/Neuro2A-Plagl1-ChIP-Seq(GSE75942)/Homer(0.653)	6.635640	-0.000000	0	T:2712.0(12.29%),B:30695.9(15.96%),P:1e0
0.403	0.001	0.184	0.412
0.132	0.339	0.201	0.328
0.076	0.518	0.271	0.135
0.458	0.470	0.071	0.001
0.190	0.672	0.135	0.003
0.270	0.050	0.416	0.264
0.002	0.280	0.388	0.330
0.198	0.320	0.343	0.139
0.001	0.724	0.205	0.070
0.001	0.926	0.002	0.071
0.200	0.414	0.001	0.385
0.001	0.383	0.408	0.208
