>NYYMYCWGVTGD	8-NYYMYCWGVTGD	3.859091	-473.034414	0	T:10267.0(90.27%),B:148993.5(79.32%),P:1e-205
0.237	0.284	0.254	0.225
0.105	0.364	0.104	0.428
0.001	0.506	0.114	0.379
0.410	0.475	0.001	0.114
0.113	0.431	0.001	0.455
0.129	0.524	0.170	0.177
0.499	0.001	0.001	0.499
0.001	0.144	0.709	0.146
0.290	0.336	0.373	0.001
0.174	0.001	0.081	0.744
0.092	0.222	0.581	0.105
0.318	0.071	0.299	0.312
