>YCYCCYCCCYCT	4-AGRGGGRGGRGR	3.276078	-808.712095	0	T:9953.0(87.51%),B:134152.0(71.42%),P:1e-351
0.038	0.526	0.001	0.435
0.054	0.711	0.001	0.234
0.139	0.448	0.001	0.412
0.035	0.731	0.051	0.183
0.034	0.610	0.001	0.355
0.001	0.573	0.001	0.425
0.090	0.614	0.001	0.295
0.124	0.527	0.001	0.348
0.001	0.661	0.001	0.337
0.165	0.453	0.020	0.362
0.001	0.800	0.023	0.176
0.192	0.306	0.001	0.501
