>TGTGTGTGTGTA	6-TACACACACACA	2.924926	-559.026498	0	T:10395.0(91.39%),B:149713.2(79.70%),P:1e-242
0.175	0.139	0.196	0.490
0.119	0.087	0.669	0.125
0.113	0.128	0.157	0.602
0.135	0.145	0.594	0.126
0.150	0.139	0.170	0.541
0.127	0.165	0.554	0.154
0.129	0.133	0.165	0.573
0.113	0.157	0.590	0.140
0.117	0.118	0.162	0.603
0.075	0.133	0.664	0.128
0.106	0.134	0.130	0.630
0.492	0.199	0.149	0.159
