>GTGTGTGTGTGT	12-GTGTGTGTGTGT	3.114974	-369.316642	0	T:7159.0(62.94%),B:93861.4(49.97%),P:1e-160
0.067	0.212	0.651	0.070
0.212	0.114	0.051	0.623
0.030	0.015	0.950	0.005
0.176	0.034	0.022	0.768
0.015	0.072	0.912	0.001
0.214	0.050	0.054	0.682
0.032	0.034	0.921	0.013
0.223	0.139	0.116	0.522
0.012	0.044	0.921	0.023
0.279	0.039	0.020	0.662
0.001	0.034	0.910	0.055
0.314	0.085	0.024	0.577
