>SSGGCCVCSCGS	17-SSGGCCVCSCGS	7.752414	-0.000000	0	T:86.0(0.76%),B:2780.1(1.48%),P:1e0
0.161	0.314	0.338	0.187
0.217	0.228	0.368	0.187
0.001	0.202	0.669	0.128
0.001	0.193	0.678	0.128
0.001	0.548	0.219	0.232
0.098	0.492	0.314	0.097
0.273	0.411	0.314	0.001
0.096	0.586	0.317	0.001
0.001	0.433	0.565	0.001
0.160	0.524	0.001	0.315
0.161	0.243	0.467	0.129
0.001	0.475	0.442	0.082
