>NTGHHACYHYYT	5-ARRDRGTDDCAN	3.495883	-763.341720	0	T:10532.0(92.60%),B:148366.8(78.99%),P:1e-331
0.231	0.296	0.236	0.238
0.141	0.059	0.114	0.686
0.166	0.092	0.654	0.088
0.295	0.312	0.061	0.332
0.314	0.346	0.040	0.299
0.641	0.105	0.132	0.122
0.112	0.650	0.121	0.117
0.042	0.453	0.039	0.466
0.306	0.326	0.032	0.336
0.045	0.477	0.078	0.400
0.051	0.455	0.055	0.439
0.117	0.124	0.116	0.643
