>HACACACACACN	11-HACACACACACN	3.169640	-414.313626	0	T:9119.0(80.17%),B:127411.1(67.83%),P:1e-179
0.274	0.341	0.110	0.275
0.659	0.123	0.102	0.116
0.105	0.658	0.131	0.106
0.690	0.114	0.081	0.115
0.095	0.717	0.091	0.097
0.738	0.100	0.103	0.059
0.121	0.669	0.121	0.089
0.733	0.106	0.101	0.060
0.071	0.749	0.113	0.067
0.671	0.109	0.096	0.124
0.123	0.642	0.138	0.097
0.197	0.253	0.278	0.272
