>CACTTCCTBTTT	13-CACTTCCTBTTT	9.105176	-66.450460	0	T:173.0(2.75%),B:2113.2(1.00%),P:1e-28
0.175	0.405	0.191	0.228
0.549	0.104	0.235	0.112
0.007	0.625	0.206	0.162
0.101	0.028	0.001	0.870
0.001	0.024	0.051	0.924
0.027	0.933	0.007	0.033
0.045	0.861	0.001	0.093
0.061	0.194	0.168	0.577
0.080	0.391	0.284	0.245
0.148	0.311	0.069	0.472
0.070	0.304	0.061	0.565
0.154	0.195	0.133	0.518
