>AVAGGAAGTGGT	7-AVAGGAAGTGGT,BestGuess:PU.1(ETS)/ThioMac-PU.1-ChIP-Seq(GSE21512)/Homer(0.946)	10.930382	-107.149915	0	T:89.0(1.41%),B:354.6(0.17%),P:1e-46
0.488	0.051	0.225	0.236
0.324	0.244	0.344	0.087
0.663	0.093	0.224	0.020
0.033	0.001	0.940	0.026
0.022	0.001	0.976	0.001
0.931	0.056	0.012	0.001
0.808	0.001	0.006	0.185
0.127	0.001	0.871	0.001
0.072	0.099	0.064	0.765
0.058	0.124	0.631	0.187
0.214	0.191	0.537	0.058
0.122	0.210	0.225	0.442
