>ACCACTTCCTBT	7-AVAGGAAGTGGT	10.930382	-107.149915	0	T:89.0(1.41%),B:354.6(0.17%),P:1e-46
0.442	0.225	0.210	0.122
0.058	0.537	0.191	0.214
0.187	0.631	0.124	0.058
0.765	0.064	0.099	0.072
0.001	0.871	0.001	0.127
0.185	0.006	0.001	0.808
0.001	0.012	0.056	0.931
0.001	0.976	0.001	0.022
0.026	0.940	0.001	0.033
0.020	0.224	0.093	0.663
0.087	0.344	0.244	0.324
0.236	0.225	0.051	0.488
