>SAGGAAGTGVBN	12-SAGGAAGTGVBN	9.722102	-77.846894	0	T:67.0(1.06%),B:284.1(0.13%),P:1e-33
0.186	0.352	0.420	0.042
0.602	0.233	0.164	0.001
0.057	0.001	0.941	0.001
0.057	0.001	0.941	0.001
0.894	0.104	0.001	0.001
0.861	0.001	0.015	0.123
0.207	0.100	0.692	0.001
0.096	0.232	0.042	0.630
0.001	0.201	0.521	0.277
0.228	0.227	0.354	0.191
0.131	0.276	0.280	0.312
0.244	0.212	0.284	0.260
