>CTGTGGCTTCCK	18-CTGTGGCTTCCK	9.977350	-28.230061	0	T:29.0(0.46%),B:165.9(0.08%),P:1e-12
0.141	0.444	0.184	0.230
0.229	0.096	0.167	0.508
0.001	0.303	0.695	0.001
0.131	0.227	0.129	0.513
0.001	0.001	0.808	0.190
0.222	0.001	0.761	0.016
0.001	0.528	0.097	0.374
0.001	0.266	0.001	0.732
0.001	0.001	0.292	0.706
0.001	0.841	0.102	0.056
0.204	0.550	0.001	0.245
0.100	0.133	0.371	0.397
