>GGGGAAGT	1-GGGGAAGT	4.358693	-2118.379286	0	T:17029.0(77.14%),B:106651.5(55.03%),P:1e-919	Tpos:160.5,Tstd:135.7,Bpos:3307.4,Bstd:13397.4,StrandBias:0.0,Multiplicity:2.09
0.121	0.072	0.708	0.099
0.157	0.050	0.753	0.040
0.009	0.004	0.953	0.034
0.109	0.071	0.807	0.013
0.863	0.020	0.084	0.033
0.681	0.150	0.047	0.122
0.205	0.054	0.451	0.290
0.001	0.159	0.055	0.785
>TTCCCCCA	2-TTCCCCCA	3.961478	-1858.968072	0	T:18709.0(84.75%),B:127300.2(65.68%),P:1e-807	Tpos:158.5,Tstd:138.8,Bpos:2817.0,Bstd:10784.0,StrandBias:-0.0,Multiplicity:1.84
0.057	0.111	0.020	0.812
0.051	0.145	0.030	0.774
0.005	0.782	0.005	0.208
0.087	0.891	0.003	0.019
0.019	0.906	0.003	0.072
0.149	0.744	0.001	0.106
0.199	0.556	0.074	0.171
0.535	0.183	0.110	0.172
>CCCCTTCC	3-CCCCTTCC	3.006308	-1788.927034	0	T:18680.0(84.62%),B:127782.5(65.93%),P:1e-776	Tpos:160.5,Tstd:140.9,Bpos:2757.5,Bstd:12710.0,StrandBias:-0.0,Multiplicity:1.92
0.016	0.792	0.012	0.180
0.011	0.963	0.001	0.025
0.093	0.865	0.011	0.031
0.024	0.849	0.001	0.126
0.026	0.043	0.001	0.930
0.004	0.124	0.001	0.871
0.001	0.952	0.009	0.038
0.013	0.973	0.001	0.013
>TGAAAHAH	4-TGAAAHAH	-2.536034	-1500.397560	0	T:20589.0(93.27%),B:154124.9(79.52%),P:1e-651	Tpos:152.6,Tstd:133.2,Bpos:5612.3,Bstd:15096.0,StrandBias:-0.0,Multiplicity:1.94
0.001	0.001	0.282	0.716
0.001	0.001	0.997	0.001
0.997	0.001	0.001	0.001
0.966	0.032	0.001	0.001
0.997	0.001	0.001	0.001
0.375	0.265	0.001	0.359
0.767	0.001	0.001	0.231
0.334	0.296	0.109	0.261
>GDRGGGGG	5-GDRGGGGG	3.797070	-1495.024082	0	T:20787.0(94.17%),B:156871.2(80.94%),P:1e-649	Tpos:156.0,Tstd:139.5,Bpos:2741.5,Bstd:10301.7,StrandBias:0.0,Multiplicity:1.70
0.294	0.034	0.581	0.091
0.331	0.001	0.340	0.329
0.468	0.001	0.466	0.065
0.001	0.001	0.692	0.306
0.131	0.001	0.726	0.142
0.236	0.001	0.664	0.099
0.101	0.001	0.607	0.291
0.202	0.001	0.686	0.111
>ATGAGTCA	6-ATGAGTCA	6.107032	-1350.136591	0	T:3073.0(13.92%),B:8398.9(4.33%),P:1e-586	Tpos:150.3,Tstd:121.3,Bpos:3132.9,Bstd:8429.3,StrandBias:0.0,Multiplicity:1.19
0.584	0.210	0.176	0.030
0.001	0.001	0.001	0.997
0.001	0.001	0.980	0.018
0.978	0.006	0.001	0.015
0.028	0.262	0.682	0.028
0.001	0.001	0.001	0.997
0.012	0.986	0.001	0.001
0.997	0.001	0.001	0.001
>CACGTGAC	7-CACGTGAC	3.829741	-1169.647829	0	T:15710.0(71.17%),B:105573.5(54.47%),P:1e-507	Tpos:151.5,Tstd:131.3,Bpos:2865.1,Bstd:10714.3,StrandBias:0.0,Multiplicity:1.85
0.008	0.884	0.074	0.034
0.875	0.020	0.058	0.047
0.064	0.605	0.069	0.262
0.230	0.008	0.757	0.005
0.022	0.030	0.018	0.930
0.023	0.111	0.847	0.019
0.542	0.096	0.189	0.173
0.056	0.562	0.201	0.181
>AAGGCAGR	8-AAGGCAGR	3.359547	-1151.188269	0	T:20296.0(91.94%),B:154507.0(79.72%),P:1e-499	Tpos:149.8,Tstd:132.3,Bpos:4392.2,Bstd:14765.2,StrandBias:-0.0,Multiplicity:1.85
0.616	0.091	0.033	0.260
0.682	0.001	0.057	0.260
0.310	0.001	0.528	0.161
0.231	0.196	0.572	0.001
0.001	0.997	0.001	0.001
0.652	0.001	0.001	0.346
0.156	0.086	0.503	0.255
0.341	0.001	0.441	0.218
>RTGWCACM	9-RTGWCACM	-0.250525	-1098.363465	0	T:19532.0(88.48%),B:146075.4(75.37%),P:1e-477	Tpos:151.1,Tstd:133.9,Bpos:4215.4,Bstd:14715.4,StrandBias:0.0,Multiplicity:1.77
0.445	0.001	0.553	0.001
0.143	0.001	0.002	0.854
0.001	0.342	0.656	0.001
0.485	0.001	0.001	0.513
0.001	0.997	0.001	0.001
0.997	0.001	0.001	0.001
0.001	0.997	0.001	0.001
0.449	0.484	0.001	0.066
>WGKGDTCA	10-WGKGDTCA	3.155518	-1095.179033	0	T:21557.0(97.65%),B:172707.4(89.11%),P:1e-475	Tpos:153.2,Tstd:136.1,Bpos:4565.6,Bstd:15933.4,StrandBias:0.0,Multiplicity:1.71
0.434	0.001	0.001	0.564
0.001	0.001	0.997	0.001
0.236	0.001	0.331	0.432
0.001	0.001	0.997	0.001
0.333	0.001	0.345	0.320
0.207	0.001	0.268	0.524
0.157	0.555	0.053	0.235
0.525	0.073	0.151	0.251
>WDWHWGDG	11-WDWHWGDG	3.177620	-1089.919784	0	T:20872.0(94.55%),B:162713.4(83.95%),P:1e-473	Tpos:153.5,Tstd:135.8,Bpos:4144.8,Bstd:14657.7,StrandBias:-0.0,Multiplicity:1.74
0.465	0.033	0.181	0.321
0.268	0.059	0.329	0.344
0.262	0.167	0.203	0.368
0.402	0.309	0.001	0.287
0.400	0.012	0.046	0.542
0.168	0.060	0.643	0.129
0.244	0.001	0.381	0.374
0.101	0.108	0.688	0.103
>GTWAAGTC	12-GTWAAGTC	-5.950629	-1049.640469	0	T:21364.0(96.78%),B:170174.5(87.80%),P:1e-455	Tpos:151.0,Tstd:131.8,Bpos:4826.1,Bstd:14498.2,StrandBias:-0.0,Multiplicity:1.89
0.001	0.001	0.683	0.315
0.001	0.001	0.001	0.997
0.472	0.001	0.001	0.526
0.997	0.001	0.001	0.001
0.630	0.001	0.001	0.368
0.367	0.001	0.631	0.001
0.370	0.001	0.001	0.628
0.390	0.608	0.001	0.001
>YCWBWGTG	13-YCWBWGTG	3.714742	-1045.956682	0	T:19490.0(88.29%),B:146313.5(75.49%),P:1e-454	Tpos:153.7,Tstd:133.5,Bpos:3993.4,Bstd:15018.9,StrandBias:-0.0,Multiplicity:1.70
0.196	0.458	0.011	0.335
0.273	0.554	0.018	0.155
0.401	0.216	0.027	0.356
0.058	0.347	0.252	0.343
0.397	0.068	0.002	0.533
0.041	0.122	0.645	0.192
0.181	0.045	0.273	0.501
0.011	0.120	0.820	0.049
>RRGGRGGG	14-RRGGRGGG	3.269082	-986.568590	0	T:21482.0(97.31%),B:172694.8(89.10%),P:1e-428	Tpos:153.0,Tstd:139.5,Bpos:3225.2,Bstd:12349.9,StrandBias:0.0,Multiplicity:1.63
0.429	0.098	0.301	0.172
0.344	0.001	0.404	0.251
0.134	0.001	0.548	0.317
0.357	0.001	0.515	0.127
0.399	0.001	0.443	0.157
0.218	0.001	0.599	0.182
0.199	0.026	0.598	0.177
0.232	0.113	0.638	0.017
>GTGTGTGT	15-GTGTGTGT	2.388743	-755.833268	0	T:14241.0(64.51%),B:98583.9(50.87%),P:1e-328	Tpos:153.9,Tstd:130.9,Bpos:2532.8,Bstd:9907.6,StrandBias:0.0,Multiplicity:2.05
0.045	0.001	0.953	0.001
0.023	0.040	0.047	0.890
0.016	0.001	0.982	0.001
0.001	0.027	0.077	0.895
0.016	0.001	0.982	0.001
0.022	0.030	0.070	0.878
0.016	0.001	0.982	0.001
0.040	0.047	0.058	0.855
>AVTTGGAC	16-AVTTGGAC	0.478303	-728.874921	0	T:21300.0(96.49%),B:173051.4(89.29%),P:1e-316	Tpos:153.1,Tstd:136.5,Bpos:2632.9,Bstd:10662.8,StrandBias:0.0,Multiplicity:1.68
0.587	0.001	0.001	0.411
0.248	0.387	0.364	0.001
0.001	0.027	0.001	0.971
0.326	0.001	0.001	0.672
0.232	0.001	0.766	0.001
0.144	0.001	0.854	0.001
0.414	0.255	0.075	0.257
0.224	0.537	0.085	0.154
>GSWTCCWA	17-GSWTCCWA	-4.039453	-463.813852	0	T:22053.0(99.90%),B:188744.7(97.39%),P:1e-201	Tpos:159.8,Tstd:138.3,Bpos:1826.2,Bstd:8747.7,StrandBias:-0.0,Multiplicity:2.00
0.001	0.001	0.997	0.001
0.001	0.335	0.482	0.182
0.492	0.001	0.011	0.496
0.001	0.001	0.174	0.824
0.001	0.579	0.396	0.024
0.001	0.997	0.001	0.001
0.492	0.001	0.001	0.506
0.643	0.001	0.003	0.353
>AWGAWSTT	18-AWGAWSTT	-8.397548	-363.379482	0	T:21902.0(99.22%),B:186607.4(96.28%),P:1e-157	Tpos:152.0,Tstd:133.2,Bpos:3609.4,Bstd:13365.9,StrandBias:0.0,Multiplicity:1.61
0.885	0.001	0.001	0.113
0.500	0.001	0.001	0.498
0.001	0.001	0.997	0.001
0.969	0.001	0.029	0.001
0.487	0.001	0.001	0.511
0.001	0.506	0.492	0.001
0.001	0.001	0.001	0.997
0.001	0.001	0.001	0.997
>CSCGGCGC	19-CSCGGCGC	0.277532	-79.231442	0	T:22056.0(99.91%),B:192591.1(99.37%),P:1e-34	Tpos:168.4,Tstd:142.8,Bpos:640.0,Bstd:3219.5,StrandBias:-0.0,Multiplicity:2.13
0.150	0.505	0.284	0.061
0.163	0.293	0.441	0.103
0.096	0.562	0.239	0.103
0.043	0.258	0.660	0.039
0.102	0.219	0.571	0.108
0.072	0.583	0.253	0.092
0.062	0.312	0.541	0.085
0.094	0.495	0.254	0.157
>TCTGCTGA	20-TCTGCTGA	0.453314	-0.539340	0	T:22075.0(100.00%),B:193806.2(100.00%),P:1e0	Tpos:162.2,Tstd:138.8,Bpos:1182.5,Bstd:6288.3,StrandBias:-0.0,Multiplicity:3.62
0.100	0.100	0.100	0.700
0.100	0.700	0.100	0.100
0.100	0.100	0.100	0.700
0.100	0.100	0.700	0.100
0.100	0.700	0.100	0.100
0.100	0.100	0.100	0.700
0.100	0.100	0.700	0.100
0.700	0.100	0.100	0.100
>GCAGGTGC	21-GCAGGTGC	0.000000	-0.107867	0	T:22075.0(100.00%),B:193810.3(100.00%),P:1e0
0.100	0.100	0.700	0.100
0.100	0.700	0.100	0.100
0.700	0.100	0.100	0.100
0.100	0.100	0.700	0.100
0.100	0.100	0.700	0.100
0.100	0.100	0.100	0.700
0.100	0.100	0.700	0.100
0.100	0.700	0.100	0.100
>NNNNNNNN	22-NNNNNNNN	-nan	0.000000	0	T:0.0(0.00%),B:0.0(0.00%),P:1e0	Tpos:0.0,Tstd:0.0,Bpos:0.0,Bstd:0.0,StrandBias:0.0,Multiplicity:1.00
-nan	-nan	-nan	-nan
-nan	-nan	-nan	-nan
-nan	-nan	-nan	-nan
-nan	-nan	-nan	-nan
-nan	-nan	-nan	-nan
-nan	-nan	-nan	-nan
-nan	-nan	-nan	-nan
-nan	-nan	-nan	-nan
>NNNNNNNN	23-NNNNNNNN	-nan	0.000000	0	T:0.0(0.00%),B:0.0(0.00%),P:1e0	Tpos:0.0,Tstd:0.0,Bpos:0.0,Bstd:0.0,StrandBias:0.0,Multiplicity:1.00
-nan	-nan	-nan	-nan
-nan	-nan	-nan	-nan
-nan	-nan	-nan	-nan
-nan	-nan	-nan	-nan
-nan	-nan	-nan	-nan
-nan	-nan	-nan	-nan
-nan	-nan	-nan	-nan
-nan	-nan	-nan	-nan
>GCCAATCS	24-GCCAATCS	-37.959082	0.000000	0	T:22075.0(100.00%),B:193811.0(100.00%),P:1e0	Tpos:148.7,Tstd:132.7,Bpos:3928.0,Bstd:13219.1,StrandBias:0.0,Multiplicity:1.38
0.001	0.001	0.997	0.001
0.001	0.997	0.001	0.001
0.001	0.624	0.374	0.001
0.997	0.001	0.001	0.001
0.749	0.001	0.001	0.249
0.001	0.001	0.001	0.997
0.001	0.997	0.001	0.001
0.001	0.499	0.499	0.001
>CTGTCTGG	25-CTGTCTGG	0.000000	0.000000	0	T:22075.0(100.00%),B:193811.0(100.00%),P:1e0
0.100	0.700	0.100	0.100
0.100	0.100	0.100	0.700
0.100	0.100	0.700	0.100
0.100	0.100	0.100	0.700
0.100	0.700	0.100	0.100
0.100	0.100	0.100	0.700
0.100	0.100	0.700	0.100
0.100	0.100	0.700	0.100
