>CACTTCCTCTYT	1-CACTTCCTCTYT	1.137595	-2068.282021	0	T:16439.0(74.47%),B:101365.3(52.30%),P:1e-898	Tpos:157.0,Tstd:133.5,Bpos:2613.7,Bstd:10334.9,StrandBias:-0.0,Multiplicity:2.09
0.043	0.645	0.083	0.229
0.770	0.029	0.200	0.001
0.001	0.911	0.045	0.043
0.001	0.001	0.001	0.997
0.001	0.001	0.001	0.997
0.001	0.997	0.001	0.001
0.001	0.997	0.001	0.001
0.001	0.224	0.026	0.749
0.001	0.831	0.100	0.068
0.087	0.204	0.001	0.708
0.061	0.443	0.077	0.420
0.170	0.249	0.083	0.499
>GGGAATTCCCCN	2-GGGAATTCCCCN	6.736863	-1697.908619	0	T:3514.0(15.92%),B:8995.9(4.64%),P:1e-737	Tpos:174.6,Tstd:133.6,Bpos:1926.7,Bstd:6610.6,StrandBias:-0.0,Multiplicity:1.10
0.100	0.063	0.645	0.192
0.026	0.008	0.905	0.061
0.322	0.043	0.535	0.100
0.494	0.143	0.270	0.094
0.477	0.143	0.094	0.287
0.268	0.111	0.135	0.486
0.083	0.288	0.150	0.480
0.111	0.537	0.048	0.304
0.067	0.918	0.008	0.007
0.221	0.691	0.026	0.062
0.211	0.390	0.163	0.237
0.248	0.254	0.217	0.282
>CTCTCTCTCTCT	3-CTCTCTCTCTCT	2.625881	-1562.406434	0	T:21623.0(97.95%),B:169076.0(87.24%),P:1e-678	Tpos:157.1,Tstd:137.2,Bpos:3633.7,Bstd:13367.5,StrandBias:-0.0,Multiplicity:1.79
0.100	0.700	0.100	0.100
0.100	0.100	0.100	0.700
0.100	0.700	0.100	0.100
0.100	0.100	0.100	0.700
0.100	0.700	0.100	0.100
0.100	0.100	0.100	0.700
0.100	0.700	0.100	0.100
0.100	0.100	0.100	0.700
0.100	0.700	0.100	0.100
0.100	0.100	0.100	0.700
0.100	0.700	0.100	0.100
0.100	0.100	0.100	0.700
>TCTCTGWCTSTC	4-TCTCTGWCTSTC	2.694717	-1546.254978	0	T:20303.0(91.97%),B:149860.1(77.32%),P:1e-671	Tpos:154.3,Tstd:135.0,Bpos:4239.4,Bstd:15135.3,StrandBias:-0.0,Multiplicity:1.80
0.265	0.084	0.008	0.643
0.025	0.749	0.191	0.035
0.284	0.064	0.018	0.634
0.023	0.600	0.357	0.020
0.232	0.032	0.016	0.720
0.016	0.389	0.566	0.029
0.390	0.128	0.080	0.401
0.029	0.893	0.041	0.037
0.260	0.036	0.017	0.687
0.012	0.464	0.375	0.149
0.201	0.211	0.015	0.573
0.027	0.525	0.209	0.239
>GGGRGGGGGGGG	5-GGGRGGGGGGGG	2.826523	-1525.436802	0	T:19236.0(87.14%),B:137192.9(70.79%),P:1e-662	Tpos:158.5,Tstd:142.2,Bpos:2683.4,Bstd:8947.4,StrandBias:0.0,Multiplicity:1.74
0.223	0.001	0.649	0.127
0.266	0.013	0.607	0.114
0.265	0.001	0.593	0.141
0.405	0.001	0.553	0.041
0.240	0.001	0.758	0.001
0.386	0.001	0.545	0.068
0.209	0.001	0.661	0.129
0.222	0.001	0.770	0.007
0.203	0.001	0.795	0.001
0.308	0.039	0.535	0.118
0.268	0.001	0.576	0.155
0.321	0.001	0.674	0.004
>VWGNTGABTCMW	6-VWGNTGABTCMW	1.863118	-1199.169155	0	T:20048.0(90.82%),B:150848.0(77.83%),P:1e-520	Tpos:149.4,Tstd:131.2,Bpos:4923.2,Bstd:15825.9,StrandBias:0.0,Multiplicity:1.86
0.261	0.381	0.311	0.047
0.472	0.001	0.046	0.480
0.064	0.054	0.819	0.063
0.318	0.255	0.238	0.189
0.107	0.001	0.063	0.829
0.021	0.036	0.936	0.007
0.546	0.036	0.026	0.392
0.004	0.359	0.286	0.352
0.075	0.054	0.070	0.801
0.082	0.740	0.085	0.093
0.495	0.501	0.001	0.003
0.432	0.001	0.007	0.560
>VTGATGATGMTW	7-VTGATGATGMTW	2.397686	-1163.077099	0	T:21217.0(96.11%),B:166705.0(86.01%),P:1e-505	Tpos:148.4,Tstd:130.2,Bpos:3668.1,Bstd:13010.0,StrandBias:0.0,Multiplicity:1.69
0.230	0.352	0.225	0.193
0.043	0.061	0.202	0.694
0.031	0.341	0.618	0.010
0.481	0.288	0.098	0.133
0.197	0.069	0.138	0.596
0.018	0.261	0.661	0.060
0.514	0.168	0.067	0.251
0.071	0.011	0.182	0.736
0.022	0.323	0.611	0.044
0.458	0.313	0.084	0.144
0.063	0.092	0.086	0.759
0.433	0.072	0.001	0.494
>CCACYWGGTGGC	8-CCACYWGGTGGC	4.387421	-1032.316176	0	T:15745.0(71.33%),B:107953.3(55.70%),P:1e-448	Tpos:156.3,Tstd:137.4,Bpos:2322.9,Bstd:10065.6,StrandBias:-0.0,Multiplicity:1.76
0.216	0.516	0.073	0.195
0.031	0.935	0.033	0.001
0.566	0.273	0.085	0.076
0.100	0.535	0.128	0.237
0.154	0.445	0.096	0.305
0.485	0.037	0.118	0.360
0.104	0.094	0.580	0.222
0.309	0.145	0.476	0.070
0.001	0.039	0.342	0.618
0.008	0.014	0.926	0.052
0.110	0.143	0.602	0.145
0.178	0.515	0.095	0.212
>NTNCACACACAB	9-NTNCACACACAB	3.898785	-948.761325	0	T:18635.0(84.42%),B:138274.5(71.34%),P:1e-412	Tpos:154.9,Tstd:136.1,Bpos:5018.9,Bstd:19431.6,StrandBias:-0.0,Multiplicity:1.68
0.259	0.282	0.219	0.240
0.130	0.001	0.246	0.623
0.323	0.220	0.254	0.203
0.132	0.647	0.134	0.087
0.547	0.203	0.073	0.177
0.086	0.707	0.155	0.052
0.638	0.179	0.051	0.132
0.087	0.685	0.162	0.066
0.569	0.187	0.101	0.143
0.087	0.682	0.155	0.076
0.576	0.162	0.114	0.148
0.124	0.346	0.313	0.217
>TGTGTGTGTGTG	10-TGTGTGTGTGTG	3.759537	-669.361058	0	T:13804.0(62.53%),B:96229.1(49.65%),P:1e-290	Tpos:152.2,Tstd:129.7,Bpos:2736.2,Bstd:9791.9,StrandBias:0.0,Multiplicity:1.93
0.099	0.109	0.092	0.700
0.098	0.076	0.769	0.057
0.080	0.102	0.081	0.737
0.089	0.063	0.798	0.050
0.088	0.093	0.100	0.719
0.089	0.066	0.798	0.047
0.077	0.097	0.108	0.718
0.096	0.056	0.798	0.050
0.083	0.091	0.111	0.715
0.086	0.072	0.787	0.055
0.103	0.089	0.109	0.699
0.088	0.079	0.763	0.070
>CTCCCACCCCCA	11-CTCCCACCCCCA	2.625881	-522.418945	0	T:22007.0(99.69%),B:186991.8(96.48%),P:1e-226	Tpos:178.3,Tstd:114.4,Bpos:873.1,Bstd:1487.7,StrandBias:0.0,Multiplicity:1.00
0.100	0.700	0.100	0.100
0.100	0.100	0.100	0.700
0.100	0.700	0.100	0.100
0.100	0.700	0.100	0.100
0.100	0.700	0.100	0.100
0.700	0.100	0.100	0.100
0.100	0.700	0.100	0.100
0.100	0.700	0.100	0.100
0.100	0.700	0.100	0.100
0.100	0.700	0.100	0.100
0.100	0.700	0.100	0.100
0.700	0.100	0.100	0.100
>CACACATATACA	12-CACACATATACA	0.000000	-203.425030	0	T:22058.0(99.92%),B:191378.7(98.74%),P:1e-88
0.100	0.700	0.100	0.100
0.700	0.100	0.100	0.100
0.100	0.700	0.100	0.100
0.700	0.100	0.100	0.100
0.100	0.700	0.100	0.100
0.700	0.100	0.100	0.100
0.100	0.100	0.100	0.700
0.700	0.100	0.100	0.100
0.100	0.100	0.100	0.700
0.700	0.100	0.100	0.100
0.100	0.700	0.100	0.100
0.700	0.100	0.100	0.100
>TATGTGTGTATG	13-TATGTGTGTATG	0.000000	-163.931210	0	T:22053.0(99.90%),B:191647.3(98.88%),P:1e-71
0.100	0.100	0.100	0.700
0.700	0.100	0.100	0.100
0.100	0.100	0.100	0.700
0.100	0.100	0.700	0.100
0.100	0.100	0.100	0.700
0.100	0.100	0.700	0.100
0.100	0.100	0.100	0.700
0.100	0.100	0.700	0.100
0.100	0.100	0.100	0.700
0.700	0.100	0.100	0.100
0.100	0.100	0.100	0.700
0.100	0.100	0.700	0.100
>AAGAGAGAGAGA	14-AAGAGAGAGAGA	0.000000	-125.142120	0	T:22073.0(99.99%),B:192571.1(99.36%),P:1e-54
0.700	0.100	0.100	0.100
0.700	0.100	0.100	0.100
0.100	0.100	0.700	0.100
0.700	0.100	0.100	0.100
0.100	0.100	0.700	0.100
0.700	0.100	0.100	0.100
0.100	0.100	0.700	0.100
0.700	0.100	0.100	0.100
0.100	0.100	0.700	0.100
0.700	0.100	0.100	0.100
0.100	0.100	0.700	0.100
0.700	0.100	0.100	0.100
>GTGTGTATGTGT	15-GTGTGTATGTGT	0.000000	-118.648440	0	T:22075.0(100.00%),B:192714.9(99.43%),P:1e-51
0.100	0.100	0.700	0.100
0.100	0.100	0.100	0.700
0.100	0.100	0.700	0.100
0.100	0.100	0.100	0.700
0.100	0.100	0.700	0.100
0.100	0.100	0.100	0.700
0.700	0.100	0.100	0.100
0.100	0.100	0.100	0.700
0.100	0.100	0.700	0.100
0.100	0.100	0.100	0.700
0.100	0.100	0.700	0.100
0.100	0.100	0.100	0.700
>RGSCCWGGSCNS	16-RGSCCWGGSCNS	1.162268	-102.925728	0	T:22052.0(99.90%),B:192256.6(99.20%),P:1e-44	Tpos:156.6,Tstd:140.0,Bpos:2182.9,Bstd:9039.5,StrandBias:0.0,Multiplicity:1.70
0.334	0.159	0.334	0.172
0.103	0.139	0.494	0.264
0.113	0.413	0.385	0.088
0.069	0.806	0.095	0.030
0.144	0.751	0.017	0.088
0.480	0.059	0.127	0.334
0.089	0.038	0.779	0.094
0.042	0.108	0.802	0.048
0.189	0.360	0.275	0.177
0.199	0.439	0.221	0.141
0.233	0.209	0.232	0.327
0.106	0.276	0.404	0.214
>TCCATCCATCCA	17-TCCATCCATCCA	0.000000	-62.651635	0	T:22075.0(100.00%),B:193231.8(99.70%),P:1e-27
0.100	0.100	0.100	0.700
0.100	0.700	0.100	0.100
0.100	0.700	0.100	0.100
0.700	0.100	0.100	0.100
0.100	0.100	0.100	0.700
0.100	0.700	0.100	0.100
0.100	0.700	0.100	0.100
0.700	0.100	0.100	0.100
0.100	0.100	0.100	0.700
0.100	0.700	0.100	0.100
0.100	0.700	0.100	0.100
0.700	0.100	0.100	0.100
>CGCGCACACACA	18-CGCGCACACACA	0.679971	-57.697867	0	T:22074.0(100.00%),B:193239.0(99.70%),P:1e-25	Tpos:162.8,Tstd:138.0,Bpos:1552.6,Bstd:7753.7,StrandBias:0.0,Multiplicity:3.55
0.100	0.700	0.100	0.100
0.100	0.100	0.700	0.100
0.100	0.700	0.100	0.100
0.100	0.100	0.700	0.100
0.100	0.700	0.100	0.100
0.700	0.100	0.100	0.100
0.100	0.700	0.100	0.100
0.700	0.100	0.100	0.100
0.100	0.700	0.100	0.100
0.700	0.100	0.100	0.100
0.100	0.700	0.100	0.100
0.700	0.100	0.100	0.100
>CGCACGCACACA	19-CGCACGCACACA	0.000000	-32.275771	0	T:22075.0(100.00%),B:193512.6(99.85%),P:1e-14
0.100	0.700	0.100	0.100
0.100	0.100	0.700	0.100
0.100	0.700	0.100	0.100
0.700	0.100	0.100	0.100
0.100	0.700	0.100	0.100
0.100	0.100	0.700	0.100
0.100	0.700	0.100	0.100
0.700	0.100	0.100	0.100
0.100	0.700	0.100	0.100
0.700	0.100	0.100	0.100
0.100	0.700	0.100	0.100
0.700	0.100	0.100	0.100
>CTACATTTCCCA	20-CTACATTTCCCA	0.000000	-27.955204	0	T:22075.0(100.00%),B:193552.3(99.87%),P:1e-12
0.100	0.700	0.100	0.100
0.100	0.100	0.100	0.700
0.700	0.100	0.100	0.100
0.100	0.700	0.100	0.100
0.700	0.100	0.100	0.100
0.100	0.100	0.100	0.700
0.100	0.100	0.100	0.700
0.100	0.100	0.100	0.700
0.100	0.700	0.100	0.100
0.100	0.700	0.100	0.100
0.100	0.700	0.100	0.100
0.700	0.100	0.100	0.100
>AAAAAATAAAAA	21-AAAAAATAAAAA	-40.141606	-14.350949	0	T:22075.0(100.00%),B:193678.6(99.93%),P:1e-6	Tpos:151.6,Tstd:135.5,Bpos:6147.9,Bstd:15194.9,StrandBias:0.0,Multiplicity:1.69
0.997	0.001	0.001	0.001
0.997	0.001	0.001	0.001
0.997	0.001	0.001	0.001
0.997	0.001	0.001	0.001
0.997	0.001	0.001	0.001
0.997	0.001	0.001	0.001
0.332	0.001	0.001	0.666
0.997	0.001	0.001	0.001
0.666	0.332	0.001	0.001
0.997	0.001	0.001	0.001
0.997	0.001	0.001	0.001
0.666	0.001	0.001	0.332
>CTCCCTCCTCCC	22-CTCCCTCCTCCC	0.000000	-10.343218	0	T:22071.0(99.98%),B:193635.7(99.91%),P:1e-4
0.100	0.700	0.100	0.100
0.100	0.100	0.100	0.700
0.100	0.700	0.100	0.100
0.100	0.700	0.100	0.100
0.100	0.700	0.100	0.100
0.100	0.100	0.100	0.700
0.100	0.700	0.100	0.100
0.100	0.700	0.100	0.100
0.100	0.100	0.100	0.700
0.100	0.700	0.100	0.100
0.100	0.700	0.100	0.100
0.100	0.700	0.100	0.100
>NNNNNNNNNNNN	23-NNNNNNNNNNNN	-nan	0.000000	0	T:0.0(0.00%),B:0.0(0.00%),P:1e0	Tpos:0.0,Tstd:0.0,Bpos:0.0,Bstd:0.0,StrandBias:0.0,Multiplicity:1.00
-nan	-nan	-nan	-nan
-nan	-nan	-nan	-nan
-nan	-nan	-nan	-nan
-nan	-nan	-nan	-nan
-nan	-nan	-nan	-nan
-nan	-nan	-nan	-nan
-nan	-nan	-nan	-nan
-nan	-nan	-nan	-nan
-nan	-nan	-nan	-nan
-nan	-nan	-nan	-nan
-nan	-nan	-nan	-nan
-nan	-nan	-nan	-nan
>GCSSSSSCTSCS	24-GCSSSSSCTSCS	-6.218612	0.000000	0	T:22075.0(100.00%),B:193811.0(100.00%),P:1e0	Tpos:160.1,Tstd:139.9,Bpos:1041.7,Bstd:6275.2,StrandBias:0.0,Multiplicity:1.18
0.153	0.343	0.503	0.001
0.011	0.703	0.285	0.001
0.075	0.480	0.375	0.070
0.095	0.354	0.488	0.063
0.063	0.377	0.353	0.206
0.090	0.364	0.424	0.121
0.016	0.553	0.430	0.001
0.031	0.557	0.307	0.105
0.149	0.238	0.208	0.406
0.032	0.524	0.381	0.063
0.197	0.429	0.205	0.169
0.111	0.414	0.412	0.063
>NNNNNNNNNNNN	25-NNNNNNNNNNNN	-nan	0.000000	0	T:0.0(0.00%),B:0.0(0.00%),P:1e0	Tpos:0.0,Tstd:0.0,Bpos:0.0,Bstd:0.0,StrandBias:0.0,Multiplicity:1.00
-nan	-nan	-nan	-nan
-nan	-nan	-nan	-nan
-nan	-nan	-nan	-nan
-nan	-nan	-nan	-nan
-nan	-nan	-nan	-nan
-nan	-nan	-nan	-nan
-nan	-nan	-nan	-nan
-nan	-nan	-nan	-nan
-nan	-nan	-nan	-nan
-nan	-nan	-nan	-nan
-nan	-nan	-nan	-nan
-nan	-nan	-nan	-nan
