>ACTTCCCCYY	1-ACTTCCCCYY	3.059464	-2271.033005	0	T:16621.0(75.29%),B:100969.9(52.10%),P:1e-986	Tpos:157.6,Tstd:135.0,Bpos:3481.5,Bstd:13925.3,StrandBias:-0.0,Multiplicity:2.08
0.622	0.088	0.289	0.001
0.071	0.582	0.163	0.184
0.011	0.001	0.001	0.987
0.001	0.007	0.001	0.991
0.001	0.997	0.001	0.001
0.001	0.997	0.001	0.001
0.017	0.522	0.168	0.293
0.075	0.415	0.259	0.250
0.127	0.393	0.001	0.479
0.127	0.374	0.213	0.286
>GGAAWTCCCC	2-GGAAWTCCCC	7.143036	-1894.968798	0	T:4068.0(18.43%),B:10839.8(5.59%),P:1e-822	Tpos:174.5,Tstd:132.0,Bpos:1846.0,Bstd:6295.2,StrandBias:-0.1,Multiplicity:1.13
0.039	0.040	0.870	0.051
0.156	0.051	0.748	0.045
0.576	0.045	0.328	0.051
0.724	0.137	0.030	0.109
0.445	0.103	0.114	0.338
0.175	0.162	0.078	0.585
0.069	0.606	0.080	0.245
0.082	0.871	0.023	0.024
0.046	0.905	0.029	0.020
0.136	0.671	0.051	0.142
>TTCCTTCCCY	3-TTCCTTCCCY	4.534392	-1711.905547	0	T:17596.0(79.71%),B:117082.2(60.41%),P:1e-743	Tpos:158.0,Tstd:138.8,Bpos:1886.8,Bstd:6612.3,StrandBias:-0.0,Multiplicity:1.92
0.037	0.093	0.088	0.782
0.014	0.101	0.170	0.715
0.008	0.902	0.089	0.001
0.026	0.948	0.013	0.013
0.111	0.206	0.009	0.674
0.010	0.218	0.131	0.641
0.022	0.644	0.057	0.277
0.038	0.958	0.003	0.001
0.081	0.568	0.009	0.342
0.148	0.406	0.065	0.381
>BHDCCCCCCY	4-BHDCCCCCCY	4.194103	-1679.584432	0	T:20799.0(94.22%),B:155029.9(79.99%),P:1e-729	Tpos:157.2,Tstd:138.1,Bpos:2521.7,Bstd:9661.1,StrandBias:-0.0,Multiplicity:1.70
0.159	0.333	0.184	0.324
0.215	0.348	0.174	0.263
0.333	0.001	0.264	0.402
0.001	0.446	0.262	0.291
0.036	0.577	0.001	0.386
0.171	0.498	0.001	0.331
0.001	0.583	0.001	0.415
0.001	0.685	0.001	0.313
0.113	0.592	0.001	0.294
0.117	0.501	0.001	0.381
>CCYCCCYYYC	5-CCYCCCYYYC	4.338109	-1621.560757	0	T:19289.0(87.38%),B:136651.8(70.51%),P:1e-704	Tpos:159.7,Tstd:141.5,Bpos:1950.0,Bstd:7411.1,StrandBias:0.0,Multiplicity:1.76
0.001	0.642	0.001	0.356
0.001	0.665	0.001	0.333
0.187	0.477	0.001	0.335
0.079	0.589	0.001	0.331
0.106	0.665	0.001	0.228
0.120	0.625	0.001	0.254
0.177	0.472	0.005	0.346
0.170	0.437	0.051	0.341
0.142	0.374	0.189	0.295
0.170	0.442	0.155	0.233
>NNNHDRGGGG	6-NNNHDRGGGG	3.790761	-1577.446896	0	T:21162.0(95.86%),B:161386.3(83.27%),P:1e-685	Tpos:157.7,Tstd:137.2,Bpos:2284.8,Bstd:9688.1,StrandBias:0.0,Multiplicity:1.73
0.256	0.280	0.273	0.191
0.258	0.228	0.270	0.244
0.207	0.292	0.316	0.186
0.311	0.346	0.001	0.342
0.379	0.001	0.358	0.263
0.327	0.001	0.475	0.197
0.306	0.001	0.610	0.083
0.271	0.001	0.675	0.053
0.270	0.001	0.643	0.086
0.344	0.001	0.622	0.033
>CCCCWKBYBH	7-CCCCWKBYBH	3.992134	-1482.121577	0	T:20872.0(94.55%),B:158196.2(81.62%),P:1e-643	Tpos:157.4,Tstd:138.1,Bpos:2341.4,Bstd:7539.0,StrandBias:0.0,Multiplicity:1.73
0.001	0.636	0.001	0.362
0.001	0.801	0.001	0.197
0.100	0.583	0.001	0.316
0.217	0.481	0.001	0.301
0.443	0.001	0.001	0.555
0.242	0.001	0.453	0.304
0.146	0.317	0.273	0.264
0.191	0.352	0.179	0.277
0.157	0.315	0.222	0.307
0.225	0.347	0.140	0.288
>GATGAGTCAT	8-GATGAGTCAT	7.041089	-1453.343248	0	T:2846.0(12.89%),B:6867.5(3.54%),P:1e-631	Tpos:150.5,Tstd:120.7,Bpos:2841.0,Bstd:8170.0,StrandBias:0.0,Multiplicity:1.14
0.137	0.172	0.528	0.163
0.555	0.226	0.174	0.045
0.007	0.007	0.018	0.968
0.006	0.014	0.935	0.045
0.936	0.015	0.017	0.032
0.041	0.293	0.623	0.043
0.016	0.008	0.010	0.966
0.029	0.935	0.032	0.004
0.982	0.003	0.007	0.008
0.037	0.220	0.173	0.570
>RRRVNCWGGG	9-RRRVNCWGGG	4.041676	-1306.957832	0	T:21259.0(96.30%),B:165739.0(85.52%),P:1e-567	Tpos:154.3,Tstd:136.5,Bpos:2774.3,Bstd:10873.3,StrandBias:0.0,Multiplicity:1.71
0.309	0.001	0.445	0.245
0.333	0.001	0.480	0.186
0.276	0.162	0.406	0.157
0.279	0.204	0.349	0.168
0.281	0.218	0.286	0.215
0.001	0.756	0.242	0.001
0.535	0.001	0.001	0.463
0.256	0.001	0.557	0.186
0.340	0.001	0.581	0.078
0.190	0.126	0.629	0.055
>VWGVAWDDMT	10-VWGVAWDDMT	3.462786	-1124.685440	0	T:20900.0(94.68%),B:162675.2(83.93%),P:1e-488	Tpos:149.3,Tstd:131.7,Bpos:5034.0,Bstd:14933.1,StrandBias:-0.0,Multiplicity:1.83
0.341	0.393	0.265	0.001
0.503	0.001	0.001	0.495
0.001	0.001	0.997	0.001
0.353	0.346	0.301	0.001
0.588	0.410	0.001	0.001
0.460	0.001	0.001	0.538
0.327	0.001	0.366	0.306
0.250	0.120	0.341	0.288
0.397	0.365	0.068	0.170
0.219	0.182	0.187	0.412
>CWGDSHCWBN	11-CWGDSHCWBN	3.833961	-1043.048520	0	T:20278.0(91.86%),B:155674.6(80.32%),P:1e-452	Tpos:150.1,Tstd:130.8,Bpos:3839.1,Bstd:14077.0,StrandBias:0.0,Multiplicity:1.74
0.214	0.429	0.250	0.107
0.481	0.001	0.001	0.517
0.001	0.152	0.846	0.001
0.359	0.001	0.298	0.342
0.023	0.367	0.481	0.129
0.238	0.298	0.138	0.326
0.161	0.627	0.001	0.211
0.484	0.001	0.001	0.514
0.103	0.288	0.357	0.253
0.250	0.270	0.248	0.232
>HCAGCTGDSW	12-HCAGCTGDSW	3.569478	-945.854790	0	T:20596.0(93.30%),B:160917.3(83.03%),P:1e-410	Tpos:150.4,Tstd:132.9,Bpos:3908.9,Bstd:14302.2,StrandBias:-0.0,Multiplicity:1.76
0.295	0.373	0.086	0.247
0.234	0.652	0.067	0.047
0.562	0.021	0.050	0.367
0.045	0.255	0.472	0.227
0.233	0.479	0.247	0.041
0.248	0.031	0.017	0.704
0.040	0.204	0.697	0.059
0.319	0.061	0.248	0.372
0.035	0.476	0.447	0.042
0.428	0.141	0.047	0.384
>TGTGTGTGTG	13-TGTGTGTGTG	3.962220	-664.655913	0	T:13881.0(62.88%),B:97011.1(50.05%),P:1e-288	Tpos:152.6,Tstd:129.8,Bpos:2489.1,Bstd:9616.2,StrandBias:0.0,Multiplicity:1.93
0.102	0.093	0.084	0.721
0.061	0.055	0.865	0.019
0.077	0.119	0.082	0.722
0.061	0.033	0.889	0.017
0.039	0.094	0.125	0.742
0.068	0.029	0.889	0.014
0.070	0.081	0.160	0.689
0.072	0.027	0.876	0.025
0.083	0.078	0.080	0.759
0.064	0.046	0.850	0.040
>NNWNCWNMWB	14-NNWNCWNMWB	3.624646	-649.462728	0	T:20848.0(94.44%),B:168139.1(86.75%),P:1e-282	Tpos:146.9,Tstd:129.9,Bpos:5442.0,Bstd:18667.2,StrandBias:0.0,Multiplicity:1.69
0.277	0.194	0.273	0.256
0.238	0.315	0.220	0.228
0.523	0.001	0.001	0.475
0.220	0.242	0.307	0.231
0.356	0.590	0.001	0.053
0.550	0.001	0.001	0.448
0.281	0.250	0.276	0.193
0.429	0.519	0.001	0.051
0.515	0.001	0.001	0.483
0.001	0.321	0.377	0.301
>DDGKNYHNWN	15-DDGKNYHNWN	0.820662	-517.006396	0	T:21828.0(98.88%),B:183595.2(94.73%),P:1e-224	Tpos:153.7,Tstd:135.4,Bpos:5140.3,Bstd:12995.8,StrandBias:0.0,Multiplicity:1.78
0.305	0.001	0.355	0.339
0.345	0.001	0.294	0.361
0.030	0.001	0.578	0.391
0.001	0.001	0.548	0.450
0.222	0.263	0.256	0.260
0.001	0.510	0.001	0.488
0.359	0.305	0.001	0.335
0.229	0.297	0.219	0.254
0.514	0.001	0.001	0.484
0.267	0.199	0.286	0.248
>CAGGGCTGAG	16-CAGGGCTGAG	2.512553	-172.140613	0	T:22060.0(99.93%),B:191737.6(98.93%),P:1e-74	Tpos:162.5,Tstd:137.9,Bpos:1420.2,Bstd:9120.1,StrandBias:0.0,Multiplicity:2.78
0.100	0.700	0.100	0.100
0.700	0.100	0.100	0.100
0.100	0.100	0.700	0.100
0.100	0.100	0.700	0.100
0.100	0.100	0.700	0.100
0.100	0.700	0.100	0.100
0.100	0.100	0.100	0.700
0.100	0.100	0.700	0.100
0.700	0.100	0.100	0.100
0.100	0.100	0.700	0.100
>GTGCGCGCGC	17-GTGCGCGCGC	0.566642	-67.707545	0	T:22070.0(99.98%),B:193025.4(99.59%),P:1e-29	Tpos:161.5,Tstd:136.9,Bpos:1001.4,Bstd:6014.2,StrandBias:-0.0,Multiplicity:2.26
0.100	0.100	0.700	0.100
0.100	0.100	0.100	0.700
0.100	0.100	0.700	0.100
0.100	0.700	0.100	0.100
0.100	0.100	0.700	0.100
0.100	0.700	0.100	0.100
0.100	0.100	0.700	0.100
0.100	0.700	0.100	0.100
0.100	0.100	0.700	0.100
0.100	0.700	0.100	0.100
>CGCATGCGCA	18-CGCATGCGCA	0.000000	-4.883518	0	T:22074.0(100.00%),B:193747.6(99.97%),P:1e-2
0.100	0.700	0.100	0.100
0.100	0.100	0.700	0.100
0.100	0.700	0.100	0.100
0.700	0.100	0.100	0.100
0.100	0.100	0.100	0.700
0.100	0.100	0.700	0.100
0.100	0.700	0.100	0.100
0.100	0.100	0.700	0.100
0.100	0.700	0.100	0.100
0.700	0.100	0.100	0.100
>CCACCCACCA	19-CCACCCACCA	0.000000	-2.049564	0	T:22075.0(100.00%),B:193792.3(99.99%),P:1e0
0.100	0.700	0.100	0.100
0.100	0.700	0.100	0.100
0.700	0.100	0.100	0.100
0.100	0.700	0.100	0.100
0.100	0.700	0.100	0.100
0.100	0.700	0.100	0.100
0.700	0.100	0.100	0.100
0.100	0.700	0.100	0.100
0.100	0.700	0.100	0.100
0.700	0.100	0.100	0.100
>TGCCTCCTGC	20-TGCCTCCTGC	0.000000	-0.862951	0	T:22075.0(100.00%),B:193803.7(100.00%),P:1e0
0.100	0.100	0.100	0.700
0.100	0.100	0.700	0.100
0.100	0.700	0.100	0.100
0.100	0.700	0.100	0.100
0.100	0.100	0.100	0.700
0.100	0.700	0.100	0.100
0.100	0.700	0.100	0.100
0.100	0.100	0.100	0.700
0.100	0.100	0.700	0.100
0.100	0.700	0.100	0.100
>TCCCAGCAGG	21-TCCCAGCAGG	0.000000	-0.862951	0	T:22075.0(100.00%),B:193804.0(100.00%),P:1e0
0.100	0.100	0.100	0.700
0.100	0.700	0.100	0.100
0.100	0.700	0.100	0.100
0.100	0.700	0.100	0.100
0.700	0.100	0.100	0.100
0.100	0.100	0.700	0.100
0.100	0.700	0.100	0.100
0.700	0.100	0.100	0.100
0.100	0.100	0.700	0.100
0.100	0.100	0.700	0.100
>CCAGGGGACA	22-CCAGGGGACA	0.000000	-0.432870	0	T:22074.0(100.00%),B:193800.6(99.99%),P:1e0
0.100	0.700	0.100	0.100
0.100	0.700	0.100	0.100
0.700	0.100	0.100	0.100
0.100	0.100	0.700	0.100
0.100	0.100	0.700	0.100
0.100	0.100	0.700	0.100
0.100	0.100	0.700	0.100
0.700	0.100	0.100	0.100
0.100	0.700	0.100	0.100
0.700	0.100	0.100	0.100
>CCCTTCCTGG	23-CCCTTCCTGG	0.000000	-0.318333	0	T:22074.0(100.00%),B:193802.6(100.00%),P:1e0
0.100	0.700	0.100	0.100
0.100	0.700	0.100	0.100
0.100	0.700	0.100	0.100
0.100	0.100	0.100	0.700
0.100	0.100	0.100	0.700
0.100	0.700	0.100	0.100
0.100	0.700	0.100	0.100
0.100	0.100	0.100	0.700
0.100	0.100	0.700	0.100
0.100	0.100	0.700	0.100
>CCAGGGGGCG	24-CCAGGGGGCG	-3.325178	0.000000	0	T:22075.0(100.00%),B:193811.0(100.00%),P:1e0	Tpos:152.8,Tstd:134.4,Bpos:4680.1,Bstd:18123.0,StrandBias:0.0,Multiplicity:1.79
0.100	0.700	0.100	0.100
0.100	0.700	0.100	0.100
0.700	0.100	0.100	0.100
0.100	0.100	0.700	0.100
0.100	0.100	0.700	0.100
0.100	0.100	0.700	0.100
0.100	0.100	0.700	0.100
0.100	0.100	0.700	0.100
0.100	0.700	0.100	0.100
0.100	0.100	0.700	0.100
>WDTTADWTAA	25-WDTTADWTAA	-16.396309	0.000000	0	T:22075.0(100.00%),B:193811.0(100.00%),P:1e0	Tpos:152.8,Tstd:135.2,Bpos:6351.4,Bstd:16069.2,StrandBias:0.0,Multiplicity:1.08
0.299	0.185	0.146	0.369
0.333	0.038	0.259	0.370
0.224	0.110	0.222	0.444
0.373	0.037	0.039	0.551
0.849	0.001	0.001	0.149
0.373	0.001	0.331	0.295
0.332	0.001	0.219	0.448
0.369	0.001	0.110	0.520
0.589	0.001	0.074	0.336
0.552	0.185	0.038	0.225
