>ACTTCCCCYY	1-ACTTCCCCYY	3.059464	-2271.033005	0	T:16621.0(75.29%),B:100969.9(52.10%),P:1e-986	Tpos:157.6,Tstd:135.0,Bpos:3481.5,Bstd:13925.3,StrandBias:-0.0,Multiplicity:2.08
0.622	0.088	0.289	0.001
0.071	0.582	0.163	0.184
0.011	0.001	0.001	0.987
0.001	0.007	0.001	0.991
0.001	0.997	0.001	0.001
0.001	0.997	0.001	0.001
0.017	0.522	0.168	0.293
0.075	0.415	0.259	0.250
0.127	0.393	0.001	0.479
0.127	0.374	0.213	0.286
>GGAAWTCCCC	2-GGAAWTCCCC	7.143036	-1894.968798	0	T:4068.0(18.43%),B:10839.8(5.59%),P:1e-822	Tpos:174.5,Tstd:132.0,Bpos:1846.0,Bstd:6295.2,StrandBias:-0.1,Multiplicity:1.13
0.039	0.040	0.870	0.051
0.156	0.051	0.748	0.045
0.576	0.045	0.328	0.051
0.724	0.137	0.030	0.109
0.445	0.103	0.114	0.338
0.175	0.162	0.078	0.585
0.069	0.606	0.080	0.245
0.082	0.871	0.023	0.024
0.046	0.905	0.029	0.020
0.136	0.671	0.051	0.142
>TTCCTTCCCY	3-TTCCTTCCCY	4.534392	-1711.905547	0	T:17596.0(79.71%),B:117082.2(60.41%),P:1e-743	Tpos:158.0,Tstd:138.8,Bpos:1886.8,Bstd:6612.3,StrandBias:-0.0,Multiplicity:1.92
0.037	0.093	0.088	0.782
0.014	0.101	0.170	0.715
0.008	0.902	0.089	0.001
0.026	0.948	0.013	0.013
0.111	0.206	0.009	0.674
0.010	0.218	0.131	0.641
0.022	0.644	0.057	0.277
0.038	0.958	0.003	0.001
0.081	0.568	0.009	0.342
0.148	0.406	0.065	0.381
>BHDCCCCCCY	4-BHDCCCCCCY	4.194103	-1679.584432	0	T:20799.0(94.22%),B:155029.9(79.99%),P:1e-729	Tpos:157.2,Tstd:138.1,Bpos:2521.7,Bstd:9661.1,StrandBias:-0.0,Multiplicity:1.70
0.159	0.333	0.184	0.324
0.215	0.348	0.174	0.263
0.333	0.001	0.264	0.402
0.001	0.446	0.262	0.291
0.036	0.577	0.001	0.386
0.171	0.498	0.001	0.331
0.001	0.583	0.001	0.415
0.001	0.685	0.001	0.313
0.113	0.592	0.001	0.294
0.117	0.501	0.001	0.381
>CCYCCCYYYC	5-CCYCCCYYYC	4.338109	-1621.560757	0	T:19289.0(87.38%),B:136651.8(70.51%),P:1e-704	Tpos:159.7,Tstd:141.5,Bpos:1950.0,Bstd:7411.1,StrandBias:0.0,Multiplicity:1.76
0.001	0.642	0.001	0.356
0.001	0.665	0.001	0.333
0.187	0.477	0.001	0.335
0.079	0.589	0.001	0.331
0.106	0.665	0.001	0.228
0.120	0.625	0.001	0.254
0.177	0.472	0.005	0.346
0.170	0.437	0.051	0.341
0.142	0.374	0.189	0.295
0.170	0.442	0.155	0.233
>NNNHDRGGGG	6-NNNHDRGGGG	3.790761	-1577.446896	0	T:21162.0(95.86%),B:161386.3(83.27%),P:1e-685	Tpos:157.7,Tstd:137.2,Bpos:2284.8,Bstd:9688.1,StrandBias:0.0,Multiplicity:1.73
0.256	0.280	0.273	0.191
0.258	0.228	0.270	0.244
0.207	0.292	0.316	0.186
0.311	0.346	0.001	0.342
0.379	0.001	0.358	0.263
0.327	0.001	0.475	0.197
0.306	0.001	0.610	0.083
0.271	0.001	0.675	0.053
0.270	0.001	0.643	0.086
0.344	0.001	0.622	0.033
>CCCCWKBYBH	7-CCCCWKBYBH	3.992134	-1482.121577	0	T:20872.0(94.55%),B:158196.2(81.62%),P:1e-643	Tpos:157.4,Tstd:138.1,Bpos:2341.4,Bstd:7539.0,StrandBias:0.0,Multiplicity:1.73
0.001	0.636	0.001	0.362
0.001	0.801	0.001	0.197
0.100	0.583	0.001	0.316
0.217	0.481	0.001	0.301
0.443	0.001	0.001	0.555
0.242	0.001	0.453	0.304
0.146	0.317	0.273	0.264
0.191	0.352	0.179	0.277
0.157	0.315	0.222	0.307
0.225	0.347	0.140	0.288
>GATGAGTCAT	8-GATGAGTCAT	7.041089	-1453.343248	0	T:2846.0(12.89%),B:6867.5(3.54%),P:1e-631	Tpos:150.5,Tstd:120.7,Bpos:2841.0,Bstd:8170.0,StrandBias:0.0,Multiplicity:1.14
0.137	0.172	0.528	0.163
0.555	0.226	0.174	0.045
0.007	0.007	0.018	0.968
0.006	0.014	0.935	0.045
0.936	0.015	0.017	0.032
0.041	0.293	0.623	0.043
0.016	0.008	0.010	0.966
0.029	0.935	0.032	0.004
0.982	0.003	0.007	0.008
0.037	0.220	0.173	0.570
>RRRVNCWGGG	9-RRRVNCWGGG	4.041676	-1306.957832	0	T:21259.0(96.30%),B:165739.0(85.52%),P:1e-567	Tpos:154.3,Tstd:136.5,Bpos:2774.3,Bstd:10873.3,StrandBias:0.0,Multiplicity:1.71
0.309	0.001	0.445	0.245
0.333	0.001	0.480	0.186
0.276	0.162	0.406	0.157
0.279	0.204	0.349	0.168
0.281	0.218	0.286	0.215
0.001	0.756	0.242	0.001
0.535	0.001	0.001	0.463
0.256	0.001	0.557	0.186
0.340	0.001	0.581	0.078
0.190	0.126	0.629	0.055
>VWGVAWDDMT	10-VWGVAWDDMT	3.462786	-1124.685440	0	T:20900.0(94.68%),B:162675.2(83.93%),P:1e-488	Tpos:149.3,Tstd:131.7,Bpos:5034.0,Bstd:14933.1,StrandBias:-0.0,Multiplicity:1.83
0.341	0.393	0.265	0.001
0.503	0.001	0.001	0.495
0.001	0.001	0.997	0.001
0.353	0.346	0.301	0.001
0.588	0.410	0.001	0.001
0.460	0.001	0.001	0.538
0.327	0.001	0.366	0.306
0.250	0.120	0.341	0.288
0.397	0.365	0.068	0.170
0.219	0.182	0.187	0.412
>CWGDSHCWBN	11-CWGDSHCWBN	3.833961	-1043.048520	0	T:20278.0(91.86%),B:155674.6(80.32%),P:1e-452	Tpos:150.1,Tstd:130.8,Bpos:3839.1,Bstd:14077.0,StrandBias:0.0,Multiplicity:1.74
0.214	0.429	0.250	0.107
0.481	0.001	0.001	0.517
0.001	0.152	0.846	0.001
0.359	0.001	0.298	0.342
0.023	0.367	0.481	0.129
0.238	0.298	0.138	0.326
0.161	0.627	0.001	0.211
0.484	0.001	0.001	0.514
0.103	0.288	0.357	0.253
0.250	0.270	0.248	0.232
>HCAGCTGDSW	12-HCAGCTGDSW	3.569478	-945.854790	0	T:20596.0(93.30%),B:160917.3(83.03%),P:1e-410	Tpos:150.4,Tstd:132.9,Bpos:3908.9,Bstd:14302.2,StrandBias:-0.0,Multiplicity:1.76
0.295	0.373	0.086	0.247
0.234	0.652	0.067	0.047
0.562	0.021	0.050	0.367
0.045	0.255	0.472	0.227
0.233	0.479	0.247	0.041
0.248	0.031	0.017	0.704
0.040	0.204	0.697	0.059
0.319	0.061	0.248	0.372
0.035	0.476	0.447	0.042
0.428	0.141	0.047	0.384
>TGTGTGTGTG	13-TGTGTGTGTG	3.962220	-664.655913	0	T:13881.0(62.88%),B:97011.1(50.05%),P:1e-288	Tpos:152.6,Tstd:129.8,Bpos:2489.1,Bstd:9616.2,StrandBias:0.0,Multiplicity:1.93
0.102	0.093	0.084	0.721
0.061	0.055	0.865	0.019
0.077	0.119	0.082	0.722
0.061	0.033	0.889	0.017
0.039	0.094	0.125	0.742
0.068	0.029	0.889	0.014
0.070	0.081	0.160	0.689
0.072	0.027	0.876	0.025
0.083	0.078	0.080	0.759
0.064	0.046	0.850	0.040
>NNWNCWNMWB	14-NNWNCWNMWB	3.624646	-649.462728	0	T:20848.0(94.44%),B:168139.1(86.75%),P:1e-282	Tpos:146.9,Tstd:129.9,Bpos:5442.0,Bstd:18667.2,StrandBias:0.0,Multiplicity:1.69
0.277	0.194	0.273	0.256
0.238	0.315	0.220	0.228
0.523	0.001	0.001	0.475
0.220	0.242	0.307	0.231
0.356	0.590	0.001	0.053
0.550	0.001	0.001	0.448
0.281	0.250	0.276	0.193
0.429	0.519	0.001	0.051
0.515	0.001	0.001	0.483
0.001	0.321	0.377	0.301
>DDGKNYHNWN	15-DDGKNYHNWN	0.820662	-517.006396	0	T:21828.0(98.88%),B:183595.2(94.73%),P:1e-224	Tpos:153.7,Tstd:135.4,Bpos:5140.3,Bstd:12995.8,StrandBias:0.0,Multiplicity:1.78
0.305	0.001	0.355	0.339
0.345	0.001	0.294	0.361
0.030	0.001	0.578	0.391
0.001	0.001	0.548	0.450
0.222	0.263	0.256	0.260
0.001	0.510	0.001	0.488
0.359	0.305	0.001	0.335
0.229	0.297	0.219	0.254
0.514	0.001	0.001	0.484
0.267	0.199	0.286	0.248
>CAGGGCTGAG	16-CAGGGCTGAG	2.512553	-172.140613	0	T:22060.0(99.93%),B:191737.6(98.93%),P:1e-74	Tpos:162.5,Tstd:137.9,Bpos:1420.2,Bstd:9120.1,StrandBias:0.0,Multiplicity:2.78
0.100	0.700	0.100	0.100
0.700	0.100	0.100	0.100
0.100	0.100	0.700	0.100
0.100	0.100	0.700	0.100
0.100	0.100	0.700	0.100
0.100	0.700	0.100	0.100
0.100	0.100	0.100	0.700
0.100	0.100	0.700	0.100
0.700	0.100	0.100	0.100
0.100	0.100	0.700	0.100
>GTGCGCGCGC	17-GTGCGCGCGC	0.566642	-67.707545	0	T:22070.0(99.98%),B:193025.4(99.59%),P:1e-29	Tpos:161.5,Tstd:136.9,Bpos:1001.4,Bstd:6014.2,StrandBias:-0.0,Multiplicity:2.26
0.100	0.100	0.700	0.100
0.100	0.100	0.100	0.700
0.100	0.100	0.700	0.100
0.100	0.700	0.100	0.100
0.100	0.100	0.700	0.100
0.100	0.700	0.100	0.100
0.100	0.100	0.700	0.100
0.100	0.700	0.100	0.100
0.100	0.100	0.700	0.100
0.100	0.700	0.100	0.100
>CGCATGCGCA	18-CGCATGCGCA	0.000000	-4.883518	0	T:22074.0(100.00%),B:193747.6(99.97%),P:1e-2
0.100	0.700	0.100	0.100
0.100	0.100	0.700	0.100
0.100	0.700	0.100	0.100
0.700	0.100	0.100	0.100
0.100	0.100	0.100	0.700
0.100	0.100	0.700	0.100
0.100	0.700	0.100	0.100
0.100	0.100	0.700	0.100
0.100	0.700	0.100	0.100
0.700	0.100	0.100	0.100
>CCACCCACCA	19-CCACCCACCA	0.000000	-2.049564	0	T:22075.0(100.00%),B:193792.3(99.99%),P:1e0
0.100	0.700	0.100	0.100
0.100	0.700	0.100	0.100
0.700	0.100	0.100	0.100
0.100	0.700	0.100	0.100
0.100	0.700	0.100	0.100
0.100	0.700	0.100	0.100
0.700	0.100	0.100	0.100
0.100	0.700	0.100	0.100
0.100	0.700	0.100	0.100
0.700	0.100	0.100	0.100
>TGCCTCCTGC	20-TGCCTCCTGC	0.000000	-0.862951	0	T:22075.0(100.00%),B:193803.7(100.00%),P:1e0
0.100	0.100	0.100	0.700
0.100	0.100	0.700	0.100
0.100	0.700	0.100	0.100
0.100	0.700	0.100	0.100
0.100	0.100	0.100	0.700
0.100	0.700	0.100	0.100
0.100	0.700	0.100	0.100
0.100	0.100	0.100	0.700
0.100	0.100	0.700	0.100
0.100	0.700	0.100	0.100
>TCCCAGCAGG	21-TCCCAGCAGG	0.000000	-0.862951	0	T:22075.0(100.00%),B:193804.0(100.00%),P:1e0
0.100	0.100	0.100	0.700
0.100	0.700	0.100	0.100
0.100	0.700	0.100	0.100
0.100	0.700	0.100	0.100
0.700	0.100	0.100	0.100
0.100	0.100	0.700	0.100
0.100	0.700	0.100	0.100
0.700	0.100	0.100	0.100
0.100	0.100	0.700	0.100
0.100	0.100	0.700	0.100
>CCAGGGGACA	22-CCAGGGGACA	0.000000	-0.432870	0	T:22074.0(100.00%),B:193800.6(99.99%),P:1e0
0.100	0.700	0.100	0.100
0.100	0.700	0.100	0.100
0.700	0.100	0.100	0.100
0.100	0.100	0.700	0.100
0.100	0.100	0.700	0.100
0.100	0.100	0.700	0.100
0.100	0.100	0.700	0.100
0.700	0.100	0.100	0.100
0.100	0.700	0.100	0.100
0.700	0.100	0.100	0.100
>CCCTTCCTGG	23-CCCTTCCTGG	0.000000	-0.318333	0	T:22074.0(100.00%),B:193802.6(100.00%),P:1e0
0.100	0.700	0.100	0.100
0.100	0.700	0.100	0.100
0.100	0.700	0.100	0.100
0.100	0.100	0.100	0.700
0.100	0.100	0.100	0.700
0.100	0.700	0.100	0.100
0.100	0.700	0.100	0.100
0.100	0.100	0.100	0.700
0.100	0.100	0.700	0.100
0.100	0.100	0.700	0.100
>CCAGGGGGCG	24-CCAGGGGGCG	-3.325178	0.000000	0	T:22075.0(100.00%),B:193811.0(100.00%),P:1e0	Tpos:152.8,Tstd:134.4,Bpos:4680.1,Bstd:18123.0,StrandBias:0.0,Multiplicity:1.79
0.100	0.700	0.100	0.100
0.100	0.700	0.100	0.100
0.700	0.100	0.100	0.100
0.100	0.100	0.700	0.100
0.100	0.100	0.700	0.100
0.100	0.100	0.700	0.100
0.100	0.100	0.700	0.100
0.100	0.100	0.700	0.100
0.100	0.700	0.100	0.100
0.100	0.100	0.700	0.100
>WDTTADWTAA	25-WDTTADWTAA	-16.396309	0.000000	0	T:22075.0(100.00%),B:193811.0(100.00%),P:1e0	Tpos:152.8,Tstd:135.2,Bpos:6351.4,Bstd:16069.2,StrandBias:0.0,Multiplicity:1.08
0.299	0.185	0.146	0.369
0.333	0.038	0.259	0.370
0.224	0.110	0.222	0.444
0.373	0.037	0.039	0.551
0.849	0.001	0.001	0.149
0.373	0.001	0.331	0.295
0.332	0.001	0.219	0.448
0.369	0.001	0.110	0.520
0.589	0.001	0.074	0.336
0.552	0.185	0.038	0.225
>CACTTCCTCTYT	1-CACTTCCTCTYT	1.137595	-2068.282021	0	T:16439.0(74.47%),B:101365.3(52.30%),P:1e-898	Tpos:157.0,Tstd:133.5,Bpos:2613.7,Bstd:10334.9,StrandBias:-0.0,Multiplicity:2.09
0.043	0.645	0.083	0.229
0.770	0.029	0.200	0.001
0.001	0.911	0.045	0.043
0.001	0.001	0.001	0.997
0.001	0.001	0.001	0.997
0.001	0.997	0.001	0.001
0.001	0.997	0.001	0.001
0.001	0.224	0.026	0.749
0.001	0.831	0.100	0.068
0.087	0.204	0.001	0.708
0.061	0.443	0.077	0.420
0.170	0.249	0.083	0.499
>GGGAATTCCCCN	2-GGGAATTCCCCN	6.736863	-1697.908619	0	T:3514.0(15.92%),B:8995.9(4.64%),P:1e-737	Tpos:174.6,Tstd:133.6,Bpos:1926.7,Bstd:6610.6,StrandBias:-0.0,Multiplicity:1.10
0.100	0.063	0.645	0.192
0.026	0.008	0.905	0.061
0.322	0.043	0.535	0.100
0.494	0.143	0.270	0.094
0.477	0.143	0.094	0.287
0.268	0.111	0.135	0.486
0.083	0.288	0.150	0.480
0.111	0.537	0.048	0.304
0.067	0.918	0.008	0.007
0.221	0.691	0.026	0.062
0.211	0.390	0.163	0.237
0.248	0.254	0.217	0.282
>CTCTCTCTCTCT	3-CTCTCTCTCTCT	2.625881	-1562.406434	0	T:21623.0(97.95%),B:169076.0(87.24%),P:1e-678	Tpos:157.1,Tstd:137.2,Bpos:3633.7,Bstd:13367.5,StrandBias:-0.0,Multiplicity:1.79
0.100	0.700	0.100	0.100
0.100	0.100	0.100	0.700
0.100	0.700	0.100	0.100
0.100	0.100	0.100	0.700
0.100	0.700	0.100	0.100
0.100	0.100	0.100	0.700
0.100	0.700	0.100	0.100
0.100	0.100	0.100	0.700
0.100	0.700	0.100	0.100
0.100	0.100	0.100	0.700
0.100	0.700	0.100	0.100
0.100	0.100	0.100	0.700
>TCTCTGWCTSTC	4-TCTCTGWCTSTC	2.694717	-1546.254978	0	T:20303.0(91.97%),B:149860.1(77.32%),P:1e-671	Tpos:154.3,Tstd:135.0,Bpos:4239.4,Bstd:15135.3,StrandBias:-0.0,Multiplicity:1.80
0.265	0.084	0.008	0.643
0.025	0.749	0.191	0.035
0.284	0.064	0.018	0.634
0.023	0.600	0.357	0.020
0.232	0.032	0.016	0.720
0.016	0.389	0.566	0.029
0.390	0.128	0.080	0.401
0.029	0.893	0.041	0.037
0.260	0.036	0.017	0.687
0.012	0.464	0.375	0.149
0.201	0.211	0.015	0.573
0.027	0.525	0.209	0.239
>GGGRGGGGGGGG	5-GGGRGGGGGGGG	2.826523	-1525.436802	0	T:19236.0(87.14%),B:137192.9(70.79%),P:1e-662	Tpos:158.5,Tstd:142.2,Bpos:2683.4,Bstd:8947.4,StrandBias:0.0,Multiplicity:1.74
0.223	0.001	0.649	0.127
0.266	0.013	0.607	0.114
0.265	0.001	0.593	0.141
0.405	0.001	0.553	0.041
0.240	0.001	0.758	0.001
0.386	0.001	0.545	0.068
0.209	0.001	0.661	0.129
0.222	0.001	0.770	0.007
0.203	0.001	0.795	0.001
0.308	0.039	0.535	0.118
0.268	0.001	0.576	0.155
0.321	0.001	0.674	0.004
>VWGNTGABTCMW	6-VWGNTGABTCMW	1.863118	-1199.169155	0	T:20048.0(90.82%),B:150848.0(77.83%),P:1e-520	Tpos:149.4,Tstd:131.2,Bpos:4923.2,Bstd:15825.9,StrandBias:0.0,Multiplicity:1.86
0.261	0.381	0.311	0.047
0.472	0.001	0.046	0.480
0.064	0.054	0.819	0.063
0.318	0.255	0.238	0.189
0.107	0.001	0.063	0.829
0.021	0.036	0.936	0.007
0.546	0.036	0.026	0.392
0.004	0.359	0.286	0.352
0.075	0.054	0.070	0.801
0.082	0.740	0.085	0.093
0.495	0.501	0.001	0.003
0.432	0.001	0.007	0.560
>VTGATGATGMTW	7-VTGATGATGMTW	2.397686	-1163.077099	0	T:21217.0(96.11%),B:166705.0(86.01%),P:1e-505	Tpos:148.4,Tstd:130.2,Bpos:3668.1,Bstd:13010.0,StrandBias:0.0,Multiplicity:1.69
0.230	0.352	0.225	0.193
0.043	0.061	0.202	0.694
0.031	0.341	0.618	0.010
0.481	0.288	0.098	0.133
0.197	0.069	0.138	0.596
0.018	0.261	0.661	0.060
0.514	0.168	0.067	0.251
0.071	0.011	0.182	0.736
0.022	0.323	0.611	0.044
0.458	0.313	0.084	0.144
0.063	0.092	0.086	0.759
0.433	0.072	0.001	0.494
>CCACYWGGTGGC	8-CCACYWGGTGGC	4.387421	-1032.316176	0	T:15745.0(71.33%),B:107953.3(55.70%),P:1e-448	Tpos:156.3,Tstd:137.4,Bpos:2322.9,Bstd:10065.6,StrandBias:-0.0,Multiplicity:1.76
0.216	0.516	0.073	0.195
0.031	0.935	0.033	0.001
0.566	0.273	0.085	0.076
0.100	0.535	0.128	0.237
0.154	0.445	0.096	0.305
0.485	0.037	0.118	0.360
0.104	0.094	0.580	0.222
0.309	0.145	0.476	0.070
0.001	0.039	0.342	0.618
0.008	0.014	0.926	0.052
0.110	0.143	0.602	0.145
0.178	0.515	0.095	0.212
>NTNCACACACAB	9-NTNCACACACAB	3.898785	-948.761325	0	T:18635.0(84.42%),B:138274.5(71.34%),P:1e-412	Tpos:154.9,Tstd:136.1,Bpos:5018.9,Bstd:19431.6,StrandBias:-0.0,Multiplicity:1.68
0.259	0.282	0.219	0.240
0.130	0.001	0.246	0.623
0.323	0.220	0.254	0.203
0.132	0.647	0.134	0.087
0.547	0.203	0.073	0.177
0.086	0.707	0.155	0.052
0.638	0.179	0.051	0.132
0.087	0.685	0.162	0.066
0.569	0.187	0.101	0.143
0.087	0.682	0.155	0.076
0.576	0.162	0.114	0.148
0.124	0.346	0.313	0.217
>TGTGTGTGTGTG	10-TGTGTGTGTGTG	3.759537	-669.361058	0	T:13804.0(62.53%),B:96229.1(49.65%),P:1e-290	Tpos:152.2,Tstd:129.7,Bpos:2736.2,Bstd:9791.9,StrandBias:0.0,Multiplicity:1.93
0.099	0.109	0.092	0.700
0.098	0.076	0.769	0.057
0.080	0.102	0.081	0.737
0.089	0.063	0.798	0.050
0.088	0.093	0.100	0.719
0.089	0.066	0.798	0.047
0.077	0.097	0.108	0.718
0.096	0.056	0.798	0.050
0.083	0.091	0.111	0.715
0.086	0.072	0.787	0.055
0.103	0.089	0.109	0.699
0.088	0.079	0.763	0.070
>CTCCCACCCCCA	11-CTCCCACCCCCA	2.625881	-522.418945	0	T:22007.0(99.69%),B:186991.8(96.48%),P:1e-226	Tpos:178.3,Tstd:114.4,Bpos:873.1,Bstd:1487.7,StrandBias:0.0,Multiplicity:1.00
0.100	0.700	0.100	0.100
0.100	0.100	0.100	0.700
0.100	0.700	0.100	0.100
0.100	0.700	0.100	0.100
0.100	0.700	0.100	0.100
0.700	0.100	0.100	0.100
0.100	0.700	0.100	0.100
0.100	0.700	0.100	0.100
0.100	0.700	0.100	0.100
0.100	0.700	0.100	0.100
0.100	0.700	0.100	0.100
0.700	0.100	0.100	0.100
>CACACATATACA	12-CACACATATACA	0.000000	-203.425030	0	T:22058.0(99.92%),B:191378.7(98.74%),P:1e-88
0.100	0.700	0.100	0.100
0.700	0.100	0.100	0.100
0.100	0.700	0.100	0.100
0.700	0.100	0.100	0.100
0.100	0.700	0.100	0.100
0.700	0.100	0.100	0.100
0.100	0.100	0.100	0.700
0.700	0.100	0.100	0.100
0.100	0.100	0.100	0.700
0.700	0.100	0.100	0.100
0.100	0.700	0.100	0.100
0.700	0.100	0.100	0.100
>TATGTGTGTATG	13-TATGTGTGTATG	0.000000	-163.931210	0	T:22053.0(99.90%),B:191647.3(98.88%),P:1e-71
0.100	0.100	0.100	0.700
0.700	0.100	0.100	0.100
0.100	0.100	0.100	0.700
0.100	0.100	0.700	0.100
0.100	0.100	0.100	0.700
0.100	0.100	0.700	0.100
0.100	0.100	0.100	0.700
0.100	0.100	0.700	0.100
0.100	0.100	0.100	0.700
0.700	0.100	0.100	0.100
0.100	0.100	0.100	0.700
0.100	0.100	0.700	0.100
>AAGAGAGAGAGA	14-AAGAGAGAGAGA	0.000000	-125.142120	0	T:22073.0(99.99%),B:192571.1(99.36%),P:1e-54
0.700	0.100	0.100	0.100
0.700	0.100	0.100	0.100
0.100	0.100	0.700	0.100
0.700	0.100	0.100	0.100
0.100	0.100	0.700	0.100
0.700	0.100	0.100	0.100
0.100	0.100	0.700	0.100
0.700	0.100	0.100	0.100
0.100	0.100	0.700	0.100
0.700	0.100	0.100	0.100
0.100	0.100	0.700	0.100
0.700	0.100	0.100	0.100
>GTGTGTATGTGT	15-GTGTGTATGTGT	0.000000	-118.648440	0	T:22075.0(100.00%),B:192714.9(99.43%),P:1e-51
0.100	0.100	0.700	0.100
0.100	0.100	0.100	0.700
0.100	0.100	0.700	0.100
0.100	0.100	0.100	0.700
0.100	0.100	0.700	0.100
0.100	0.100	0.100	0.700
0.700	0.100	0.100	0.100
0.100	0.100	0.100	0.700
0.100	0.100	0.700	0.100
0.100	0.100	0.100	0.700
0.100	0.100	0.700	0.100
0.100	0.100	0.100	0.700
>RGSCCWGGSCNS	16-RGSCCWGGSCNS	1.162268	-102.925728	0	T:22052.0(99.90%),B:192256.6(99.20%),P:1e-44	Tpos:156.6,Tstd:140.0,Bpos:2182.9,Bstd:9039.5,StrandBias:0.0,Multiplicity:1.70
0.334	0.159	0.334	0.172
0.103	0.139	0.494	0.264
0.113	0.413	0.385	0.088
0.069	0.806	0.095	0.030
0.144	0.751	0.017	0.088
0.480	0.059	0.127	0.334
0.089	0.038	0.779	0.094
0.042	0.108	0.802	0.048
0.189	0.360	0.275	0.177
0.199	0.439	0.221	0.141
0.233	0.209	0.232	0.327
0.106	0.276	0.404	0.214
>TCCATCCATCCA	17-TCCATCCATCCA	0.000000	-62.651635	0	T:22075.0(100.00%),B:193231.8(99.70%),P:1e-27
0.100	0.100	0.100	0.700
0.100	0.700	0.100	0.100
0.100	0.700	0.100	0.100
0.700	0.100	0.100	0.100
0.100	0.100	0.100	0.700
0.100	0.700	0.100	0.100
0.100	0.700	0.100	0.100
0.700	0.100	0.100	0.100
0.100	0.100	0.100	0.700
0.100	0.700	0.100	0.100
0.100	0.700	0.100	0.100
0.700	0.100	0.100	0.100
>CGCGCACACACA	18-CGCGCACACACA	0.679971	-57.697867	0	T:22074.0(100.00%),B:193239.0(99.70%),P:1e-25	Tpos:162.8,Tstd:138.0,Bpos:1552.6,Bstd:7753.7,StrandBias:0.0,Multiplicity:3.55
0.100	0.700	0.100	0.100
0.100	0.100	0.700	0.100
0.100	0.700	0.100	0.100
0.100	0.100	0.700	0.100
0.100	0.700	0.100	0.100
0.700	0.100	0.100	0.100
0.100	0.700	0.100	0.100
0.700	0.100	0.100	0.100
0.100	0.700	0.100	0.100
0.700	0.100	0.100	0.100
0.100	0.700	0.100	0.100
0.700	0.100	0.100	0.100
>CGCACGCACACA	19-CGCACGCACACA	0.000000	-32.275771	0	T:22075.0(100.00%),B:193512.6(99.85%),P:1e-14
0.100	0.700	0.100	0.100
0.100	0.100	0.700	0.100
0.100	0.700	0.100	0.100
0.700	0.100	0.100	0.100
0.100	0.700	0.100	0.100
0.100	0.100	0.700	0.100
0.100	0.700	0.100	0.100
0.700	0.100	0.100	0.100
0.100	0.700	0.100	0.100
0.700	0.100	0.100	0.100
0.100	0.700	0.100	0.100
0.700	0.100	0.100	0.100
>CTACATTTCCCA	20-CTACATTTCCCA	0.000000	-27.955204	0	T:22075.0(100.00%),B:193552.3(99.87%),P:1e-12
0.100	0.700	0.100	0.100
0.100	0.100	0.100	0.700
0.700	0.100	0.100	0.100
0.100	0.700	0.100	0.100
0.700	0.100	0.100	0.100
0.100	0.100	0.100	0.700
0.100	0.100	0.100	0.700
0.100	0.100	0.100	0.700
0.100	0.700	0.100	0.100
0.100	0.700	0.100	0.100
0.100	0.700	0.100	0.100
0.700	0.100	0.100	0.100
>AAAAAATAAAAA	21-AAAAAATAAAAA	-40.141606	-14.350949	0	T:22075.0(100.00%),B:193678.6(99.93%),P:1e-6	Tpos:151.6,Tstd:135.5,Bpos:6147.9,Bstd:15194.9,StrandBias:0.0,Multiplicity:1.69
0.997	0.001	0.001	0.001
0.997	0.001	0.001	0.001
0.997	0.001	0.001	0.001
0.997	0.001	0.001	0.001
0.997	0.001	0.001	0.001
0.997	0.001	0.001	0.001
0.332	0.001	0.001	0.666
0.997	0.001	0.001	0.001
0.666	0.332	0.001	0.001
0.997	0.001	0.001	0.001
0.997	0.001	0.001	0.001
0.666	0.001	0.001	0.332
>CTCCCTCCTCCC	22-CTCCCTCCTCCC	0.000000	-10.343218	0	T:22071.0(99.98%),B:193635.7(99.91%),P:1e-4
0.100	0.700	0.100	0.100
0.100	0.100	0.100	0.700
0.100	0.700	0.100	0.100
0.100	0.700	0.100	0.100
0.100	0.700	0.100	0.100
0.100	0.100	0.100	0.700
0.100	0.700	0.100	0.100
0.100	0.700	0.100	0.100
0.100	0.100	0.100	0.700
0.100	0.700	0.100	0.100
0.100	0.700	0.100	0.100
0.100	0.700	0.100	0.100
>NNNNNNNNNNNN	23-NNNNNNNNNNNN	-nan	0.000000	0	T:0.0(0.00%),B:0.0(0.00%),P:1e0	Tpos:0.0,Tstd:0.0,Bpos:0.0,Bstd:0.0,StrandBias:0.0,Multiplicity:1.00
-nan	-nan	-nan	-nan
-nan	-nan	-nan	-nan
-nan	-nan	-nan	-nan
-nan	-nan	-nan	-nan
-nan	-nan	-nan	-nan
-nan	-nan	-nan	-nan
-nan	-nan	-nan	-nan
-nan	-nan	-nan	-nan
-nan	-nan	-nan	-nan
-nan	-nan	-nan	-nan
-nan	-nan	-nan	-nan
-nan	-nan	-nan	-nan
>GCSSSSSCTSCS	24-GCSSSSSCTSCS	-6.218612	0.000000	0	T:22075.0(100.00%),B:193811.0(100.00%),P:1e0	Tpos:160.1,Tstd:139.9,Bpos:1041.7,Bstd:6275.2,StrandBias:0.0,Multiplicity:1.18
0.153	0.343	0.503	0.001
0.011	0.703	0.285	0.001
0.075	0.480	0.375	0.070
0.095	0.354	0.488	0.063
0.063	0.377	0.353	0.206
0.090	0.364	0.424	0.121
0.016	0.553	0.430	0.001
0.031	0.557	0.307	0.105
0.149	0.238	0.208	0.406
0.032	0.524	0.381	0.063
0.197	0.429	0.205	0.169
0.111	0.414	0.412	0.063
>NNNNNNNNNNNN	25-NNNNNNNNNNNN	-nan	0.000000	0	T:0.0(0.00%),B:0.0(0.00%),P:1e0	Tpos:0.0,Tstd:0.0,Bpos:0.0,Bstd:0.0,StrandBias:0.0,Multiplicity:1.00
-nan	-nan	-nan	-nan
-nan	-nan	-nan	-nan
-nan	-nan	-nan	-nan
-nan	-nan	-nan	-nan
-nan	-nan	-nan	-nan
-nan	-nan	-nan	-nan
-nan	-nan	-nan	-nan
-nan	-nan	-nan	-nan
-nan	-nan	-nan	-nan
-nan	-nan	-nan	-nan
-nan	-nan	-nan	-nan
-nan	-nan	-nan	-nan
>GGGGAAGT	1-GGGGAAGT	4.358693	-2118.379286	0	T:17029.0(77.14%),B:106651.5(55.03%),P:1e-919	Tpos:160.5,Tstd:135.7,Bpos:3307.4,Bstd:13397.4,StrandBias:0.0,Multiplicity:2.09
0.121	0.072	0.708	0.099
0.157	0.050	0.753	0.040
0.009	0.004	0.953	0.034
0.109	0.071	0.807	0.013
0.863	0.020	0.084	0.033
0.681	0.150	0.047	0.122
0.205	0.054	0.451	0.290
0.001	0.159	0.055	0.785
>TTCCCCCA	2-TTCCCCCA	3.961478	-1858.968072	0	T:18709.0(84.75%),B:127300.2(65.68%),P:1e-807	Tpos:158.5,Tstd:138.8,Bpos:2817.0,Bstd:10784.0,StrandBias:-0.0,Multiplicity:1.84
0.057	0.111	0.020	0.812
0.051	0.145	0.030	0.774
0.005	0.782	0.005	0.208
0.087	0.891	0.003	0.019
0.019	0.906	0.003	0.072
0.149	0.744	0.001	0.106
0.199	0.556	0.074	0.171
0.535	0.183	0.110	0.172
>CCCCTTCC	3-CCCCTTCC	3.006308	-1788.927034	0	T:18680.0(84.62%),B:127782.5(65.93%),P:1e-776	Tpos:160.5,Tstd:140.9,Bpos:2757.5,Bstd:12710.0,StrandBias:-0.0,Multiplicity:1.92
0.016	0.792	0.012	0.180
0.011	0.963	0.001	0.025
0.093	0.865	0.011	0.031
0.024	0.849	0.001	0.126
0.026	0.043	0.001	0.930
0.004	0.124	0.001	0.871
0.001	0.952	0.009	0.038
0.013	0.973	0.001	0.013
>TGAAAHAH	4-TGAAAHAH	-2.536034	-1500.397560	0	T:20589.0(93.27%),B:154124.9(79.52%),P:1e-651	Tpos:152.6,Tstd:133.2,Bpos:5612.3,Bstd:15096.0,StrandBias:-0.0,Multiplicity:1.94
0.001	0.001	0.282	0.716
0.001	0.001	0.997	0.001
0.997	0.001	0.001	0.001
0.966	0.032	0.001	0.001
0.997	0.001	0.001	0.001
0.375	0.265	0.001	0.359
0.767	0.001	0.001	0.231
0.334	0.296	0.109	0.261
>GDRGGGGG	5-GDRGGGGG	3.797070	-1495.024082	0	T:20787.0(94.17%),B:156871.2(80.94%),P:1e-649	Tpos:156.0,Tstd:139.5,Bpos:2741.5,Bstd:10301.7,StrandBias:0.0,Multiplicity:1.70
0.294	0.034	0.581	0.091
0.331	0.001	0.340	0.329
0.468	0.001	0.466	0.065
0.001	0.001	0.692	0.306
0.131	0.001	0.726	0.142
0.236	0.001	0.664	0.099
0.101	0.001	0.607	0.291
0.202	0.001	0.686	0.111
>ATGAGTCA	6-ATGAGTCA	6.107032	-1350.136591	0	T:3073.0(13.92%),B:8398.9(4.33%),P:1e-586	Tpos:150.3,Tstd:121.3,Bpos:3132.9,Bstd:8429.3,StrandBias:0.0,Multiplicity:1.19
0.584	0.210	0.176	0.030
0.001	0.001	0.001	0.997
0.001	0.001	0.980	0.018
0.978	0.006	0.001	0.015
0.028	0.262	0.682	0.028
0.001	0.001	0.001	0.997
0.012	0.986	0.001	0.001
0.997	0.001	0.001	0.001
>CACGTGAC	7-CACGTGAC	3.829741	-1169.647829	0	T:15710.0(71.17%),B:105573.5(54.47%),P:1e-507	Tpos:151.5,Tstd:131.3,Bpos:2865.1,Bstd:10714.3,StrandBias:0.0,Multiplicity:1.85
0.008	0.884	0.074	0.034
0.875	0.020	0.058	0.047
0.064	0.605	0.069	0.262
0.230	0.008	0.757	0.005
0.022	0.030	0.018	0.930
0.023	0.111	0.847	0.019
0.542	0.096	0.189	0.173
0.056	0.562	0.201	0.181
>AAGGCAGR	8-AAGGCAGR	3.359547	-1151.188269	0	T:20296.0(91.94%),B:154507.0(79.72%),P:1e-499	Tpos:149.8,Tstd:132.3,Bpos:4392.2,Bstd:14765.2,StrandBias:-0.0,Multiplicity:1.85
0.616	0.091	0.033	0.260
0.682	0.001	0.057	0.260
0.310	0.001	0.528	0.161
0.231	0.196	0.572	0.001
0.001	0.997	0.001	0.001
0.652	0.001	0.001	0.346
0.156	0.086	0.503	0.255
0.341	0.001	0.441	0.218
>RTGWCACM	9-RTGWCACM	-0.250525	-1098.363465	0	T:19532.0(88.48%),B:146075.4(75.37%),P:1e-477	Tpos:151.1,Tstd:133.9,Bpos:4215.4,Bstd:14715.4,StrandBias:0.0,Multiplicity:1.77
0.445	0.001	0.553	0.001
0.143	0.001	0.002	0.854
0.001	0.342	0.656	0.001
0.485	0.001	0.001	0.513
0.001	0.997	0.001	0.001
0.997	0.001	0.001	0.001
0.001	0.997	0.001	0.001
0.449	0.484	0.001	0.066
>WGKGDTCA	10-WGKGDTCA	3.155518	-1095.179033	0	T:21557.0(97.65%),B:172707.4(89.11%),P:1e-475	Tpos:153.2,Tstd:136.1,Bpos:4565.6,Bstd:15933.4,StrandBias:0.0,Multiplicity:1.71
0.434	0.001	0.001	0.564
0.001	0.001	0.997	0.001
0.236	0.001	0.331	0.432
0.001	0.001	0.997	0.001
0.333	0.001	0.345	0.320
0.207	0.001	0.268	0.524
0.157	0.555	0.053	0.235
0.525	0.073	0.151	0.251
>WDWHWGDG	11-WDWHWGDG	3.177620	-1089.919784	0	T:20872.0(94.55%),B:162713.4(83.95%),P:1e-473	Tpos:153.5,Tstd:135.8,Bpos:4144.8,Bstd:14657.7,StrandBias:-0.0,Multiplicity:1.74
0.465	0.033	0.181	0.321
0.268	0.059	0.329	0.344
0.262	0.167	0.203	0.368
0.402	0.309	0.001	0.287
0.400	0.012	0.046	0.542
0.168	0.060	0.643	0.129
0.244	0.001	0.381	0.374
0.101	0.108	0.688	0.103
>GTWAAGTC	12-GTWAAGTC	-5.950629	-1049.640469	0	T:21364.0(96.78%),B:170174.5(87.80%),P:1e-455	Tpos:151.0,Tstd:131.8,Bpos:4826.1,Bstd:14498.2,StrandBias:-0.0,Multiplicity:1.89
0.001	0.001	0.683	0.315
0.001	0.001	0.001	0.997
0.472	0.001	0.001	0.526
0.997	0.001	0.001	0.001
0.630	0.001	0.001	0.368
0.367	0.001	0.631	0.001
0.370	0.001	0.001	0.628
0.390	0.608	0.001	0.001
>YCWBWGTG	13-YCWBWGTG	3.714742	-1045.956682	0	T:19490.0(88.29%),B:146313.5(75.49%),P:1e-454	Tpos:153.7,Tstd:133.5,Bpos:3993.4,Bstd:15018.9,StrandBias:-0.0,Multiplicity:1.70
0.196	0.458	0.011	0.335
0.273	0.554	0.018	0.155
0.401	0.216	0.027	0.356
0.058	0.347	0.252	0.343
0.397	0.068	0.002	0.533
0.041	0.122	0.645	0.192
0.181	0.045	0.273	0.501
0.011	0.120	0.820	0.049
>RRGGRGGG	14-RRGGRGGG	3.269082	-986.568590	0	T:21482.0(97.31%),B:172694.8(89.10%),P:1e-428	Tpos:153.0,Tstd:139.5,Bpos:3225.2,Bstd:12349.9,StrandBias:0.0,Multiplicity:1.63
0.429	0.098	0.301	0.172
0.344	0.001	0.404	0.251
0.134	0.001	0.548	0.317
0.357	0.001	0.515	0.127
0.399	0.001	0.443	0.157
0.218	0.001	0.599	0.182
0.199	0.026	0.598	0.177
0.232	0.113	0.638	0.017
>GTGTGTGT	15-GTGTGTGT	2.388743	-755.833268	0	T:14241.0(64.51%),B:98583.9(50.87%),P:1e-328	Tpos:153.9,Tstd:130.9,Bpos:2532.8,Bstd:9907.6,StrandBias:0.0,Multiplicity:2.05
0.045	0.001	0.953	0.001
0.023	0.040	0.047	0.890
0.016	0.001	0.982	0.001
0.001	0.027	0.077	0.895
0.016	0.001	0.982	0.001
0.022	0.030	0.070	0.878
0.016	0.001	0.982	0.001
0.040	0.047	0.058	0.855
>AVTTGGAC	16-AVTTGGAC	0.478303	-728.874921	0	T:21300.0(96.49%),B:173051.4(89.29%),P:1e-316	Tpos:153.1,Tstd:136.5,Bpos:2632.9,Bstd:10662.8,StrandBias:0.0,Multiplicity:1.68
0.587	0.001	0.001	0.411
0.248	0.387	0.364	0.001
0.001	0.027	0.001	0.971
0.326	0.001	0.001	0.672
0.232	0.001	0.766	0.001
0.144	0.001	0.854	0.001
0.414	0.255	0.075	0.257
0.224	0.537	0.085	0.154
>GSWTCCWA	17-GSWTCCWA	-4.039453	-463.813852	0	T:22053.0(99.90%),B:188744.7(97.39%),P:1e-201	Tpos:159.8,Tstd:138.3,Bpos:1826.2,Bstd:8747.7,StrandBias:-0.0,Multiplicity:2.00
0.001	0.001	0.997	0.001
0.001	0.335	0.482	0.182
0.492	0.001	0.011	0.496
0.001	0.001	0.174	0.824
0.001	0.579	0.396	0.024
0.001	0.997	0.001	0.001
0.492	0.001	0.001	0.506
0.643	0.001	0.003	0.353
>AWGAWSTT	18-AWGAWSTT	-8.397548	-363.379482	0	T:21902.0(99.22%),B:186607.4(96.28%),P:1e-157	Tpos:152.0,Tstd:133.2,Bpos:3609.4,Bstd:13365.9,StrandBias:0.0,Multiplicity:1.61
0.885	0.001	0.001	0.113
0.500	0.001	0.001	0.498
0.001	0.001	0.997	0.001
0.969	0.001	0.029	0.001
0.487	0.001	0.001	0.511
0.001	0.506	0.492	0.001
0.001	0.001	0.001	0.997
0.001	0.001	0.001	0.997
>CSCGGCGC	19-CSCGGCGC	0.277532	-79.231442	0	T:22056.0(99.91%),B:192591.1(99.37%),P:1e-34	Tpos:168.4,Tstd:142.8,Bpos:640.0,Bstd:3219.5,StrandBias:-0.0,Multiplicity:2.13
0.150	0.505	0.284	0.061
0.163	0.293	0.441	0.103
0.096	0.562	0.239	0.103
0.043	0.258	0.660	0.039
0.102	0.219	0.571	0.108
0.072	0.583	0.253	0.092
0.062	0.312	0.541	0.085
0.094	0.495	0.254	0.157
>TCTGCTGA	20-TCTGCTGA	0.453314	-0.539340	0	T:22075.0(100.00%),B:193806.2(100.00%),P:1e0	Tpos:162.2,Tstd:138.8,Bpos:1182.5,Bstd:6288.3,StrandBias:-0.0,Multiplicity:3.62
0.100	0.100	0.100	0.700
0.100	0.700	0.100	0.100
0.100	0.100	0.100	0.700
0.100	0.100	0.700	0.100
0.100	0.700	0.100	0.100
0.100	0.100	0.100	0.700
0.100	0.100	0.700	0.100
0.700	0.100	0.100	0.100
>GCAGGTGC	21-GCAGGTGC	0.000000	-0.107867	0	T:22075.0(100.00%),B:193810.3(100.00%),P:1e0
0.100	0.100	0.700	0.100
0.100	0.700	0.100	0.100
0.700	0.100	0.100	0.100
0.100	0.100	0.700	0.100
0.100	0.100	0.700	0.100
0.100	0.100	0.100	0.700
0.100	0.100	0.700	0.100
0.100	0.700	0.100	0.100
>NNNNNNNN	22-NNNNNNNN	-nan	0.000000	0	T:0.0(0.00%),B:0.0(0.00%),P:1e0	Tpos:0.0,Tstd:0.0,Bpos:0.0,Bstd:0.0,StrandBias:0.0,Multiplicity:1.00
-nan	-nan	-nan	-nan
-nan	-nan	-nan	-nan
-nan	-nan	-nan	-nan
-nan	-nan	-nan	-nan
-nan	-nan	-nan	-nan
-nan	-nan	-nan	-nan
-nan	-nan	-nan	-nan
-nan	-nan	-nan	-nan
>NNNNNNNN	23-NNNNNNNN	-nan	0.000000	0	T:0.0(0.00%),B:0.0(0.00%),P:1e0	Tpos:0.0,Tstd:0.0,Bpos:0.0,Bstd:0.0,StrandBias:0.0,Multiplicity:1.00
-nan	-nan	-nan	-nan
-nan	-nan	-nan	-nan
-nan	-nan	-nan	-nan
-nan	-nan	-nan	-nan
-nan	-nan	-nan	-nan
-nan	-nan	-nan	-nan
-nan	-nan	-nan	-nan
-nan	-nan	-nan	-nan
>GCCAATCS	24-GCCAATCS	-37.959082	0.000000	0	T:22075.0(100.00%),B:193811.0(100.00%),P:1e0	Tpos:148.7,Tstd:132.7,Bpos:3928.0,Bstd:13219.1,StrandBias:0.0,Multiplicity:1.38
0.001	0.001	0.997	0.001
0.001	0.997	0.001	0.001
0.001	0.624	0.374	0.001
0.997	0.001	0.001	0.001
0.749	0.001	0.001	0.249
0.001	0.001	0.001	0.997
0.001	0.997	0.001	0.001
0.001	0.499	0.499	0.001
>CTGTCTGG	25-CTGTCTGG	0.000000	0.000000	0	T:22075.0(100.00%),B:193811.0(100.00%),P:1e0
0.100	0.700	0.100	0.100
0.100	0.100	0.100	0.700
0.100	0.100	0.700	0.100
0.100	0.100	0.100	0.700
0.100	0.700	0.100	0.100
0.100	0.100	0.100	0.700
0.100	0.100	0.700	0.100
0.100	0.100	0.700	0.100
