>GAAAGGGAAA	1-GAAAGGGAAA	3.971573	-766.531784	0	T:9694.0(85.23%),B:129672.7(69.00%),P:1e-332	Tpos:93.6,Tstd:53.7,Bpos:4201.8,Bstd:15768.2,StrandBias:0.0,Multiplicity:1.59
0.161	0.228	0.562	0.049
0.579	0.108	0.209	0.104
0.486	0.109	0.308	0.096
0.570	0.022	0.345	0.063
0.216	0.003	0.539	0.242
0.054	0.001	0.893	0.052
0.176	0.126	0.680	0.018
0.614	0.138	0.192	0.056
0.770	0.066	0.098	0.066
0.556	0.147	0.242	0.055
>DRGRARDDRD	2-DRGRARDDRD	3.663783	-707.208204	0	T:10477.0(92.11%),B:148327.7(78.92%),P:1e-307	Tpos:93.0,Tstd:55.0,Bpos:4295.5,Bstd:16197.0,StrandBias:0.1,Multiplicity:1.43
0.358	0.080	0.350	0.212
0.351	0.001	0.458	0.190
0.360	0.012	0.627	0.001
0.386	0.207	0.406	0.001
0.656	0.001	0.342	0.001
0.516	0.001	0.406	0.077
0.314	0.148	0.317	0.221
0.266	0.148	0.350	0.236
0.350	0.004	0.398	0.248
0.283	0.162	0.350	0.205
>AAGRGGAAGT	3-AAGRGGAAGT	4.461273	-534.291751	0	T:7678.0(67.50%),B:97738.8(52.00%),P:1e-232	Tpos:93.3,Tstd:52.4,Bpos:4295.3,Bstd:17837.5,StrandBias:0.0,Multiplicity:1.64
0.412	0.205	0.204	0.178
0.494	0.040	0.234	0.232
0.193	0.214	0.519	0.074
0.299	0.161	0.396	0.143
0.060	0.039	0.810	0.091
0.092	0.080	0.718	0.110
0.629	0.130	0.155	0.086
0.868	0.020	0.043	0.069
0.206	0.211	0.485	0.098
0.047	0.248	0.106	0.599
>WDDTWTRRRR	4-WDDTWTRRRR	-0.211158	-512.950649	0	T:10681.0(93.91%),B:157606.8(83.86%),P:1e-222	Tpos:92.4,Tstd:56.1,Bpos:7102.0,Bstd:20385.3,StrandBias:0.0,Multiplicity:1.54
0.572	0.001	0.001	0.426
0.305	0.001	0.361	0.333
0.277	0.001	0.356	0.365
0.162	0.034	0.163	0.641
0.402	0.001	0.238	0.359
0.269	0.001	0.239	0.491
0.477	0.001	0.521	0.001
0.498	0.001	0.500	0.001
0.530	0.001	0.468	0.001
0.551	0.001	0.447	0.001
>CRYGTGTSWN	5-CRYGTGTSWN	4.545922	-495.079865	0	T:7364.0(64.74%),B:93462.8(49.73%),P:1e-215	Tpos:94.2,Tstd:49.3,Bpos:4095.9,Bstd:16287.9,StrandBias:0.0,Multiplicity:1.89
0.196	0.559	0.062	0.183
0.443	0.180	0.376	0.001
0.042	0.429	0.001	0.528
0.247	0.001	0.751	0.001
0.308	0.059	0.001	0.632
0.001	0.001	0.997	0.001
0.333	0.018	0.130	0.519
0.001	0.514	0.484	0.001
0.449	0.110	0.079	0.362
0.153	0.289	0.271	0.287
>GGGGAATTCC	6-GGGGAATTCC	7.351980	-465.738365	0	T:1241.0(10.91%),B:7390.5(3.93%),P:1e-202	Tpos:94.1,Tstd:45.9,Bpos:2340.2,Bstd:6990.9,StrandBias:0.1,Multiplicity:1.05
0.155	0.054	0.651	0.140
0.043	0.031	0.887	0.039
0.032	0.025	0.887	0.056
0.345	0.042	0.553	0.060
0.682	0.115	0.162	0.041
0.596	0.105	0.086	0.213
0.160	0.080	0.132	0.628
0.061	0.249	0.079	0.611
0.077	0.673	0.088	0.162
0.074	0.830	0.057	0.039
>TGWGWNWDSN	7-TGWGWNWDSN	3.859254	-324.220837	0	T:9992.0(87.85%),B:147482.7(78.47%),P:1e-140	Tpos:92.2,Tstd:53.6,Bpos:7593.9,Bstd:27179.3,StrandBias:0.0,Multiplicity:1.58
0.309	0.001	0.001	0.689
0.001	0.081	0.917	0.001
0.421	0.001	0.100	0.478
0.001	0.396	0.602	0.001
0.329	0.123	0.193	0.354
0.213	0.257	0.308	0.221
0.376	0.179	0.216	0.228
0.352	0.001	0.298	0.349
0.032	0.292	0.413	0.262
0.290	0.179	0.229	0.303
>GTGTGASWND	8-GTGTGASWND	4.164890	-292.601963	0	T:8726.0(76.72%),B:124222.2(66.10%),P:1e-127	Tpos:93.6,Tstd:53.0,Bpos:4235.7,Bstd:16070.1,StrandBias:-0.0,Multiplicity:1.51
0.263	0.130	0.606	0.001
0.192	0.001	0.001	0.806
0.001	0.030	0.968	0.001
0.211	0.001	0.112	0.676
0.001	0.316	0.682	0.001
0.512	0.001	0.141	0.346
0.109	0.368	0.417	0.106
0.278	0.101	0.224	0.397
0.252	0.191	0.258	0.299
0.366	0.172	0.233	0.229
>ATTCATTTAA	9-ATTCATTTAA	-11.270517	-278.133694	0	T:10074.0(88.57%),B:150629.2(80.15%),P:1e-120	Tpos:91.9,Tstd:55.1,Bpos:6069.8,Bstd:16953.9,StrandBias:-0.0,Multiplicity:1.71
0.997	0.001	0.001	0.001
0.001	0.076	0.001	0.922
0.001	0.001	0.001	0.997
0.001	0.934	0.001	0.064
0.997	0.001	0.001	0.001
0.012	0.001	0.001	0.986
0.001	0.001	0.001	0.997
0.001	0.001	0.001	0.997
0.747	0.065	0.187	0.001
0.747	0.077	0.117	0.059
>TGCCTGGAAA	10-TGCCTGGAAA	2.512553	-262.758660	0	T:11356.0(99.84%),B:182398.4(97.05%),P:1e-114	Tpos:94.0,Tstd:54.5,Bpos:2753.0,Bstd:12742.6,StrandBias:-0.0,Multiplicity:1.74
0.100	0.100	0.100	0.700
0.100	0.100	0.700	0.100
0.100	0.700	0.100	0.100
0.100	0.700	0.100	0.100
0.100	0.100	0.100	0.700
0.100	0.100	0.700	0.100
0.100	0.100	0.700	0.100
0.700	0.100	0.100	0.100
0.700	0.100	0.100	0.100
0.700	0.100	0.100	0.100
>DNDVWRTGTG	11-DNDVWRTGTG	3.854132	-219.951916	0	T:9213.0(81.00%),B:136026.6(72.38%),P:1e-95	Tpos:93.3,Tstd:53.4,Bpos:5097.2,Bstd:20051.0,StrandBias:0.0,Multiplicity:1.46
0.354	0.094	0.227	0.325
0.203	0.233	0.314	0.249
0.372	0.001	0.289	0.338
0.220	0.268	0.356	0.157
0.351	0.170	0.185	0.295
0.311	0.211	0.445	0.032
0.265	0.001	0.132	0.602
0.132	0.001	0.866	0.001
0.280	0.001	0.167	0.552
0.019	0.299	0.644	0.038
>TCACCTGATC	12-TCACCTGATC	2.512553	-181.027684	0	T:11344.0(99.74%),B:183328.8(97.54%),P:1e-78	Tpos:93.5,Tstd:53.4,Bpos:1959.5,Bstd:7435.4,StrandBias:0.0,Multiplicity:2.23
0.100	0.100	0.100	0.700
0.100	0.700	0.100	0.100
0.700	0.100	0.100	0.100
0.100	0.700	0.100	0.100
0.100	0.700	0.100	0.100
0.100	0.100	0.100	0.700
0.100	0.100	0.700	0.100
0.700	0.100	0.100	0.100
0.100	0.100	0.100	0.700
0.100	0.700	0.100	0.100
>CAAGTCCCAG	13-CAAGTCCCAG	2.512553	-163.894681	0	T:11371.0(99.97%),B:184945.0(98.40%),P:1e-71	Tpos:93.7,Tstd:55.9,Bpos:2389.7,Bstd:13376.0,StrandBias:-0.0,Multiplicity:1.75
0.100	0.700	0.100	0.100
0.700	0.100	0.100	0.100
0.700	0.100	0.100	0.100
0.100	0.100	0.700	0.100
0.100	0.100	0.100	0.700
0.100	0.700	0.100	0.100
0.100	0.700	0.100	0.100
0.100	0.700	0.100	0.100
0.700	0.100	0.100	0.100
0.100	0.100	0.700	0.100
>CTGAGTCACT	14-CTGAGTCACT	0.566642	-1.939168	0	T:11374.0(100.00%),B:187910.2(99.98%),P:1e0	Tpos:110.2,Tstd:47.6,Bpos:2878.4,Bstd:8174.8,StrandBias:0.0,Multiplicity:1.00
0.100	0.700	0.100	0.100
0.100	0.100	0.100	0.700
0.100	0.100	0.700	0.100
0.700	0.100	0.100	0.100
0.100	0.100	0.700	0.100
0.100	0.100	0.100	0.700
0.100	0.700	0.100	0.100
0.700	0.100	0.100	0.100
0.100	0.700	0.100	0.100
0.100	0.100	0.100	0.700
>CCCAGCAGGC	15-CCCAGCAGGC	0.566642	-1.469036	0	T:11374.0(100.00%),B:187918.2(99.99%),P:1e0	Tpos:93.8,Tstd:55.6,Bpos:1400.3,Bstd:8416.5,StrandBias:0.0,Multiplicity:2.17
0.100	0.700	0.100	0.100
0.100	0.700	0.100	0.100
0.100	0.700	0.100	0.100
0.700	0.100	0.100	0.100
0.100	0.100	0.700	0.100
0.100	0.700	0.100	0.100
0.700	0.100	0.100	0.100
0.100	0.100	0.700	0.100
0.100	0.100	0.700	0.100
0.100	0.700	0.100	0.100
>CTGAGTCATC	16-CTGAGTCATC	0.566642	-0.705114	0	T:11374.0(100.00%),B:187931.0(99.99%),P:1e0	Tpos:97.6,Tstd:61.6,Bpos:3055.7,Bstd:11428.2,StrandBias:-0.8,Multiplicity:1.00
0.100	0.700	0.100	0.100
0.100	0.100	0.100	0.700
0.100	0.100	0.700	0.100
0.700	0.100	0.100	0.100
0.100	0.100	0.700	0.100
0.100	0.100	0.100	0.700
0.100	0.700	0.100	0.100
0.700	0.100	0.100	0.100
0.100	0.100	0.100	0.700
0.100	0.700	0.100	0.100
>CTGAGTCACC	17-CTGAGTCACC	0.566642	-0.587592	0	T:11374.0(100.00%),B:187933.7(99.99%),P:1e0	Tpos:79.7,Tstd:54.2,Bpos:1721.8,Bstd:7183.9,StrandBias:0.3,Multiplicity:1.00
0.100	0.700	0.100	0.100
0.100	0.100	0.100	0.700
0.100	0.100	0.700	0.100
0.700	0.100	0.100	0.100
0.100	0.100	0.700	0.100
0.100	0.100	0.100	0.700
0.100	0.700	0.100	0.100
0.700	0.100	0.100	0.100
0.100	0.700	0.100	0.100
0.100	0.700	0.100	0.100
>GTGACTCAGC	18-GTGACTCAGC	0.000000	-0.235426	0	T:11373.0(99.99%),B:187929.6(99.99%),P:1e0
0.100	0.100	0.700	0.100
0.100	0.100	0.100	0.700
0.100	0.100	0.700	0.100
0.700	0.100	0.100	0.100
0.100	0.700	0.100	0.100
0.100	0.100	0.100	0.700
0.100	0.700	0.100	0.100
0.700	0.100	0.100	0.100
0.100	0.100	0.700	0.100
0.100	0.700	0.100	0.100
>TGMWGAGCCS	19-TGMWGAGCCS	10.054225	-0.000185	0	T:34.0(0.30%),B:981.8(0.52%),P:1e0	Tpos:109.0,Tstd:1.0,Bpos:202.2,Bstd:205.0,StrandBias:10.0,Multiplicity:1.00
0.001	0.276	0.174	0.549
0.001	0.001	0.997	0.001
0.412	0.451	0.136	0.001
0.408	0.170	0.001	0.420
0.001	0.001	0.997	0.001
0.863	0.001	0.135	0.001
0.001	0.135	0.863	0.001
0.001	0.863	0.135	0.001
0.001	0.824	0.001	0.174
0.136	0.417	0.311	0.136
>CKGCTCDTCV	20-CKGCTCDTCV	7.455028	-0.000000	0	T:163.0(1.43%),B:4157.3(2.21%),P:1e0	Tpos:196.0,Tstd:0.0,Bpos:445.5,Bstd:1068.8,StrandBias:10.0,Multiplicity:1.00
0.001	0.614	0.132	0.253
0.157	0.001	0.362	0.479
0.121	0.242	0.636	0.001
0.132	0.745	0.122	0.001
0.001	0.121	0.120	0.758
0.134	0.745	0.120	0.001
0.253	0.001	0.386	0.359
0.001	0.267	0.253	0.479
0.012	0.745	0.001	0.242
0.252	0.267	0.361	0.120
>BACCCHGGHG	21-BACCCHGGHG	7.062449	-0.000000	0	T:2112.0(18.57%),B:45618.6(24.27%),P:1e0	Tpos:97.1,Tstd:63.2,Bpos:1239.1,Bstd:3563.4,StrandBias:0.0,Multiplicity:1.00
0.016	0.337	0.348	0.300
0.616	0.001	0.365	0.018
0.001	0.616	0.382	0.001
0.001	0.966	0.032	0.001
0.001	0.649	0.001	0.349
0.315	0.334	0.051	0.300
0.348	0.001	0.635	0.016
0.001	0.017	0.934	0.048
0.318	0.349	0.001	0.333
0.034	0.299	0.666	0.001
>CGCASRSCTG	22-CGCASRSCTG	8.679278	-0.000000	0	T:252.0(2.22%),B:7344.7(3.91%),P:1e0	Tpos:79.5,Tstd:4.5,Bpos:305.9,Bstd:392.4,StrandBias:0.0,Multiplicity:1.00
0.001	0.527	0.157	0.315
0.168	0.001	0.829	0.002
0.040	0.958	0.001	0.001
0.516	0.325	0.001	0.158
0.001	0.472	0.526	0.001
0.356	0.158	0.476	0.010
0.001	0.483	0.476	0.040
0.001	0.802	0.040	0.157
0.157	0.316	0.001	0.526
0.001	0.001	0.958	0.040
>CTACAACTCC	23-CTACAACTCC	6.404373	-0.000000	0	T:1808.0(15.90%),B:36358.3(19.35%),P:1e0	Tpos:134.5,Tstd:23.5,Bpos:2564.8,Bstd:4518.3,StrandBias:0.0,Multiplicity:1.00
0.100	0.700	0.100	0.100
0.100	0.100	0.100	0.700
0.700	0.100	0.100	0.100
0.100	0.700	0.100	0.100
0.700	0.100	0.100	0.100
0.700	0.100	0.100	0.100
0.100	0.700	0.100	0.100
0.100	0.100	0.100	0.700
0.100	0.700	0.100	0.100
0.100	0.700	0.100	0.100
>ATGACTCAGC	24-ATGACTCAGC	-3.325178	0.000000	0	T:11374.0(100.00%),B:187944.0(100.00%),P:1e0	Tpos:93.2,Tstd:57.4,Bpos:6612.8,Bstd:25353.7,StrandBias:0.0,Multiplicity:1.40
0.700	0.100	0.100	0.100
0.100	0.100	0.100	0.700
0.100	0.100	0.700	0.100
0.700	0.100	0.100	0.100
0.100	0.700	0.100	0.100
0.100	0.100	0.100	0.700
0.100	0.700	0.100	0.100
0.700	0.100	0.100	0.100
0.100	0.100	0.700	0.100
0.100	0.700	0.100	0.100
>CAGCCCDGCV	25-CAGCCCDGCV	7.641062	0.000000	0	T:376.0(3.31%),B:10428.7(5.55%),P:1e0	Tpos:116.0,Tstd:0.0,Bpos:947.5,Bstd:801.5,StrandBias:-10.0,Multiplicity:1.00
0.010	0.640	0.030	0.320
0.611	0.001	0.359	0.029
0.001	0.339	0.659	0.001
0.001	0.679	0.310	0.010
0.030	0.618	0.001	0.351
0.330	0.658	0.011	0.001
0.310	0.010	0.370	0.310
0.010	0.319	0.659	0.012
0.319	0.650	0.001	0.030
0.339	0.310	0.341	0.010
