>ATGAGTCA	1-ATGAGTCA	7.144220	-914.890716	0	T:1735.0(15.25%),B:8252.8(4.39%),P:1e-397	Tpos:95.2,Tstd:49.3,Bpos:3528.7,Bstd:8919.3,StrandBias:0.0,Multiplicity:1.22
0.578	0.214	0.166	0.042
0.001	0.001	0.001	0.997
0.001	0.001	0.976	0.022
0.978	0.001	0.001	0.020
0.036	0.237	0.681	0.046
0.001	0.001	0.001	0.997
0.016	0.982	0.001	0.001
0.997	0.001	0.001	0.001
>GGAAAGGA	2-GGAAAGGA	-7.000885	-615.072531	0	T:11190.0(98.38%),B:169590.9(90.23%),P:1e-267	Tpos:94.5,Tstd:55.3,Bpos:2320.9,Bstd:11862.5,StrandBias:-0.0,Multiplicity:1.70
0.001	0.001	0.997	0.001
0.001	0.001	0.997	0.001
0.997	0.001	0.001	0.001
0.997	0.001	0.001	0.001
0.983	0.001	0.015	0.001
0.001	0.001	0.997	0.001
0.060	0.001	0.938	0.001
0.997	0.001	0.001	0.001
>ACWGTSTY	3-ACWGTSTY	-1.529861	-432.360702	0	T:11011.0(96.81%),B:167868.7(89.32%),P:1e-187	Tpos:92.4,Tstd:54.1,Bpos:3617.3,Bstd:16033.2,StrandBias:-0.0,Multiplicity:1.54
0.997	0.001	0.001	0.001
0.079	0.873	0.001	0.047
0.488	0.001	0.001	0.510
0.001	0.361	0.637	0.001
0.001	0.001	0.001	0.997
0.071	0.535	0.386	0.008
0.001	0.126	0.001	0.872
0.001	0.574	0.001	0.424
>WAATYCHW	4-WAATYCHW	2.402707	-411.723152	0	T:9391.0(82.57%),B:132801.1(70.66%),P:1e-178	Tpos:93.7,Tstd:54.0,Bpos:8479.1,Bstd:29609.7,StrandBias:-0.0,Multiplicity:1.69
0.458	0.012	0.201	0.329
0.526	0.213	0.061	0.200
0.567	0.084	0.053	0.296
0.300	0.160	0.065	0.475
0.172	0.264	0.155	0.409
0.046	0.517	0.202	0.235
0.323	0.352	0.001	0.323
0.366	0.164	0.193	0.276
>RTCACGTG	5-RTCACGTG	3.507555	-388.866855	0	T:7159.0(62.94%),B:93262.3(49.62%),P:1e-168	Tpos:93.5,Tstd:49.9,Bpos:3320.0,Bstd:11107.9,StrandBias:0.0,Multiplicity:1.68
0.335	0.196	0.392	0.076
0.126	0.200	0.145	0.529
0.001	0.944	0.048	0.007
0.921	0.027	0.015	0.037
0.007	0.727	0.001	0.265
0.309	0.001	0.648	0.042
0.045	0.031	0.035	0.889
0.030	0.019	0.950	0.001
>ATGTGACT	6-ATGTGACT	0.566979	-321.530275	0	T:8035.0(70.64%),B:110737.9(58.92%),P:1e-139	Tpos:92.9,Tstd:53.5,Bpos:6935.7,Bstd:23088.8,StrandBias:-0.0,Multiplicity:1.66
0.997	0.001	0.001	0.001
0.001	0.154	0.001	0.844
0.296	0.001	0.702	0.001
0.001	0.001	0.001	0.997
0.001	0.001	0.997	0.001
0.431	0.178	0.191	0.199
0.309	0.496	0.122	0.072
0.224	0.072	0.001	0.703
>AAAAAAAA	7-AAAAAAAA	-8.741542	-303.508004	0	T:9477.0(83.32%),B:137945.2(73.40%),P:1e-131	Tpos:92.7,Tstd:55.4,Bpos:6340.0,Bstd:22504.9,StrandBias:0.0,Multiplicity:1.60
0.997	0.001	0.001	0.001
0.946	0.052	0.001	0.001
0.997	0.001	0.001	0.001
0.997	0.001	0.001	0.001
0.947	0.001	0.051	0.001
0.997	0.001	0.001	0.001
0.997	0.001	0.001	0.001
0.947	0.001	0.001	0.051
>ATGAHTYA	8-ATGAHTYA	-0.222047	-264.600288	0	T:8473.0(74.49%),B:120687.1(64.21%),P:1e-114	Tpos:93.4,Tstd:54.5,Bpos:6162.9,Bstd:17434.1,StrandBias:0.0,Multiplicity:1.64
0.609	0.001	0.389	0.001
0.001	0.001	0.001	0.997
0.198	0.001	0.800	0.001
0.593	0.001	0.001	0.405
0.287	0.334	0.048	0.331
0.405	0.001	0.001	0.593
0.001	0.497	0.001	0.501
0.517	0.001	0.365	0.117
>ATGGGAAA	9-ATGGGAAA	2.399224	-220.504646	0	T:11345.0(99.75%),B:182642.3(97.18%),P:1e-95	Tpos:93.6,Tstd:53.8,Bpos:2883.8,Bstd:13076.6,StrandBias:-0.0,Multiplicity:3.27
0.700	0.100	0.100	0.100
0.100	0.100	0.100	0.700
0.100	0.100	0.700	0.100
0.100	0.100	0.700	0.100
0.100	0.100	0.700	0.100
0.700	0.100	0.100	0.100
0.700	0.100	0.100	0.100
0.700	0.100	0.100	0.100
>MATTWTAW	10-MATTWTAW	-1.451621	-146.144388	0	T:8265.0(72.67%),B:122259.6(65.05%),P:1e-63	Tpos:92.5,Tstd:55.8,Bpos:6970.0,Bstd:18026.1,StrandBias:0.0,Multiplicity:1.87
0.340	0.457	0.001	0.202
0.997	0.001	0.001	0.001
0.001	0.001	0.001	0.997
0.127	0.001	0.170	0.702
0.415	0.001	0.213	0.371
0.320	0.001	0.127	0.552
0.787	0.001	0.001	0.211
0.552	0.001	0.001	0.446
>CATACACA	11-CATACACA	3.256725	-115.014243	0	T:7557.0(66.44%),B:111717.9(59.44%),P:1e-49	Tpos:94.1,Tstd:52.5,Bpos:6819.5,Bstd:22205.8,StrandBias:-0.0,Multiplicity:1.69
0.125	0.521	0.225	0.129
0.713	0.051	0.001	0.235
0.001	0.408	0.001	0.590
0.456	0.001	0.248	0.295
0.025	0.685	0.015	0.275
0.938	0.056	0.005	0.001
0.087	0.536	0.001	0.376
0.896	0.020	0.001	0.083
>CCTGCTTT	12-CCTGCTTT	2.399224	-64.581431	0	T:11374.0(100.00%),B:186847.1(99.42%),P:1e-28	Tpos:93.4,Tstd:54.5,Bpos:2213.0,Bstd:9846.9,StrandBias:-0.0,Multiplicity:2.72
0.100	0.700	0.100	0.100
0.100	0.700	0.100	0.100
0.100	0.100	0.100	0.700
0.100	0.100	0.700	0.100
0.100	0.700	0.100	0.100
0.100	0.100	0.100	0.700
0.100	0.100	0.100	0.700
0.100	0.100	0.100	0.700
>TGGGTGGA	13-TGGGTGGA	2.399224	-57.748784	0	T:11373.0(99.99%),B:186893.3(99.44%),P:1e-25	Tpos:93.5,Tstd:55.1,Bpos:1905.2,Bstd:9854.3,StrandBias:0.0,Multiplicity:2.15
0.100	0.100	0.100	0.700
0.100	0.100	0.700	0.100
0.100	0.100	0.700	0.100
0.100	0.100	0.700	0.100
0.100	0.100	0.100	0.700
0.100	0.100	0.700	0.100
0.100	0.100	0.700	0.100
0.700	0.100	0.100	0.100
>GSGCCCCC	14-GSGCCCCC	-16.464421	-3.937444	0	T:11374.0(100.00%),B:187876.4(99.96%),P:1e-1	Tpos:92.1,Tstd:56.5,Bpos:2334.7,Bstd:13615.0,StrandBias:-0.0,Multiplicity:1.46
0.001	0.001	0.997	0.001
0.001	0.547	0.419	0.033
0.001	0.001	0.997	0.001
0.001	0.997	0.001	0.001
0.001	0.997	0.001	0.001
0.001	0.964	0.002	0.033
0.001	0.997	0.001	0.001
0.001	0.585	0.413	0.001
>VACTACWK	15-VACTACWK	8.382440	-0.069388	0	T:58.0(0.51%),B:1159.0(0.62%),P:1e0	Tpos:92.8,Tstd:71.3,Bpos:3919.6,Bstd:6586.3,StrandBias:1.6,Multiplicity:1.00
0.376	0.368	0.256	0.001
0.997	0.001	0.001	0.001
0.001	0.997	0.001	0.001
0.001	0.255	0.001	0.743
0.997	0.001	0.001	0.001
0.001	0.997	0.001	0.001
0.496	0.120	0.001	0.384
0.120	0.001	0.392	0.487
>CTCAGAGG	16-CTCAGAGG	0.453314	-0.058758	0	T:11374.0(100.00%),B:187942.9(100.00%),P:1e0	Tpos:94.0,Tstd:55.6,Bpos:1847.3,Bstd:9604.0,StrandBias:0.0,Multiplicity:2.33
0.100	0.700	0.100	0.100
0.100	0.100	0.100	0.700
0.100	0.700	0.100	0.100
0.700	0.100	0.100	0.100
0.100	0.100	0.700	0.100
0.700	0.100	0.100	0.100
0.100	0.100	0.700	0.100
0.100	0.100	0.700	0.100
>SAACWGSH	17-SAACWGSH	6.984777	-0.000113	0	T:92.0(0.81%),B:2190.2(1.17%),P:1e0	Tpos:122.0,Tstd:52.3,Bpos:2491.9,Bstd:6678.8,StrandBias:1.0,Multiplicity:1.00
0.001	0.528	0.470	0.001
0.730	0.001	0.001	0.268
0.674	0.159	0.166	0.001
0.001	0.892	0.106	0.001
0.528	0.001	0.001	0.470
0.103	0.001	0.686	0.210
0.001	0.525	0.473	0.001
0.260	0.366	0.001	0.374
>DGWWSWKS	18-DGWWSWKS	4.729228	-0.000001	0	T:37.0(0.33%),B:1237.7(0.66%),P:1e0	Tpos:159.5,Tstd:36.5,Bpos:1626.1,Bstd:3249.5,StrandBias:10.0,Multiplicity:1.00
0.365	0.001	0.300	0.334
0.001	0.300	0.698	0.001
0.467	0.001	0.001	0.531
0.399	0.068	0.133	0.401
0.132	0.367	0.500	0.001
0.398	0.201	0.035	0.366
0.198	0.034	0.331	0.437
0.165	0.368	0.366	0.101
>KSHWGCAS	19-KSHWGCAS	5.811028	-0.000000	0	T:573.0(5.04%),B:12003.5(6.39%),P:1e0	Tpos:102.6,Tstd:53.9,Bpos:2226.5,Bstd:4294.4,StrandBias:0.6,Multiplicity:1.00
0.208	0.001	0.417	0.374
0.001	0.539	0.459	0.001
0.373	0.248	0.001	0.378
0.495	0.001	0.001	0.503
0.001	0.207	0.791	0.001
0.001	0.538	0.205	0.256
0.582	0.001	0.001	0.416
0.001	0.454	0.544	0.001
>DKCKGGCT	20-DKCKGGCT	6.308788	-0.000000	0	T:216.0(1.90%),B:6516.6(3.47%),P:1e0	Tpos:115.8,Tstd:64.4,Bpos:1226.7,Bstd:2739.8,StrandBias:-0.6,Multiplicity:1.00
0.313	0.001	0.379	0.307
0.001	0.001	0.497	0.501
0.001	0.614	0.001	0.384
0.001	0.001	0.564	0.434
0.184	0.001	0.621	0.194
0.001	0.001	0.813	0.185
0.001	0.490	0.257	0.252
0.001	0.374	0.001	0.624
>STCTTSTK	21-STCTTSTK	8.989884	-0.000000	0	T:651.0(5.72%),B:15803.3(8.41%),P:1e0	Tpos:141.2,Tstd:40.4,Bpos:4211.4,Bstd:6190.7,StrandBias:1.6,Multiplicity:1.00
0.001	0.499	0.499	0.001
0.001	0.001	0.001	0.997
0.001	0.997	0.001	0.001
0.001	0.001	0.001	0.997
0.001	0.001	0.001	0.997
0.001	0.499	0.499	0.001
0.001	0.001	0.001	0.997
0.001	0.001	0.499	0.499
>ATGGAGGG	22-ATGGAGGG	9.508875	-0.000000	0	T:183.0(1.61%),B:4788.9(2.55%),P:1e0	Tpos:142.5,Tstd:3.5,Bpos:3028.0,Bstd:3932.9,StrandBias:0.0,Multiplicity:1.00
0.831	0.084	0.084	0.001
0.001	0.001	0.001	0.997
0.001	0.001	0.997	0.001
0.001	0.001	0.997	0.001
0.997	0.001	0.001	0.001
0.001	0.001	0.997	0.001
0.001	0.001	0.997	0.001
0.001	0.001	0.746	0.252
>MASARGHY	23-MASARGHY	6.166727	-0.000000	0	T:141.0(1.24%),B:3909.4(2.08%),P:1e0	Tpos:44.0,Tstd:0.0,Bpos:1954.0,Bstd:3434.6,StrandBias:10.0,Multiplicity:1.00
0.391	0.303	0.171	0.135
0.997	0.001	0.001	0.001
0.001	0.472	0.526	0.001
0.604	0.001	0.001	0.394
0.258	0.131	0.388	0.222
0.001	0.001	0.997	0.001
0.388	0.301	0.001	0.310
0.001	0.436	0.261	0.302
>AGCTSSTC	24-AGCTSSTC	9.278567	-0.000000	0	T:499.0(4.39%),B:12973.6(6.90%),P:1e0	Tpos:105.4,Tstd:31.6,Bpos:2316.0,Bstd:8098.8,StrandBias:-0.6,Multiplicity:1.00
0.666	0.001	0.001	0.332
0.001	0.001	0.997	0.001
0.001	0.997	0.001	0.001
0.001	0.001	0.001	0.997
0.001	0.499	0.499	0.001
0.001	0.499	0.499	0.001
0.001	0.001	0.001	0.997
0.001	0.997	0.001	0.001
>NNNNNNNN	25-NNNNNNNN	-nan	0.000000	0	T:0.0(0.00%),B:0.0(0.00%),P:1e0	Tpos:0.0,Tstd:0.0,Bpos:0.0,Bstd:0.0,StrandBias:0.0,Multiplicity:1.00
-nan	-nan	-nan	-nan
-nan	-nan	-nan	-nan
-nan	-nan	-nan	-nan
-nan	-nan	-nan	-nan
-nan	-nan	-nan	-nan
-nan	-nan	-nan	-nan
-nan	-nan	-nan	-nan
-nan	-nan	-nan	-nan
