>TGASTCAYNGBN	1-TGASTCAYNGBN	4.352182	-888.942622	0	T:1553.0(13.65%),B:6856.7(3.65%),P:1e-386	Tpos:95.1,Tstd:47.9,Bpos:3159.2,Bstd:8632.3,StrandBias:-0.0,Multiplicity:2.19
0.001	0.001	0.001	0.997
0.001	0.001	0.997	0.001
0.997	0.001	0.001	0.001
0.001	0.459	0.539	0.001
0.001	0.001	0.001	0.997
0.001	0.997	0.001	0.001
0.997	0.001	0.001	0.001
0.001	0.412	0.260	0.327
0.311	0.177	0.260	0.252
0.221	0.172	0.543	0.064
0.124	0.278	0.357	0.241
0.166	0.295	0.286	0.253
>SWCMBCAGRGGR	2-SWCMBCAGRGGR	1.316544	-683.711534	0	T:10749.0(94.51%),B:155546.2(82.76%),P:1e-296	Tpos:92.9,Tstd:53.8,Bpos:3991.9,Bstd:18305.4,StrandBias:-0.0,Multiplicity:1.47
0.198	0.293	0.436	0.074
0.354	0.167	0.190	0.288
0.162	0.512	0.325	0.001
0.316	0.369	0.103	0.213
0.138	0.264	0.357	0.241
0.001	0.970	0.028	0.001
0.604	0.001	0.001	0.394
0.001	0.001	0.997	0.001
0.346	0.001	0.454	0.199
0.001	0.001	0.997	0.001
0.308	0.129	0.562	0.001
0.478	0.001	0.520	0.001
>NGGGGAATTCCC	3-NGGGGAATTCCC	7.861487	-583.723392	0	T:885.0(7.78%),B:3353.0(1.78%),P:1e-253	Tpos:95.7,Tstd:44.4,Bpos:2233.2,Bstd:6404.9,StrandBias:-0.1,Multiplicity:1.04
0.270	0.233	0.259	0.238
0.247	0.104	0.424	0.225
0.001	0.001	0.958	0.040
0.001	0.001	0.955	0.043
0.314	0.001	0.684	0.001
0.467	0.161	0.291	0.082
0.465	0.148	0.083	0.304
0.313	0.075	0.150	0.463
0.146	0.254	0.141	0.459
0.100	0.585	0.093	0.222
0.050	0.948	0.001	0.001
0.170	0.601	0.065	0.164
>NNDGSCWGBNNN	4-NNDGSCWGBNNN	3.981904	-547.953832	0	T:10866.0(95.53%),B:161477.1(85.92%),P:1e-237	Tpos:93.4,Tstd:54.3,Bpos:2606.4,Bstd:8657.7,StrandBias:-0.0,Multiplicity:1.49
0.195	0.298	0.272	0.235
0.236	0.292	0.272	0.200
0.356	0.001	0.315	0.328
0.233	0.001	0.765	0.001
0.130	0.404	0.465	0.001
0.001	0.997	0.001	0.001
0.398	0.121	0.001	0.479
0.010	0.001	0.601	0.388
0.161	0.287	0.338	0.214
0.217	0.299	0.279	0.205
0.232	0.248	0.283	0.236
0.186	0.306	0.225	0.282
>KDKGTGGRAARR	5-KDKGTGGRAARR	3.795335	-541.831676	0	T:10057.0(88.42%),B:142758.9(75.96%),P:1e-235	Tpos:92.5,Tstd:53.7,Bpos:5451.2,Bstd:20012.6,StrandBias:0.0,Multiplicity:1.46
0.204	0.083	0.396	0.316
0.314	0.129	0.338	0.219
0.233	0.058	0.287	0.423
0.161	0.095	0.602	0.142
0.263	0.018	0.089	0.630
0.038	0.001	0.877	0.084
0.104	0.079	0.776	0.041
0.358	0.134	0.375	0.133
0.656	0.151	0.145	0.048
0.729	0.047	0.134	0.090
0.421	0.086	0.472	0.020
0.339	0.037	0.423	0.202
>AAAGRGGAAGTG	6-AAAGRGGAAGTG	2.815979	-503.136765	0	T:7581.0(66.65%),B:96950.5(51.58%),P:1e-218	Tpos:94.3,Tstd:52.3,Bpos:4678.2,Bstd:18908.3,StrandBias:0.0,Multiplicity:1.64
0.478	0.158	0.182	0.183
0.525	0.183	0.167	0.125
0.590	0.001	0.257	0.152
0.170	0.149	0.680	0.001
0.453	0.136	0.410	0.001
0.066	0.001	0.932	0.001
0.001	0.028	0.970	0.001
0.997	0.001	0.001	0.001
0.997	0.001	0.001	0.001
0.141	0.136	0.722	0.001
0.001	0.191	0.028	0.780
0.276	0.146	0.436	0.143
>TCTCYCTCTCTC	7-TCTCYCTCTCTC	4.067586	-475.176750	0	T:8833.0(77.66%),B:120249.6(63.98%),P:1e-206	Tpos:94.0,Tstd:53.6,Bpos:3399.0,Bstd:13586.2,StrandBias:0.0,Multiplicity:1.50
0.174	0.214	0.030	0.582
0.022	0.576	0.032	0.370
0.161	0.263	0.034	0.542
0.015	0.938	0.020	0.027
0.138	0.396	0.013	0.454
0.031	0.632	0.037	0.300
0.030	0.245	0.016	0.709
0.020	0.564	0.032	0.384
0.029	0.365	0.028	0.578
0.037	0.549	0.110	0.304
0.018	0.399	0.013	0.570
0.027	0.524	0.242	0.207
>NNRYCACGTGRY	8-NNRYCACGTGRY	5.147099	-404.395576	0	T:3773.0(33.17%),B:40058.5(21.31%),P:1e-175	Tpos:92.5,Tstd:48.3,Bpos:3905.5,Bstd:12341.8,StrandBias:0.0,Multiplicity:1.20
0.264	0.205	0.250	0.280
0.255	0.191	0.261	0.293
0.371	0.116	0.405	0.107
0.149	0.275	0.177	0.400
0.001	0.997	0.001	0.001
0.887	0.001	0.001	0.111
0.001	0.562	0.037	0.400
0.367	0.033	0.599	0.001
0.120	0.001	0.001	0.878
0.001	0.001	0.997	0.001
0.393	0.160	0.306	0.140
0.116	0.410	0.156	0.317
>VNCWNCWBNHCW	9-VNCWNCWBNHCW	3.728582	-373.115895	0	T:10367.0(91.15%),B:153942.8(81.91%),P:1e-162	Tpos:92.2,Tstd:54.0,Bpos:4736.3,Bstd:17522.2,StrandBias:-0.0,Multiplicity:1.47
0.300	0.313	0.358	0.029
0.232	0.278	0.255	0.235
0.077	0.777	0.078	0.068
0.457	0.025	0.022	0.496
0.220	0.237	0.302	0.240
0.060	0.775	0.096	0.069
0.454	0.044	0.033	0.469
0.015	0.273	0.339	0.374
0.182	0.254	0.320	0.243
0.308	0.323	0.033	0.336
0.105	0.711	0.086	0.098
0.490	0.047	0.016	0.447
>CWVAARVAHNCA	10-CWVAARVAHNCA	2.653643	-353.781122	0	T:11130.0(97.85%),B:172903.6(92.00%),P:1e-153	Tpos:91.8,Tstd:55.6,Bpos:7389.7,Bstd:23719.6,StrandBias:0.0,Multiplicity:1.57
0.140	0.857	0.002	0.001
0.428	0.153	0.005	0.413
0.224	0.314	0.337	0.126
0.430	0.276	0.207	0.086
0.754	0.001	0.210	0.035
0.419	0.127	0.272	0.182
0.217	0.354	0.278	0.150
0.475	0.266	0.114	0.146
0.328	0.320	0.103	0.250
0.258	0.308	0.233	0.201
0.290	0.630	0.074	0.006
0.763	0.049	0.002	0.186
>DACACACACACA	11-DACACACACACA	3.287071	-234.012621	0	T:9049.0(79.56%),B:132413.4(70.45%),P:1e-101	Tpos:93.1,Tstd:53.2,Bpos:5792.9,Bstd:21647.0,StrandBias:-0.0,Multiplicity:1.45
0.242	0.160	0.270	0.328
0.578	0.151	0.135	0.136
0.134	0.645	0.134	0.087
0.611	0.154	0.093	0.142
0.119	0.644	0.141	0.096
0.633	0.151	0.094	0.122
0.135	0.626	0.145	0.094
0.618	0.161	0.095	0.126
0.112	0.647	0.143	0.098
0.637	0.152	0.094	0.117
0.122	0.641	0.133	0.104
0.394	0.234	0.165	0.207
>NMADDKKKBCHN	12-NMADDKKKBCHN	-1.565654	-151.662928	0	T:11327.0(99.59%),B:183252.5(97.50%),P:1e-65	Tpos:92.6,Tstd:55.9,Bpos:7256.9,Bstd:21988.2,StrandBias:0.0,Multiplicity:1.56
0.231	0.247	0.325	0.196
0.447	0.551	0.001	0.001
0.997	0.001	0.001	0.001
0.324	0.001	0.359	0.315
0.328	0.001	0.367	0.304
0.234	0.001	0.427	0.338
0.220	0.001	0.352	0.427
0.242	0.025	0.331	0.402
0.001	0.335	0.395	0.269
0.220	0.472	0.001	0.307
0.379	0.324	0.001	0.296
0.296	0.195	0.216	0.293
>CGCGCGCACRCA	13-CGCGCGCACRCA	1.572043	-116.085860	0	T:8148.0(71.64%),B:121864.9(64.84%),P:1e-50	Tpos:94.7,Tstd:54.5,Bpos:687.1,Bstd:3402.8,StrandBias:-0.0,Multiplicity:2.46
0.001	0.592	0.381	0.026
0.001	0.090	0.908	0.001
0.001	0.936	0.012	0.051
0.001	0.001	0.997	0.001
0.162	0.576	0.195	0.067
0.001	0.001	0.997	0.001
0.123	0.485	0.273	0.120
0.611	0.107	0.063	0.219
0.101	0.776	0.110	0.013
0.432	0.122	0.330	0.116
0.084	0.547	0.258	0.111
0.619	0.162	0.144	0.075
>GTGTGTGTGTGT	14-GTGTGTGTGTGT	2.432362	-59.003775	0	T:6285.0(55.26%),B:94275.5(50.16%),P:1e-25	Tpos:94.6,Tstd:49.8,Bpos:2988.9,Bstd:11390.7,StrandBias:0.1,Multiplicity:1.56
0.106	0.059	0.799	0.036
0.054	0.106	0.060	0.780
0.031	0.040	0.914	0.015
0.079	0.108	0.038	0.775
0.037	0.056	0.895	0.012
0.055	0.099	0.046	0.800
0.028	0.052	0.901	0.019
0.061	0.072	0.076	0.791
0.039	0.031	0.916	0.014
0.056	0.090	0.049	0.805
0.037	0.041	0.880	0.042
0.068	0.104	0.081	0.747
>SSSSBSBCBSRG	15-SSSSBSBCBSRG	-2.171097	-53.330840	0	T:11368.0(99.95%),B:186715.2(99.35%),P:1e-23	Tpos:92.8,Tstd:56.2,Bpos:1116.5,Bstd:6433.6,StrandBias:0.0,Multiplicity:1.66
0.142	0.442	0.415	0.001
0.001	0.420	0.344	0.235
0.191	0.344	0.295	0.169
0.202	0.284	0.415	0.098
0.175	0.350	0.251	0.224
0.185	0.382	0.431	0.001
0.164	0.328	0.301	0.208
0.001	0.997	0.001	0.001
0.001	0.350	0.333	0.316
0.001	0.415	0.421	0.164
0.322	0.001	0.415	0.262
0.218	0.300	0.480	0.001
>AGAGARRSCMNV	16-AGAGARRSCMNV	7.547606	-3.965247	0	T:42.0(0.37%),B:484.6(0.26%),P:1e-1	Tpos:90.8,Tstd:48.1,Bpos:2140.5,Bstd:3509.9,StrandBias:0.4,Multiplicity:1.17
0.496	0.042	0.316	0.146
0.209	0.057	0.697	0.037
0.454	0.042	0.283	0.221
0.334	0.050	0.582	0.034
0.835	0.048	0.068	0.049
0.460	0.171	0.326	0.043
0.404	0.134	0.293	0.168
0.062	0.406	0.340	0.191
0.061	0.661	0.048	0.230
0.464	0.319	0.033	0.184
0.216	0.318	0.209	0.258
0.361	0.270	0.223	0.146
>NDGVCAGCAGAG	17-NDGVCAGCAGAG	7.998338	-2.569055	0	T:7.0(0.06%),B:58.9(0.03%),P:1e-1	Tpos:106.7,Tstd:45.0,Bpos:719.6,Bstd:1610.1,StrandBias:-1.0,Multiplicity:1.00
0.289	0.297	0.230	0.184
0.422	0.012	0.280	0.286
0.270	0.010	0.498	0.221
0.209	0.327	0.309	0.156
0.198	0.599	0.013	0.190
0.579	0.120	0.015	0.286
0.161	0.177	0.413	0.248
0.146	0.658	0.181	0.015
0.625	0.014	0.014	0.347
0.017	0.322	0.652	0.009
0.459	0.019	0.252	0.270
0.172	0.082	0.493	0.253
>GSMATCYGCAGG	18-GSMATCYGCAGG	10.106325	-0.001868	0	T:25.0(0.22%),B:702.0(0.37%),P:1e0	Tpos:101.7,Tstd:45.2,Bpos:1130.0,Bstd:0.0,StrandBias:-1.0,Multiplicity:1.00
0.230	0.001	0.768	0.001
0.009	0.529	0.461	0.001
0.462	0.478	0.001	0.058
0.469	0.231	0.001	0.299
0.001	0.230	0.241	0.528
0.001	0.759	0.232	0.008
0.010	0.461	0.001	0.528
0.001	0.068	0.923	0.008
0.232	0.520	0.247	0.001
0.520	0.239	0.001	0.240
0.001	0.001	0.997	0.001
0.001	0.299	0.699	0.001
>NNNNNNNNNNNN	19-NNNNNNNNNNNN	-nan	0.000000	0	T:0.0(0.00%),B:0.0(0.00%),P:1e0	Tpos:0.0,Tstd:0.0,Bpos:0.0,Bstd:0.0,StrandBias:0.0,Multiplicity:1.00
-nan	-nan	-nan	-nan
-nan	-nan	-nan	-nan
-nan	-nan	-nan	-nan
-nan	-nan	-nan	-nan
-nan	-nan	-nan	-nan
-nan	-nan	-nan	-nan
-nan	-nan	-nan	-nan
-nan	-nan	-nan	-nan
-nan	-nan	-nan	-nan
-nan	-nan	-nan	-nan
-nan	-nan	-nan	-nan
-nan	-nan	-nan	-nan
>NNNNNNNNNNNN	20-NNNNNNNNNNNN	-nan	0.000000	0	T:0.0(0.00%),B:0.0(0.00%),P:1e0	Tpos:0.0,Tstd:0.0,Bpos:0.0,Bstd:0.0,StrandBias:0.0,Multiplicity:1.00
-nan	-nan	-nan	-nan
-nan	-nan	-nan	-nan
-nan	-nan	-nan	-nan
-nan	-nan	-nan	-nan
-nan	-nan	-nan	-nan
-nan	-nan	-nan	-nan
-nan	-nan	-nan	-nan
-nan	-nan	-nan	-nan
-nan	-nan	-nan	-nan
-nan	-nan	-nan	-nan
-nan	-nan	-nan	-nan
-nan	-nan	-nan	-nan
>NNNNNNNNNNNN	21-NNNNNNNNNNNN	-nan	0.000000	0	T:0.0(0.00%),B:0.0(0.00%),P:1e0	Tpos:0.0,Tstd:0.0,Bpos:0.0,Bstd:0.0,StrandBias:0.0,Multiplicity:1.00
-nan	-nan	-nan	-nan
-nan	-nan	-nan	-nan
-nan	-nan	-nan	-nan
-nan	-nan	-nan	-nan
-nan	-nan	-nan	-nan
-nan	-nan	-nan	-nan
-nan	-nan	-nan	-nan
-nan	-nan	-nan	-nan
-nan	-nan	-nan	-nan
-nan	-nan	-nan	-nan
-nan	-nan	-nan	-nan
-nan	-nan	-nan	-nan
>NNNNNNNNNNNN	22-NNNNNNNNNNNN	-nan	0.000000	0	T:0.0(0.00%),B:0.0(0.00%),P:1e0	Tpos:0.0,Tstd:0.0,Bpos:0.0,Bstd:0.0,StrandBias:0.0,Multiplicity:1.00
-nan	-nan	-nan	-nan
-nan	-nan	-nan	-nan
-nan	-nan	-nan	-nan
-nan	-nan	-nan	-nan
-nan	-nan	-nan	-nan
-nan	-nan	-nan	-nan
-nan	-nan	-nan	-nan
-nan	-nan	-nan	-nan
-nan	-nan	-nan	-nan
-nan	-nan	-nan	-nan
-nan	-nan	-nan	-nan
-nan	-nan	-nan	-nan
>NNNNNNNNNNNN	23-NNNNNNNNNNNN	-nan	0.000000	0	T:0.0(0.00%),B:0.0(0.00%),P:1e0	Tpos:0.0,Tstd:0.0,Bpos:0.0,Bstd:0.0,StrandBias:0.0,Multiplicity:1.00
-nan	-nan	-nan	-nan
-nan	-nan	-nan	-nan
-nan	-nan	-nan	-nan
-nan	-nan	-nan	-nan
-nan	-nan	-nan	-nan
-nan	-nan	-nan	-nan
-nan	-nan	-nan	-nan
-nan	-nan	-nan	-nan
-nan	-nan	-nan	-nan
-nan	-nan	-nan	-nan
-nan	-nan	-nan	-nan
-nan	-nan	-nan	-nan
>NNNNNNNNNNNN	24-NNNNNNNNNNNN	-nan	0.000000	0	T:0.0(0.00%),B:0.0(0.00%),P:1e0	Tpos:0.0,Tstd:0.0,Bpos:0.0,Bstd:0.0,StrandBias:0.0,Multiplicity:1.00
-nan	-nan	-nan	-nan
-nan	-nan	-nan	-nan
-nan	-nan	-nan	-nan
-nan	-nan	-nan	-nan
-nan	-nan	-nan	-nan
-nan	-nan	-nan	-nan
-nan	-nan	-nan	-nan
-nan	-nan	-nan	-nan
-nan	-nan	-nan	-nan
-nan	-nan	-nan	-nan
-nan	-nan	-nan	-nan
-nan	-nan	-nan	-nan
>MTGCTVTTAHAT	25-MTGCTVTTAHAT	-11.237512	0.000000	0	T:11374.0(100.00%),B:187944.0(100.00%),P:1e0	Tpos:93.3,Tstd:56.8,Bpos:6100.5,Bstd:20697.5,StrandBias:0.0,Multiplicity:1.39
0.385	0.436	0.154	0.025
0.001	0.001	0.001	0.997
0.001	0.101	0.897	0.001
0.257	0.436	0.051	0.256
0.104	0.179	0.001	0.716
0.358	0.232	0.307	0.103
0.281	0.102	0.001	0.616
0.205	0.077	0.205	0.513
0.412	0.128	0.256	0.204
0.309	0.232	0.153	0.306
0.589	0.129	0.001	0.281
0.362	0.001	0.051	0.586
