>GAAAGGGAAA	1-GAAAGGGAAA	3.971573	-766.531784	0	T:9694.0(85.23%),B:129672.7(69.00%),P:1e-332	Tpos:93.6,Tstd:53.7,Bpos:4201.8,Bstd:15768.2,StrandBias:0.0,Multiplicity:1.59
0.161	0.228	0.562	0.049
0.579	0.108	0.209	0.104
0.486	0.109	0.308	0.096
0.570	0.022	0.345	0.063
0.216	0.003	0.539	0.242
0.054	0.001	0.893	0.052
0.176	0.126	0.680	0.018
0.614	0.138	0.192	0.056
0.770	0.066	0.098	0.066
0.556	0.147	0.242	0.055
>DRGRARDDRD	2-DRGRARDDRD	3.663783	-707.208204	0	T:10477.0(92.11%),B:148327.7(78.92%),P:1e-307	Tpos:93.0,Tstd:55.0,Bpos:4295.5,Bstd:16197.0,StrandBias:0.1,Multiplicity:1.43
0.358	0.080	0.350	0.212
0.351	0.001	0.458	0.190
0.360	0.012	0.627	0.001
0.386	0.207	0.406	0.001
0.656	0.001	0.342	0.001
0.516	0.001	0.406	0.077
0.314	0.148	0.317	0.221
0.266	0.148	0.350	0.236
0.350	0.004	0.398	0.248
0.283	0.162	0.350	0.205
>AAGRGGAAGT	3-AAGRGGAAGT	4.461273	-534.291751	0	T:7678.0(67.50%),B:97738.8(52.00%),P:1e-232	Tpos:93.3,Tstd:52.4,Bpos:4295.3,Bstd:17837.5,StrandBias:0.0,Multiplicity:1.64
0.412	0.205	0.204	0.178
0.494	0.040	0.234	0.232
0.193	0.214	0.519	0.074
0.299	0.161	0.396	0.143
0.060	0.039	0.810	0.091
0.092	0.080	0.718	0.110
0.629	0.130	0.155	0.086
0.868	0.020	0.043	0.069
0.206	0.211	0.485	0.098
0.047	0.248	0.106	0.599
>WDDTWTRRRR	4-WDDTWTRRRR	-0.211158	-512.950649	0	T:10681.0(93.91%),B:157606.8(83.86%),P:1e-222	Tpos:92.4,Tstd:56.1,Bpos:7102.0,Bstd:20385.3,StrandBias:0.0,Multiplicity:1.54
0.572	0.001	0.001	0.426
0.305	0.001	0.361	0.333
0.277	0.001	0.356	0.365
0.162	0.034	0.163	0.641
0.402	0.001	0.238	0.359
0.269	0.001	0.239	0.491
0.477	0.001	0.521	0.001
0.498	0.001	0.500	0.001
0.530	0.001	0.468	0.001
0.551	0.001	0.447	0.001
>CRYGTGTSWN	5-CRYGTGTSWN	4.545922	-495.079865	0	T:7364.0(64.74%),B:93462.8(49.73%),P:1e-215	Tpos:94.2,Tstd:49.3,Bpos:4095.9,Bstd:16287.9,StrandBias:0.0,Multiplicity:1.89
0.196	0.559	0.062	0.183
0.443	0.180	0.376	0.001
0.042	0.429	0.001	0.528
0.247	0.001	0.751	0.001
0.308	0.059	0.001	0.632
0.001	0.001	0.997	0.001
0.333	0.018	0.130	0.519
0.001	0.514	0.484	0.001
0.449	0.110	0.079	0.362
0.153	0.289	0.271	0.287
>GGGGAATTCC	6-GGGGAATTCC	7.351980	-465.738365	0	T:1241.0(10.91%),B:7390.5(3.93%),P:1e-202	Tpos:94.1,Tstd:45.9,Bpos:2340.2,Bstd:6990.9,StrandBias:0.1,Multiplicity:1.05
0.155	0.054	0.651	0.140
0.043	0.031	0.887	0.039
0.032	0.025	0.887	0.056
0.345	0.042	0.553	0.060
0.682	0.115	0.162	0.041
0.596	0.105	0.086	0.213
0.160	0.080	0.132	0.628
0.061	0.249	0.079	0.611
0.077	0.673	0.088	0.162
0.074	0.830	0.057	0.039
>TGWGWNWDSN	7-TGWGWNWDSN	3.859254	-324.220837	0	T:9992.0(87.85%),B:147482.7(78.47%),P:1e-140	Tpos:92.2,Tstd:53.6,Bpos:7593.9,Bstd:27179.3,StrandBias:0.0,Multiplicity:1.58
0.309	0.001	0.001	0.689
0.001	0.081	0.917	0.001
0.421	0.001	0.100	0.478
0.001	0.396	0.602	0.001
0.329	0.123	0.193	0.354
0.213	0.257	0.308	0.221
0.376	0.179	0.216	0.228
0.352	0.001	0.298	0.349
0.032	0.292	0.413	0.262
0.290	0.179	0.229	0.303
>GTGTGASWND	8-GTGTGASWND	4.164890	-292.601963	0	T:8726.0(76.72%),B:124222.2(66.10%),P:1e-127	Tpos:93.6,Tstd:53.0,Bpos:4235.7,Bstd:16070.1,StrandBias:-0.0,Multiplicity:1.51
0.263	0.130	0.606	0.001
0.192	0.001	0.001	0.806
0.001	0.030	0.968	0.001
0.211	0.001	0.112	0.676
0.001	0.316	0.682	0.001
0.512	0.001	0.141	0.346
0.109	0.368	0.417	0.106
0.278	0.101	0.224	0.397
0.252	0.191	0.258	0.299
0.366	0.172	0.233	0.229
>ATTCATTTAA	9-ATTCATTTAA	-11.270517	-278.133694	0	T:10074.0(88.57%),B:150629.2(80.15%),P:1e-120	Tpos:91.9,Tstd:55.1,Bpos:6069.8,Bstd:16953.9,StrandBias:-0.0,Multiplicity:1.71
0.997	0.001	0.001	0.001
0.001	0.076	0.001	0.922
0.001	0.001	0.001	0.997
0.001	0.934	0.001	0.064
0.997	0.001	0.001	0.001
0.012	0.001	0.001	0.986
0.001	0.001	0.001	0.997
0.001	0.001	0.001	0.997
0.747	0.065	0.187	0.001
0.747	0.077	0.117	0.059
>TGCCTGGAAA	10-TGCCTGGAAA	2.512553	-262.758660	0	T:11356.0(99.84%),B:182398.4(97.05%),P:1e-114	Tpos:94.0,Tstd:54.5,Bpos:2753.0,Bstd:12742.6,StrandBias:-0.0,Multiplicity:1.74
0.100	0.100	0.100	0.700
0.100	0.100	0.700	0.100
0.100	0.700	0.100	0.100
0.100	0.700	0.100	0.100
0.100	0.100	0.100	0.700
0.100	0.100	0.700	0.100
0.100	0.100	0.700	0.100
0.700	0.100	0.100	0.100
0.700	0.100	0.100	0.100
0.700	0.100	0.100	0.100
>DNDVWRTGTG	11-DNDVWRTGTG	3.854132	-219.951916	0	T:9213.0(81.00%),B:136026.6(72.38%),P:1e-95	Tpos:93.3,Tstd:53.4,Bpos:5097.2,Bstd:20051.0,StrandBias:0.0,Multiplicity:1.46
0.354	0.094	0.227	0.325
0.203	0.233	0.314	0.249
0.372	0.001	0.289	0.338
0.220	0.268	0.356	0.157
0.351	0.170	0.185	0.295
0.311	0.211	0.445	0.032
0.265	0.001	0.132	0.602
0.132	0.001	0.866	0.001
0.280	0.001	0.167	0.552
0.019	0.299	0.644	0.038
>TCACCTGATC	12-TCACCTGATC	2.512553	-181.027684	0	T:11344.0(99.74%),B:183328.8(97.54%),P:1e-78	Tpos:93.5,Tstd:53.4,Bpos:1959.5,Bstd:7435.4,StrandBias:0.0,Multiplicity:2.23
0.100	0.100	0.100	0.700
0.100	0.700	0.100	0.100
0.700	0.100	0.100	0.100
0.100	0.700	0.100	0.100
0.100	0.700	0.100	0.100
0.100	0.100	0.100	0.700
0.100	0.100	0.700	0.100
0.700	0.100	0.100	0.100
0.100	0.100	0.100	0.700
0.100	0.700	0.100	0.100
>CAAGTCCCAG	13-CAAGTCCCAG	2.512553	-163.894681	0	T:11371.0(99.97%),B:184945.0(98.40%),P:1e-71	Tpos:93.7,Tstd:55.9,Bpos:2389.7,Bstd:13376.0,StrandBias:-0.0,Multiplicity:1.75
0.100	0.700	0.100	0.100
0.700	0.100	0.100	0.100
0.700	0.100	0.100	0.100
0.100	0.100	0.700	0.100
0.100	0.100	0.100	0.700
0.100	0.700	0.100	0.100
0.100	0.700	0.100	0.100
0.100	0.700	0.100	0.100
0.700	0.100	0.100	0.100
0.100	0.100	0.700	0.100
>CTGAGTCACT	14-CTGAGTCACT	0.566642	-1.939168	0	T:11374.0(100.00%),B:187910.2(99.98%),P:1e0	Tpos:110.2,Tstd:47.6,Bpos:2878.4,Bstd:8174.8,StrandBias:0.0,Multiplicity:1.00
0.100	0.700	0.100	0.100
0.100	0.100	0.100	0.700
0.100	0.100	0.700	0.100
0.700	0.100	0.100	0.100
0.100	0.100	0.700	0.100
0.100	0.100	0.100	0.700
0.100	0.700	0.100	0.100
0.700	0.100	0.100	0.100
0.100	0.700	0.100	0.100
0.100	0.100	0.100	0.700
>CCCAGCAGGC	15-CCCAGCAGGC	0.566642	-1.469036	0	T:11374.0(100.00%),B:187918.2(99.99%),P:1e0	Tpos:93.8,Tstd:55.6,Bpos:1400.3,Bstd:8416.5,StrandBias:0.0,Multiplicity:2.17
0.100	0.700	0.100	0.100
0.100	0.700	0.100	0.100
0.100	0.700	0.100	0.100
0.700	0.100	0.100	0.100
0.100	0.100	0.700	0.100
0.100	0.700	0.100	0.100
0.700	0.100	0.100	0.100
0.100	0.100	0.700	0.100
0.100	0.100	0.700	0.100
0.100	0.700	0.100	0.100
>CTGAGTCATC	16-CTGAGTCATC	0.566642	-0.705114	0	T:11374.0(100.00%),B:187931.0(99.99%),P:1e0	Tpos:97.6,Tstd:61.6,Bpos:3055.7,Bstd:11428.2,StrandBias:-0.8,Multiplicity:1.00
0.100	0.700	0.100	0.100
0.100	0.100	0.100	0.700
0.100	0.100	0.700	0.100
0.700	0.100	0.100	0.100
0.100	0.100	0.700	0.100
0.100	0.100	0.100	0.700
0.100	0.700	0.100	0.100
0.700	0.100	0.100	0.100
0.100	0.100	0.100	0.700
0.100	0.700	0.100	0.100
>CTGAGTCACC	17-CTGAGTCACC	0.566642	-0.587592	0	T:11374.0(100.00%),B:187933.7(99.99%),P:1e0	Tpos:79.7,Tstd:54.2,Bpos:1721.8,Bstd:7183.9,StrandBias:0.3,Multiplicity:1.00
0.100	0.700	0.100	0.100
0.100	0.100	0.100	0.700
0.100	0.100	0.700	0.100
0.700	0.100	0.100	0.100
0.100	0.100	0.700	0.100
0.100	0.100	0.100	0.700
0.100	0.700	0.100	0.100
0.700	0.100	0.100	0.100
0.100	0.700	0.100	0.100
0.100	0.700	0.100	0.100
>GTGACTCAGC	18-GTGACTCAGC	0.000000	-0.235426	0	T:11373.0(99.99%),B:187929.6(99.99%),P:1e0
0.100	0.100	0.700	0.100
0.100	0.100	0.100	0.700
0.100	0.100	0.700	0.100
0.700	0.100	0.100	0.100
0.100	0.700	0.100	0.100
0.100	0.100	0.100	0.700
0.100	0.700	0.100	0.100
0.700	0.100	0.100	0.100
0.100	0.100	0.700	0.100
0.100	0.700	0.100	0.100
>TGMWGAGCCS	19-TGMWGAGCCS	10.054225	-0.000185	0	T:34.0(0.30%),B:981.8(0.52%),P:1e0	Tpos:109.0,Tstd:1.0,Bpos:202.2,Bstd:205.0,StrandBias:10.0,Multiplicity:1.00
0.001	0.276	0.174	0.549
0.001	0.001	0.997	0.001
0.412	0.451	0.136	0.001
0.408	0.170	0.001	0.420
0.001	0.001	0.997	0.001
0.863	0.001	0.135	0.001
0.001	0.135	0.863	0.001
0.001	0.863	0.135	0.001
0.001	0.824	0.001	0.174
0.136	0.417	0.311	0.136
>CKGCTCDTCV	20-CKGCTCDTCV	7.455028	-0.000000	0	T:163.0(1.43%),B:4157.3(2.21%),P:1e0	Tpos:196.0,Tstd:0.0,Bpos:445.5,Bstd:1068.8,StrandBias:10.0,Multiplicity:1.00
0.001	0.614	0.132	0.253
0.157	0.001	0.362	0.479
0.121	0.242	0.636	0.001
0.132	0.745	0.122	0.001
0.001	0.121	0.120	0.758
0.134	0.745	0.120	0.001
0.253	0.001	0.386	0.359
0.001	0.267	0.253	0.479
0.012	0.745	0.001	0.242
0.252	0.267	0.361	0.120
>BACCCHGGHG	21-BACCCHGGHG	7.062449	-0.000000	0	T:2112.0(18.57%),B:45618.6(24.27%),P:1e0	Tpos:97.1,Tstd:63.2,Bpos:1239.1,Bstd:3563.4,StrandBias:0.0,Multiplicity:1.00
0.016	0.337	0.348	0.300
0.616	0.001	0.365	0.018
0.001	0.616	0.382	0.001
0.001	0.966	0.032	0.001
0.001	0.649	0.001	0.349
0.315	0.334	0.051	0.300
0.348	0.001	0.635	0.016
0.001	0.017	0.934	0.048
0.318	0.349	0.001	0.333
0.034	0.299	0.666	0.001
>CGCASRSCTG	22-CGCASRSCTG	8.679278	-0.000000	0	T:252.0(2.22%),B:7344.7(3.91%),P:1e0	Tpos:79.5,Tstd:4.5,Bpos:305.9,Bstd:392.4,StrandBias:0.0,Multiplicity:1.00
0.001	0.527	0.157	0.315
0.168	0.001	0.829	0.002
0.040	0.958	0.001	0.001
0.516	0.325	0.001	0.158
0.001	0.472	0.526	0.001
0.356	0.158	0.476	0.010
0.001	0.483	0.476	0.040
0.001	0.802	0.040	0.157
0.157	0.316	0.001	0.526
0.001	0.001	0.958	0.040
>CTACAACTCC	23-CTACAACTCC	6.404373	-0.000000	0	T:1808.0(15.90%),B:36358.3(19.35%),P:1e0	Tpos:134.5,Tstd:23.5,Bpos:2564.8,Bstd:4518.3,StrandBias:0.0,Multiplicity:1.00
0.100	0.700	0.100	0.100
0.100	0.100	0.100	0.700
0.700	0.100	0.100	0.100
0.100	0.700	0.100	0.100
0.700	0.100	0.100	0.100
0.700	0.100	0.100	0.100
0.100	0.700	0.100	0.100
0.100	0.100	0.100	0.700
0.100	0.700	0.100	0.100
0.100	0.700	0.100	0.100
>ATGACTCAGC	24-ATGACTCAGC	-3.325178	0.000000	0	T:11374.0(100.00%),B:187944.0(100.00%),P:1e0	Tpos:93.2,Tstd:57.4,Bpos:6612.8,Bstd:25353.7,StrandBias:0.0,Multiplicity:1.40
0.700	0.100	0.100	0.100
0.100	0.100	0.100	0.700
0.100	0.100	0.700	0.100
0.700	0.100	0.100	0.100
0.100	0.700	0.100	0.100
0.100	0.100	0.100	0.700
0.100	0.700	0.100	0.100
0.700	0.100	0.100	0.100
0.100	0.100	0.700	0.100
0.100	0.700	0.100	0.100
>CAGCCCDGCV	25-CAGCCCDGCV	7.641062	0.000000	0	T:376.0(3.31%),B:10428.7(5.55%),P:1e0	Tpos:116.0,Tstd:0.0,Bpos:947.5,Bstd:801.5,StrandBias:-10.0,Multiplicity:1.00
0.010	0.640	0.030	0.320
0.611	0.001	0.359	0.029
0.001	0.339	0.659	0.001
0.001	0.679	0.310	0.010
0.030	0.618	0.001	0.351
0.330	0.658	0.011	0.001
0.310	0.010	0.370	0.310
0.010	0.319	0.659	0.012
0.319	0.650	0.001	0.030
0.339	0.310	0.341	0.010
>TGASTCAYNGBN	1-TGASTCAYNGBN	4.352182	-888.942622	0	T:1553.0(13.65%),B:6856.7(3.65%),P:1e-386	Tpos:95.1,Tstd:47.9,Bpos:3159.2,Bstd:8632.3,StrandBias:-0.0,Multiplicity:2.19
0.001	0.001	0.001	0.997
0.001	0.001	0.997	0.001
0.997	0.001	0.001	0.001
0.001	0.459	0.539	0.001
0.001	0.001	0.001	0.997
0.001	0.997	0.001	0.001
0.997	0.001	0.001	0.001
0.001	0.412	0.260	0.327
0.311	0.177	0.260	0.252
0.221	0.172	0.543	0.064
0.124	0.278	0.357	0.241
0.166	0.295	0.286	0.253
>SWCMBCAGRGGR	2-SWCMBCAGRGGR	1.316544	-683.711534	0	T:10749.0(94.51%),B:155546.2(82.76%),P:1e-296	Tpos:92.9,Tstd:53.8,Bpos:3991.9,Bstd:18305.4,StrandBias:-0.0,Multiplicity:1.47
0.198	0.293	0.436	0.074
0.354	0.167	0.190	0.288
0.162	0.512	0.325	0.001
0.316	0.369	0.103	0.213
0.138	0.264	0.357	0.241
0.001	0.970	0.028	0.001
0.604	0.001	0.001	0.394
0.001	0.001	0.997	0.001
0.346	0.001	0.454	0.199
0.001	0.001	0.997	0.001
0.308	0.129	0.562	0.001
0.478	0.001	0.520	0.001
>NGGGGAATTCCC	3-NGGGGAATTCCC	7.861487	-583.723392	0	T:885.0(7.78%),B:3353.0(1.78%),P:1e-253	Tpos:95.7,Tstd:44.4,Bpos:2233.2,Bstd:6404.9,StrandBias:-0.1,Multiplicity:1.04
0.270	0.233	0.259	0.238
0.247	0.104	0.424	0.225
0.001	0.001	0.958	0.040
0.001	0.001	0.955	0.043
0.314	0.001	0.684	0.001
0.467	0.161	0.291	0.082
0.465	0.148	0.083	0.304
0.313	0.075	0.150	0.463
0.146	0.254	0.141	0.459
0.100	0.585	0.093	0.222
0.050	0.948	0.001	0.001
0.170	0.601	0.065	0.164
>NNDGSCWGBNNN	4-NNDGSCWGBNNN	3.981904	-547.953832	0	T:10866.0(95.53%),B:161477.1(85.92%),P:1e-237	Tpos:93.4,Tstd:54.3,Bpos:2606.4,Bstd:8657.7,StrandBias:-0.0,Multiplicity:1.49
0.195	0.298	0.272	0.235
0.236	0.292	0.272	0.200
0.356	0.001	0.315	0.328
0.233	0.001	0.765	0.001
0.130	0.404	0.465	0.001
0.001	0.997	0.001	0.001
0.398	0.121	0.001	0.479
0.010	0.001	0.601	0.388
0.161	0.287	0.338	0.214
0.217	0.299	0.279	0.205
0.232	0.248	0.283	0.236
0.186	0.306	0.225	0.282
>KDKGTGGRAARR	5-KDKGTGGRAARR	3.795335	-541.831676	0	T:10057.0(88.42%),B:142758.9(75.96%),P:1e-235	Tpos:92.5,Tstd:53.7,Bpos:5451.2,Bstd:20012.6,StrandBias:0.0,Multiplicity:1.46
0.204	0.083	0.396	0.316
0.314	0.129	0.338	0.219
0.233	0.058	0.287	0.423
0.161	0.095	0.602	0.142
0.263	0.018	0.089	0.630
0.038	0.001	0.877	0.084
0.104	0.079	0.776	0.041
0.358	0.134	0.375	0.133
0.656	0.151	0.145	0.048
0.729	0.047	0.134	0.090
0.421	0.086	0.472	0.020
0.339	0.037	0.423	0.202
>AAAGRGGAAGTG	6-AAAGRGGAAGTG	2.815979	-503.136765	0	T:7581.0(66.65%),B:96950.5(51.58%),P:1e-218	Tpos:94.3,Tstd:52.3,Bpos:4678.2,Bstd:18908.3,StrandBias:0.0,Multiplicity:1.64
0.478	0.158	0.182	0.183
0.525	0.183	0.167	0.125
0.590	0.001	0.257	0.152
0.170	0.149	0.680	0.001
0.453	0.136	0.410	0.001
0.066	0.001	0.932	0.001
0.001	0.028	0.970	0.001
0.997	0.001	0.001	0.001
0.997	0.001	0.001	0.001
0.141	0.136	0.722	0.001
0.001	0.191	0.028	0.780
0.276	0.146	0.436	0.143
>TCTCYCTCTCTC	7-TCTCYCTCTCTC	4.067586	-475.176750	0	T:8833.0(77.66%),B:120249.6(63.98%),P:1e-206	Tpos:94.0,Tstd:53.6,Bpos:3399.0,Bstd:13586.2,StrandBias:0.0,Multiplicity:1.50
0.174	0.214	0.030	0.582
0.022	0.576	0.032	0.370
0.161	0.263	0.034	0.542
0.015	0.938	0.020	0.027
0.138	0.396	0.013	0.454
0.031	0.632	0.037	0.300
0.030	0.245	0.016	0.709
0.020	0.564	0.032	0.384
0.029	0.365	0.028	0.578
0.037	0.549	0.110	0.304
0.018	0.399	0.013	0.570
0.027	0.524	0.242	0.207
>NNRYCACGTGRY	8-NNRYCACGTGRY	5.147099	-404.395576	0	T:3773.0(33.17%),B:40058.5(21.31%),P:1e-175	Tpos:92.5,Tstd:48.3,Bpos:3905.5,Bstd:12341.8,StrandBias:0.0,Multiplicity:1.20
0.264	0.205	0.250	0.280
0.255	0.191	0.261	0.293
0.371	0.116	0.405	0.107
0.149	0.275	0.177	0.400
0.001	0.997	0.001	0.001
0.887	0.001	0.001	0.111
0.001	0.562	0.037	0.400
0.367	0.033	0.599	0.001
0.120	0.001	0.001	0.878
0.001	0.001	0.997	0.001
0.393	0.160	0.306	0.140
0.116	0.410	0.156	0.317
>VNCWNCWBNHCW	9-VNCWNCWBNHCW	3.728582	-373.115895	0	T:10367.0(91.15%),B:153942.8(81.91%),P:1e-162	Tpos:92.2,Tstd:54.0,Bpos:4736.3,Bstd:17522.2,StrandBias:-0.0,Multiplicity:1.47
0.300	0.313	0.358	0.029
0.232	0.278	0.255	0.235
0.077	0.777	0.078	0.068
0.457	0.025	0.022	0.496
0.220	0.237	0.302	0.240
0.060	0.775	0.096	0.069
0.454	0.044	0.033	0.469
0.015	0.273	0.339	0.374
0.182	0.254	0.320	0.243
0.308	0.323	0.033	0.336
0.105	0.711	0.086	0.098
0.490	0.047	0.016	0.447
>CWVAARVAHNCA	10-CWVAARVAHNCA	2.653643	-353.781122	0	T:11130.0(97.85%),B:172903.6(92.00%),P:1e-153	Tpos:91.8,Tstd:55.6,Bpos:7389.7,Bstd:23719.6,StrandBias:0.0,Multiplicity:1.57
0.140	0.857	0.002	0.001
0.428	0.153	0.005	0.413
0.224	0.314	0.337	0.126
0.430	0.276	0.207	0.086
0.754	0.001	0.210	0.035
0.419	0.127	0.272	0.182
0.217	0.354	0.278	0.150
0.475	0.266	0.114	0.146
0.328	0.320	0.103	0.250
0.258	0.308	0.233	0.201
0.290	0.630	0.074	0.006
0.763	0.049	0.002	0.186
>DACACACACACA	11-DACACACACACA	3.287071	-234.012621	0	T:9049.0(79.56%),B:132413.4(70.45%),P:1e-101	Tpos:93.1,Tstd:53.2,Bpos:5792.9,Bstd:21647.0,StrandBias:-0.0,Multiplicity:1.45
0.242	0.160	0.270	0.328
0.578	0.151	0.135	0.136
0.134	0.645	0.134	0.087
0.611	0.154	0.093	0.142
0.119	0.644	0.141	0.096
0.633	0.151	0.094	0.122
0.135	0.626	0.145	0.094
0.618	0.161	0.095	0.126
0.112	0.647	0.143	0.098
0.637	0.152	0.094	0.117
0.122	0.641	0.133	0.104
0.394	0.234	0.165	0.207
>NMADDKKKBCHN	12-NMADDKKKBCHN	-1.565654	-151.662928	0	T:11327.0(99.59%),B:183252.5(97.50%),P:1e-65	Tpos:92.6,Tstd:55.9,Bpos:7256.9,Bstd:21988.2,StrandBias:0.0,Multiplicity:1.56
0.231	0.247	0.325	0.196
0.447	0.551	0.001	0.001
0.997	0.001	0.001	0.001
0.324	0.001	0.359	0.315
0.328	0.001	0.367	0.304
0.234	0.001	0.427	0.338
0.220	0.001	0.352	0.427
0.242	0.025	0.331	0.402
0.001	0.335	0.395	0.269
0.220	0.472	0.001	0.307
0.379	0.324	0.001	0.296
0.296	0.195	0.216	0.293
>CGCGCGCACRCA	13-CGCGCGCACRCA	1.572043	-116.085860	0	T:8148.0(71.64%),B:121864.9(64.84%),P:1e-50	Tpos:94.7,Tstd:54.5,Bpos:687.1,Bstd:3402.8,StrandBias:-0.0,Multiplicity:2.46
0.001	0.592	0.381	0.026
0.001	0.090	0.908	0.001
0.001	0.936	0.012	0.051
0.001	0.001	0.997	0.001
0.162	0.576	0.195	0.067
0.001	0.001	0.997	0.001
0.123	0.485	0.273	0.120
0.611	0.107	0.063	0.219
0.101	0.776	0.110	0.013
0.432	0.122	0.330	0.116
0.084	0.547	0.258	0.111
0.619	0.162	0.144	0.075
>GTGTGTGTGTGT	14-GTGTGTGTGTGT	2.432362	-59.003775	0	T:6285.0(55.26%),B:94275.5(50.16%),P:1e-25	Tpos:94.6,Tstd:49.8,Bpos:2988.9,Bstd:11390.7,StrandBias:0.1,Multiplicity:1.56
0.106	0.059	0.799	0.036
0.054	0.106	0.060	0.780
0.031	0.040	0.914	0.015
0.079	0.108	0.038	0.775
0.037	0.056	0.895	0.012
0.055	0.099	0.046	0.800
0.028	0.052	0.901	0.019
0.061	0.072	0.076	0.791
0.039	0.031	0.916	0.014
0.056	0.090	0.049	0.805
0.037	0.041	0.880	0.042
0.068	0.104	0.081	0.747
>SSSSBSBCBSRG	15-SSSSBSBCBSRG	-2.171097	-53.330840	0	T:11368.0(99.95%),B:186715.2(99.35%),P:1e-23	Tpos:92.8,Tstd:56.2,Bpos:1116.5,Bstd:6433.6,StrandBias:0.0,Multiplicity:1.66
0.142	0.442	0.415	0.001
0.001	0.420	0.344	0.235
0.191	0.344	0.295	0.169
0.202	0.284	0.415	0.098
0.175	0.350	0.251	0.224
0.185	0.382	0.431	0.001
0.164	0.328	0.301	0.208
0.001	0.997	0.001	0.001
0.001	0.350	0.333	0.316
0.001	0.415	0.421	0.164
0.322	0.001	0.415	0.262
0.218	0.300	0.480	0.001
>AGAGARRSCMNV	16-AGAGARRSCMNV	7.547606	-3.965247	0	T:42.0(0.37%),B:484.6(0.26%),P:1e-1	Tpos:90.8,Tstd:48.1,Bpos:2140.5,Bstd:3509.9,StrandBias:0.4,Multiplicity:1.17
0.496	0.042	0.316	0.146
0.209	0.057	0.697	0.037
0.454	0.042	0.283	0.221
0.334	0.050	0.582	0.034
0.835	0.048	0.068	0.049
0.460	0.171	0.326	0.043
0.404	0.134	0.293	0.168
0.062	0.406	0.340	0.191
0.061	0.661	0.048	0.230
0.464	0.319	0.033	0.184
0.216	0.318	0.209	0.258
0.361	0.270	0.223	0.146
>NDGVCAGCAGAG	17-NDGVCAGCAGAG	7.998338	-2.569055	0	T:7.0(0.06%),B:58.9(0.03%),P:1e-1	Tpos:106.7,Tstd:45.0,Bpos:719.6,Bstd:1610.1,StrandBias:-1.0,Multiplicity:1.00
0.289	0.297	0.230	0.184
0.422	0.012	0.280	0.286
0.270	0.010	0.498	0.221
0.209	0.327	0.309	0.156
0.198	0.599	0.013	0.190
0.579	0.120	0.015	0.286
0.161	0.177	0.413	0.248
0.146	0.658	0.181	0.015
0.625	0.014	0.014	0.347
0.017	0.322	0.652	0.009
0.459	0.019	0.252	0.270
0.172	0.082	0.493	0.253
>GSMATCYGCAGG	18-GSMATCYGCAGG	10.106325	-0.001868	0	T:25.0(0.22%),B:702.0(0.37%),P:1e0	Tpos:101.7,Tstd:45.2,Bpos:1130.0,Bstd:0.0,StrandBias:-1.0,Multiplicity:1.00
0.230	0.001	0.768	0.001
0.009	0.529	0.461	0.001
0.462	0.478	0.001	0.058
0.469	0.231	0.001	0.299
0.001	0.230	0.241	0.528
0.001	0.759	0.232	0.008
0.010	0.461	0.001	0.528
0.001	0.068	0.923	0.008
0.232	0.520	0.247	0.001
0.520	0.239	0.001	0.240
0.001	0.001	0.997	0.001
0.001	0.299	0.699	0.001
>NNNNNNNNNNNN	19-NNNNNNNNNNNN	-nan	0.000000	0	T:0.0(0.00%),B:0.0(0.00%),P:1e0	Tpos:0.0,Tstd:0.0,Bpos:0.0,Bstd:0.0,StrandBias:0.0,Multiplicity:1.00
-nan	-nan	-nan	-nan
-nan	-nan	-nan	-nan
-nan	-nan	-nan	-nan
-nan	-nan	-nan	-nan
-nan	-nan	-nan	-nan
-nan	-nan	-nan	-nan
-nan	-nan	-nan	-nan
-nan	-nan	-nan	-nan
-nan	-nan	-nan	-nan
-nan	-nan	-nan	-nan
-nan	-nan	-nan	-nan
-nan	-nan	-nan	-nan
>NNNNNNNNNNNN	20-NNNNNNNNNNNN	-nan	0.000000	0	T:0.0(0.00%),B:0.0(0.00%),P:1e0	Tpos:0.0,Tstd:0.0,Bpos:0.0,Bstd:0.0,StrandBias:0.0,Multiplicity:1.00
-nan	-nan	-nan	-nan
-nan	-nan	-nan	-nan
-nan	-nan	-nan	-nan
-nan	-nan	-nan	-nan
-nan	-nan	-nan	-nan
-nan	-nan	-nan	-nan
-nan	-nan	-nan	-nan
-nan	-nan	-nan	-nan
-nan	-nan	-nan	-nan
-nan	-nan	-nan	-nan
-nan	-nan	-nan	-nan
-nan	-nan	-nan	-nan
>NNNNNNNNNNNN	21-NNNNNNNNNNNN	-nan	0.000000	0	T:0.0(0.00%),B:0.0(0.00%),P:1e0	Tpos:0.0,Tstd:0.0,Bpos:0.0,Bstd:0.0,StrandBias:0.0,Multiplicity:1.00
-nan	-nan	-nan	-nan
-nan	-nan	-nan	-nan
-nan	-nan	-nan	-nan
-nan	-nan	-nan	-nan
-nan	-nan	-nan	-nan
-nan	-nan	-nan	-nan
-nan	-nan	-nan	-nan
-nan	-nan	-nan	-nan
-nan	-nan	-nan	-nan
-nan	-nan	-nan	-nan
-nan	-nan	-nan	-nan
-nan	-nan	-nan	-nan
>NNNNNNNNNNNN	22-NNNNNNNNNNNN	-nan	0.000000	0	T:0.0(0.00%),B:0.0(0.00%),P:1e0	Tpos:0.0,Tstd:0.0,Bpos:0.0,Bstd:0.0,StrandBias:0.0,Multiplicity:1.00
-nan	-nan	-nan	-nan
-nan	-nan	-nan	-nan
-nan	-nan	-nan	-nan
-nan	-nan	-nan	-nan
-nan	-nan	-nan	-nan
-nan	-nan	-nan	-nan
-nan	-nan	-nan	-nan
-nan	-nan	-nan	-nan
-nan	-nan	-nan	-nan
-nan	-nan	-nan	-nan
-nan	-nan	-nan	-nan
-nan	-nan	-nan	-nan
>NNNNNNNNNNNN	23-NNNNNNNNNNNN	-nan	0.000000	0	T:0.0(0.00%),B:0.0(0.00%),P:1e0	Tpos:0.0,Tstd:0.0,Bpos:0.0,Bstd:0.0,StrandBias:0.0,Multiplicity:1.00
-nan	-nan	-nan	-nan
-nan	-nan	-nan	-nan
-nan	-nan	-nan	-nan
-nan	-nan	-nan	-nan
-nan	-nan	-nan	-nan
-nan	-nan	-nan	-nan
-nan	-nan	-nan	-nan
-nan	-nan	-nan	-nan
-nan	-nan	-nan	-nan
-nan	-nan	-nan	-nan
-nan	-nan	-nan	-nan
-nan	-nan	-nan	-nan
>NNNNNNNNNNNN	24-NNNNNNNNNNNN	-nan	0.000000	0	T:0.0(0.00%),B:0.0(0.00%),P:1e0	Tpos:0.0,Tstd:0.0,Bpos:0.0,Bstd:0.0,StrandBias:0.0,Multiplicity:1.00
-nan	-nan	-nan	-nan
-nan	-nan	-nan	-nan
-nan	-nan	-nan	-nan
-nan	-nan	-nan	-nan
-nan	-nan	-nan	-nan
-nan	-nan	-nan	-nan
-nan	-nan	-nan	-nan
-nan	-nan	-nan	-nan
-nan	-nan	-nan	-nan
-nan	-nan	-nan	-nan
-nan	-nan	-nan	-nan
-nan	-nan	-nan	-nan
>MTGCTVTTAHAT	25-MTGCTVTTAHAT	-11.237512	0.000000	0	T:11374.0(100.00%),B:187944.0(100.00%),P:1e0	Tpos:93.3,Tstd:56.8,Bpos:6100.5,Bstd:20697.5,StrandBias:0.0,Multiplicity:1.39
0.385	0.436	0.154	0.025
0.001	0.001	0.001	0.997
0.001	0.101	0.897	0.001
0.257	0.436	0.051	0.256
0.104	0.179	0.001	0.716
0.358	0.232	0.307	0.103
0.281	0.102	0.001	0.616
0.205	0.077	0.205	0.513
0.412	0.128	0.256	0.204
0.309	0.232	0.153	0.306
0.589	0.129	0.001	0.281
0.362	0.001	0.051	0.586
>ATGAGTCA	1-ATGAGTCA	7.144220	-914.890716	0	T:1735.0(15.25%),B:8252.8(4.39%),P:1e-397	Tpos:95.2,Tstd:49.3,Bpos:3528.7,Bstd:8919.3,StrandBias:0.0,Multiplicity:1.22
0.578	0.214	0.166	0.042
0.001	0.001	0.001	0.997
0.001	0.001	0.976	0.022
0.978	0.001	0.001	0.020
0.036	0.237	0.681	0.046
0.001	0.001	0.001	0.997
0.016	0.982	0.001	0.001
0.997	0.001	0.001	0.001
>GGAAAGGA	2-GGAAAGGA	-7.000885	-615.072531	0	T:11190.0(98.38%),B:169590.9(90.23%),P:1e-267	Tpos:94.5,Tstd:55.3,Bpos:2320.9,Bstd:11862.5,StrandBias:-0.0,Multiplicity:1.70
0.001	0.001	0.997	0.001
0.001	0.001	0.997	0.001
0.997	0.001	0.001	0.001
0.997	0.001	0.001	0.001
0.983	0.001	0.015	0.001
0.001	0.001	0.997	0.001
0.060	0.001	0.938	0.001
0.997	0.001	0.001	0.001
>ACWGTSTY	3-ACWGTSTY	-1.529861	-432.360702	0	T:11011.0(96.81%),B:167868.7(89.32%),P:1e-187	Tpos:92.4,Tstd:54.1,Bpos:3617.3,Bstd:16033.2,StrandBias:-0.0,Multiplicity:1.54
0.997	0.001	0.001	0.001
0.079	0.873	0.001	0.047
0.488	0.001	0.001	0.510
0.001	0.361	0.637	0.001
0.001	0.001	0.001	0.997
0.071	0.535	0.386	0.008
0.001	0.126	0.001	0.872
0.001	0.574	0.001	0.424
>WAATYCHW	4-WAATYCHW	2.402707	-411.723152	0	T:9391.0(82.57%),B:132801.1(70.66%),P:1e-178	Tpos:93.7,Tstd:54.0,Bpos:8479.1,Bstd:29609.7,StrandBias:-0.0,Multiplicity:1.69
0.458	0.012	0.201	0.329
0.526	0.213	0.061	0.200
0.567	0.084	0.053	0.296
0.300	0.160	0.065	0.475
0.172	0.264	0.155	0.409
0.046	0.517	0.202	0.235
0.323	0.352	0.001	0.323
0.366	0.164	0.193	0.276
>RTCACGTG	5-RTCACGTG	3.507555	-388.866855	0	T:7159.0(62.94%),B:93262.3(49.62%),P:1e-168	Tpos:93.5,Tstd:49.9,Bpos:3320.0,Bstd:11107.9,StrandBias:0.0,Multiplicity:1.68
0.335	0.196	0.392	0.076
0.126	0.200	0.145	0.529
0.001	0.944	0.048	0.007
0.921	0.027	0.015	0.037
0.007	0.727	0.001	0.265
0.309	0.001	0.648	0.042
0.045	0.031	0.035	0.889
0.030	0.019	0.950	0.001
>ATGTGACT	6-ATGTGACT	0.566979	-321.530275	0	T:8035.0(70.64%),B:110737.9(58.92%),P:1e-139	Tpos:92.9,Tstd:53.5,Bpos:6935.7,Bstd:23088.8,StrandBias:-0.0,Multiplicity:1.66
0.997	0.001	0.001	0.001
0.001	0.154	0.001	0.844
0.296	0.001	0.702	0.001
0.001	0.001	0.001	0.997
0.001	0.001	0.997	0.001
0.431	0.178	0.191	0.199
0.309	0.496	0.122	0.072
0.224	0.072	0.001	0.703
>AAAAAAAA	7-AAAAAAAA	-8.741542	-303.508004	0	T:9477.0(83.32%),B:137945.2(73.40%),P:1e-131	Tpos:92.7,Tstd:55.4,Bpos:6340.0,Bstd:22504.9,StrandBias:0.0,Multiplicity:1.60
0.997	0.001	0.001	0.001
0.946	0.052	0.001	0.001
0.997	0.001	0.001	0.001
0.997	0.001	0.001	0.001
0.947	0.001	0.051	0.001
0.997	0.001	0.001	0.001
0.997	0.001	0.001	0.001
0.947	0.001	0.001	0.051
>ATGAHTYA	8-ATGAHTYA	-0.222047	-264.600288	0	T:8473.0(74.49%),B:120687.1(64.21%),P:1e-114	Tpos:93.4,Tstd:54.5,Bpos:6162.9,Bstd:17434.1,StrandBias:0.0,Multiplicity:1.64
0.609	0.001	0.389	0.001
0.001	0.001	0.001	0.997
0.198	0.001	0.800	0.001
0.593	0.001	0.001	0.405
0.287	0.334	0.048	0.331
0.405	0.001	0.001	0.593
0.001	0.497	0.001	0.501
0.517	0.001	0.365	0.117
>ATGGGAAA	9-ATGGGAAA	2.399224	-220.504646	0	T:11345.0(99.75%),B:182642.3(97.18%),P:1e-95	Tpos:93.6,Tstd:53.8,Bpos:2883.8,Bstd:13076.6,StrandBias:-0.0,Multiplicity:3.27
0.700	0.100	0.100	0.100
0.100	0.100	0.100	0.700
0.100	0.100	0.700	0.100
0.100	0.100	0.700	0.100
0.100	0.100	0.700	0.100
0.700	0.100	0.100	0.100
0.700	0.100	0.100	0.100
0.700	0.100	0.100	0.100
>MATTWTAW	10-MATTWTAW	-1.451621	-146.144388	0	T:8265.0(72.67%),B:122259.6(65.05%),P:1e-63	Tpos:92.5,Tstd:55.8,Bpos:6970.0,Bstd:18026.1,StrandBias:0.0,Multiplicity:1.87
0.340	0.457	0.001	0.202
0.997	0.001	0.001	0.001
0.001	0.001	0.001	0.997
0.127	0.001	0.170	0.702
0.415	0.001	0.213	0.371
0.320	0.001	0.127	0.552
0.787	0.001	0.001	0.211
0.552	0.001	0.001	0.446
>CATACACA	11-CATACACA	3.256725	-115.014243	0	T:7557.0(66.44%),B:111717.9(59.44%),P:1e-49	Tpos:94.1,Tstd:52.5,Bpos:6819.5,Bstd:22205.8,StrandBias:-0.0,Multiplicity:1.69
0.125	0.521	0.225	0.129
0.713	0.051	0.001	0.235
0.001	0.408	0.001	0.590
0.456	0.001	0.248	0.295
0.025	0.685	0.015	0.275
0.938	0.056	0.005	0.001
0.087	0.536	0.001	0.376
0.896	0.020	0.001	0.083
>CCTGCTTT	12-CCTGCTTT	2.399224	-64.581431	0	T:11374.0(100.00%),B:186847.1(99.42%),P:1e-28	Tpos:93.4,Tstd:54.5,Bpos:2213.0,Bstd:9846.9,StrandBias:-0.0,Multiplicity:2.72
0.100	0.700	0.100	0.100
0.100	0.700	0.100	0.100
0.100	0.100	0.100	0.700
0.100	0.100	0.700	0.100
0.100	0.700	0.100	0.100
0.100	0.100	0.100	0.700
0.100	0.100	0.100	0.700
0.100	0.100	0.100	0.700
>TGGGTGGA	13-TGGGTGGA	2.399224	-57.748784	0	T:11373.0(99.99%),B:186893.3(99.44%),P:1e-25	Tpos:93.5,Tstd:55.1,Bpos:1905.2,Bstd:9854.3,StrandBias:0.0,Multiplicity:2.15
0.100	0.100	0.100	0.700
0.100	0.100	0.700	0.100
0.100	0.100	0.700	0.100
0.100	0.100	0.700	0.100
0.100	0.100	0.100	0.700
0.100	0.100	0.700	0.100
0.100	0.100	0.700	0.100
0.700	0.100	0.100	0.100
>GSGCCCCC	14-GSGCCCCC	-16.464421	-3.937444	0	T:11374.0(100.00%),B:187876.4(99.96%),P:1e-1	Tpos:92.1,Tstd:56.5,Bpos:2334.7,Bstd:13615.0,StrandBias:-0.0,Multiplicity:1.46
0.001	0.001	0.997	0.001
0.001	0.547	0.419	0.033
0.001	0.001	0.997	0.001
0.001	0.997	0.001	0.001
0.001	0.997	0.001	0.001
0.001	0.964	0.002	0.033
0.001	0.997	0.001	0.001
0.001	0.585	0.413	0.001
>VACTACWK	15-VACTACWK	8.382440	-0.069388	0	T:58.0(0.51%),B:1159.0(0.62%),P:1e0	Tpos:92.8,Tstd:71.3,Bpos:3919.6,Bstd:6586.3,StrandBias:1.6,Multiplicity:1.00
0.376	0.368	0.256	0.001
0.997	0.001	0.001	0.001
0.001	0.997	0.001	0.001
0.001	0.255	0.001	0.743
0.997	0.001	0.001	0.001
0.001	0.997	0.001	0.001
0.496	0.120	0.001	0.384
0.120	0.001	0.392	0.487
>CTCAGAGG	16-CTCAGAGG	0.453314	-0.058758	0	T:11374.0(100.00%),B:187942.9(100.00%),P:1e0	Tpos:94.0,Tstd:55.6,Bpos:1847.3,Bstd:9604.0,StrandBias:0.0,Multiplicity:2.33
0.100	0.700	0.100	0.100
0.100	0.100	0.100	0.700
0.100	0.700	0.100	0.100
0.700	0.100	0.100	0.100
0.100	0.100	0.700	0.100
0.700	0.100	0.100	0.100
0.100	0.100	0.700	0.100
0.100	0.100	0.700	0.100
>SAACWGSH	17-SAACWGSH	6.984777	-0.000113	0	T:92.0(0.81%),B:2190.2(1.17%),P:1e0	Tpos:122.0,Tstd:52.3,Bpos:2491.9,Bstd:6678.8,StrandBias:1.0,Multiplicity:1.00
0.001	0.528	0.470	0.001
0.730	0.001	0.001	0.268
0.674	0.159	0.166	0.001
0.001	0.892	0.106	0.001
0.528	0.001	0.001	0.470
0.103	0.001	0.686	0.210
0.001	0.525	0.473	0.001
0.260	0.366	0.001	0.374
>DGWWSWKS	18-DGWWSWKS	4.729228	-0.000001	0	T:37.0(0.33%),B:1237.7(0.66%),P:1e0	Tpos:159.5,Tstd:36.5,Bpos:1626.1,Bstd:3249.5,StrandBias:10.0,Multiplicity:1.00
0.365	0.001	0.300	0.334
0.001	0.300	0.698	0.001
0.467	0.001	0.001	0.531
0.399	0.068	0.133	0.401
0.132	0.367	0.500	0.001
0.398	0.201	0.035	0.366
0.198	0.034	0.331	0.437
0.165	0.368	0.366	0.101
>KSHWGCAS	19-KSHWGCAS	5.811028	-0.000000	0	T:573.0(5.04%),B:12003.5(6.39%),P:1e0	Tpos:102.6,Tstd:53.9,Bpos:2226.5,Bstd:4294.4,StrandBias:0.6,Multiplicity:1.00
0.208	0.001	0.417	0.374
0.001	0.539	0.459	0.001
0.373	0.248	0.001	0.378
0.495	0.001	0.001	0.503
0.001	0.207	0.791	0.001
0.001	0.538	0.205	0.256
0.582	0.001	0.001	0.416
0.001	0.454	0.544	0.001
>DKCKGGCT	20-DKCKGGCT	6.308788	-0.000000	0	T:216.0(1.90%),B:6516.6(3.47%),P:1e0	Tpos:115.8,Tstd:64.4,Bpos:1226.7,Bstd:2739.8,StrandBias:-0.6,Multiplicity:1.00
0.313	0.001	0.379	0.307
0.001	0.001	0.497	0.501
0.001	0.614	0.001	0.384
0.001	0.001	0.564	0.434
0.184	0.001	0.621	0.194
0.001	0.001	0.813	0.185
0.001	0.490	0.257	0.252
0.001	0.374	0.001	0.624
>STCTTSTK	21-STCTTSTK	8.989884	-0.000000	0	T:651.0(5.72%),B:15803.3(8.41%),P:1e0	Tpos:141.2,Tstd:40.4,Bpos:4211.4,Bstd:6190.7,StrandBias:1.6,Multiplicity:1.00
0.001	0.499	0.499	0.001
0.001	0.001	0.001	0.997
0.001	0.997	0.001	0.001
0.001	0.001	0.001	0.997
0.001	0.001	0.001	0.997
0.001	0.499	0.499	0.001
0.001	0.001	0.001	0.997
0.001	0.001	0.499	0.499
>ATGGAGGG	22-ATGGAGGG	9.508875	-0.000000	0	T:183.0(1.61%),B:4788.9(2.55%),P:1e0	Tpos:142.5,Tstd:3.5,Bpos:3028.0,Bstd:3932.9,StrandBias:0.0,Multiplicity:1.00
0.831	0.084	0.084	0.001
0.001	0.001	0.001	0.997
0.001	0.001	0.997	0.001
0.001	0.001	0.997	0.001
0.997	0.001	0.001	0.001
0.001	0.001	0.997	0.001
0.001	0.001	0.997	0.001
0.001	0.001	0.746	0.252
>MASARGHY	23-MASARGHY	6.166727	-0.000000	0	T:141.0(1.24%),B:3909.4(2.08%),P:1e0	Tpos:44.0,Tstd:0.0,Bpos:1954.0,Bstd:3434.6,StrandBias:10.0,Multiplicity:1.00
0.391	0.303	0.171	0.135
0.997	0.001	0.001	0.001
0.001	0.472	0.526	0.001
0.604	0.001	0.001	0.394
0.258	0.131	0.388	0.222
0.001	0.001	0.997	0.001
0.388	0.301	0.001	0.310
0.001	0.436	0.261	0.302
>AGCTSSTC	24-AGCTSSTC	9.278567	-0.000000	0	T:499.0(4.39%),B:12973.6(6.90%),P:1e0	Tpos:105.4,Tstd:31.6,Bpos:2316.0,Bstd:8098.8,StrandBias:-0.6,Multiplicity:1.00
0.666	0.001	0.001	0.332
0.001	0.001	0.997	0.001
0.001	0.997	0.001	0.001
0.001	0.001	0.001	0.997
0.001	0.499	0.499	0.001
0.001	0.499	0.499	0.001
0.001	0.001	0.001	0.997
0.001	0.997	0.001	0.001
>NNNNNNNN	25-NNNNNNNN	-nan	0.000000	0	T:0.0(0.00%),B:0.0(0.00%),P:1e0	Tpos:0.0,Tstd:0.0,Bpos:0.0,Bstd:0.0,StrandBias:0.0,Multiplicity:1.00
-nan	-nan	-nan	-nan
-nan	-nan	-nan	-nan
-nan	-nan	-nan	-nan
-nan	-nan	-nan	-nan
-nan	-nan	-nan	-nan
-nan	-nan	-nan	-nan
-nan	-nan	-nan	-nan
-nan	-nan	-nan	-nan
