>TTTTHTTYTTTY	11-TTTTHTTYTTTY	3.806644	-214.197126	0	T:10222.0(75.53%),B:156133.7(67.25%),P:1e-93
0.243	0.220	0.124	0.413
0.228	0.255	0.078	0.439
0.295	0.226	0.001	0.478
0.208	0.081	0.146	0.565
0.192	0.330	0.155	0.323
0.350	0.001	0.001	0.648
0.144	0.199	0.235	0.422
0.237	0.268	0.096	0.399
0.210	0.143	0.001	0.646
0.001	0.303	0.063	0.633
0.009	0.246	0.001	0.744
0.167	0.313	0.062	0.458
