>AGAGAGAGAGAG	8-CTCTCTCTCTCT	4.290395	-312.255226	0	T:10197.0(75.35%),B:151368.5(65.19%),P:1e-135
0.485	0.011	0.277	0.228
0.257	0.186	0.501	0.056
0.719	0.003	0.264	0.014
0.210	0.086	0.484	0.220
0.543	0.018	0.208	0.231
0.231	0.043	0.506	0.220
0.546	0.005	0.255	0.194
0.185	0.185	0.447	0.183
0.533	0.011	0.233	0.223
0.220	0.178	0.485	0.117
0.533	0.022	0.246	0.199
0.237	0.045	0.501	0.217
