>NHADNAATTKVH	13-NHADNAATTKVH	0.644069	-135.513002	0	T:13396.0(98.99%),B:224839.1(96.84%),P:1e-58
0.285	0.171	0.248	0.295
0.312	0.259	0.158	0.271
0.599	0.001	0.001	0.399
0.301	0.001	0.383	0.315
0.212	0.296	0.295	0.198
0.574	0.274	0.001	0.151
0.597	0.030	0.232	0.141
0.218	0.207	0.181	0.393
0.001	0.012	0.001	0.986
0.047	0.001	0.419	0.533
0.316	0.242	0.322	0.121
0.292	0.248	0.077	0.383
