>TGATTCCATTCG	19-TGATTCCATTCG	14.422064	-15.655297	0	T:7.0(0.05%),B:3.4(0.00%),P:1e-6
0.047	0.171	0.053	0.729
0.096	0.050	0.794	0.060
0.828	0.082	0.054	0.036
0.036	0.066	0.001	0.897
0.001	0.035	0.001	0.963
0.061	0.866	0.052	0.021
0.041	0.872	0.034	0.053
0.885	0.029	0.041	0.045
0.082	0.051	0.041	0.826
0.132	0.023	0.043	0.802
0.034	0.755	0.061	0.150
0.061	0.104	0.790	0.045
