>CDGGCWGVMNAG	23-CTNKBCWGCCHG	-0.692854	-1.416329	0	T:13533.0(100.00%),B:232159.4(99.99%),P:1e0
0.199	0.493	0.219	0.089
0.342	0.164	0.199	0.295
0.212	0.001	0.513	0.274
0.130	0.055	0.788	0.027
0.246	0.514	0.219	0.021
0.534	0.007	0.048	0.411
0.178	0.001	0.808	0.013
0.281	0.349	0.350	0.021
0.390	0.322	0.185	0.103
0.274	0.247	0.212	0.267
0.425	0.034	0.274	0.267
0.027	0.322	0.650	0.001
