>TTCCATTCCATT	22-TTCCATTCCATT	11.915217	-7.344836	0	T:37.0(0.27%),B:343.4(0.15%),P:1e-3
0.037	0.075	0.047	0.841
0.029	0.009	0.001	0.961
0.042	0.880	0.023	0.055
0.048	0.760	0.165	0.027
0.749	0.051	0.090	0.110
0.026	0.067	0.102	0.805
0.020	0.018	0.016	0.946
0.055	0.848	0.035	0.062
0.108	0.708	0.170	0.014
0.841	0.020	0.072	0.067
0.066	0.071	0.097	0.766
0.025	0.052	0.025	0.898
