>YCATCTGTBAAS	9-STTVACAGATGR	4.319696	-254.444577	0	T:8855.0(65.43%),B:129353.1(55.71%),P:1e-110
0.086	0.484	0.086	0.344
0.115	0.576	0.100	0.209
0.559	0.315	0.001	0.125
0.116	0.035	0.210	0.639
0.120	0.556	0.149	0.175
0.120	0.001	0.001	0.878
0.095	0.242	0.537	0.126
0.169	0.228	0.065	0.538
0.156	0.368	0.248	0.227
0.632	0.152	0.109	0.107
0.436	0.168	0.142	0.253
0.149	0.377	0.259	0.215
