>WNWSWSWCWSWW	10-WNWSWSWCWSWW	3.653019	-237.111599	0	T:10793.0(79.75%),B:165848.2(71.43%),P:1e-102
0.384	0.086	0.144	0.386
0.252	0.221	0.232	0.294
0.413	0.001	0.162	0.423
0.133	0.437	0.409	0.021
0.532	0.021	0.001	0.446
0.030	0.359	0.468	0.143
0.385	0.178	0.087	0.350
0.181	0.448	0.189	0.181
0.514	0.001	0.001	0.484
0.020	0.360	0.444	0.177
0.465	0.155	0.014	0.366
0.418	0.001	0.125	0.455
