>WCACACACACAC	24-WCACACACACAC	10.735534	-0.197265	0	T:154.0(1.35%),B:2819.3(1.46%),P:1e0
0.367	0.194	0.216	0.223
0.050	0.874	0.056	0.020
0.526	0.204	0.038	0.232
0.004	0.651	0.052	0.293
0.530	0.193	0.033	0.244
0.020	0.846	0.039	0.095
0.607	0.057	0.079	0.257
0.025	0.774	0.148	0.053
0.593	0.094	0.057	0.256
0.011	0.799	0.013	0.177
0.629	0.056	0.050	0.265
0.017	0.675	0.080	0.228
