>TCACACTCACAC	15-TCACACTCACAC	11.856427	-0.472387	0	T:40.0(0.35%),B:710.8(0.37%),P:1e0
0.021	0.001	0.044	0.934
0.271	0.708	0.020	0.001
0.809	0.001	0.001	0.189
0.075	0.808	0.001	0.116
0.684	0.001	0.001	0.314
0.001	0.954	0.044	0.001
0.166	0.047	0.034	0.753
0.108	0.847	0.044	0.001
0.749	0.001	0.001	0.249
0.001	0.972	0.001	0.026
0.698	0.001	0.044	0.257
0.088	0.751	0.078	0.083
