>CACACACACACA	19-CACACACACACA	13.155460	-0.381405	0	T:138.0(1.21%),B:2442.8(1.26%),P:1e0
0.100	0.792	0.077	0.031
0.692	0.092	0.104	0.112
0.029	0.785	0.113	0.073
0.696	0.098	0.124	0.082
0.009	0.821	0.097	0.073
0.710	0.067	0.114	0.109
0.010	0.811	0.088	0.091
0.706	0.106	0.081	0.107
0.001	0.784	0.109	0.106
0.700	0.087	0.096	0.117
0.015	0.779	0.111	0.095
0.721	0.069	0.099	0.111
