>CACMCACACACA	17-CACMCACACACA	11.786934	-0.466376	0	T:144.0(1.27%),B:2514.1(1.30%),P:1e0
0.063	0.729	0.066	0.142
0.660	0.082	0.123	0.135
0.045	0.894	0.018	0.043
0.384	0.298	0.172	0.146
0.014	0.819	0.098	0.069
0.715	0.081	0.132	0.072
0.006	0.767	0.103	0.124
0.490	0.108	0.188	0.215
0.027	0.865	0.049	0.059
0.824	0.041	0.058	0.077
0.010	0.722	0.128	0.140
0.540	0.040	0.219	0.201
