>CACACACACACA	23-CACACACACACA	10.523263	-0.251704	0	T:165.0(1.45%),B:2977.2(1.54%),P:1e0
0.055	0.679	0.097	0.169
0.503	0.092	0.127	0.278
0.035	0.793	0.044	0.128
0.543	0.145	0.117	0.195
0.025	0.892	0.057	0.026
0.613	0.096	0.077	0.214
0.028	0.891	0.070	0.011
0.714	0.043	0.025	0.218
0.001	0.672	0.115	0.212
0.480	0.098	0.147	0.274
0.012	0.778	0.120	0.090
0.547	0.070	0.161	0.222
