>CWCWCACACACA	21-CWCWCACACACA	11.152917	-0.296017	0	T:161.0(1.42%),B:2882.0(1.49%),P:1e0
0.072	0.715	0.150	0.063
0.476	0.038	0.103	0.382
0.046	0.756	0.123	0.075
0.449	0.113	0.092	0.346
0.029	0.870	0.020	0.081
0.762	0.025	0.144	0.069
0.033	0.841	0.060	0.066
0.592	0.196	0.041	0.171
0.076	0.797	0.069	0.058
0.657	0.054	0.049	0.240
0.026	0.802	0.107	0.065
0.501	0.116	0.046	0.337
