>NDTSWCATGDSN	12-NDTSWCATGDSN	7.081814	-4.271185	0	T:41.0(0.36%),B:474.3(0.24%),P:1e-1
0.210	0.281	0.268	0.240
0.258	0.137	0.345	0.260
0.153	0.280	0.130	0.436
0.027	0.473	0.498	0.001
0.414	0.144	0.068	0.374
0.001	0.830	0.168	0.001
0.682	0.001	0.316	0.001
0.007	0.413	0.001	0.579
0.092	0.144	0.723	0.041
0.313	0.135	0.203	0.349
0.016	0.397	0.514	0.073
0.269	0.233	0.248	0.250
