>CACTTCCTCTTT	7-AAAGAGGAAGTG	9.175356	-47.242606	0	T:323.0(2.84%),B:3050.6(1.58%),P:1e-20
0.137	0.500	0.187	0.176
0.634	0.039	0.294	0.033
0.016	0.717	0.129	0.138
0.004	0.001	0.038	0.957
0.001	0.049	0.041	0.909
0.001	0.924	0.022	0.053
0.001	0.871	0.001	0.127
0.008	0.270	0.242	0.480
0.010	0.567	0.305	0.118
0.176	0.194	0.001	0.629
0.096	0.322	0.089	0.492
0.158	0.122	0.174	0.546
