>NNNVTGAGTCAB	1-NNNVTGAGTCAB	6.473599	-303.416839	0	T:1155.0(10.15%),B:8627.5(4.45%),P:1e-131
0.284	0.291	0.273	0.151
0.239	0.246	0.231	0.283
0.204	0.294	0.222	0.280
0.337	0.311	0.267	0.085
0.048	0.030	0.026	0.896
0.046	0.064	0.773	0.117
0.801	0.067	0.047	0.085
0.081	0.318	0.520	0.081
0.057	0.021	0.064	0.858
0.087	0.811	0.049	0.053
0.868	0.042	0.038	0.052
0.156	0.305	0.208	0.331
