>GTGTGTGTGTGT	22-GTGTGTGTGTGT	11.257069	-0.256627	0	T:143.0(1.26%),B:2588.5(1.34%),P:1e0
0.049	0.122	0.814	0.015
0.293	0.104	0.047	0.556
0.071	0.111	0.776	0.042
0.187	0.053	0.064	0.696
0.089	0.091	0.759	0.061
0.312	0.063	0.053	0.572
0.050	0.057	0.872	0.021
0.245	0.112	0.049	0.594
0.091	0.099	0.756	0.054
0.256	0.148	0.060	0.536
0.069	0.128	0.739	0.064
0.198	0.191	0.097	0.514
