>TGTGTGTGTGTG	14-TGTGTGTGTGTG	12.015995	-0.520250	0	T:150.0(1.32%),B:2599.7(1.34%),P:1e0
0.275	0.062	0.074	0.589
0.074	0.071	0.785	0.070
0.382	0.019	0.053	0.546
0.089	0.069	0.775	0.067
0.094	0.072	0.088	0.746
0.082	0.088	0.797	0.033
0.282	0.024	0.080	0.614
0.061	0.048	0.842	0.049
0.267	0.019	0.087	0.627
0.073	0.075	0.784	0.068
0.254	0.050	0.101	0.595
0.063	0.073	0.801	0.063
