>GGGRATTTCCCY	2-RGGGAAATYCCC	8.985645	-277.474751	0	T:464.0(4.08%),B:1969.7(1.02%),P:1e-120
0.165	0.065	0.586	0.184
0.014	0.024	0.907	0.055
0.001	0.029	0.929	0.041
0.365	0.088	0.466	0.081
0.503	0.150	0.191	0.156
0.170	0.177	0.109	0.544
0.001	0.042	0.044	0.913
0.001	0.376	0.019	0.604
0.009	0.775	0.001	0.215
0.045	0.915	0.032	0.008
0.172	0.640	0.095	0.093
0.202	0.378	0.181	0.239
