>RSYCHCRTGACW	10-RSYCHCRTGACW	8.656776	-11.294449	0	T:64.0(0.56%),B:594.2(0.31%),P:1e-4
0.330	0.104	0.476	0.090
0.181	0.373	0.266	0.181
0.222	0.379	0.061	0.338
0.161	0.758	0.039	0.042
0.375	0.287	0.053	0.285
0.072	0.618	0.097	0.213
0.486	0.053	0.418	0.043
0.009	0.026	0.021	0.944
0.012	0.046	0.930	0.012
0.576	0.043	0.296	0.085
0.063	0.582	0.246	0.109
0.474	0.131	0.049	0.346
