>WCACACACACAC	18-WCACACACACAC	9.720011	-0.389115	0	T:158.0(1.39%),B:2786.6(1.44%),P:1e0
0.382	0.132	0.175	0.311
0.027	0.726	0.091	0.156
0.457	0.123	0.116	0.305
0.046	0.769	0.070	0.115
0.574	0.246	0.029	0.151
0.110	0.667	0.122	0.101
0.482	0.192	0.118	0.208
0.088	0.715	0.101	0.096
0.594	0.069	0.070	0.267
0.072	0.655	0.127	0.146
0.484	0.131	0.088	0.296
0.063	0.670	0.128	0.139
