>NVTGAGTCAY	1-NVTGAGTCAY	7.401962	-326.133483	0	T:871.0(7.66%),B:5308.5(2.74%),P:1e-141	Tpos:46.6,Tstd:25.3,Bpos:3809.6,Bstd:7492.3,StrandBias:-0.4,Multiplicity:1.02
0.246	0.230	0.278	0.245
0.372	0.236	0.291	0.102
0.001	0.001	0.022	0.976
0.026	0.064	0.834	0.076
0.743	0.067	0.001	0.189
0.072	0.349	0.512	0.067
0.131	0.001	0.071	0.797
0.155	0.737	0.083	0.025
0.983	0.001	0.015	0.001
0.105	0.350	0.143	0.402
>NRTGASTCAT	2-NRTGASTCAT	7.012555	-324.450414	0	T:1025.0(9.01%),B:6925.4(3.58%),P:1e-140	Tpos:50.9,Tstd:25.5,Bpos:4906.4,Bstd:10987.9,StrandBias:0.1,Multiplicity:1.03
0.215	0.312	0.258	0.215
0.305	0.168	0.434	0.094
0.012	0.001	0.058	0.929
0.057	0.021	0.673	0.249
0.745	0.110	0.001	0.144
0.167	0.331	0.384	0.118
0.009	0.044	0.108	0.839
0.219	0.742	0.038	0.001
0.997	0.001	0.001	0.001
0.177	0.242	0.182	0.400
>HRTGAGTCAY	3-HRTGAGTCAY	8.487255	-320.213730	0	T:762.0(6.70%),B:4294.6(2.22%),P:1e-139	Tpos:49.6,Tstd:25.7,Bpos:3066.5,Bstd:7544.4,StrandBias:-0.1,Multiplicity:1.12
0.214	0.265	0.168	0.353
0.396	0.173	0.430	0.001
0.001	0.053	0.001	0.945
0.001	0.001	0.997	0.001
0.899	0.001	0.001	0.099
0.001	0.307	0.691	0.001
0.096	0.001	0.001	0.902
0.001	0.897	0.101	0.001
0.934	0.001	0.004	0.061
0.042	0.360	0.193	0.405
>GGAAANYCCC	4-GGAAANYCCC	8.839546	-259.785909	0	T:428.0(3.76%),B:1791.3(0.92%),P:1e-112	Tpos:50.6,Tstd:26.4,Bpos:2285.1,Bstd:5736.9,StrandBias:0.1,Multiplicity:1.00
0.052	0.138	0.782	0.028
0.012	0.125	0.781	0.082
0.526	0.038	0.324	0.112
0.883	0.100	0.001	0.016
0.770	0.097	0.001	0.132
0.316	0.210	0.251	0.223
0.114	0.344	0.070	0.471
0.203	0.671	0.075	0.051
0.109	0.825	0.065	0.001
0.004	0.813	0.096	0.087
>GGGGAATTCC	5-GGGGAATTCC	7.730713	-151.622809	0	T:506.0(4.45%),B:3490.1(1.80%),P:1e-65	Tpos:49.8,Tstd:25.8,Bpos:2566.5,Bstd:7156.0,StrandBias:0.1,Multiplicity:1.03
0.139	0.067	0.656	0.138
0.055	0.052	0.851	0.042
0.038	0.040	0.858	0.064
0.312	0.060	0.566	0.062
0.679	0.111	0.164	0.046
0.596	0.104	0.090	0.210
0.140	0.079	0.124	0.657
0.064	0.220	0.084	0.632
0.074	0.679	0.090	0.157
0.066	0.825	0.063	0.046
>VDATGASTCA	6-VDATGASTCA	8.160572	-135.246785	0	T:349.0(3.07%),B:2065.3(1.07%),P:1e-58	Tpos:74.9,Tstd:31.4,Bpos:779.3,Bstd:1247.8,StrandBias:1.6,Multiplicity:1.00
0.260	0.312	0.281	0.146
0.228	0.172	0.365	0.235
0.414	0.203	0.259	0.123
0.001	0.030	0.001	0.968
0.097	0.088	0.655	0.160
0.849	0.094	0.001	0.056
0.170	0.307	0.419	0.103
0.001	0.001	0.001	0.997
0.222	0.690	0.067	0.021
0.997	0.001	0.001	0.001
>TCAYGTGAYN	7-TCAYGTGAYN	6.714008	-87.246144	0	T:817.0(7.18%),B:8490.5(4.38%),P:1e-37	Tpos:49.5,Tstd:26.2,Bpos:4190.8,Bstd:9347.2,StrandBias:-0.1,Multiplicity:1.03
0.196	0.210	0.157	0.438
0.001	0.997	0.001	0.001
0.754	0.052	0.034	0.160
0.001	0.457	0.092	0.450
0.373	0.037	0.587	0.003
0.209	0.121	0.046	0.624
0.001	0.052	0.946	0.001
0.536	0.149	0.232	0.083
0.091	0.422	0.183	0.304
0.321	0.255	0.222	0.202
>CAYGTGACNN	8-CAYGTGACNN	6.209200	-75.742925	0	T:373.0(3.28%),B:3102.4(1.60%),P:1e-32	Tpos:52.0,Tstd:25.8,Bpos:1719.5,Bstd:5218.8,StrandBias:-0.1,Multiplicity:1.00
0.053	0.818	0.094	0.035
0.657	0.103	0.137	0.103
0.041	0.513	0.060	0.386
0.338	0.061	0.524	0.077
0.153	0.095	0.126	0.626
0.084	0.168	0.660	0.088
0.408	0.181	0.227	0.184
0.167	0.406	0.210	0.218
0.255	0.255	0.193	0.297
0.308	0.196	0.246	0.250
>AAGGGGAAGT	9-AAGGGGAAGT	9.228754	-50.514433	0	T:110.0(0.97%),B:589.6(0.30%),P:1e-21	Tpos:51.4,Tstd:23.8,Bpos:3828.9,Bstd:8910.5,StrandBias:-0.1,Multiplicity:1.03
0.452	0.222	0.245	0.081
0.517	0.001	0.272	0.210
0.200	0.212	0.587	0.001
0.308	0.070	0.532	0.090
0.001	0.001	0.997	0.001
0.127	0.001	0.764	0.108
0.941	0.046	0.001	0.012
0.924	0.012	0.035	0.029
0.240	0.233	0.526	0.001
0.001	0.167	0.172	0.660
>CAYRTGHBNN	10-CAYRTGHBNN	6.340548	-42.105641	0	T:474.0(4.17%),B:5177.5(2.67%),P:1e-18	Tpos:50.3,Tstd:26.9,Bpos:9659.7,Bstd:30566.0,StrandBias:-0.0,Multiplicity:1.03
0.052	0.899	0.048	0.001
0.671	0.163	0.044	0.122
0.008	0.488	0.103	0.401
0.505	0.001	0.493	0.001
0.078	0.001	0.163	0.758
0.001	0.118	0.804	0.077
0.338	0.234	0.170	0.258
0.152	0.304	0.280	0.264
0.283	0.176	0.243	0.299
0.245	0.259	0.204	0.292
>KCATGTGWSN	11-KCATGTGWSN	7.131569	-25.204772	0	T:789.0(6.94%),B:10478.7(5.41%),P:1e-10	Tpos:49.2,Tstd:24.7,Bpos:3105.2,Bstd:8034.8,StrandBias:-0.0,Multiplicity:1.10
0.208	0.082	0.344	0.366
0.048	0.812	0.009	0.131
0.698	0.001	0.300	0.001
0.001	0.418	0.001	0.580
0.001	0.001	0.997	0.001
0.108	0.124	0.100	0.668
0.001	0.001	0.997	0.001
0.373	0.097	0.160	0.370
0.120	0.343	0.360	0.176
0.250	0.242	0.186	0.322
>CAYGTGABNG	12-CAYGTGABNG	7.220476	-22.383811	0	T:183.0(1.61%),B:1853.5(0.96%),P:1e-9	Tpos:48.4,Tstd:25.4,Bpos:1743.9,Bstd:6320.9,StrandBias:-0.1,Multiplicity:1.11
0.113	0.662	0.053	0.172
0.536	0.032	0.273	0.159
0.021	0.557	0.012	0.410
0.286	0.025	0.675	0.014
0.124	0.060	0.028	0.788
0.034	0.008	0.946	0.012
0.462	0.152	0.153	0.233
0.126	0.273	0.371	0.229
0.252	0.173	0.270	0.305
0.163	0.123	0.463	0.250
>RGRGGAARBV	13-RGRGGAARBV	8.174941	-5.469066	0	T:81.0(0.71%),B:999.5(0.52%),P:1e-2	Tpos:46.4,Tstd:22.0,Bpos:1460.2,Bstd:5495.5,StrandBias:0.2,Multiplicity:1.00
0.455	0.001	0.341	0.202
0.300	0.167	0.532	0.001
0.370	0.173	0.350	0.107
0.001	0.001	0.997	0.001
0.001	0.192	0.806	0.001
0.997	0.001	0.001	0.001
0.869	0.001	0.027	0.103
0.367	0.187	0.445	0.001
0.001	0.372	0.288	0.339
0.230	0.233	0.360	0.177
>SCAMGTGVCN	14-SCAMGTGVCN	6.953357	-3.914609	0	T:37.0(0.33%),B:430.1(0.22%),P:1e-1	Tpos:54.8,Tstd:22.4,Bpos:2640.4,Bstd:7592.6,StrandBias:0.0,Multiplicity:1.00
0.168	0.330	0.461	0.042
0.052	0.638	0.261	0.049
0.780	0.083	0.060	0.077
0.400	0.446	0.074	0.080
0.352	0.069	0.534	0.045
0.075	0.084	0.090	0.751
0.077	0.099	0.753	0.071
0.320	0.249	0.263	0.168
0.091	0.431	0.224	0.255
0.285	0.229	0.253	0.233
>GGGAAGTGAS	15-GGGAAGTGAS	8.886694	-2.139355	0	T:18.0(0.16%),B:221.7(0.11%),P:1e0	Tpos:65.8,Tstd:21.0,Bpos:2168.4,Bstd:5129.0,StrandBias:-0.6,Multiplicity:1.00
0.343	0.071	0.496	0.089
0.078	0.042	0.879	0.001
0.009	0.369	0.621	0.001
0.851	0.040	0.038	0.071
0.642	0.010	0.049	0.299
0.210	0.046	0.737	0.007
0.028	0.191	0.170	0.611
0.091	0.268	0.623	0.018
0.433	0.116	0.188	0.264
0.112	0.384	0.324	0.180
>VYTTCCBBYN	16-VYTTCCBBYN	7.882415	-0.927144	0	T:13.0(0.11%),B:199.7(0.10%),P:1e0	Tpos:37.9,Tstd:21.8,Bpos:4920.1,Bstd:8972.3,StrandBias:-1.6,Multiplicity:1.00
0.359	0.350	0.290	0.001
0.001	0.361	0.235	0.403
0.022	0.001	0.001	0.976
0.001	0.001	0.167	0.831
0.001	0.997	0.001	0.001
0.001	0.997	0.001	0.001
0.001	0.372	0.258	0.368
0.001	0.402	0.309	0.288
0.158	0.368	0.001	0.472
0.176	0.295	0.221	0.307
>GTGTGTGWGT	17-GTGTGTGWGT	11.495948	-0.783100	0	T:32.0(0.28%),B:528.5(0.27%),P:1e0	Tpos:61.3,Tstd:17.1,Bpos:3480.1,Bstd:11694.0,StrandBias:0.2,Multiplicity:1.00
0.103	0.051	0.813	0.033
0.065	0.077	0.043	0.815
0.056	0.030	0.892	0.022
0.090	0.071	0.028	0.811
0.076	0.031	0.872	0.021
0.048	0.042	0.044	0.866
0.053	0.035	0.865	0.047
0.465	0.109	0.072	0.354
0.083	0.066	0.802	0.049
0.067	0.070	0.060	0.803
>TNCMMTTCCC	18-TNCMMTTCCC	8.151772	-0.721556	0	T:11.0(0.10%),B:179.2(0.09%),P:1e0	Tpos:50.3,Tstd:21.6,Bpos:2703.8,Bstd:10655.3,StrandBias:0.8,Multiplicity:1.00
0.175	0.173	0.045	0.607
0.336	0.225	0.238	0.200
0.048	0.936	0.001	0.015
0.413	0.309	0.194	0.084
0.278	0.405	0.070	0.247
0.074	0.189	0.001	0.736
0.067	0.245	0.001	0.687
0.101	0.501	0.200	0.198
0.022	0.863	0.057	0.058
0.066	0.474	0.152	0.308
>WYACACACAY	19-WYACACACAY	8.003798	-0.147594	0	T:51.0(0.45%),B:1005.6(0.52%),P:1e0	Tpos:51.5,Tstd:27.0,Bpos:3326.7,Bstd:10687.7,StrandBias:-0.3,Multiplicity:1.12
0.328	0.117	0.136	0.419
0.197	0.404	0.114	0.286
0.453	0.133	0.121	0.293
0.101	0.897	0.001	0.001
0.554	0.171	0.112	0.163
0.001	0.846	0.048	0.105
0.649	0.145	0.098	0.108
0.001	0.763	0.111	0.125
0.410	0.114	0.250	0.226
0.001	0.436	0.154	0.409
>CACACACACD	20-CACACACACD	7.639356	-0.092061	0	T:310.0(2.73%),B:5694.5(2.94%),P:1e0	Tpos:54.3,Tstd:28.2,Bpos:3061.5,Bstd:8148.7,StrandBias:-0.1,Multiplicity:1.12
0.068	0.659	0.184	0.089
0.529	0.154	0.090	0.227
0.050	0.760	0.088	0.102
0.581	0.114	0.066	0.239
0.092	0.730	0.075	0.103
0.614	0.071	0.127	0.188
0.057	0.683	0.096	0.164
0.526	0.092	0.256	0.126
0.072	0.652	0.082	0.194
0.341	0.094	0.313	0.252
>VRGGAARBGN	21-VRGGAARBGN	5.644754	-0.062214	0	T:6.0(0.05%),B:175.3(0.09%),P:1e0	Tpos:34.4,Tstd:21.2,Bpos:4258.4,Bstd:8808.9,StrandBias:-0.6,Multiplicity:1.00
0.308	0.231	0.313	0.148
0.381	0.227	0.391	0.001
0.008	0.038	0.946	0.008
0.112	0.298	0.476	0.114
0.635	0.169	0.191	0.005
0.511	0.139	0.172	0.178
0.418	0.113	0.408	0.060
0.012	0.304	0.338	0.347
0.180	0.223	0.388	0.209
0.262	0.237	0.234	0.268
>GTGTGTGTGT	22-GTGTGTGTGT	9.424890	-0.052904	0	T:298.0(2.62%),B:5569.1(2.88%),P:1e0	Tpos:49.5,Tstd:24.0,Bpos:2607.5,Bstd:6866.8,StrandBias:0.1,Multiplicity:1.03
0.102	0.356	0.511	0.031
0.096	0.049	0.035	0.820
0.058	0.050	0.866	0.026
0.050	0.085	0.024	0.841
0.050	0.033	0.903	0.014
0.073	0.051	0.043	0.833
0.032	0.026	0.918	0.024
0.034	0.111	0.042	0.813
0.073	0.031	0.864	0.032
0.064	0.051	0.095	0.790
>GGAAGGGGAA	23-GGAAGGGGAA	9.087127	-0.049390	0	T:43.0(0.38%),B:932.9(0.48%),P:1e0	Tpos:51.0,Tstd:29.6,Bpos:3488.4,Bstd:7659.6,StrandBias:0.1,Multiplicity:1.07
0.175	0.103	0.703	0.019
0.167	0.183	0.558	0.092
0.631	0.108	0.171	0.090
0.715	0.001	0.151	0.133
0.167	0.098	0.622	0.113
0.163	0.070	0.645	0.122
0.028	0.011	0.916	0.045
0.209	0.098	0.667	0.026
0.714	0.107	0.119	0.060
0.830	0.048	0.091	0.031
>VCTTCCCCYT	24-VCTTCCCCYT	9.785553	-0.043161	0	T:45.0(0.40%),B:979.6(0.51%),P:1e0	Tpos:54.4,Tstd:28.9,Bpos:2641.5,Bstd:6087.5,StrandBias:-0.2,Multiplicity:1.00
0.291	0.403	0.305	0.001
0.001	0.561	0.127	0.311
0.001	0.001	0.001	0.997
0.001	0.001	0.001	0.997
0.001	0.997	0.001	0.001
0.001	0.997	0.001	0.001
0.001	0.515	0.122	0.362
0.001	0.629	0.034	0.336
0.001	0.429	0.001	0.569
0.126	0.177	0.153	0.544
>RGGSAARYGN	25-RGGSAARYGN	7.600847	-0.001477	0	T:5.0(0.04%),B:247.1(0.13%),P:1e0	Tpos:47.0,Tstd:22.0,Bpos:3137.5,Bstd:6163.9,StrandBias:-1.6,Multiplicity:1.00
0.350	0.138	0.416	0.096
0.234	0.162	0.454	0.151
0.001	0.001	0.997	0.001
0.008	0.409	0.558	0.025
0.997	0.001	0.001	0.001
0.718	0.006	0.085	0.191
0.439	0.163	0.397	0.001
0.001	0.301	0.254	0.444
0.206	0.228	0.441	0.125
0.295	0.241	0.273	0.191
>NNNVTGAGTCAB	1-NNNVTGAGTCAB	6.473599	-303.416839	0	T:1155.0(10.15%),B:8627.5(4.45%),P:1e-131	Tpos:49.1,Tstd:25.7,Bpos:3905.3,Bstd:8552.3,StrandBias:0.0,Multiplicity:1.13
0.284	0.291	0.273	0.151
0.239	0.246	0.231	0.283
0.204	0.294	0.222	0.280
0.337	0.311	0.267	0.085
0.048	0.030	0.026	0.896
0.046	0.064	0.773	0.117
0.801	0.067	0.047	0.085
0.081	0.318	0.520	0.081
0.057	0.021	0.064	0.858
0.087	0.811	0.049	0.053
0.868	0.042	0.038	0.052
0.156	0.305	0.208	0.331
>RGGGAAATYCCC	2-RGGGAAATYCCC	8.985645	-277.474751	0	T:464.0(4.08%),B:1969.7(1.02%),P:1e-120	Tpos:49.6,Tstd:25.6,Bpos:2254.4,Bstd:5787.2,StrandBias:0.1,Multiplicity:1.02
0.239	0.181	0.378	0.202
0.093	0.095	0.640	0.172
0.008	0.032	0.915	0.045
0.215	0.001	0.775	0.009
0.604	0.019	0.376	0.001
0.913	0.044	0.042	0.001
0.544	0.109	0.177	0.170
0.156	0.191	0.150	0.503
0.081	0.466	0.088	0.365
0.041	0.929	0.029	0.001
0.055	0.907	0.024	0.014
0.184	0.586	0.065	0.165
>GGGRAASYCCCW	3-GGGRAASYCCCW	10.008965	-118.748702	0	T:233.0(2.05%),B:1134.3(0.59%),P:1e-51	Tpos:50.8,Tstd:26.4,Bpos:2441.0,Bstd:7475.7,StrandBias:-0.2,Multiplicity:1.00
0.206	0.128	0.481	0.184
0.001	0.001	0.997	0.001
0.001	0.001	0.981	0.017
0.479	0.095	0.425	0.001
0.930	0.068	0.001	0.001
0.763	0.001	0.001	0.235
0.101	0.503	0.395	0.001
0.001	0.415	0.100	0.484
0.184	0.615	0.128	0.073
0.185	0.813	0.001	0.001
0.172	0.826	0.001	0.001
0.345	0.095	0.198	0.362
>TGACTCACMNBC	4-TGACTCACMNBC	8.802177	-100.070021	0	T:452.0(3.97%),B:3618.9(1.87%),P:1e-43	Tpos:49.7,Tstd:25.3,Bpos:2449.7,Bstd:8680.6,StrandBias:-0.0,Multiplicity:1.13
0.136	0.011	0.035	0.818
0.001	0.245	0.753	0.001
0.818	0.001	0.001	0.180
0.001	0.712	0.286	0.001
0.241	0.016	0.001	0.742
0.001	0.997	0.001	0.001
0.900	0.001	0.040	0.059
0.001	0.574	0.216	0.209
0.423	0.288	0.052	0.237
0.262	0.339	0.205	0.194
0.172	0.322	0.257	0.249
0.081	0.578	0.245	0.096
>TCACGTGABAKC	5-TCACGTGABAKC	8.370424	-65.552954	0	T:421.0(3.70%),B:3880.3(2.00%),P:1e-28	Tpos:49.3,Tstd:25.2,Bpos:7882.5,Bstd:30450.4,StrandBias:-0.1,Multiplicity:1.04
0.170	0.112	0.145	0.573
0.001	0.951	0.047	0.001
0.876	0.072	0.001	0.051
0.001	0.825	0.001	0.173
0.276	0.001	0.722	0.001
0.001	0.001	0.001	0.997
0.001	0.038	0.960	0.001
0.585	0.001	0.232	0.182
0.001	0.413	0.264	0.322
0.562	0.242	0.195	0.001
0.190	0.128	0.400	0.283
0.150	0.439	0.238	0.173
>NRGTCACGTGMY	6-NRGTCACGTGMY	8.817974	-63.654219	0	T:339.0(2.98%),B:2914.2(1.50%),P:1e-27	Tpos:50.3,Tstd:23.4,Bpos:1815.7,Bstd:5308.5,StrandBias:0.1,Multiplicity:1.08
0.266	0.289	0.243	0.202
0.376	0.185	0.253	0.186
0.268	0.166	0.565	0.001
0.054	0.200	0.236	0.510
0.001	0.997	0.001	0.001
0.997	0.001	0.001	0.001
0.001	0.694	0.001	0.304
0.407	0.001	0.591	0.001
0.001	0.001	0.001	0.997
0.001	0.001	0.997	0.001
0.446	0.303	0.176	0.075
0.053	0.452	0.176	0.319
>AAAGAGGAAGTG	7-AAAGAGGAAGTG	9.175356	-47.242606	0	T:323.0(2.84%),B:3050.6(1.58%),P:1e-20	Tpos:51.1,Tstd:24.8,Bpos:2700.9,Bstd:6887.9,StrandBias:-0.1,Multiplicity:1.06
0.546	0.174	0.122	0.158
0.492	0.089	0.322	0.096
0.629	0.001	0.194	0.176
0.118	0.305	0.567	0.010
0.480	0.242	0.270	0.008
0.127	0.001	0.871	0.001
0.053	0.022	0.924	0.001
0.909	0.041	0.049	0.001
0.957	0.038	0.001	0.004
0.138	0.129	0.717	0.016
0.033	0.294	0.039	0.634
0.176	0.187	0.500	0.137
>GCCCTCTGGTGG	8-GCCCTCTGGTGG	11.660282	-33.194405	0	T:84.0(0.74%),B:505.3(0.26%),P:1e-14	Tpos:50.5,Tstd:26.7,Bpos:1289.0,Bstd:3894.5,StrandBias:0.1,Multiplicity:1.02
0.014	0.012	0.947	0.027
0.001	0.978	0.008	0.013
0.001	0.983	0.001	0.015
0.027	0.971	0.001	0.001
0.001	0.284	0.017	0.698
0.001	0.977	0.001	0.021
0.001	0.017	0.001	0.981
0.159	0.011	0.808	0.022
0.022	0.167	0.810	0.001
0.012	0.039	0.007	0.942
0.001	0.001	0.997	0.001
0.001	0.001	0.979	0.019
>ACTACAATTCCC	9-ACTACAATTCCC	9.876216	-18.451612	0	T:131.0(1.15%),B:1279.7(0.66%),P:1e-8	Tpos:49.9,Tstd:26.5,Bpos:801.4,Bstd:3302.4,StrandBias:-0.3,Multiplicity:1.07
0.777	0.076	0.076	0.071
0.060	0.811	0.070	0.059
0.085	0.140	0.069	0.706
0.670	0.095	0.128	0.107
0.047	0.839	0.061	0.053
0.726	0.127	0.063	0.084
0.624	0.130	0.104	0.142
0.084	0.137	0.097	0.682
0.048	0.092	0.080	0.780
0.093	0.736	0.086	0.085
0.081	0.826	0.035	0.058
0.084	0.825	0.031	0.060
>RSYCHCRTGACW	10-RSYCHCRTGACW	8.656776	-11.294449	0	T:64.0(0.56%),B:594.2(0.31%),P:1e-4	Tpos:49.5,Tstd:24.6,Bpos:3487.2,Bstd:8416.0,StrandBias:0.0,Multiplicity:1.05
0.330	0.104	0.476	0.090
0.181	0.373	0.266	0.181
0.222	0.379	0.061	0.338
0.161	0.758	0.039	0.042
0.375	0.287	0.053	0.285
0.072	0.618	0.097	0.213
0.486	0.053	0.418	0.043
0.009	0.026	0.021	0.944
0.012	0.046	0.930	0.012
0.576	0.043	0.296	0.085
0.063	0.582	0.246	0.109
0.474	0.131	0.049	0.346
>CTCDBCWCGTGM	11-CTCDBCWCGTGM	9.755266	-4.306808	0	T:6.0(0.05%),B:30.9(0.02%),P:1e-1	Tpos:30.0,Tstd:6.0,Bpos:1553.1,Bstd:2699.1,StrandBias:0.0,Multiplicity:1.00
0.191	0.607	0.201	0.001
0.329	0.161	0.001	0.509
0.190	0.477	0.317	0.015
0.361	0.156	0.231	0.252
0.019	0.319	0.264	0.398
0.001	0.997	0.001	0.001
0.474	0.144	0.054	0.328
0.001	0.635	0.131	0.233
0.376	0.001	0.622	0.001
0.001	0.006	0.001	0.992
0.001	0.001	0.997	0.001
0.380	0.244	0.170	0.206
>NDTSWCATGDSN	12-NDTSWCATGDSN	7.081814	-4.271185	0	T:41.0(0.36%),B:474.3(0.24%),P:1e-1	Tpos:50.6,Tstd:22.1,Bpos:3309.3,Bstd:9572.2,StrandBias:0.2,Multiplicity:1.00
0.210	0.281	0.268	0.240
0.258	0.137	0.345	0.260
0.153	0.280	0.130	0.436
0.027	0.473	0.498	0.001
0.414	0.144	0.068	0.374
0.001	0.830	0.168	0.001
0.682	0.001	0.316	0.001
0.007	0.413	0.001	0.579
0.092	0.144	0.723	0.041
0.313	0.135	0.203	0.349
0.016	0.397	0.514	0.073
0.269	0.233	0.248	0.250
>CACACTCWCTCT	13-CACACTCWCTCT	13.696877	-0.997972	0	T:3.0(0.03%),B:36.7(0.02%),P:1e0	Tpos:28.0,Tstd:0.0,Bpos:5195.4,Bstd:9939.2,StrandBias:10.0,Multiplicity:1.00
0.001	0.997	0.001	0.001
0.813	0.001	0.066	0.120
0.001	0.898	0.001	0.100
0.723	0.002	0.149	0.126
0.001	0.901	0.002	0.096
0.218	0.001	0.095	0.686
0.001	0.868	0.001	0.130
0.349	0.090	0.104	0.456
0.002	0.764	0.170	0.064
0.170	0.029	0.236	0.565
0.028	0.970	0.001	0.001
0.003	0.001	0.014	0.982
>TGTGTGTGTGTG	14-TGTGTGTGTGTG	12.015995	-0.520250	0	T:150.0(1.32%),B:2599.7(1.34%),P:1e0	Tpos:24.5,Tstd:19.5,Bpos:1605.6,Bstd:3404.3,StrandBias:0.0,Multiplicity:1.00
0.275	0.062	0.074	0.589
0.074	0.071	0.785	0.070
0.382	0.019	0.053	0.546
0.089	0.069	0.775	0.067
0.094	0.072	0.088	0.746
0.082	0.088	0.797	0.033
0.282	0.024	0.080	0.614
0.061	0.048	0.842	0.049
0.267	0.019	0.087	0.627
0.073	0.075	0.784	0.068
0.254	0.050	0.101	0.595
0.063	0.073	0.801	0.063
>TCACACTCACAC	15-TCACACTCACAC	11.856427	-0.472387	0	T:40.0(0.35%),B:710.8(0.37%),P:1e0	Tpos:31.6,Tstd:20.7,Bpos:4802.7,Bstd:15335.1,StrandBias:0.0,Multiplicity:1.00
0.021	0.001	0.044	0.934
0.271	0.708	0.020	0.001
0.809	0.001	0.001	0.189
0.075	0.808	0.001	0.116
0.684	0.001	0.001	0.314
0.001	0.954	0.044	0.001
0.166	0.047	0.034	0.753
0.108	0.847	0.044	0.001
0.749	0.001	0.001	0.249
0.001	0.972	0.001	0.026
0.698	0.001	0.044	0.257
0.088	0.751	0.078	0.083
>TGTGTGTGTGTG	16-TGTGTGTGTGTG	13.748891	-0.467930	0	T:154.0(1.35%),B:2686.0(1.39%),P:1e0	Tpos:49.5,Tstd:22.3,Bpos:3073.3,Bstd:10242.0,StrandBias:0.5,Multiplicity:1.06
0.264	0.219	0.001	0.516
0.001	0.001	0.997	0.001
0.001	0.001	0.001	0.997
0.001	0.001	0.997	0.001
0.372	0.001	0.001	0.626
0.001	0.001	0.997	0.001
0.307	0.001	0.001	0.691
0.061	0.001	0.937	0.001
0.407	0.001	0.001	0.591
0.001	0.001	0.997	0.001
0.225	0.001	0.001	0.773
0.001	0.001	0.997	0.001
>CACMCACACACA	17-CACMCACACACA	11.786934	-0.466376	0	T:144.0(1.27%),B:2514.1(1.30%),P:1e0	Tpos:38.4,Tstd:16.9,Bpos:2733.0,Bstd:6948.3,StrandBias:1.3,Multiplicity:1.17
0.063	0.729	0.066	0.142
0.660	0.082	0.123	0.135
0.045	0.894	0.018	0.043
0.384	0.298	0.172	0.146
0.014	0.819	0.098	0.069
0.715	0.081	0.132	0.072
0.006	0.767	0.103	0.124
0.490	0.108	0.188	0.215
0.027	0.865	0.049	0.059
0.824	0.041	0.058	0.077
0.010	0.722	0.128	0.140
0.540	0.040	0.219	0.201
>WCACACACACAC	18-WCACACACACAC	9.720011	-0.389115	0	T:158.0(1.39%),B:2786.6(1.44%),P:1e0	Tpos:55.0,Tstd:22.8,Bpos:1960.2,Bstd:4337.0,StrandBias:1.0,Multiplicity:1.00
0.382	0.132	0.175	0.311
0.027	0.726	0.091	0.156
0.457	0.123	0.116	0.305
0.046	0.769	0.070	0.115
0.574	0.246	0.029	0.151
0.110	0.667	0.122	0.101
0.482	0.192	0.118	0.208
0.088	0.715	0.101	0.096
0.594	0.069	0.070	0.267
0.072	0.655	0.127	0.146
0.484	0.131	0.088	0.296
0.063	0.670	0.128	0.139
>CACACACACACA	19-CACACACACACA	13.155460	-0.381405	0	T:138.0(1.21%),B:2442.8(1.26%),P:1e0	Tpos:53.7,Tstd:28.3,Bpos:3176.5,Bstd:8066.0,StrandBias:-0.2,Multiplicity:1.11
0.100	0.792	0.077	0.031
0.692	0.092	0.104	0.112
0.029	0.785	0.113	0.073
0.696	0.098	0.124	0.082
0.009	0.821	0.097	0.073
0.710	0.067	0.114	0.109
0.010	0.811	0.088	0.091
0.706	0.106	0.081	0.107
0.001	0.784	0.109	0.106
0.700	0.087	0.096	0.117
0.015	0.779	0.111	0.095
0.721	0.069	0.099	0.111
>WCACACACACAC	20-WCACACACACAC	11.912140	-0.317729	0	T:159.0(1.40%),B:2836.2(1.46%),P:1e0	Tpos:51.7,Tstd:27.8,Bpos:2983.4,Bstd:9936.1,StrandBias:0.1,Multiplicity:1.05
0.562	0.001	0.001	0.436
0.001	0.997	0.001	0.001
0.915	0.021	0.001	0.063
0.001	0.997	0.001	0.001
0.997	0.001	0.001	0.001
0.001	0.997	0.001	0.001
0.997	0.001	0.001	0.001
0.001	0.997	0.001	0.001
0.997	0.001	0.001	0.001
0.001	0.997	0.001	0.001
0.997	0.001	0.001	0.001
0.001	0.997	0.001	0.001
>CWCWCACACACA	21-CWCWCACACACA	11.152917	-0.296017	0	T:161.0(1.42%),B:2882.0(1.49%),P:1e0	Tpos:56.4,Tstd:20.0,Bpos:5220.9,Bstd:15782.0,StrandBias:2.0,Multiplicity:1.00
0.072	0.715	0.150	0.063
0.476	0.038	0.103	0.382
0.046	0.756	0.123	0.075
0.449	0.113	0.092	0.346
0.029	0.870	0.020	0.081
0.762	0.025	0.144	0.069
0.033	0.841	0.060	0.066
0.592	0.196	0.041	0.171
0.076	0.797	0.069	0.058
0.657	0.054	0.049	0.240
0.026	0.802	0.107	0.065
0.501	0.116	0.046	0.337
>GTGTGTGTGTGT	22-GTGTGTGTGTGT	11.257069	-0.256627	0	T:143.0(1.26%),B:2588.5(1.34%),P:1e0	Tpos:51.0,Tstd:28.0,Bpos:4935.8,Bstd:16416.0,StrandBias:-10.0,Multiplicity:1.00
0.049	0.122	0.814	0.015
0.293	0.104	0.047	0.556
0.071	0.111	0.776	0.042
0.187	0.053	0.064	0.696
0.089	0.091	0.759	0.061
0.312	0.063	0.053	0.572
0.050	0.057	0.872	0.021
0.245	0.112	0.049	0.594
0.091	0.099	0.756	0.054
0.256	0.148	0.060	0.536
0.069	0.128	0.739	0.064
0.198	0.191	0.097	0.514
>CACACACACACA	23-CACACACACACA	10.523263	-0.251704	0	T:165.0(1.45%),B:2977.2(1.54%),P:1e0	Tpos:60.0,Tstd:10.0,Bpos:2121.9,Bstd:4947.6,StrandBias:0.0,Multiplicity:1.00
0.055	0.679	0.097	0.169
0.503	0.092	0.127	0.278
0.035	0.793	0.044	0.128
0.543	0.145	0.117	0.195
0.025	0.892	0.057	0.026
0.613	0.096	0.077	0.214
0.028	0.891	0.070	0.011
0.714	0.043	0.025	0.218
0.001	0.672	0.115	0.212
0.480	0.098	0.147	0.274
0.012	0.778	0.120	0.090
0.547	0.070	0.161	0.222
>WCACACACACAC	24-WCACACACACAC	10.735534	-0.197265	0	T:154.0(1.35%),B:2819.3(1.46%),P:1e0	Tpos:42.7,Tstd:12.5,Bpos:2342.6,Bstd:10233.7,StrandBias:0.4,Multiplicity:1.00
0.367	0.194	0.216	0.223
0.050	0.874	0.056	0.020
0.526	0.204	0.038	0.232
0.004	0.651	0.052	0.293
0.530	0.193	0.033	0.244
0.020	0.846	0.039	0.095
0.607	0.057	0.079	0.257
0.025	0.774	0.148	0.053
0.593	0.094	0.057	0.256
0.011	0.799	0.013	0.177
0.629	0.056	0.050	0.265
0.017	0.675	0.080	0.228
>CWCWCACACACR	25-CWCWCACACACR	14.306796	-0.166965	0	T:142.0(1.25%),B:2629.4(1.36%),P:1e0	Tpos:6.0,Tstd:0.0,Bpos:368.0,Bstd:693.9,StrandBias:10.0,Multiplicity:1.00
0.001	0.997	0.001	0.001
0.559	0.001	0.001	0.439
0.001	0.997	0.001	0.001
0.570	0.001	0.001	0.428
0.001	0.997	0.001	0.001
0.844	0.001	0.001	0.154
0.001	0.997	0.001	0.001
0.997	0.001	0.001	0.001
0.001	0.997	0.001	0.001
0.918	0.001	0.001	0.080
0.001	0.997	0.001	0.001
0.482	0.001	0.403	0.114
>ATGAGTCA	1-ATGAGTCA	8.873168	-296.692071	0	T:906.0(7.97%),B:5988.4(3.09%),P:1e-128	Tpos:49.4,Tstd:26.4,Bpos:3285.1,Bstd:8460.9,StrandBias:0.1,Multiplicity:1.13
0.586	0.201	0.171	0.042
0.001	0.001	0.001	0.997
0.001	0.001	0.974	0.024
0.974	0.003	0.001	0.022
0.029	0.239	0.692	0.040
0.001	0.001	0.001	0.997
0.019	0.979	0.001	0.001
0.997	0.001	0.001	0.001
>TGANTCAY	2-TGANTCAY	6.201614	-285.524690	0	T:1007.0(8.85%),B:7214.2(3.72%),P:1e-124	Tpos:51.4,Tstd:26.0,Bpos:5338.7,Bstd:9893.6,StrandBias:-0.0,Multiplicity:1.03
0.033	0.330	0.034	0.603
0.067	0.068	0.654	0.211
0.626	0.183	0.001	0.190
0.179	0.261	0.325	0.235
0.228	0.104	0.081	0.587
0.154	0.700	0.145	0.001
0.997	0.001	0.001	0.001
0.022	0.407	0.154	0.416
>RTCACGTG	3-RTCACGTG	7.322951	-108.802663	0	T:797.0(7.01%),B:7688.2(3.97%),P:1e-47	Tpos:50.6,Tstd:25.3,Bpos:4154.6,Bstd:18002.1,StrandBias:0.0,Multiplicity:1.12
0.309	0.162	0.449	0.080
0.123	0.168	0.108	0.601
0.022	0.895	0.073	0.010
0.922	0.033	0.009	0.036
0.004	0.724	0.033	0.239
0.271	0.021	0.654	0.054
0.060	0.069	0.040	0.831
0.024	0.047	0.925	0.004
>RTCACRTG	4-RTCACRTG	6.847109	-81.921100	0	T:712.0(6.26%),B:7237.2(3.74%),P:1e-35	Tpos:47.0,Tstd:25.1,Bpos:3438.0,Bstd:8271.0,StrandBias:-0.2,Multiplicity:1.01
0.319	0.215	0.390	0.076
0.121	0.233	0.181	0.464
0.001	0.997	0.001	0.001
0.689	0.001	0.069	0.241
0.023	0.711	0.001	0.265
0.505	0.001	0.418	0.076
0.154	0.088	0.001	0.757
0.035	0.172	0.771	0.022
>GGGGAATT	5-GGGGAATT	8.075164	-10.901523	0	T:298.0(2.62%),B:3930.5(2.03%),P:1e-4	Tpos:50.4,Tstd:26.2,Bpos:2500.4,Bstd:6797.3,StrandBias:-0.1,Multiplicity:1.03
0.155	0.008	0.727	0.110
0.174	0.025	0.786	0.015
0.001	0.010	0.975	0.014
0.204	0.006	0.767	0.023
0.776	0.038	0.160	0.026
0.722	0.061	0.054	0.163
0.184	0.049	0.272	0.495
0.008	0.173	0.066	0.753
>AAGGGGAA	6-AAGGGGAA	7.251783	-0.278570	0	T:196.0(1.72%),B:3503.6(1.81%),P:1e0	Tpos:52.6,Tstd:26.7,Bpos:3461.3,Bstd:8573.1,StrandBias:0.1,Multiplicity:1.03
0.542	0.166	0.177	0.115
0.508	0.084	0.258	0.150
0.176	0.093	0.581	0.150
0.091	0.068	0.719	0.122
0.059	0.067	0.784	0.090
0.259	0.092	0.554	0.095
0.645	0.117	0.163	0.075
0.668	0.130	0.111	0.091
>GSTTTCCC	7-GSTTTCCC	9.641626	-0.187789	0	T:129.0(1.13%),B:2383.6(1.23%),P:1e0	Tpos:48.9,Tstd:27.4,Bpos:2640.1,Bstd:7540.9,StrandBias:-0.2,Multiplicity:1.02
0.004	0.298	0.697	0.001
0.148	0.378	0.473	0.001
0.001	0.143	0.001	0.855
0.001	0.001	0.001	0.997
0.001	0.003	0.001	0.995
0.001	0.997	0.001	0.001
0.001	0.997	0.001	0.001
0.001	0.845	0.001	0.153
>GGGAAGTG	8-GGGAAGTG	6.624104	-0.037896	0	T:1120.0(9.85%),B:20073.5(10.36%),P:1e0	Tpos:50.3,Tstd:27.0,Bpos:3014.2,Bstd:9255.1,StrandBias:0.0,Multiplicity:1.05
0.181	0.058	0.745	0.016
0.029	0.034	0.866	0.071
0.179	0.106	0.684	0.031
0.889	0.028	0.047	0.036
0.794	0.050	0.068	0.088
0.208	0.053	0.667	0.072
0.034	0.039	0.095	0.832
0.119	0.254	0.523	0.104
>CAYGTGNB	9-CAYGTGNB	7.476930	-0.014414	0	T:104.0(0.91%),B:2181.4(1.13%),P:1e0	Tpos:49.8,Tstd:25.9,Bpos:3275.7,Bstd:8357.8,StrandBias:-0.0,Multiplicity:1.02
0.001	0.997	0.001	0.001
0.931	0.001	0.001	0.067
0.001	0.426	0.001	0.572
0.259	0.045	0.695	0.001
0.276	0.001	0.001	0.722
0.015	0.001	0.907	0.077
0.280	0.304	0.202	0.214
0.001	0.319	0.313	0.367
>SAGGGGAA	10-SAGGGGAA	10.103244	-0.004668	0	T:174.0(1.53%),B:3591.1(1.85%),P:1e0	Tpos:47.2,Tstd:27.5,Bpos:2793.0,Bstd:7679.8,StrandBias:-0.4,Multiplicity:1.01
0.001	0.423	0.372	0.203
0.897	0.001	0.101	0.001
0.001	0.001	0.997	0.001
0.001	0.001	0.997	0.001
0.001	0.001	0.997	0.001
0.001	0.001	0.997	0.001
0.997	0.001	0.001	0.001
0.997	0.001	0.001	0.001
>TGTGTGVD	11-TGTGTGVD	8.057725	-0.000078	0	T:112.0(0.98%),B:2681.6(1.38%),P:1e0	Tpos:51.8,Tstd:27.2,Bpos:1851.9,Bstd:11357.8,StrandBias:-0.7,Multiplicity:1.12
0.001	0.001	0.001	0.997
0.120	0.001	0.878	0.001
0.290	0.001	0.001	0.708
0.122	0.001	0.876	0.001
0.001	0.001	0.001	0.997
0.001	0.290	0.708	0.001
0.291	0.303	0.283	0.124
0.302	0.001	0.415	0.283
>CACATGCA	12-CACATGCA	10.668845	-0.000052	0	T:123.0(1.08%),B:2925.5(1.51%),P:1e0	Tpos:49.5,Tstd:27.3,Bpos:3511.9,Bstd:9290.6,StrandBias:0.7,Multiplicity:1.04
0.001	0.997	0.001	0.001
0.997	0.001	0.001	0.001
0.001	0.997	0.001	0.001
0.997	0.001	0.001	0.001
0.001	0.001	0.001	0.997
0.328	0.001	0.670	0.001
0.001	0.997	0.001	0.001
0.997	0.001	0.001	0.001
>TTCCCCCW	13-TTCCCCCW	10.085329	-0.000033	0	T:141.0(1.24%),B:3311.6(1.71%),P:1e0	Tpos:49.5,Tstd:26.2,Bpos:3486.8,Bstd:8773.7,StrandBias:-0.5,Multiplicity:1.00
0.034	0.001	0.001	0.964
0.001	0.001	0.001	0.997
0.001	0.997	0.001	0.001
0.001	0.997	0.001	0.001
0.001	0.997	0.001	0.001
0.001	0.997	0.001	0.001
0.001	0.996	0.001	0.002
0.376	0.200	0.036	0.387
>GTGTGTGT	14-GTGTGTGT	10.001580	-0.000005	0	T:337.0(2.96%),B:7239.6(3.74%),P:1e0	Tpos:46.9,Tstd:26.7,Bpos:2693.5,Bstd:7416.2,StrandBias:-0.3,Multiplicity:1.00
0.157	0.036	0.727	0.080
0.009	0.030	0.011	0.950
0.014	0.001	0.984	0.001
0.001	0.005	0.009	0.985
0.006	0.001	0.992	0.001
0.022	0.014	0.009	0.955
0.015	0.001	0.983	0.001
0.171	0.213	0.076	0.540
>ACACATGC	15-ACACATGC	8.710961	-0.000002	0	T:89.0(0.78%),B:2404.2(1.24%),P:1e0	Tpos:46.4,Tstd:26.5,Bpos:4198.8,Bstd:9654.7,StrandBias:-0.3,Multiplicity:1.05
0.641	0.113	0.073	0.173
0.044	0.903	0.035	0.018
0.821	0.051	0.055	0.073
0.010	0.907	0.025	0.058
0.679	0.015	0.158	0.148
0.036	0.176	0.037	0.751
0.035	0.191	0.672	0.102
0.142	0.627	0.134	0.097
>CACACACA	16-CACACACA	8.086784	-0.000002	0	T:464.0(4.08%),B:9735.9(5.03%),P:1e0	Tpos:52.4,Tstd:28.0,Bpos:3012.1,Bstd:8309.1,StrandBias:0.0,Multiplicity:1.26
0.001	0.964	0.018	0.017
0.914	0.027	0.028	0.031
0.001	0.982	0.001	0.016
0.922	0.032	0.018	0.028
0.001	0.980	0.001	0.018
0.964	0.001	0.034	0.001
0.001	0.954	0.013	0.032
0.882	0.001	0.069	0.048
>ACACACAT	17-ACACACAT	10.656833	-0.000000	0	T:144.0(1.27%),B:3641.6(1.88%),P:1e0	Tpos:47.8,Tstd:27.5,Bpos:4666.9,Bstd:9397.7,StrandBias:0.6,Multiplicity:1.04
0.997	0.001	0.001	0.001
0.001	0.997	0.001	0.001
0.997	0.001	0.001	0.001
0.001	0.997	0.001	0.001
0.997	0.001	0.001	0.001
0.001	0.997	0.001	0.001
0.997	0.001	0.001	0.001
0.336	0.001	0.001	0.662
>KCACACAC	18-KCACACAC	10.259641	-0.000000	0	T:367.0(3.23%),B:8317.3(4.29%),P:1e0	Tpos:53.0,Tstd:26.7,Bpos:2996.2,Bstd:8256.7,StrandBias:-0.2,Multiplicity:1.04
0.001	0.001	0.553	0.445
0.001	0.997	0.001	0.001
0.997	0.001	0.001	0.001
0.001	0.997	0.001	0.001
0.997	0.001	0.001	0.001
0.001	0.997	0.001	0.001
0.997	0.001	0.001	0.001
0.001	0.997	0.001	0.001
>GTGTGTGK	19-GTGTGTGK	9.604684	-0.000000	0	T:475.0(4.18%),B:10408.7(5.37%),P:1e0	Tpos:50.6,Tstd:26.8,Bpos:2370.8,Bstd:7637.7,StrandBias:0.5,Multiplicity:1.04
0.001	0.001	0.997	0.001
0.001	0.001	0.001	0.997
0.001	0.001	0.997	0.001
0.001	0.012	0.029	0.958
0.001	0.001	0.997	0.001
0.084	0.036	0.028	0.852
0.001	0.102	0.635	0.262
0.001	0.001	0.442	0.556
>CACACACW	20-CACACACW	8.497900	-0.000000	0	T:488.0(4.29%),B:10653.5(5.50%),P:1e0	Tpos:48.1,Tstd:25.0,Bpos:2330.4,Bstd:5976.4,StrandBias:0.5,Multiplicity:1.00
0.032	0.917	0.029	0.022
0.769	0.086	0.067	0.078
0.012	0.834	0.023	0.131
0.801	0.074	0.040	0.085
0.016	0.807	0.037	0.140
0.854	0.042	0.056	0.048
0.106	0.684	0.087	0.123
0.458	0.094	0.110	0.337
>RGGGGAAB	21-RGGGGAAB	7.324872	-0.000000	0	T:818.0(7.19%),B:17341.2(8.95%),P:1e0	Tpos:49.2,Tstd:26.7,Bpos:1969.7,Bstd:5722.9,StrandBias:-0.1,Multiplicity:1.04
0.338	0.016	0.432	0.213
0.001	0.001	0.997	0.001
0.143	0.001	0.855	0.001
0.001	0.001	0.997	0.001
0.240	0.001	0.758	0.001
0.824	0.021	0.136	0.019
0.563	0.001	0.096	0.340
0.119	0.225	0.359	0.297
>MMAHCACA	22-MMAHCACA	8.379990	-0.000000	0	T:34.0(0.30%),B:1729.9(0.89%),P:1e0	Tpos:58.8,Tstd:23.4,Bpos:3753.9,Bstd:8877.9,StrandBias:0.5,Multiplicity:1.00
0.260	0.387	0.200	0.153
0.489	0.399	0.082	0.029
0.997	0.001	0.001	0.001
0.341	0.289	0.001	0.369
0.034	0.964	0.001	0.001
0.997	0.001	0.001	0.001
0.001	0.997	0.001	0.001
0.997	0.001	0.001	0.001
>ACCACACA	23-ACCACACA	1.761548	-0.000000	0	T:2911.0(25.59%),B:67058.9(34.62%),P:1e0	Tpos:50.4,Tstd:27.3,Bpos:9916.3,Bstd:32861.3,StrandBias:0.1,Multiplicity:1.16
0.597	0.212	0.001	0.190
0.185	0.508	0.005	0.302
0.001	0.814	0.001	0.184
0.997	0.001	0.001	0.001
0.001	0.997	0.001	0.001
0.997	0.001	0.001	0.001
0.001	0.997	0.001	0.001
0.997	0.001	0.001	0.001
>ACACACAC	24-ACACACAC	6.720575	-0.000000	0	T:588.0(5.17%),B:14579.8(7.53%),P:1e0	Tpos:65.5,Tstd:43.5,Bpos:1365.7,Bstd:4416.0,StrandBias:0.0,Multiplicity:1.00
0.542	0.133	0.149	0.176
0.213	0.636	0.064	0.087
0.732	0.062	0.011	0.195
0.120	0.711	0.017	0.152
0.904	0.048	0.030	0.018
0.076	0.736	0.115	0.073
0.726	0.132	0.061	0.081
0.172	0.436	0.185	0.206
>HACACACA	25-HACACACA	8.015719	-0.000000	0	T:644.0(5.66%),B:15967.3(8.24%),P:1e0	Tpos:49.3,Tstd:26.5,Bpos:4732.7,Bstd:10492.2,StrandBias:-0.2,Multiplicity:1.04
0.321	0.332	0.143	0.203
0.997	0.001	0.001	0.001
0.001	0.997	0.001	0.001
0.997	0.001	0.001	0.001
0.001	0.997	0.001	0.001
0.997	0.001	0.001	0.001
0.001	0.669	0.001	0.329
0.997	0.001	0.001	0.001
