>NVTGAGTCAY	1-NVTGAGTCAY	7.401962	-326.133483	0	T:871.0(7.66%),B:5308.5(2.74%),P:1e-141	Tpos:46.6,Tstd:25.3,Bpos:3809.6,Bstd:7492.3,StrandBias:-0.4,Multiplicity:1.02
0.246	0.230	0.278	0.245
0.372	0.236	0.291	0.102
0.001	0.001	0.022	0.976
0.026	0.064	0.834	0.076
0.743	0.067	0.001	0.189
0.072	0.349	0.512	0.067
0.131	0.001	0.071	0.797
0.155	0.737	0.083	0.025
0.983	0.001	0.015	0.001
0.105	0.350	0.143	0.402
>NRTGASTCAT	2-NRTGASTCAT	7.012555	-324.450414	0	T:1025.0(9.01%),B:6925.4(3.58%),P:1e-140	Tpos:50.9,Tstd:25.5,Bpos:4906.4,Bstd:10987.9,StrandBias:0.1,Multiplicity:1.03
0.215	0.312	0.258	0.215
0.305	0.168	0.434	0.094
0.012	0.001	0.058	0.929
0.057	0.021	0.673	0.249
0.745	0.110	0.001	0.144
0.167	0.331	0.384	0.118
0.009	0.044	0.108	0.839
0.219	0.742	0.038	0.001
0.997	0.001	0.001	0.001
0.177	0.242	0.182	0.400
>HRTGAGTCAY	3-HRTGAGTCAY	8.487255	-320.213730	0	T:762.0(6.70%),B:4294.6(2.22%),P:1e-139	Tpos:49.6,Tstd:25.7,Bpos:3066.5,Bstd:7544.4,StrandBias:-0.1,Multiplicity:1.12
0.214	0.265	0.168	0.353
0.396	0.173	0.430	0.001
0.001	0.053	0.001	0.945
0.001	0.001	0.997	0.001
0.899	0.001	0.001	0.099
0.001	0.307	0.691	0.001
0.096	0.001	0.001	0.902
0.001	0.897	0.101	0.001
0.934	0.001	0.004	0.061
0.042	0.360	0.193	0.405
>GGAAANYCCC	4-GGAAANYCCC	8.839546	-259.785909	0	T:428.0(3.76%),B:1791.3(0.92%),P:1e-112	Tpos:50.6,Tstd:26.4,Bpos:2285.1,Bstd:5736.9,StrandBias:0.1,Multiplicity:1.00
0.052	0.138	0.782	0.028
0.012	0.125	0.781	0.082
0.526	0.038	0.324	0.112
0.883	0.100	0.001	0.016
0.770	0.097	0.001	0.132
0.316	0.210	0.251	0.223
0.114	0.344	0.070	0.471
0.203	0.671	0.075	0.051
0.109	0.825	0.065	0.001
0.004	0.813	0.096	0.087
>GGGGAATTCC	5-GGGGAATTCC	7.730713	-151.622809	0	T:506.0(4.45%),B:3490.1(1.80%),P:1e-65	Tpos:49.8,Tstd:25.8,Bpos:2566.5,Bstd:7156.0,StrandBias:0.1,Multiplicity:1.03
0.139	0.067	0.656	0.138
0.055	0.052	0.851	0.042
0.038	0.040	0.858	0.064
0.312	0.060	0.566	0.062
0.679	0.111	0.164	0.046
0.596	0.104	0.090	0.210
0.140	0.079	0.124	0.657
0.064	0.220	0.084	0.632
0.074	0.679	0.090	0.157
0.066	0.825	0.063	0.046
>VDATGASTCA	6-VDATGASTCA	8.160572	-135.246785	0	T:349.0(3.07%),B:2065.3(1.07%),P:1e-58	Tpos:74.9,Tstd:31.4,Bpos:779.3,Bstd:1247.8,StrandBias:1.6,Multiplicity:1.00
0.260	0.312	0.281	0.146
0.228	0.172	0.365	0.235
0.414	0.203	0.259	0.123
0.001	0.030	0.001	0.968
0.097	0.088	0.655	0.160
0.849	0.094	0.001	0.056
0.170	0.307	0.419	0.103
0.001	0.001	0.001	0.997
0.222	0.690	0.067	0.021
0.997	0.001	0.001	0.001
>TCAYGTGAYN	7-TCAYGTGAYN	6.714008	-87.246144	0	T:817.0(7.18%),B:8490.5(4.38%),P:1e-37	Tpos:49.5,Tstd:26.2,Bpos:4190.8,Bstd:9347.2,StrandBias:-0.1,Multiplicity:1.03
0.196	0.210	0.157	0.438
0.001	0.997	0.001	0.001
0.754	0.052	0.034	0.160
0.001	0.457	0.092	0.450
0.373	0.037	0.587	0.003
0.209	0.121	0.046	0.624
0.001	0.052	0.946	0.001
0.536	0.149	0.232	0.083
0.091	0.422	0.183	0.304
0.321	0.255	0.222	0.202
>CAYGTGACNN	8-CAYGTGACNN	6.209200	-75.742925	0	T:373.0(3.28%),B:3102.4(1.60%),P:1e-32	Tpos:52.0,Tstd:25.8,Bpos:1719.5,Bstd:5218.8,StrandBias:-0.1,Multiplicity:1.00
0.053	0.818	0.094	0.035
0.657	0.103	0.137	0.103
0.041	0.513	0.060	0.386
0.338	0.061	0.524	0.077
0.153	0.095	0.126	0.626
0.084	0.168	0.660	0.088
0.408	0.181	0.227	0.184
0.167	0.406	0.210	0.218
0.255	0.255	0.193	0.297
0.308	0.196	0.246	0.250
>AAGGGGAAGT	9-AAGGGGAAGT	9.228754	-50.514433	0	T:110.0(0.97%),B:589.6(0.30%),P:1e-21	Tpos:51.4,Tstd:23.8,Bpos:3828.9,Bstd:8910.5,StrandBias:-0.1,Multiplicity:1.03
0.452	0.222	0.245	0.081
0.517	0.001	0.272	0.210
0.200	0.212	0.587	0.001
0.308	0.070	0.532	0.090
0.001	0.001	0.997	0.001
0.127	0.001	0.764	0.108
0.941	0.046	0.001	0.012
0.924	0.012	0.035	0.029
0.240	0.233	0.526	0.001
0.001	0.167	0.172	0.660
>CAYRTGHBNN	10-CAYRTGHBNN	6.340548	-42.105641	0	T:474.0(4.17%),B:5177.5(2.67%),P:1e-18	Tpos:50.3,Tstd:26.9,Bpos:9659.7,Bstd:30566.0,StrandBias:-0.0,Multiplicity:1.03
0.052	0.899	0.048	0.001
0.671	0.163	0.044	0.122
0.008	0.488	0.103	0.401
0.505	0.001	0.493	0.001
0.078	0.001	0.163	0.758
0.001	0.118	0.804	0.077
0.338	0.234	0.170	0.258
0.152	0.304	0.280	0.264
0.283	0.176	0.243	0.299
0.245	0.259	0.204	0.292
>KCATGTGWSN	11-KCATGTGWSN	7.131569	-25.204772	0	T:789.0(6.94%),B:10478.7(5.41%),P:1e-10	Tpos:49.2,Tstd:24.7,Bpos:3105.2,Bstd:8034.8,StrandBias:-0.0,Multiplicity:1.10
0.208	0.082	0.344	0.366
0.048	0.812	0.009	0.131
0.698	0.001	0.300	0.001
0.001	0.418	0.001	0.580
0.001	0.001	0.997	0.001
0.108	0.124	0.100	0.668
0.001	0.001	0.997	0.001
0.373	0.097	0.160	0.370
0.120	0.343	0.360	0.176
0.250	0.242	0.186	0.322
>CAYGTGABNG	12-CAYGTGABNG	7.220476	-22.383811	0	T:183.0(1.61%),B:1853.5(0.96%),P:1e-9	Tpos:48.4,Tstd:25.4,Bpos:1743.9,Bstd:6320.9,StrandBias:-0.1,Multiplicity:1.11
0.113	0.662	0.053	0.172
0.536	0.032	0.273	0.159
0.021	0.557	0.012	0.410
0.286	0.025	0.675	0.014
0.124	0.060	0.028	0.788
0.034	0.008	0.946	0.012
0.462	0.152	0.153	0.233
0.126	0.273	0.371	0.229
0.252	0.173	0.270	0.305
0.163	0.123	0.463	0.250
>RGRGGAARBV	13-RGRGGAARBV	8.174941	-5.469066	0	T:81.0(0.71%),B:999.5(0.52%),P:1e-2	Tpos:46.4,Tstd:22.0,Bpos:1460.2,Bstd:5495.5,StrandBias:0.2,Multiplicity:1.00
0.455	0.001	0.341	0.202
0.300	0.167	0.532	0.001
0.370	0.173	0.350	0.107
0.001	0.001	0.997	0.001
0.001	0.192	0.806	0.001
0.997	0.001	0.001	0.001
0.869	0.001	0.027	0.103
0.367	0.187	0.445	0.001
0.001	0.372	0.288	0.339
0.230	0.233	0.360	0.177
>SCAMGTGVCN	14-SCAMGTGVCN	6.953357	-3.914609	0	T:37.0(0.33%),B:430.1(0.22%),P:1e-1	Tpos:54.8,Tstd:22.4,Bpos:2640.4,Bstd:7592.6,StrandBias:0.0,Multiplicity:1.00
0.168	0.330	0.461	0.042
0.052	0.638	0.261	0.049
0.780	0.083	0.060	0.077
0.400	0.446	0.074	0.080
0.352	0.069	0.534	0.045
0.075	0.084	0.090	0.751
0.077	0.099	0.753	0.071
0.320	0.249	0.263	0.168
0.091	0.431	0.224	0.255
0.285	0.229	0.253	0.233
>GGGAAGTGAS	15-GGGAAGTGAS	8.886694	-2.139355	0	T:18.0(0.16%),B:221.7(0.11%),P:1e0	Tpos:65.8,Tstd:21.0,Bpos:2168.4,Bstd:5129.0,StrandBias:-0.6,Multiplicity:1.00
0.343	0.071	0.496	0.089
0.078	0.042	0.879	0.001
0.009	0.369	0.621	0.001
0.851	0.040	0.038	0.071
0.642	0.010	0.049	0.299
0.210	0.046	0.737	0.007
0.028	0.191	0.170	0.611
0.091	0.268	0.623	0.018
0.433	0.116	0.188	0.264
0.112	0.384	0.324	0.180
>VYTTCCBBYN	16-VYTTCCBBYN	7.882415	-0.927144	0	T:13.0(0.11%),B:199.7(0.10%),P:1e0	Tpos:37.9,Tstd:21.8,Bpos:4920.1,Bstd:8972.3,StrandBias:-1.6,Multiplicity:1.00
0.359	0.350	0.290	0.001
0.001	0.361	0.235	0.403
0.022	0.001	0.001	0.976
0.001	0.001	0.167	0.831
0.001	0.997	0.001	0.001
0.001	0.997	0.001	0.001
0.001	0.372	0.258	0.368
0.001	0.402	0.309	0.288
0.158	0.368	0.001	0.472
0.176	0.295	0.221	0.307
>GTGTGTGWGT	17-GTGTGTGWGT	11.495948	-0.783100	0	T:32.0(0.28%),B:528.5(0.27%),P:1e0	Tpos:61.3,Tstd:17.1,Bpos:3480.1,Bstd:11694.0,StrandBias:0.2,Multiplicity:1.00
0.103	0.051	0.813	0.033
0.065	0.077	0.043	0.815
0.056	0.030	0.892	0.022
0.090	0.071	0.028	0.811
0.076	0.031	0.872	0.021
0.048	0.042	0.044	0.866
0.053	0.035	0.865	0.047
0.465	0.109	0.072	0.354
0.083	0.066	0.802	0.049
0.067	0.070	0.060	0.803
>TNCMMTTCCC	18-TNCMMTTCCC	8.151772	-0.721556	0	T:11.0(0.10%),B:179.2(0.09%),P:1e0	Tpos:50.3,Tstd:21.6,Bpos:2703.8,Bstd:10655.3,StrandBias:0.8,Multiplicity:1.00
0.175	0.173	0.045	0.607
0.336	0.225	0.238	0.200
0.048	0.936	0.001	0.015
0.413	0.309	0.194	0.084
0.278	0.405	0.070	0.247
0.074	0.189	0.001	0.736
0.067	0.245	0.001	0.687
0.101	0.501	0.200	0.198
0.022	0.863	0.057	0.058
0.066	0.474	0.152	0.308
>WYACACACAY	19-WYACACACAY	8.003798	-0.147594	0	T:51.0(0.45%),B:1005.6(0.52%),P:1e0	Tpos:51.5,Tstd:27.0,Bpos:3326.7,Bstd:10687.7,StrandBias:-0.3,Multiplicity:1.12
0.328	0.117	0.136	0.419
0.197	0.404	0.114	0.286
0.453	0.133	0.121	0.293
0.101	0.897	0.001	0.001
0.554	0.171	0.112	0.163
0.001	0.846	0.048	0.105
0.649	0.145	0.098	0.108
0.001	0.763	0.111	0.125
0.410	0.114	0.250	0.226
0.001	0.436	0.154	0.409
>CACACACACD	20-CACACACACD	7.639356	-0.092061	0	T:310.0(2.73%),B:5694.5(2.94%),P:1e0	Tpos:54.3,Tstd:28.2,Bpos:3061.5,Bstd:8148.7,StrandBias:-0.1,Multiplicity:1.12
0.068	0.659	0.184	0.089
0.529	0.154	0.090	0.227
0.050	0.760	0.088	0.102
0.581	0.114	0.066	0.239
0.092	0.730	0.075	0.103
0.614	0.071	0.127	0.188
0.057	0.683	0.096	0.164
0.526	0.092	0.256	0.126
0.072	0.652	0.082	0.194
0.341	0.094	0.313	0.252
>VRGGAARBGN	21-VRGGAARBGN	5.644754	-0.062214	0	T:6.0(0.05%),B:175.3(0.09%),P:1e0	Tpos:34.4,Tstd:21.2,Bpos:4258.4,Bstd:8808.9,StrandBias:-0.6,Multiplicity:1.00
0.308	0.231	0.313	0.148
0.381	0.227	0.391	0.001
0.008	0.038	0.946	0.008
0.112	0.298	0.476	0.114
0.635	0.169	0.191	0.005
0.511	0.139	0.172	0.178
0.418	0.113	0.408	0.060
0.012	0.304	0.338	0.347
0.180	0.223	0.388	0.209
0.262	0.237	0.234	0.268
>GTGTGTGTGT	22-GTGTGTGTGT	9.424890	-0.052904	0	T:298.0(2.62%),B:5569.1(2.88%),P:1e0	Tpos:49.5,Tstd:24.0,Bpos:2607.5,Bstd:6866.8,StrandBias:0.1,Multiplicity:1.03
0.102	0.356	0.511	0.031
0.096	0.049	0.035	0.820
0.058	0.050	0.866	0.026
0.050	0.085	0.024	0.841
0.050	0.033	0.903	0.014
0.073	0.051	0.043	0.833
0.032	0.026	0.918	0.024
0.034	0.111	0.042	0.813
0.073	0.031	0.864	0.032
0.064	0.051	0.095	0.790
>GGAAGGGGAA	23-GGAAGGGGAA	9.087127	-0.049390	0	T:43.0(0.38%),B:932.9(0.48%),P:1e0	Tpos:51.0,Tstd:29.6,Bpos:3488.4,Bstd:7659.6,StrandBias:0.1,Multiplicity:1.07
0.175	0.103	0.703	0.019
0.167	0.183	0.558	0.092
0.631	0.108	0.171	0.090
0.715	0.001	0.151	0.133
0.167	0.098	0.622	0.113
0.163	0.070	0.645	0.122
0.028	0.011	0.916	0.045
0.209	0.098	0.667	0.026
0.714	0.107	0.119	0.060
0.830	0.048	0.091	0.031
>VCTTCCCCYT	24-VCTTCCCCYT	9.785553	-0.043161	0	T:45.0(0.40%),B:979.6(0.51%),P:1e0	Tpos:54.4,Tstd:28.9,Bpos:2641.5,Bstd:6087.5,StrandBias:-0.2,Multiplicity:1.00
0.291	0.403	0.305	0.001
0.001	0.561	0.127	0.311
0.001	0.001	0.001	0.997
0.001	0.001	0.001	0.997
0.001	0.997	0.001	0.001
0.001	0.997	0.001	0.001
0.001	0.515	0.122	0.362
0.001	0.629	0.034	0.336
0.001	0.429	0.001	0.569
0.126	0.177	0.153	0.544
>RGGSAARYGN	25-RGGSAARYGN	7.600847	-0.001477	0	T:5.0(0.04%),B:247.1(0.13%),P:1e0	Tpos:47.0,Tstd:22.0,Bpos:3137.5,Bstd:6163.9,StrandBias:-1.6,Multiplicity:1.00
0.350	0.138	0.416	0.096
0.234	0.162	0.454	0.151
0.001	0.001	0.997	0.001
0.008	0.409	0.558	0.025
0.997	0.001	0.001	0.001
0.718	0.006	0.085	0.191
0.439	0.163	0.397	0.001
0.001	0.301	0.254	0.444
0.206	0.228	0.441	0.125
0.295	0.241	0.273	0.191
