>ATGAGTCA	1-ATGAGTCA	8.873168	-296.692071	0	T:906.0(7.97%),B:5988.4(3.09%),P:1e-128	Tpos:49.4,Tstd:26.4,Bpos:3285.1,Bstd:8460.9,StrandBias:0.1,Multiplicity:1.13
0.586	0.201	0.171	0.042
0.001	0.001	0.001	0.997
0.001	0.001	0.974	0.024
0.974	0.003	0.001	0.022
0.029	0.239	0.692	0.040
0.001	0.001	0.001	0.997
0.019	0.979	0.001	0.001
0.997	0.001	0.001	0.001
>TGANTCAY	2-TGANTCAY	6.201614	-285.524690	0	T:1007.0(8.85%),B:7214.2(3.72%),P:1e-124	Tpos:51.4,Tstd:26.0,Bpos:5338.7,Bstd:9893.6,StrandBias:-0.0,Multiplicity:1.03
0.033	0.330	0.034	0.603
0.067	0.068	0.654	0.211
0.626	0.183	0.001	0.190
0.179	0.261	0.325	0.235
0.228	0.104	0.081	0.587
0.154	0.700	0.145	0.001
0.997	0.001	0.001	0.001
0.022	0.407	0.154	0.416
>RTCACGTG	3-RTCACGTG	7.322951	-108.802663	0	T:797.0(7.01%),B:7688.2(3.97%),P:1e-47	Tpos:50.6,Tstd:25.3,Bpos:4154.6,Bstd:18002.1,StrandBias:0.0,Multiplicity:1.12
0.309	0.162	0.449	0.080
0.123	0.168	0.108	0.601
0.022	0.895	0.073	0.010
0.922	0.033	0.009	0.036
0.004	0.724	0.033	0.239
0.271	0.021	0.654	0.054
0.060	0.069	0.040	0.831
0.024	0.047	0.925	0.004
>RTCACRTG	4-RTCACRTG	6.847109	-81.921100	0	T:712.0(6.26%),B:7237.2(3.74%),P:1e-35	Tpos:47.0,Tstd:25.1,Bpos:3438.0,Bstd:8271.0,StrandBias:-0.2,Multiplicity:1.01
0.319	0.215	0.390	0.076
0.121	0.233	0.181	0.464
0.001	0.997	0.001	0.001
0.689	0.001	0.069	0.241
0.023	0.711	0.001	0.265
0.505	0.001	0.418	0.076
0.154	0.088	0.001	0.757
0.035	0.172	0.771	0.022
>GGGGAATT	5-GGGGAATT	8.075164	-10.901523	0	T:298.0(2.62%),B:3930.5(2.03%),P:1e-4	Tpos:50.4,Tstd:26.2,Bpos:2500.4,Bstd:6797.3,StrandBias:-0.1,Multiplicity:1.03
0.155	0.008	0.727	0.110
0.174	0.025	0.786	0.015
0.001	0.010	0.975	0.014
0.204	0.006	0.767	0.023
0.776	0.038	0.160	0.026
0.722	0.061	0.054	0.163
0.184	0.049	0.272	0.495
0.008	0.173	0.066	0.753
>AAGGGGAA	6-AAGGGGAA	7.251783	-0.278570	0	T:196.0(1.72%),B:3503.6(1.81%),P:1e0	Tpos:52.6,Tstd:26.7,Bpos:3461.3,Bstd:8573.1,StrandBias:0.1,Multiplicity:1.03
0.542	0.166	0.177	0.115
0.508	0.084	0.258	0.150
0.176	0.093	0.581	0.150
0.091	0.068	0.719	0.122
0.059	0.067	0.784	0.090
0.259	0.092	0.554	0.095
0.645	0.117	0.163	0.075
0.668	0.130	0.111	0.091
>GSTTTCCC	7-GSTTTCCC	9.641626	-0.187789	0	T:129.0(1.13%),B:2383.6(1.23%),P:1e0	Tpos:48.9,Tstd:27.4,Bpos:2640.1,Bstd:7540.9,StrandBias:-0.2,Multiplicity:1.02
0.004	0.298	0.697	0.001
0.148	0.378	0.473	0.001
0.001	0.143	0.001	0.855
0.001	0.001	0.001	0.997
0.001	0.003	0.001	0.995
0.001	0.997	0.001	0.001
0.001	0.997	0.001	0.001
0.001	0.845	0.001	0.153
>GGGAAGTG	8-GGGAAGTG	6.624104	-0.037896	0	T:1120.0(9.85%),B:20073.5(10.36%),P:1e0	Tpos:50.3,Tstd:27.0,Bpos:3014.2,Bstd:9255.1,StrandBias:0.0,Multiplicity:1.05
0.181	0.058	0.745	0.016
0.029	0.034	0.866	0.071
0.179	0.106	0.684	0.031
0.889	0.028	0.047	0.036
0.794	0.050	0.068	0.088
0.208	0.053	0.667	0.072
0.034	0.039	0.095	0.832
0.119	0.254	0.523	0.104
>CAYGTGNB	9-CAYGTGNB	7.476930	-0.014414	0	T:104.0(0.91%),B:2181.4(1.13%),P:1e0	Tpos:49.8,Tstd:25.9,Bpos:3275.7,Bstd:8357.8,StrandBias:-0.0,Multiplicity:1.02
0.001	0.997	0.001	0.001
0.931	0.001	0.001	0.067
0.001	0.426	0.001	0.572
0.259	0.045	0.695	0.001
0.276	0.001	0.001	0.722
0.015	0.001	0.907	0.077
0.280	0.304	0.202	0.214
0.001	0.319	0.313	0.367
>SAGGGGAA	10-SAGGGGAA	10.103244	-0.004668	0	T:174.0(1.53%),B:3591.1(1.85%),P:1e0	Tpos:47.2,Tstd:27.5,Bpos:2793.0,Bstd:7679.8,StrandBias:-0.4,Multiplicity:1.01
0.001	0.423	0.372	0.203
0.897	0.001	0.101	0.001
0.001	0.001	0.997	0.001
0.001	0.001	0.997	0.001
0.001	0.001	0.997	0.001
0.001	0.001	0.997	0.001
0.997	0.001	0.001	0.001
0.997	0.001	0.001	0.001
>TGTGTGVD	11-TGTGTGVD	8.057725	-0.000078	0	T:112.0(0.98%),B:2681.6(1.38%),P:1e0	Tpos:51.8,Tstd:27.2,Bpos:1851.9,Bstd:11357.8,StrandBias:-0.7,Multiplicity:1.12
0.001	0.001	0.001	0.997
0.120	0.001	0.878	0.001
0.290	0.001	0.001	0.708
0.122	0.001	0.876	0.001
0.001	0.001	0.001	0.997
0.001	0.290	0.708	0.001
0.291	0.303	0.283	0.124
0.302	0.001	0.415	0.283
>CACATGCA	12-CACATGCA	10.668845	-0.000052	0	T:123.0(1.08%),B:2925.5(1.51%),P:1e0	Tpos:49.5,Tstd:27.3,Bpos:3511.9,Bstd:9290.6,StrandBias:0.7,Multiplicity:1.04
0.001	0.997	0.001	0.001
0.997	0.001	0.001	0.001
0.001	0.997	0.001	0.001
0.997	0.001	0.001	0.001
0.001	0.001	0.001	0.997
0.328	0.001	0.670	0.001
0.001	0.997	0.001	0.001
0.997	0.001	0.001	0.001
>TTCCCCCW	13-TTCCCCCW	10.085329	-0.000033	0	T:141.0(1.24%),B:3311.6(1.71%),P:1e0	Tpos:49.5,Tstd:26.2,Bpos:3486.8,Bstd:8773.7,StrandBias:-0.5,Multiplicity:1.00
0.034	0.001	0.001	0.964
0.001	0.001	0.001	0.997
0.001	0.997	0.001	0.001
0.001	0.997	0.001	0.001
0.001	0.997	0.001	0.001
0.001	0.997	0.001	0.001
0.001	0.996	0.001	0.002
0.376	0.200	0.036	0.387
>GTGTGTGT	14-GTGTGTGT	10.001580	-0.000005	0	T:337.0(2.96%),B:7239.6(3.74%),P:1e0	Tpos:46.9,Tstd:26.7,Bpos:2693.5,Bstd:7416.2,StrandBias:-0.3,Multiplicity:1.00
0.157	0.036	0.727	0.080
0.009	0.030	0.011	0.950
0.014	0.001	0.984	0.001
0.001	0.005	0.009	0.985
0.006	0.001	0.992	0.001
0.022	0.014	0.009	0.955
0.015	0.001	0.983	0.001
0.171	0.213	0.076	0.540
>ACACATGC	15-ACACATGC	8.710961	-0.000002	0	T:89.0(0.78%),B:2404.2(1.24%),P:1e0	Tpos:46.4,Tstd:26.5,Bpos:4198.8,Bstd:9654.7,StrandBias:-0.3,Multiplicity:1.05
0.641	0.113	0.073	0.173
0.044	0.903	0.035	0.018
0.821	0.051	0.055	0.073
0.010	0.907	0.025	0.058
0.679	0.015	0.158	0.148
0.036	0.176	0.037	0.751
0.035	0.191	0.672	0.102
0.142	0.627	0.134	0.097
>CACACACA	16-CACACACA	8.086784	-0.000002	0	T:464.0(4.08%),B:9735.9(5.03%),P:1e0	Tpos:52.4,Tstd:28.0,Bpos:3012.1,Bstd:8309.1,StrandBias:0.0,Multiplicity:1.26
0.001	0.964	0.018	0.017
0.914	0.027	0.028	0.031
0.001	0.982	0.001	0.016
0.922	0.032	0.018	0.028
0.001	0.980	0.001	0.018
0.964	0.001	0.034	0.001
0.001	0.954	0.013	0.032
0.882	0.001	0.069	0.048
>ACACACAT	17-ACACACAT	10.656833	-0.000000	0	T:144.0(1.27%),B:3641.6(1.88%),P:1e0	Tpos:47.8,Tstd:27.5,Bpos:4666.9,Bstd:9397.7,StrandBias:0.6,Multiplicity:1.04
0.997	0.001	0.001	0.001
0.001	0.997	0.001	0.001
0.997	0.001	0.001	0.001
0.001	0.997	0.001	0.001
0.997	0.001	0.001	0.001
0.001	0.997	0.001	0.001
0.997	0.001	0.001	0.001
0.336	0.001	0.001	0.662
>KCACACAC	18-KCACACAC	10.259641	-0.000000	0	T:367.0(3.23%),B:8317.3(4.29%),P:1e0	Tpos:53.0,Tstd:26.7,Bpos:2996.2,Bstd:8256.7,StrandBias:-0.2,Multiplicity:1.04
0.001	0.001	0.553	0.445
0.001	0.997	0.001	0.001
0.997	0.001	0.001	0.001
0.001	0.997	0.001	0.001
0.997	0.001	0.001	0.001
0.001	0.997	0.001	0.001
0.997	0.001	0.001	0.001
0.001	0.997	0.001	0.001
>GTGTGTGK	19-GTGTGTGK	9.604684	-0.000000	0	T:475.0(4.18%),B:10408.7(5.37%),P:1e0	Tpos:50.6,Tstd:26.8,Bpos:2370.8,Bstd:7637.7,StrandBias:0.5,Multiplicity:1.04
0.001	0.001	0.997	0.001
0.001	0.001	0.001	0.997
0.001	0.001	0.997	0.001
0.001	0.012	0.029	0.958
0.001	0.001	0.997	0.001
0.084	0.036	0.028	0.852
0.001	0.102	0.635	0.262
0.001	0.001	0.442	0.556
>CACACACW	20-CACACACW	8.497900	-0.000000	0	T:488.0(4.29%),B:10653.5(5.50%),P:1e0	Tpos:48.1,Tstd:25.0,Bpos:2330.4,Bstd:5976.4,StrandBias:0.5,Multiplicity:1.00
0.032	0.917	0.029	0.022
0.769	0.086	0.067	0.078
0.012	0.834	0.023	0.131
0.801	0.074	0.040	0.085
0.016	0.807	0.037	0.140
0.854	0.042	0.056	0.048
0.106	0.684	0.087	0.123
0.458	0.094	0.110	0.337
>RGGGGAAB	21-RGGGGAAB	7.324872	-0.000000	0	T:818.0(7.19%),B:17341.2(8.95%),P:1e0	Tpos:49.2,Tstd:26.7,Bpos:1969.7,Bstd:5722.9,StrandBias:-0.1,Multiplicity:1.04
0.338	0.016	0.432	0.213
0.001	0.001	0.997	0.001
0.143	0.001	0.855	0.001
0.001	0.001	0.997	0.001
0.240	0.001	0.758	0.001
0.824	0.021	0.136	0.019
0.563	0.001	0.096	0.340
0.119	0.225	0.359	0.297
>MMAHCACA	22-MMAHCACA	8.379990	-0.000000	0	T:34.0(0.30%),B:1729.9(0.89%),P:1e0	Tpos:58.8,Tstd:23.4,Bpos:3753.9,Bstd:8877.9,StrandBias:0.5,Multiplicity:1.00
0.260	0.387	0.200	0.153
0.489	0.399	0.082	0.029
0.997	0.001	0.001	0.001
0.341	0.289	0.001	0.369
0.034	0.964	0.001	0.001
0.997	0.001	0.001	0.001
0.001	0.997	0.001	0.001
0.997	0.001	0.001	0.001
>ACCACACA	23-ACCACACA	1.761548	-0.000000	0	T:2911.0(25.59%),B:67058.9(34.62%),P:1e0	Tpos:50.4,Tstd:27.3,Bpos:9916.3,Bstd:32861.3,StrandBias:0.1,Multiplicity:1.16
0.597	0.212	0.001	0.190
0.185	0.508	0.005	0.302
0.001	0.814	0.001	0.184
0.997	0.001	0.001	0.001
0.001	0.997	0.001	0.001
0.997	0.001	0.001	0.001
0.001	0.997	0.001	0.001
0.997	0.001	0.001	0.001
>ACACACAC	24-ACACACAC	6.720575	-0.000000	0	T:588.0(5.17%),B:14579.8(7.53%),P:1e0	Tpos:65.5,Tstd:43.5,Bpos:1365.7,Bstd:4416.0,StrandBias:0.0,Multiplicity:1.00
0.542	0.133	0.149	0.176
0.213	0.636	0.064	0.087
0.732	0.062	0.011	0.195
0.120	0.711	0.017	0.152
0.904	0.048	0.030	0.018
0.076	0.736	0.115	0.073
0.726	0.132	0.061	0.081
0.172	0.436	0.185	0.206
>HACACACA	25-HACACACA	8.015719	-0.000000	0	T:644.0(5.66%),B:15967.3(8.24%),P:1e0	Tpos:49.3,Tstd:26.5,Bpos:4732.7,Bstd:10492.2,StrandBias:-0.2,Multiplicity:1.04
0.321	0.332	0.143	0.203
0.997	0.001	0.001	0.001
0.001	0.997	0.001	0.001
0.997	0.001	0.001	0.001
0.001	0.997	0.001	0.001
0.997	0.001	0.001	0.001
0.001	0.669	0.001	0.329
0.997	0.001	0.001	0.001
