>ACTCGGGTTG	1-ACTCGGGTTG	11.544250	-23.548299	0	T:8.0(0.86%),B:50.0(0.02%),P:1e-10	Tpos:30.8,Tstd:9.0,Bpos:6099.8,Bstd:25392.5,StrandBias:1.6,Multiplicity:1.00
0.997	0.001	0.001	0.001
0.001	0.997	0.001	0.001
0.001	0.001	0.001	0.997
0.001	0.997	0.001	0.001
0.001	0.113	0.885	0.001
0.001	0.001	0.997	0.001
0.001	0.001	0.892	0.106
0.001	0.001	0.001	0.997
0.001	0.001	0.001	0.997
0.001	0.001	0.997	0.001
>GGAATGGAAT	2-GGAATGGAAT	13.662726	-18.286225	0	T:15.0(1.62%),B:577.3(0.23%),P:1e-7	Tpos:26.6,Tstd:11.4,Bpos:15684.5,Bstd:23332.0,StrandBias:-0.4,Multiplicity:3.93
0.001	0.011	0.987	0.001
0.001	0.058	0.940	0.001
0.997	0.001	0.001	0.001
0.997	0.001	0.001	0.001
0.001	0.013	0.001	0.985
0.001	0.001	0.997	0.001
0.001	0.086	0.912	0.001
0.997	0.001	0.001	0.001
0.997	0.001	0.001	0.001
0.001	0.001	0.001	0.997
>AATGGAATGG	3-AATGGAATGG	11.244217	-11.469974	0	T:17.0(1.83%),B:1269.3(0.51%),P:1e-4	Tpos:22.0,Tstd:14.1,Bpos:14671.3,Bstd:31387.8,StrandBias:2.3,Multiplicity:1.00
0.938	0.060	0.001	0.001
0.777	0.059	0.163	0.001
0.047	0.001	0.001	0.951
0.001	0.001	0.997	0.001
0.001	0.001	0.997	0.001
0.946	0.052	0.001	0.001
0.836	0.001	0.162	0.001
0.041	0.001	0.001	0.957
0.001	0.147	0.799	0.053
0.001	0.001	0.951	0.047
>ATCATCGAAT	4-ATCATCGAAT	11.408748	-6.252413	0	T:4.0(0.43%),B:135.8(0.05%),P:1e-2	Tpos:29.8,Tstd:10.3,Bpos:13917.3,Bstd:53049.1,StrandBias:1.6,Multiplicity:1.00
0.997	0.001	0.001	0.001
0.001	0.189	0.001	0.809
0.001	0.997	0.001	0.001
0.997	0.001	0.001	0.001
0.001	0.001	0.001	0.997
0.087	0.829	0.001	0.083
0.001	0.093	0.905	0.001
0.997	0.001	0.001	0.001
0.821	0.177	0.001	0.001
0.001	0.186	0.001	0.812
>CCAATGGAAT	5-CCAATGGAAT	10.911367	-6.188495	0	T:9.0(0.97%),B:727.1(0.29%),P:1e-2	Tpos:12.0,Tstd:7.7,Bpos:15682.2,Bstd:56761.6,StrandBias:-1.0,Multiplicity:1.00
0.051	0.645	0.303	0.001
0.120	0.878	0.001	0.001
0.997	0.001	0.001	0.001
0.997	0.001	0.001	0.001
0.001	0.131	0.001	0.867
0.001	0.001	0.997	0.001
0.001	0.001	0.997	0.001
0.915	0.001	0.083	0.001
0.828	0.001	0.094	0.077
0.057	0.001	0.001	0.941
>TCGAATGGAA	6-TCGAATGGAA	11.488990	-3.560741	0	T:2.0(0.22%),B:68.0(0.03%),P:1e-1	Tpos:25.0,Tstd:8.0,Bpos:21172.9,Bstd:69503.3,StrandBias:10.0,Multiplicity:1.00
0.057	0.037	0.031	0.875
0.092	0.491	0.337	0.080
0.051	0.125	0.759	0.065
0.910	0.060	0.001	0.029
0.840	0.027	0.132	0.001
0.052	0.147	0.080	0.721
0.097	0.001	0.818	0.084
0.009	0.001	0.960	0.030
0.894	0.060	0.001	0.045
0.738	0.148	0.113	0.001
>GTATGCCCAG	7-GTATGCCCAG	11.019856	-2.796683	0	T:4.0(0.43%),B:389.3(0.16%),P:1e-1	Tpos:16.2,Tstd:8.1,Bpos:9001.4,Bstd:29420.0,StrandBias:10.0,Multiplicity:1.00
0.111	0.089	0.799	0.001
0.096	0.001	0.001	0.902
0.902	0.096	0.001	0.001
0.001	0.001	0.001	0.997
0.001	0.001	0.913	0.085
0.131	0.867	0.001	0.001
0.001	0.997	0.001	0.001
0.118	0.880	0.001	0.001
0.997	0.001	0.001	0.001
0.139	0.001	0.859	0.001
>ATSGAATGGA	8-ATSGAATGGA	11.430133	-1.997452	0	T:1.0(0.11%),B:38.6(0.02%),P:1e0	Tpos:6.0,Tstd:0.0,Bpos:12871.5,Bstd:27599.7,StrandBias:10.0,Multiplicity:1.00
0.840	0.069	0.090	0.001
0.047	0.108	0.050	0.795
0.144	0.405	0.291	0.160
0.067	0.072	0.834	0.027
0.841	0.087	0.001	0.071
0.843	0.001	0.134	0.022
0.001	0.001	0.045	0.953
0.082	0.045	0.794	0.079
0.070	0.001	0.872	0.057
0.832	0.070	0.035	0.063
>ATAGATAGCT	9-ATAGATAGCT	10.553965	-1.086109	0	T:3.0(0.32%),B:547.1(0.22%),P:1e0	Tpos:25.7,Tstd:14.6,Bpos:18756.4,Bstd:58954.8,StrandBias:-1.0,Multiplicity:1.00
0.616	0.132	0.106	0.146
0.084	0.001	0.027	0.888
0.887	0.001	0.034	0.078
0.099	0.026	0.734	0.141
0.866	0.001	0.041	0.092
0.037	0.083	0.027	0.853
0.755	0.001	0.166	0.078
0.075	0.051	0.640	0.234
0.078	0.827	0.094	0.001
0.001	0.047	0.001	0.951
>AAMCTGGTTT	10-AAMCTGGTTT	11.211810	-0.947017	0	T:3.0(0.32%),B:597.1(0.24%),P:1e0	Tpos:29.3,Tstd:6.5,Bpos:8338.9,Bstd:26349.1,StrandBias:10.0,Multiplicity:1.00
0.543	0.269	0.113	0.075
0.993	0.005	0.001	0.001
0.551	0.447	0.001	0.001
0.001	0.813	0.011	0.175
0.005	0.001	0.001	0.993
0.146	0.060	0.715	0.079
0.161	0.079	0.573	0.187
0.155	0.001	0.001	0.843
0.001	0.001	0.078	0.920
0.001	0.066	0.007	0.926
>GGTGGTGGTG	11-GGTGGTGGTG	11.389836	-0.560704	0	T:5.0(0.54%),B:1351.0(0.55%),P:1e0	Tpos:14.7,Tstd:6.3,Bpos:7883.8,Bstd:33151.4,StrandBias:2.3,Multiplicity:1.20
0.001	0.001	0.997	0.001
0.001	0.062	0.863	0.074
0.049	0.103	0.001	0.847
0.001	0.001	0.997	0.001
0.059	0.001	0.859	0.081
0.048	0.001	0.001	0.950
0.001	0.001	0.997	0.001
0.062	0.001	0.854	0.083
0.056	0.001	0.045	0.898
0.186	0.001	0.812	0.001
>GAATGGAATGGA	1-GAATGGAATGGA	16.154613	-53.397606	0	T:15.0(1.62%),B:42.5(0.02%),P:1e-23	Tpos:26.6,Tstd:10.1,Bpos:18040.2,Bstd:17800.6,StrandBias:-0.1,Multiplicity:1.20
0.001	0.019	0.979	0.001
0.988	0.001	0.010	0.001
0.876	0.001	0.122	0.001
0.008	0.001	0.009	0.982
0.001	0.001	0.997	0.001
0.001	0.095	0.890	0.014
0.988	0.001	0.010	0.001
0.989	0.001	0.009	0.001
0.008	0.001	0.009	0.982
0.001	0.001	0.997	0.001
0.001	0.103	0.885	0.011
0.989	0.001	0.009	0.001
>CTCGGGTTGATT	2-CTCGGGTTGATT	12.701630	-41.859052	0	T:9.0(0.97%),B:6.8(0.00%),P:1e-18	Tpos:31.8,Tstd:8.8,Bpos:19139.3,Bstd:42696.8,StrandBias:1.6,Multiplicity:1.00
0.001	0.997	0.001	0.001
0.142	0.001	0.001	0.856
0.001	0.997	0.001	0.001
0.001	0.001	0.997	0.001
0.001	0.001	0.997	0.001
0.001	0.001	0.997	0.001
0.001	0.001	0.001	0.997
0.001	0.001	0.001	0.997
0.001	0.001	0.856	0.142
0.997	0.001	0.001	0.001
0.001	0.001	0.001	0.997
0.001	0.001	0.001	0.997
>VCATTCCATTCC	3-VCATTCCATTCC	10.969148	-21.257312	0	T:21.0(2.27%),B:997.4(0.40%),P:1e-9	Tpos:22.4,Tstd:11.2,Bpos:11772.6,Bstd:28423.6,StrandBias:0.3,Multiplicity:1.00
0.296	0.302	0.401	0.001
0.001	0.997	0.001	0.001
0.831	0.167	0.001	0.001
0.001	0.001	0.001	0.997
0.001	0.001	0.270	0.728
0.001	0.709	0.001	0.289
0.001	0.732	0.266	0.001
0.673	0.118	0.208	0.001
0.001	0.297	0.147	0.555
0.272	0.001	0.001	0.726
0.001	0.822	0.176	0.001
0.001	0.847	0.001	0.151
>ATGGAATGGAAT	4-ATGGAATGGAAT	11.233877	-17.668757	0	T:17.0(1.83%),B:798.2(0.32%),P:1e-7	Tpos:17.8,Tstd:13.0,Bpos:13748.5,Bstd:30079.8,StrandBias:0.7,Multiplicity:1.00
0.802	0.114	0.083	0.001
0.025	0.100	0.001	0.874
0.072	0.188	0.707	0.033
0.020	0.037	0.866	0.077
0.915	0.083	0.001	0.001
0.710	0.171	0.050	0.069
0.034	0.050	0.001	0.915
0.127	0.145	0.693	0.035
0.039	0.092	0.807	0.062
0.933	0.065	0.001	0.001
0.902	0.001	0.096	0.001
0.029	0.001	0.091	0.879
>GACTCMAATGGA	5-GACTCMAATGGA	14.026721	-9.352516	0	T:3.0(0.32%),B:20.1(0.01%),P:1e-4	Tpos:23.0,Tstd:11.0,Bpos:6302.1,Bstd:19413.6,StrandBias:10.0,Multiplicity:1.00
0.001	0.001	0.997	0.001
0.757	0.001	0.241	0.001
0.001	0.698	0.001	0.300
0.212	0.001	0.001	0.786
0.001	0.801	0.001	0.197
0.465	0.533	0.001	0.001
0.997	0.001	0.001	0.001
0.490	0.001	0.198	0.312
0.001	0.012	0.001	0.986
0.001	0.001	0.997	0.001
0.001	0.001	0.997	0.001
0.997	0.001	0.001	0.001
>ATATTAAAGTAC	6-ATATTAAAGTAC	14.025324	-6.530218	0	T:5.0(0.54%),B:213.2(0.09%),P:1e-2	Tpos:30.8,Tstd:11.4,Bpos:6764.5,Bstd:18791.6,StrandBias:2.0,Multiplicity:1.00
0.997	0.001	0.001	0.001
0.001	0.001	0.001	0.997
0.842	0.001	0.001	0.156
0.156	0.001	0.001	0.842
0.001	0.001	0.001	0.997
0.797	0.201	0.001	0.001
0.815	0.001	0.001	0.183
0.997	0.001	0.001	0.001
0.118	0.001	0.880	0.001
0.001	0.001	0.001	0.997
0.997	0.001	0.001	0.001
0.001	0.997	0.001	0.001
>CCAYTCSATTCS	7-CCAYTCSATTCS	13.205336	-4.210237	0	T:1.0(0.11%),B:3.1(0.00%),P:1e-1	Tpos:22.0,Tstd:0.0,Bpos:17988.3,Bstd:4426.3,StrandBias:-10.0,Multiplicity:1.00
0.001	0.592	0.001	0.406
0.393	0.559	0.047	0.001
0.997	0.001	0.001	0.001
0.001	0.574	0.001	0.424
0.001	0.001	0.015	0.983
0.001	0.997	0.001	0.001
0.001	0.453	0.545	0.001
0.997	0.001	0.001	0.001
0.001	0.001	0.001	0.997
0.001	0.001	0.012	0.986
0.001	0.572	0.024	0.403
0.001	0.571	0.427	0.001
>TGGTGGTGGTGG	8-TGGTGGTGGTGG	11.790333	-0.412526	0	T:4.0(0.43%),B:1207.9(0.49%),P:1e0	Tpos:13.6,Tstd:5.4,Bpos:7693.7,Bstd:26835.0,StrandBias:2.0,Multiplicity:1.00
0.184	0.071	0.127	0.618
0.001	0.001	0.997	0.001
0.115	0.001	0.826	0.058
0.061	0.066	0.043	0.830
0.164	0.001	0.834	0.001
0.001	0.059	0.815	0.125
0.057	0.001	0.001	0.941
0.062	0.001	0.868	0.069
0.171	0.001	0.709	0.119
0.120	0.001	0.092	0.787
0.068	0.001	0.898	0.033
0.114	0.001	0.884	0.001
>TCGGGTTG	1-TCGGGTTG	10.997826	-9.765822	0	T:9.0(0.97%),B:438.8(0.18%),P:1e-4	Tpos:33.4,Tstd:8.5,Bpos:8461.8,Bstd:29668.9,StrandBias:1.0,Multiplicity:1.00
0.001	0.001	0.001	0.997
0.001	0.997	0.001	0.001
0.001	0.067	0.931	0.001
0.001	0.001	0.997	0.001
0.001	0.001	0.997	0.001
0.001	0.001	0.001	0.997
0.001	0.001	0.001	0.997
0.001	0.001	0.997	0.001
>TGGAATGG	2-TGGAATGG	8.236954	-0.916953	0	T:19.0(2.05%),B:4697.2(1.90%),P:1e0	Tpos:34.5,Tstd:12.3,Bpos:10750.8,Bstd:33992.0,StrandBias:1.0,Multiplicity:1.00
0.100	0.100	0.100	0.700
0.100	0.100	0.700	0.100
0.100	0.100	0.700	0.100
0.700	0.100	0.100	0.100
0.700	0.100	0.100	0.100
0.100	0.100	0.100	0.700
0.100	0.100	0.700	0.100
0.100	0.100	0.700	0.100
>AATGGAAT	3-AATGGAAT	8.236954	-0.389893	0	T:26.0(2.80%),B:7481.3(3.02%),P:1e0	Tpos:25.6,Tstd:12.2,Bpos:13162.5,Bstd:38241.7,StrandBias:-0.4,Multiplicity:3.12
0.700	0.100	0.100	0.100
0.700	0.100	0.100	0.100
0.100	0.100	0.100	0.700
0.100	0.100	0.700	0.100
0.100	0.100	0.700	0.100
0.700	0.100	0.100	0.100
0.700	0.100	0.100	0.100
0.100	0.100	0.100	0.700
>CGAATGGA	4-CGAATGGA	9.976430	-0.358334	0	T:2.0(0.22%),B:649.3(0.26%),P:1e0	Tpos:7.0,Tstd:0.0,Bpos:12670.6,Bstd:44228.2,StrandBias:10.0,Multiplicity:1.00
0.001	0.612	0.206	0.181
0.059	0.041	0.774	0.126
0.997	0.001	0.001	0.001
0.919	0.041	0.039	0.001
0.001	0.109	0.036	0.854
0.057	0.001	0.891	0.051
0.001	0.001	0.997	0.001
0.997	0.001	0.001	0.001
>GAACGGAA	5-GAACGGAA	10.735740	-0.270976	0	T:2.0(0.22%),B:737.3(0.30%),P:1e0	Tpos:18.7,Tstd:14.5,Bpos:7495.6,Bstd:28155.2,StrandBias:1.0,Multiplicity:1.50
0.001	0.080	0.918	0.001
0.997	0.001	0.001	0.001
0.997	0.001	0.001	0.001
0.001	0.778	0.001	0.220
0.001	0.001	0.997	0.001
0.001	0.001	0.997	0.001
0.997	0.001	0.001	0.001
0.997	0.001	0.001	0.001
>GTTGGCAG	6-GTTGGCAG	10.096314	-0.002034	0	T:4.0(0.43%),B:3233.6(1.31%),P:1e0	Tpos:19.0,Tstd:14.1,Bpos:9141.9,Bstd:34391.9,StrandBias:1.6,Multiplicity:1.00
0.001	0.107	0.891	0.001
0.108	0.001	0.001	0.890
0.121	0.001	0.001	0.877
0.001	0.001	0.997	0.001
0.001	0.001	0.997	0.001
0.088	0.873	0.001	0.038
0.724	0.088	0.086	0.102
0.001	0.037	0.847	0.115
>CTCTATTC	7-CTCTATTC	8.959257	-0.000849	0	T:8.0(0.86%),B:5274.1(2.13%),P:1e0	Tpos:26.1,Tstd:13.8,Bpos:13734.3,Bstd:44865.7,StrandBias:1.6,Multiplicity:1.00
0.001	0.672	0.232	0.095
0.001	0.074	0.001	0.924
0.014	0.954	0.001	0.031
0.001	0.032	0.001	0.966
0.793	0.032	0.040	0.135
0.001	0.095	0.026	0.878
0.001	0.001	0.065	0.933
0.042	0.925	0.001	0.032
>RCTCTATT	8-RCTCTATT	7.848696	-0.000618	0	T:4.0(0.43%),B:3633.2(1.47%),P:1e0	Tpos:12.0,Tstd:3.0,Bpos:13000.7,Bstd:41039.6,StrandBias:10.0,Multiplicity:1.00
0.354	0.159	0.308	0.178
0.099	0.585	0.227	0.089
0.001	0.148	0.001	0.850
0.101	0.675	0.150	0.074
0.039	0.227	0.001	0.733
0.706	0.208	0.085	0.001
0.123	0.119	0.001	0.757
0.001	0.002	0.157	0.840
>TACAACCA	9-TACAACCA	8.769290	-0.000126	0	T:2.0(0.22%),B:3058.0(1.24%),P:1e0	Tpos:19.5,Tstd:0.5,Bpos:13436.1,Bstd:44335.2,StrandBias:10.0,Multiplicity:1.00
0.115	0.108	0.127	0.650
0.806	0.075	0.028	0.091
0.096	0.624	0.058	0.222
0.738	0.090	0.067	0.105
0.793	0.056	0.097	0.054
0.082	0.789	0.057	0.072
0.061	0.796	0.064	0.079
0.817	0.050	0.077	0.056
>TCTATTCT	10-TCTATTCT	10.376175	-0.000052	0	T:6.0(0.65%),B:5417.8(2.19%),P:1e0	Tpos:25.0,Tstd:9.4,Bpos:13779.1,Bstd:43446.4,StrandBias:-10.0,Multiplicity:1.00
0.001	0.001	0.001	0.997
0.001	0.997	0.001	0.001
0.001	0.001	0.001	0.997
0.997	0.001	0.001	0.001
0.001	0.001	0.001	0.997
0.001	0.001	0.001	0.997
0.001	0.997	0.001	0.001
0.250	0.250	0.001	0.500
>GTGTGGCA	11-GTGTGGCA	8.790766	-0.000021	0	T:2.0(0.22%),B:3565.2(1.44%),P:1e0	Tpos:17.0,Tstd:5.0,Bpos:10667.3,Bstd:41546.4,StrandBias:10.0,Multiplicity:1.00
0.039	0.097	0.788	0.076
0.078	0.026	0.075	0.821
0.107	0.037	0.709	0.147
0.035	0.132	0.119	0.714
0.092	0.057	0.828	0.023
0.062	0.028	0.768	0.142
0.108	0.699	0.082	0.111
0.689	0.079	0.093	0.139
>ATGGAATA	12-ATGGAATA	10.376175	-0.000014	0	T:6.0(0.65%),B:5845.5(2.36%),P:1e0	Tpos:36.7,Tstd:3.9,Bpos:15186.7,Bstd:45628.8,StrandBias:1.0,Multiplicity:1.00
0.997	0.001	0.001	0.001
0.001	0.001	0.001	0.997
0.001	0.001	0.997	0.001
0.001	0.001	0.997	0.001
0.997	0.001	0.001	0.001
0.997	0.001	0.001	0.001
0.001	0.001	0.001	0.997
0.500	0.001	0.250	0.250
