>TCGGGTTG	1-TCGGGTTG	10.997826	-9.765822	0	T:9.0(0.97%),B:438.8(0.18%),P:1e-4	Tpos:33.4,Tstd:8.5,Bpos:8461.8,Bstd:29668.9,StrandBias:1.0,Multiplicity:1.00
0.001	0.001	0.001	0.997
0.001	0.997	0.001	0.001
0.001	0.067	0.931	0.001
0.001	0.001	0.997	0.001
0.001	0.001	0.997	0.001
0.001	0.001	0.001	0.997
0.001	0.001	0.001	0.997
0.001	0.001	0.997	0.001
>TGGAATGG	2-TGGAATGG	8.236954	-0.916953	0	T:19.0(2.05%),B:4697.2(1.90%),P:1e0	Tpos:34.5,Tstd:12.3,Bpos:10750.8,Bstd:33992.0,StrandBias:1.0,Multiplicity:1.00
0.100	0.100	0.100	0.700
0.100	0.100	0.700	0.100
0.100	0.100	0.700	0.100
0.700	0.100	0.100	0.100
0.700	0.100	0.100	0.100
0.100	0.100	0.100	0.700
0.100	0.100	0.700	0.100
0.100	0.100	0.700	0.100
>AATGGAAT	3-AATGGAAT	8.236954	-0.389893	0	T:26.0(2.80%),B:7481.3(3.02%),P:1e0	Tpos:25.6,Tstd:12.2,Bpos:13162.5,Bstd:38241.7,StrandBias:-0.4,Multiplicity:3.12
0.700	0.100	0.100	0.100
0.700	0.100	0.100	0.100
0.100	0.100	0.100	0.700
0.100	0.100	0.700	0.100
0.100	0.100	0.700	0.100
0.700	0.100	0.100	0.100
0.700	0.100	0.100	0.100
0.100	0.100	0.100	0.700
>CGAATGGA	4-CGAATGGA	9.976430	-0.358334	0	T:2.0(0.22%),B:649.3(0.26%),P:1e0	Tpos:7.0,Tstd:0.0,Bpos:12670.6,Bstd:44228.2,StrandBias:10.0,Multiplicity:1.00
0.001	0.612	0.206	0.181
0.059	0.041	0.774	0.126
0.997	0.001	0.001	0.001
0.919	0.041	0.039	0.001
0.001	0.109	0.036	0.854
0.057	0.001	0.891	0.051
0.001	0.001	0.997	0.001
0.997	0.001	0.001	0.001
>GAACGGAA	5-GAACGGAA	10.735740	-0.270976	0	T:2.0(0.22%),B:737.3(0.30%),P:1e0	Tpos:18.7,Tstd:14.5,Bpos:7495.6,Bstd:28155.2,StrandBias:1.0,Multiplicity:1.50
0.001	0.080	0.918	0.001
0.997	0.001	0.001	0.001
0.997	0.001	0.001	0.001
0.001	0.778	0.001	0.220
0.001	0.001	0.997	0.001
0.001	0.001	0.997	0.001
0.997	0.001	0.001	0.001
0.997	0.001	0.001	0.001
>GTTGGCAG	6-GTTGGCAG	10.096314	-0.002034	0	T:4.0(0.43%),B:3233.6(1.31%),P:1e0	Tpos:19.0,Tstd:14.1,Bpos:9141.9,Bstd:34391.9,StrandBias:1.6,Multiplicity:1.00
0.001	0.107	0.891	0.001
0.108	0.001	0.001	0.890
0.121	0.001	0.001	0.877
0.001	0.001	0.997	0.001
0.001	0.001	0.997	0.001
0.088	0.873	0.001	0.038
0.724	0.088	0.086	0.102
0.001	0.037	0.847	0.115
>CTCTATTC	7-CTCTATTC	8.959257	-0.000849	0	T:8.0(0.86%),B:5274.1(2.13%),P:1e0	Tpos:26.1,Tstd:13.8,Bpos:13734.3,Bstd:44865.7,StrandBias:1.6,Multiplicity:1.00
0.001	0.672	0.232	0.095
0.001	0.074	0.001	0.924
0.014	0.954	0.001	0.031
0.001	0.032	0.001	0.966
0.793	0.032	0.040	0.135
0.001	0.095	0.026	0.878
0.001	0.001	0.065	0.933
0.042	0.925	0.001	0.032
>RCTCTATT	8-RCTCTATT	7.848696	-0.000618	0	T:4.0(0.43%),B:3633.2(1.47%),P:1e0	Tpos:12.0,Tstd:3.0,Bpos:13000.7,Bstd:41039.6,StrandBias:10.0,Multiplicity:1.00
0.354	0.159	0.308	0.178
0.099	0.585	0.227	0.089
0.001	0.148	0.001	0.850
0.101	0.675	0.150	0.074
0.039	0.227	0.001	0.733
0.706	0.208	0.085	0.001
0.123	0.119	0.001	0.757
0.001	0.002	0.157	0.840
>TACAACCA	9-TACAACCA	8.769290	-0.000126	0	T:2.0(0.22%),B:3058.0(1.24%),P:1e0	Tpos:19.5,Tstd:0.5,Bpos:13436.1,Bstd:44335.2,StrandBias:10.0,Multiplicity:1.00
0.115	0.108	0.127	0.650
0.806	0.075	0.028	0.091
0.096	0.624	0.058	0.222
0.738	0.090	0.067	0.105
0.793	0.056	0.097	0.054
0.082	0.789	0.057	0.072
0.061	0.796	0.064	0.079
0.817	0.050	0.077	0.056
>TCTATTCT	10-TCTATTCT	10.376175	-0.000052	0	T:6.0(0.65%),B:5417.8(2.19%),P:1e0	Tpos:25.0,Tstd:9.4,Bpos:13779.1,Bstd:43446.4,StrandBias:-10.0,Multiplicity:1.00
0.001	0.001	0.001	0.997
0.001	0.997	0.001	0.001
0.001	0.001	0.001	0.997
0.997	0.001	0.001	0.001
0.001	0.001	0.001	0.997
0.001	0.001	0.001	0.997
0.001	0.997	0.001	0.001
0.250	0.250	0.001	0.500
>GTGTGGCA	11-GTGTGGCA	8.790766	-0.000021	0	T:2.0(0.22%),B:3565.2(1.44%),P:1e0	Tpos:17.0,Tstd:5.0,Bpos:10667.3,Bstd:41546.4,StrandBias:10.0,Multiplicity:1.00
0.039	0.097	0.788	0.076
0.078	0.026	0.075	0.821
0.107	0.037	0.709	0.147
0.035	0.132	0.119	0.714
0.092	0.057	0.828	0.023
0.062	0.028	0.768	0.142
0.108	0.699	0.082	0.111
0.689	0.079	0.093	0.139
>ATGGAATA	12-ATGGAATA	10.376175	-0.000014	0	T:6.0(0.65%),B:5845.5(2.36%),P:1e0	Tpos:36.7,Tstd:3.9,Bpos:15186.7,Bstd:45628.8,StrandBias:1.0,Multiplicity:1.00
0.997	0.001	0.001	0.001
0.001	0.001	0.001	0.997
0.001	0.001	0.997	0.001
0.001	0.001	0.997	0.001
0.997	0.001	0.001	0.001
0.997	0.001	0.001	0.001
0.001	0.001	0.001	0.997
0.500	0.001	0.250	0.250
