>GAATGGAATGGA	1-GAATGGAATGGA	16.154613	-53.397606	0	T:15.0(1.62%),B:42.5(0.02%),P:1e-23	Tpos:26.6,Tstd:10.1,Bpos:18040.2,Bstd:17800.6,StrandBias:-0.1,Multiplicity:1.20
0.001	0.019	0.979	0.001
0.988	0.001	0.010	0.001
0.876	0.001	0.122	0.001
0.008	0.001	0.009	0.982
0.001	0.001	0.997	0.001
0.001	0.095	0.890	0.014
0.988	0.001	0.010	0.001
0.989	0.001	0.009	0.001
0.008	0.001	0.009	0.982
0.001	0.001	0.997	0.001
0.001	0.103	0.885	0.011
0.989	0.001	0.009	0.001
>CTCGGGTTGATT	2-CTCGGGTTGATT	12.701630	-41.859052	0	T:9.0(0.97%),B:6.8(0.00%),P:1e-18	Tpos:31.8,Tstd:8.8,Bpos:19139.3,Bstd:42696.8,StrandBias:1.6,Multiplicity:1.00
0.001	0.997	0.001	0.001
0.142	0.001	0.001	0.856
0.001	0.997	0.001	0.001
0.001	0.001	0.997	0.001
0.001	0.001	0.997	0.001
0.001	0.001	0.997	0.001
0.001	0.001	0.001	0.997
0.001	0.001	0.001	0.997
0.001	0.001	0.856	0.142
0.997	0.001	0.001	0.001
0.001	0.001	0.001	0.997
0.001	0.001	0.001	0.997
>VCATTCCATTCC	3-VCATTCCATTCC	10.969148	-21.257312	0	T:21.0(2.27%),B:997.4(0.40%),P:1e-9	Tpos:22.4,Tstd:11.2,Bpos:11772.6,Bstd:28423.6,StrandBias:0.3,Multiplicity:1.00
0.296	0.302	0.401	0.001
0.001	0.997	0.001	0.001
0.831	0.167	0.001	0.001
0.001	0.001	0.001	0.997
0.001	0.001	0.270	0.728
0.001	0.709	0.001	0.289
0.001	0.732	0.266	0.001
0.673	0.118	0.208	0.001
0.001	0.297	0.147	0.555
0.272	0.001	0.001	0.726
0.001	0.822	0.176	0.001
0.001	0.847	0.001	0.151
>ATGGAATGGAAT	4-ATGGAATGGAAT	11.233877	-17.668757	0	T:17.0(1.83%),B:798.2(0.32%),P:1e-7	Tpos:17.8,Tstd:13.0,Bpos:13748.5,Bstd:30079.8,StrandBias:0.7,Multiplicity:1.00
0.802	0.114	0.083	0.001
0.025	0.100	0.001	0.874
0.072	0.188	0.707	0.033
0.020	0.037	0.866	0.077
0.915	0.083	0.001	0.001
0.710	0.171	0.050	0.069
0.034	0.050	0.001	0.915
0.127	0.145	0.693	0.035
0.039	0.092	0.807	0.062
0.933	0.065	0.001	0.001
0.902	0.001	0.096	0.001
0.029	0.001	0.091	0.879
>GACTCMAATGGA	5-GACTCMAATGGA	14.026721	-9.352516	0	T:3.0(0.32%),B:20.1(0.01%),P:1e-4	Tpos:23.0,Tstd:11.0,Bpos:6302.1,Bstd:19413.6,StrandBias:10.0,Multiplicity:1.00
0.001	0.001	0.997	0.001
0.757	0.001	0.241	0.001
0.001	0.698	0.001	0.300
0.212	0.001	0.001	0.786
0.001	0.801	0.001	0.197
0.465	0.533	0.001	0.001
0.997	0.001	0.001	0.001
0.490	0.001	0.198	0.312
0.001	0.012	0.001	0.986
0.001	0.001	0.997	0.001
0.001	0.001	0.997	0.001
0.997	0.001	0.001	0.001
>ATATTAAAGTAC	6-ATATTAAAGTAC	14.025324	-6.530218	0	T:5.0(0.54%),B:213.2(0.09%),P:1e-2	Tpos:30.8,Tstd:11.4,Bpos:6764.5,Bstd:18791.6,StrandBias:2.0,Multiplicity:1.00
0.997	0.001	0.001	0.001
0.001	0.001	0.001	0.997
0.842	0.001	0.001	0.156
0.156	0.001	0.001	0.842
0.001	0.001	0.001	0.997
0.797	0.201	0.001	0.001
0.815	0.001	0.001	0.183
0.997	0.001	0.001	0.001
0.118	0.001	0.880	0.001
0.001	0.001	0.001	0.997
0.997	0.001	0.001	0.001
0.001	0.997	0.001	0.001
>CCAYTCSATTCS	7-CCAYTCSATTCS	13.205336	-4.210237	0	T:1.0(0.11%),B:3.1(0.00%),P:1e-1	Tpos:22.0,Tstd:0.0,Bpos:17988.3,Bstd:4426.3,StrandBias:-10.0,Multiplicity:1.00
0.001	0.592	0.001	0.406
0.393	0.559	0.047	0.001
0.997	0.001	0.001	0.001
0.001	0.574	0.001	0.424
0.001	0.001	0.015	0.983
0.001	0.997	0.001	0.001
0.001	0.453	0.545	0.001
0.997	0.001	0.001	0.001
0.001	0.001	0.001	0.997
0.001	0.001	0.012	0.986
0.001	0.572	0.024	0.403
0.001	0.571	0.427	0.001
>TGGTGGTGGTGG	8-TGGTGGTGGTGG	11.790333	-0.412526	0	T:4.0(0.43%),B:1207.9(0.49%),P:1e0	Tpos:13.6,Tstd:5.4,Bpos:7693.7,Bstd:26835.0,StrandBias:2.0,Multiplicity:1.00
0.184	0.071	0.127	0.618
0.001	0.001	0.997	0.001
0.115	0.001	0.826	0.058
0.061	0.066	0.043	0.830
0.164	0.001	0.834	0.001
0.001	0.059	0.815	0.125
0.057	0.001	0.001	0.941
0.062	0.001	0.868	0.069
0.171	0.001	0.709	0.119
0.120	0.001	0.092	0.787
0.068	0.001	0.898	0.033
0.114	0.001	0.884	0.001
