>TATTTGATGTAC	13-TATTTGATGTAC,BestGuess:Arid3a/MA0151.1/Jaspar(0.693)	4.926090	-7.647053	0	T:165.0(59.78%),B:101989.3(49.68%),P:1e-3
0.110	0.091	0.087	0.712
0.665	0.079	0.127	0.129
0.113	0.061	0.088	0.738
0.113	0.089	0.102	0.696
0.117	0.039	0.100	0.744
0.164	0.133	0.543	0.160
0.709	0.085	0.075	0.131
0.123	0.050	0.105	0.722
0.121	0.084	0.645	0.150
0.180	0.079	0.082	0.659
0.640	0.111	0.112	0.137
0.160	0.530	0.108	0.202
