>TCGAATGG	1-TCGAATGG	8.236954	-30.141306	0	T:14.0(5.07%),B:554.9(0.27%),P:1e-13	Tpos:114.5,Tstd:88.1,Bpos:11901.0,Bstd:44701.4,StrandBias:10.0,Multiplicity:1.44
0.100	0.100	0.100	0.700
0.100	0.700	0.100	0.100
0.100	0.100	0.700	0.100
0.700	0.100	0.100	0.100
0.700	0.100	0.100	0.100
0.100	0.100	0.100	0.700
0.100	0.100	0.700	0.100
0.100	0.100	0.700	0.100
>ATCGAATC	2-ATCGAATC	8.239117	-24.142720	0	T:15.0(5.43%),B:1060.1(0.52%),P:1e-10	Tpos:173.5,Tstd:133.0,Bpos:11044.7,Bstd:43430.6,StrandBias:2.0,Multiplicity:1.43
0.763	0.043	0.120	0.074
0.020	0.057	0.016	0.907
0.028	0.669	0.260	0.043
0.178	0.045	0.765	0.012
0.861	0.045	0.029	0.065
0.760	0.122	0.078	0.040
0.059	0.125	0.056	0.760
0.099	0.519	0.328	0.054
>DTBCTATT	3-DTBCTATT	1.518144	-23.049119	0	T:216.0(78.26%),B:123227.2(60.02%),P:1e-10	Tpos:144.3,Tstd:177.7,Bpos:15441.8,Bstd:53374.2,StrandBias:-0.1,Multiplicity:1.79
0.326	0.001	0.355	0.318
0.001	0.316	0.001	0.682
0.011	0.317	0.355	0.317
0.001	0.997	0.001	0.001
0.001	0.001	0.001	0.997
0.997	0.001	0.001	0.001
0.001	0.001	0.001	0.997
0.001	0.001	0.001	0.997
>ATAGRWTK	4-ATAGRWTK	3.862940	-21.207860	0	T:221.0(80.07%),B:129343.1(63.00%),P:1e-9	Tpos:139.1,Tstd:153.0,Bpos:15742.6,Bstd:55024.7,StrandBias:-0.1,Multiplicity:1.73
0.710	0.143	0.007	0.140
0.001	0.001	0.001	0.997
0.855	0.001	0.004	0.140
0.005	0.001	0.993	0.001
0.425	0.139	0.435	0.001
0.432	0.001	0.282	0.285
0.281	0.001	0.001	0.717
0.147	0.003	0.428	0.422
>TCGAWTGG	5-TCGAWTGG	4.186165	-19.227568	0	T:177.0(64.13%),B:95896.1(46.71%),P:1e-8	Tpos:172.8,Tstd:203.7,Bpos:15712.0,Bstd:56948.9,StrandBias:0.1,Multiplicity:1.99
0.063	0.012	0.123	0.802
0.121	0.454	0.169	0.256
0.162	0.005	0.832	0.001
0.563	0.088	0.102	0.247
0.408	0.001	0.215	0.375
0.001	0.288	0.065	0.646
0.141	0.083	0.690	0.086
0.001	0.100	0.898	0.001
>GAATGGAA	6-GAATGGAA	10.957273	-19.116802	0	T:29.0(10.51%),B:6035.6(2.94%),P:1e-8	Tpos:203.7,Tstd:206.2,Bpos:14074.7,Bstd:39053.1,StrandBias:2.0,Multiplicity:12.10
0.001	0.001	0.997	0.001
0.997	0.001	0.001	0.001
0.997	0.001	0.001	0.001
0.001	0.001	0.001	0.997
0.001	0.104	0.894	0.001
0.001	0.001	0.997	0.001
0.997	0.001	0.001	0.001
0.997	0.001	0.001	0.001
>GGAATAGT	7-GGAATAGT	-2.884050	-18.727194	0	T:198.0(71.74%),B:112774.8(54.93%),P:1e-8	Tpos:167.4,Tstd:220.5,Bpos:13347.5,Bstd:48929.5,StrandBias:-0.2,Multiplicity:1.69
0.001	0.001	0.997	0.001
0.001	0.001	0.997	0.001
0.997	0.001	0.001	0.001
0.866	0.001	0.114	0.019
0.001	0.001	0.001	0.997
0.997	0.001	0.001	0.001
0.001	0.001	0.997	0.001
0.001	0.019	0.114	0.866
>AAADAATA	8-AAADAATA	4.335584	-13.098934	0	T:209.0(75.72%),B:128327.9(62.51%),P:1e-5	Tpos:147.3,Tstd:164.9,Bpos:16620.2,Bstd:55771.1,StrandBias:-0.4,Multiplicity:1.97
0.791	0.207	0.001	0.001
0.664	0.001	0.084	0.251
0.585	0.001	0.124	0.290
0.331	0.166	0.293	0.210
0.873	0.043	0.001	0.083
0.750	0.207	0.042	0.001
0.001	0.040	0.001	0.958
0.997	0.001	0.001	0.001
>ATAAATTT	9-ATAAATTT	-5.599146	-12.537118	0	T:268.0(97.10%),B:184359.5(89.80%),P:1e-5	Tpos:124.6,Tstd:130.5,Bpos:17193.8,Bstd:61209.2,StrandBias:-0.0,Multiplicity:1.60
0.866	0.001	0.001	0.132
0.001	0.001	0.066	0.932
0.997	0.001	0.001	0.001
0.997	0.001	0.001	0.001
0.997	0.001	0.001	0.001
0.001	0.001	0.001	0.997
0.001	0.001	0.001	0.997
0.001	0.001	0.001	0.997
>ATTCCATT	10-ATTCCATT	8.554034	-11.596311	0	T:34.0(12.32%),B:11180.9(5.45%),P:1e-5	Tpos:155.6,Tstd:122.2,Bpos:17563.4,Bstd:62789.3,StrandBias:-1.4,Multiplicity:2.66
0.940	0.001	0.058	0.001
0.012	0.022	0.092	0.874
0.020	0.008	0.025	0.947
0.001	0.946	0.018	0.035
0.033	0.907	0.001	0.059
0.823	0.001	0.175	0.001
0.001	0.273	0.012	0.714
0.017	0.014	0.020	0.949
>TTCCWMAW	11-TTCCWMAW	4.720560	-9.719220	0	T:223.0(80.80%),B:144616.5(70.44%),P:1e-4	Tpos:119.2,Tstd:103.8,Bpos:16574.8,Bstd:61837.4,StrandBias:-0.0,Multiplicity:1.39
0.416	0.001	0.001	0.582
0.001	0.128	0.001	0.870
0.032	0.645	0.322	0.001
0.001	0.997	0.001	0.001
0.354	0.163	0.001	0.482
0.386	0.258	0.128	0.227
0.611	0.387	0.001	0.001
0.417	0.128	0.001	0.454
>TGWCTYWA	12-TGWCTYWA	1.122097	-9.331080	0	T:241.0(87.32%),B:160827.5(78.34%),P:1e-4	Tpos:131.1,Tstd:162.1,Bpos:15226.7,Bstd:54515.3,StrandBias:-0.2,Multiplicity:1.74
0.151	0.001	0.001	0.847
0.001	0.292	0.706	0.001
0.428	0.001	0.001	0.570
0.001	0.704	0.294	0.001
0.154	0.001	0.001	0.844
0.001	0.424	0.146	0.430
0.440	0.001	0.001	0.558
0.707	0.001	0.001	0.291
>WWVWTSAA	13-WWVWTSAA	3.579559	-9.103780	0	T:242.0(87.68%),B:162035.6(78.93%),P:1e-3	Tpos:131.3,Tstd:133.4,Bpos:15250.9,Bstd:56235.5,StrandBias:0.1,Multiplicity:1.48
0.491	0.027	0.037	0.445
0.373	0.173	0.173	0.282
0.337	0.318	0.318	0.027
0.336	0.109	0.191	0.364
0.109	0.109	0.218	0.564
0.036	0.400	0.537	0.027
0.610	0.109	0.045	0.236
0.591	0.064	0.109	0.236
>ATTTTTTT	14-ATTTTTTT	-2.799125	-8.907735	0	T:250.0(90.58%),B:169633.5(82.63%),P:1e-3	Tpos:117.3,Tstd:116.4,Bpos:15249.2,Bstd:54195.4,StrandBias:-0.1,Multiplicity:1.98
0.970	0.001	0.001	0.028
0.001	0.001	0.001	0.997
0.001	0.001	0.001	0.997
0.001	0.001	0.001	0.997
0.001	0.029	0.001	0.969
0.001	0.001	0.001	0.997
0.001	0.001	0.001	0.997
0.001	0.001	0.001	0.997
>DNDAAAAR	15-DNDAAAAR	3.115452	-8.806722	0	T:258.0(93.48%),B:177444.5(86.43%),P:1e-3	Tpos:119.9,Tstd:118.9,Bpos:15036.6,Bstd:54219.2,StrandBias:-0.3,Multiplicity:1.67
0.337	0.112	0.225	0.326
0.326	0.213	0.191	0.270
0.371	0.135	0.270	0.225
0.596	0.247	0.101	0.056
0.707	0.001	0.291	0.001
0.729	0.001	0.269	0.001
0.438	0.101	0.247	0.213
0.371	0.157	0.258	0.214
>TTWATTTA	16-TTWATTTA	0.993843	-6.109975	0	T:203.0(73.55%),B:134199.5(65.37%),P:1e-2	Tpos:111.3,Tstd:119.6,Bpos:15122.1,Bstd:51903.5,StrandBias:0.1,Multiplicity:1.77
0.330	0.001	0.001	0.668
0.001	0.001	0.001	0.997
0.425	0.001	0.001	0.573
0.661	0.001	0.001	0.337
0.384	0.001	0.001	0.614
0.286	0.001	0.001	0.712
0.381	0.001	0.001	0.617
0.997	0.001	0.001	0.001
>DSCWSWGN	17-DSCWSWGN	2.815952	-3.471091	0	T:275.0(99.64%),B:201374.5(98.09%),P:1e-1	Tpos:123.7,Tstd:146.7,Bpos:13594.4,Bstd:50481.7,StrandBias:-0.2,Multiplicity:1.43
0.300	0.001	0.350	0.349
0.001	0.400	0.350	0.249
0.300	0.500	0.001	0.199
0.499	0.151	0.001	0.350
0.101	0.448	0.450	0.001
0.502	0.001	0.001	0.496
0.399	0.050	0.550	0.001
0.200	0.251	0.300	0.249
>TGGGACAT	18-TGGGACAT	2.399224	-2.212150	0	T:276.0(100.00%),B:203658.2(99.20%),P:1e0	Tpos:145.5,Tstd:187.9,Bpos:12699.1,Bstd:47947.9,StrandBias:-0.0,Multiplicity:2.51
0.100	0.100	0.100	0.700
0.100	0.100	0.700	0.100
0.100	0.100	0.700	0.100
0.100	0.100	0.700	0.100
0.700	0.100	0.100	0.100
0.100	0.700	0.100	0.100
0.700	0.100	0.100	0.100
0.100	0.100	0.100	0.700
>ACTGCTTT	19-ACTGCTTT	2.399224	-1.558801	0	T:276.0(100.00%),B:204141.4(99.44%),P:1e0	Tpos:135.4,Tstd:160.6,Bpos:13432.5,Bstd:50410.8,StrandBias:0.0,Multiplicity:2.78
0.700	0.100	0.100	0.100
0.100	0.700	0.100	0.100
0.100	0.100	0.100	0.700
0.100	0.100	0.700	0.100
0.100	0.700	0.100	0.100
0.100	0.100	0.100	0.700
0.100	0.100	0.100	0.700
0.100	0.100	0.100	0.700
>CWKRDGAV	20-CWKRDGAV	1.946586	-0.243277	0	T:276.0(100.00%),B:205117.3(99.91%),P:1e0	Tpos:168.2,Tstd:216.1,Bpos:13498.7,Bstd:50839.1,StrandBias:-0.4,Multiplicity:1.58
0.132	0.664	0.203	0.001
0.467	0.001	0.001	0.531
0.132	0.133	0.402	0.333
0.531	0.001	0.467	0.001
0.331	0.001	0.335	0.333
0.200	0.001	0.532	0.267
0.596	0.068	0.335	0.001
0.269	0.265	0.333	0.134
>TCATTAAT	21-TCATTAAT	9.001330	-0.039152	0	T:10.0(3.62%),B:11926.1(5.81%),P:1e0	Tpos:76.8,Tstd:26.3,Bpos:10655.4,Bstd:40586.3,StrandBias:-1.6,Multiplicity:1.00
0.001	0.001	0.001	0.997
0.001	0.997	0.001	0.001
0.997	0.001	0.001	0.001
0.001	0.001	0.001	0.997
0.001	0.001	0.001	0.997
0.866	0.132	0.001	0.001
0.997	0.001	0.001	0.001
0.001	0.043	0.001	0.955
>GCAGGYAG	22-GCAGGYAG	-3.922219	-0.012092	0	T:276.0(100.00%),B:205289.7(100.00%),P:1e0	Tpos:144.8,Tstd:191.7,Bpos:12682.1,Bstd:47586.6,StrandBias:0.1,Multiplicity:1.75
0.156	0.228	0.460	0.156
0.008	0.915	0.076	0.001
0.691	0.001	0.001	0.307
0.001	0.001	0.771	0.227
0.159	0.152	0.688	0.001
0.076	0.460	0.001	0.464
0.771	0.001	0.001	0.227
0.001	0.308	0.460	0.232
>TAAACTCA	23-TAAACTCA	0.000000	-0.012092	0	T:276.0(100.00%),B:205289.7(100.00%),P:1e0
0.100	0.100	0.100	0.700
0.700	0.100	0.100	0.100
0.700	0.100	0.100	0.100
0.700	0.100	0.100	0.100
0.100	0.700	0.100	0.100
0.100	0.100	0.100	0.700
0.100	0.700	0.100	0.100
0.700	0.100	0.100	0.100
>NNNNNNNN	24-NNNNNNNN	-nan	0.000000	0	T:0.0(0.00%),B:0.0(0.00%),P:1e0	Tpos:0.0,Tstd:0.0,Bpos:0.0,Bstd:0.0,StrandBias:0.0,Multiplicity:1.00
-nan	-nan	-nan	-nan
-nan	-nan	-nan	-nan
-nan	-nan	-nan	-nan
-nan	-nan	-nan	-nan
-nan	-nan	-nan	-nan
-nan	-nan	-nan	-nan
-nan	-nan	-nan	-nan
-nan	-nan	-nan	-nan
>TGGGAAAT	25-TGGGAAAT	-3.438507	0.000000	0	T:276.0(100.00%),B:205298.6(100.00%),P:1e0	Tpos:158.9,Tstd:165.7,Bpos:12086.7,Bstd:46809.8,StrandBias:0.0,Multiplicity:1.61
0.100	0.100	0.100	0.700
0.100	0.100	0.700	0.100
0.100	0.100	0.700	0.100
0.100	0.100	0.700	0.100
0.700	0.100	0.100	0.100
0.700	0.100	0.100	0.100
0.700	0.100	0.100	0.100
0.100	0.100	0.100	0.700
