>GGAATGGAAT	1-GGAATGGAAT	12.747005	-63.578307	0	T:25.0(9.06%),B:629.2(0.31%),P:1e-27	Tpos:207.9,Tstd:206.5,Bpos:16238.2,Bstd:25898.0,StrandBias:2.1,Multiplicity:10.72
0.001	0.385	0.536	0.078
0.059	0.001	0.939	0.001
0.997	0.001	0.001	0.001
0.953	0.001	0.045	0.001
0.001	0.001	0.001	0.997
0.001	0.001	0.997	0.001
0.012	0.001	0.986	0.001
0.997	0.001	0.001	0.001
0.979	0.019	0.001	0.001
0.001	0.001	0.001	0.997
>ATCGAATGGA	2-ATCGAATGGA	8.698129	-60.989504	0	T:24.0(8.70%),B:606.8(0.30%),P:1e-26	Tpos:152.8,Tstd:113.9,Bpos:15617.4,Bstd:38994.0,StrandBias:3.2,Multiplicity:2.07
0.602	0.136	0.137	0.125
0.035	0.120	0.016	0.829
0.065	0.560	0.310	0.065
0.090	0.119	0.665	0.126
0.836	0.049	0.049	0.066
0.720	0.029	0.119	0.132
0.025	0.129	0.061	0.785
0.112	0.298	0.516	0.074
0.145	0.050	0.732	0.073
0.757	0.067	0.092	0.084
>GAATGGAATC	3-GAATGGAATC	9.839206	-42.701394	0	T:25.0(9.06%),B:1531.6(0.75%),P:1e-18	Tpos:147.7,Tstd:113.5,Bpos:13260.6,Bstd:31952.7,StrandBias:1.4,Multiplicity:1.74
0.098	0.083	0.767	0.052
0.841	0.027	0.045	0.087
0.699	0.059	0.201	0.041
0.042	0.100	0.024	0.834
0.086	0.050	0.718	0.146
0.017	0.040	0.920	0.023
0.881	0.014	0.043	0.062
0.855	0.102	0.033	0.010
0.030	0.021	0.023	0.926
0.031	0.566	0.359	0.044
>TCCATTCGAT	4-TCCATTCGAT	11.318892	-41.733360	0	T:17.0(6.16%),B:480.6(0.23%),P:1e-18	Tpos:190.9,Tstd:92.0,Bpos:13146.7,Bstd:48844.5,StrandBias:-2.0,Multiplicity:1.43
0.001	0.001	0.001	0.997
0.001	0.781	0.217	0.001
0.001	0.997	0.001	0.001
0.608	0.001	0.390	0.001
0.001	0.001	0.001	0.997
0.001	0.001	0.001	0.997
0.001	0.997	0.001	0.001
0.390	0.001	0.608	0.001
0.997	0.001	0.001	0.001
0.001	0.001	0.001	0.997
>AATGGAATCA	5-AATGGAATCA	10.517483	-41.542345	0	T:28.0(10.14%),B:2185.2(1.06%),P:1e-18	Tpos:175.3,Tstd:124.6,Bpos:16142.3,Bstd:50604.3,StrandBias:0.7,Multiplicity:2.12
0.934	0.014	0.016	0.036
0.902	0.001	0.082	0.015
0.026	0.031	0.017	0.926
0.058	0.034	0.777	0.131
0.031	0.001	0.967	0.001
0.965	0.001	0.016	0.018
0.968	0.016	0.015	0.001
0.020	0.001	0.012	0.967
0.026	0.926	0.001	0.047
0.963	0.019	0.001	0.017
>CAACCCGAGT	6-CAACCCGAGT	11.247034	-34.688852	0	T:9.0(3.26%),B:63.0(0.03%),P:1e-15	Tpos:149.8,Tstd:60.3,Bpos:10267.5,Bstd:39945.1,StrandBias:1.0,Multiplicity:1.12
0.001	0.997	0.001	0.001
0.997	0.001	0.001	0.001
0.997	0.001	0.001	0.001
0.001	0.997	0.001	0.001
0.001	0.773	0.120	0.106
0.055	0.886	0.001	0.058
0.059	0.001	0.869	0.071
0.997	0.001	0.001	0.001
0.001	0.001	0.997	0.001
0.001	0.001	0.086	0.912
>BHVCTCHCAW	7-BHVCTCHCAW	4.162715	-33.301402	0	T:257.0(93.12%),B:153882.2(74.96%),P:1e-14	Tpos:137.1,Tstd:188.7,Bpos:13918.6,Bstd:50594.2,StrandBias:0.0,Multiplicity:1.64
0.131	0.218	0.347	0.304
0.390	0.261	0.001	0.348
0.391	0.261	0.347	0.001
0.087	0.650	0.001	0.262
0.174	0.001	0.001	0.824
0.001	0.607	0.391	0.001
0.346	0.304	0.001	0.349
0.305	0.605	0.001	0.089
0.736	0.001	0.001	0.262
0.433	0.001	0.001	0.565
>ATTCCGTTCG	8-ATTCCGTTCG	4.841159	-23.565495	0	T:27.0(9.78%),B:4288.5(2.09%),P:1e-10	Tpos:156.4,Tstd:135.3,Bpos:13958.7,Bstd:53784.7,StrandBias:-1.6,Multiplicity:2.81
0.997	0.001	0.001	0.001
0.027	0.001	0.001	0.971
0.001	0.001	0.001	0.997
0.001	0.997	0.001	0.001
0.001	0.871	0.001	0.127
0.155	0.001	0.843	0.001
0.001	0.001	0.001	0.997
0.001	0.001	0.001	0.997
0.001	0.997	0.001	0.001
0.001	0.001	0.997	0.001
>GGAATCATCA	9-GGAATCATCA	13.105751	-21.726495	0	T:9.0(3.26%),B:287.0(0.14%),P:1e-9	Tpos:137.3,Tstd:116.8,Bpos:8480.0,Bstd:31036.5,StrandBias:1.3,Multiplicity:1.17
0.059	0.001	0.869	0.071
0.138	0.001	0.773	0.088
0.997	0.001	0.001	0.001
0.997	0.001	0.001	0.001
0.001	0.001	0.079	0.919
0.001	0.997	0.001	0.001
0.841	0.090	0.001	0.068
0.001	0.001	0.001	0.997
0.001	0.997	0.001	0.001
0.917	0.001	0.001	0.081
>GAATSGAATC	10-GAATSGAATC	5.609925	-21.407846	0	T:134.0(48.55%),B:63120.5(30.75%),P:1e-9	Tpos:146.7,Tstd:151.3,Bpos:17153.0,Bstd:60893.8,StrandBias:0.4,Multiplicity:1.42
0.273	0.001	0.725	0.001
0.894	0.104	0.001	0.001
0.840	0.158	0.001	0.001
0.159	0.001	0.001	0.839
0.143	0.466	0.330	0.060
0.152	0.106	0.627	0.115
0.997	0.001	0.001	0.001
0.946	0.001	0.052	0.001
0.011	0.346	0.051	0.592
0.239	0.613	0.147	0.001
>NTRTTHCWYH	11-NTRTTHCWYH	4.670433	-20.320993	0	T:209.0(75.72%),B:120063.6(58.48%),P:1e-8	Tpos:112.4,Tstd:120.5,Bpos:15294.7,Bstd:53412.1,StrandBias:0.1,Multiplicity:1.59
0.210	0.255	0.200	0.335
0.308	0.193	0.015	0.484
0.382	0.171	0.236	0.211
0.243	0.231	0.001	0.525
0.296	0.015	0.026	0.663
0.250	0.358	0.045	0.347
0.365	0.582	0.024	0.029
0.424	0.077	0.001	0.498
0.074	0.468	0.007	0.451
0.337	0.267	0.008	0.389
>TCAAATGGAC	12-TCAAATGGAC	10.787421	-14.934699	0	T:10.0(3.62%),B:845.2(0.41%),P:1e-6	Tpos:213.0,Tstd:221.3,Bpos:12223.0,Bstd:46859.9,StrandBias:2.2,Multiplicity:1.10
0.074	0.001	0.001	0.924
0.076	0.713	0.001	0.210
0.876	0.001	0.001	0.122
0.997	0.001	0.001	0.001
0.878	0.001	0.120	0.001
0.090	0.001	0.001	0.908
0.001	0.001	0.997	0.001
0.001	0.001	0.904	0.094
0.886	0.001	0.112	0.001
0.001	0.997	0.001	0.001
>RTGRAATRMA	13-RTGRAATRMA	1.461373	-13.526057	0	T:164.0(59.42%),B:92658.4(45.13%),P:1e-5	Tpos:137.8,Tstd:153.5,Bpos:15565.9,Bstd:54915.2,StrandBias:-0.3,Multiplicity:1.37
0.463	0.001	0.535	0.001
0.070	0.001	0.001	0.928
0.001	0.001	0.953	0.045
0.488	0.001	0.510	0.001
0.997	0.001	0.001	0.001
0.997	0.001	0.001	0.001
0.001	0.001	0.001	0.997
0.471	0.001	0.527	0.001
0.514	0.484	0.001	0.001
0.997	0.001	0.001	0.001
>WWCMAAAWAW	14-WWCMAAAWAW	3.700883	-10.745986	0	T:246.0(89.13%),B:163571.7(79.68%),P:1e-4	Tpos:141.3,Tstd:151.5,Bpos:19791.4,Bstd:69570.8,StrandBias:0.3,Multiplicity:1.75
0.433	0.094	0.108	0.365
0.338	0.122	0.108	0.432
0.149	0.540	0.230	0.081
0.486	0.337	0.001	0.175
0.554	0.270	0.027	0.149
0.675	0.216	0.041	0.068
0.405	0.216	0.203	0.176
0.365	0.108	0.027	0.500
0.663	0.054	0.189	0.094
0.379	0.081	0.095	0.446
>WTTWVWNTTT	15-WTTWVWNTTT	3.741546	-5.739101	0	T:236.0(85.51%),B:161922.2(78.87%),P:1e-2	Tpos:127.9,Tstd:151.9,Bpos:15363.9,Bstd:52939.1,StrandBias:0.0,Multiplicity:1.76
0.337	0.148	0.079	0.436
0.208	0.010	0.030	0.752
0.267	0.109	0.188	0.436
0.406	0.119	0.070	0.406
0.366	0.307	0.218	0.109
0.376	0.178	0.059	0.386
0.287	0.267	0.218	0.228
0.227	0.128	0.001	0.644
0.247	0.010	0.109	0.634
0.287	0.050	0.109	0.554
>GGGAAGGAGA	16-GGGAAGGAGA	2.512553	-5.455194	0	T:275.0(99.64%),B:199703.3(97.27%),P:1e-2	Tpos:167.2,Tstd:234.1,Bpos:11572.4,Bstd:45997.2,StrandBias:-0.2,Multiplicity:2.19
0.100	0.100	0.700	0.100
0.100	0.100	0.700	0.100
0.100	0.100	0.700	0.100
0.700	0.100	0.100	0.100
0.700	0.100	0.100	0.100
0.100	0.100	0.700	0.100
0.100	0.100	0.700	0.100
0.700	0.100	0.100	0.100
0.100	0.100	0.700	0.100
0.700	0.100	0.100	0.100
>TTATTAGCCA	17-TTATTAGCCA	2.512553	-5.206269	0	T:274.0(99.28%),B:198569.3(96.72%),P:1e-2	Tpos:149.1,Tstd:178.8,Bpos:12877.7,Bstd:47146.1,StrandBias:0.1,Multiplicity:2.45
0.100	0.100	0.100	0.700
0.100	0.100	0.100	0.700
0.700	0.100	0.100	0.100
0.100	0.100	0.100	0.700
0.100	0.100	0.100	0.700
0.700	0.100	0.100	0.100
0.100	0.100	0.700	0.100
0.100	0.700	0.100	0.100
0.100	0.700	0.100	0.100
0.700	0.100	0.100	0.100
>ATAAATTTTT	18-ATAAATTTTT	-1.861315	-4.574843	0	T:188.0(68.12%),B:125661.9(61.21%),P:1e-1	Tpos:123.5,Tstd:120.0,Bpos:15447.0,Bstd:51541.4,StrandBias:0.0,Multiplicity:1.99
0.640	0.001	0.001	0.358
0.316	0.001	0.001	0.682
0.682	0.001	0.001	0.316
0.681	0.001	0.001	0.317
0.957	0.001	0.001	0.041
0.001	0.001	0.001	0.997
0.001	0.001	0.001	0.997
0.322	0.001	0.001	0.676
0.001	0.001	0.001	0.997
0.001	0.001	0.001	0.997
>TRTTATGTAC	19-TRTTATGTAC	9.112688	-4.258356	0	T:12.0(4.35%),B:4278.4(2.08%),P:1e-1	Tpos:322.8,Tstd:401.3,Bpos:15134.0,Bstd:50479.3,StrandBias:-0.1,Multiplicity:1.75
0.117	0.001	0.109	0.773
0.353	0.016	0.493	0.138
0.105	0.077	0.002	0.816
0.001	0.137	0.016	0.846
0.975	0.001	0.001	0.023
0.001	0.002	0.103	0.894
0.056	0.002	0.940	0.002
0.062	0.003	0.096	0.839
0.831	0.095	0.001	0.073
0.002	0.915	0.082	0.001
>TTTTCTCWHW	20-TTTTCTCWHW	3.779715	-3.770448	0	T:242.0(87.68%),B:170662.9(83.13%),P:1e-1	Tpos:117.0,Tstd:107.6,Bpos:14225.6,Bstd:52172.5,StrandBias:0.2,Multiplicity:1.60
0.197	0.212	0.182	0.409
0.076	0.091	0.030	0.803
0.076	0.227	0.121	0.576
0.106	0.182	0.076	0.636
0.182	0.440	0.136	0.243
0.136	0.318	0.001	0.545
0.167	0.591	0.045	0.197
0.348	0.182	0.045	0.424
0.333	0.303	0.121	0.243
0.363	0.151	0.001	0.484
>WTTTTTTWWW	21-WTTTTTTWWW	4.202404	-3.603704	0	T:214.0(77.54%),B:148320.9(72.25%),P:1e-1	Tpos:121.0,Tstd:103.7,Bpos:15474.5,Bstd:53978.1,StrandBias:-0.2,Multiplicity:1.58
0.348	0.107	0.089	0.455
0.304	0.018	0.027	0.651
0.161	0.027	0.080	0.732
0.188	0.098	0.107	0.607
0.001	0.276	0.125	0.598
0.250	0.151	0.001	0.598
0.250	0.161	0.125	0.464
0.295	0.170	0.125	0.411
0.464	0.009	0.107	0.420
0.348	0.062	0.196	0.393
>TTGATGTGTT	22-TTGATGTGTT	2.512553	-3.001743	0	T:275.0(99.64%),B:201786.8(98.29%),P:1e-1	Tpos:157.5,Tstd:192.1,Bpos:16106.5,Bstd:58950.1,StrandBias:0.0,Multiplicity:2.16
0.100	0.100	0.100	0.700
0.100	0.100	0.100	0.700
0.100	0.100	0.700	0.100
0.700	0.100	0.100	0.100
0.100	0.100	0.100	0.700
0.100	0.100	0.700	0.100
0.100	0.100	0.100	0.700
0.100	0.100	0.700	0.100
0.100	0.100	0.100	0.700
0.100	0.100	0.100	0.700
>AAATGTCCTT	23-AAATGTCCTT	7.410398	-1.353706	0	T:11.0(3.99%),B:6481.0(3.16%),P:1e0	Tpos:86.4,Tstd:59.2,Bpos:13994.5,Bstd:51394.3,StrandBias:-0.4,Multiplicity:1.00
0.598	0.113	0.126	0.163
0.620	0.178	0.061	0.141
0.574	0.166	0.150	0.110
0.169	0.113	0.107	0.611
0.104	0.123	0.635	0.138
0.159	0.123	0.141	0.577
0.120	0.534	0.196	0.150
0.166	0.604	0.071	0.159
0.193	0.132	0.067	0.608
0.132	0.113	0.114	0.641
>ACAGTCTCAG	24-ACAGTCTCAG	0.566642	-0.028215	0	T:276.0(100.00%),B:205277.2(99.99%),P:1e0	Tpos:134.2,Tstd:180.8,Bpos:13863.6,Bstd:52787.4,StrandBias:0.0,Multiplicity:2.15
0.700	0.100	0.100	0.100
0.100	0.700	0.100	0.100
0.700	0.100	0.100	0.100
0.100	0.100	0.700	0.100
0.100	0.100	0.100	0.700
0.100	0.700	0.100	0.100
0.100	0.100	0.100	0.700
0.100	0.700	0.100	0.100
0.700	0.100	0.100	0.100
0.100	0.100	0.700	0.100
>TTTCTTAAAA	25-TTTCTTAAAA	-3.325178	0.000000	0	T:276.0(100.00%),B:205298.4(100.00%),P:1e0	Tpos:154.3,Tstd:190.7,Bpos:14658.4,Bstd:54288.0,StrandBias:-0.2,Multiplicity:1.62
0.100	0.100	0.100	0.700
0.100	0.100	0.100	0.700
0.100	0.100	0.100	0.700
0.100	0.700	0.100	0.100
0.100	0.100	0.100	0.700
0.100	0.100	0.100	0.700
0.700	0.100	0.100	0.100
0.700	0.100	0.100	0.100
0.700	0.100	0.100	0.100
0.700	0.100	0.100	0.100
