>ATGGAATGGAAT	1-ATGGAATGGAAT	14.911993	-88.471444	0	T:21.0(7.61%),B:89.2(0.04%),P:1e-38	Tpos:211.9,Tstd:208.5,Bpos:17032.0,Bstd:21401.6,StrandBias:2.0,Multiplicity:4.76
0.997	0.001	0.001	0.001
0.001	0.001	0.001	0.997
0.001	0.199	0.799	0.001
0.001	0.001	0.997	0.001
0.997	0.001	0.001	0.001
0.997	0.001	0.001	0.001
0.001	0.001	0.001	0.997
0.001	0.074	0.924	0.001
0.001	0.001	0.997	0.001
0.997	0.001	0.001	0.001
0.997	0.001	0.001	0.001
0.001	0.001	0.001	0.997
>TCGAATGGAATC	2-TCGAATGGAATC	10.134259	-87.406570	0	T:25.0(9.06%),B:230.1(0.11%),P:1e-37	Tpos:171.9,Tstd:124.5,Bpos:15313.8,Bstd:28953.1,StrandBias:2.4,Multiplicity:2.90
0.090	0.076	0.048	0.786
0.118	0.464	0.292	0.125
0.145	0.193	0.546	0.116
0.852	0.061	0.039	0.048
0.585	0.136	0.118	0.161
0.098	0.054	0.058	0.790
0.117	0.238	0.482	0.163
0.116	0.137	0.685	0.062
0.840	0.053	0.035	0.072
0.634	0.050	0.121	0.195
0.083	0.067	0.045	0.805
0.126	0.532	0.256	0.086
>GAATSGAATGGA	3-GAATSGAATGGA	12.546411	-71.341485	0	T:24.0(8.70%),B:385.8(0.19%),P:1e-30	Tpos:148.2,Tstd:85.9,Bpos:16936.6,Bstd:23024.5,StrandBias:1.8,Multiplicity:1.42
0.001	0.001	0.997	0.001
0.997	0.001	0.001	0.001
0.481	0.240	0.277	0.001
0.001	0.240	0.001	0.758
0.001	0.517	0.481	0.001
0.240	0.001	0.758	0.001
0.997	0.001	0.001	0.001
0.758	0.001	0.240	0.001
0.001	0.001	0.001	0.997
0.001	0.001	0.997	0.001
0.001	0.001	0.997	0.001
0.997	0.001	0.001	0.001
>MATGGAATSGWA	4-MATGGAATSGWA	9.028511	-38.289119	0	T:26.0(9.42%),B:2059.2(1.00%),P:1e-16	Tpos:169.8,Tstd:140.8,Bpos:13693.3,Bstd:40647.3,StrandBias:1.8,Multiplicity:2.09
0.415	0.322	0.169	0.094
0.769	0.113	0.080	0.038
0.069	0.056	0.100	0.775
0.193	0.085	0.506	0.216
0.061	0.100	0.754	0.085
0.787	0.044	0.168	0.001
0.710	0.113	0.136	0.041
0.035	0.192	0.001	0.772
0.094	0.378	0.436	0.092
0.357	0.044	0.515	0.084
0.415	0.001	0.023	0.561
0.424	0.218	0.162	0.196
>CAAATGGAATCA	5-CAAATGGAATCA	11.669795	-34.546403	0	T:16.0(5.80%),B:621.7(0.30%),P:1e-15	Tpos:174.5,Tstd:105.9,Bpos:14295.8,Bstd:50698.0,StrandBias:1.1,Multiplicity:1.33
0.001	0.997	0.001	0.001
0.438	0.184	0.241	0.137
0.938	0.056	0.002	0.004
0.872	0.001	0.126	0.001
0.078	0.001	0.080	0.841
0.148	0.001	0.698	0.153
0.082	0.040	0.770	0.108
0.941	0.001	0.001	0.057
0.943	0.055	0.001	0.001
0.001	0.001	0.098	0.900
0.189	0.716	0.001	0.094
0.950	0.001	0.048	0.001
>TCATCGAATGGA	6-TCATCGAATGGA	11.058455	-29.675085	0	T:14.0(5.07%),B:574.3(0.28%),P:1e-12	Tpos:138.2,Tstd:115.7,Bpos:12765.1,Bstd:39944.4,StrandBias:1.7,Multiplicity:2.08
0.051	0.001	0.051	0.897
0.043	0.835	0.031	0.091
0.790	0.001	0.090	0.119
0.080	0.082	0.026	0.812
0.058	0.804	0.001	0.137
0.252	0.001	0.683	0.064
0.926	0.001	0.042	0.031
0.963	0.001	0.035	0.001
0.155	0.052	0.051	0.742
0.042	0.001	0.846	0.111
0.204	0.088	0.707	0.001
0.997	0.001	0.001	0.001
>TTGAATGGAATB	7-TTGAATGGAATB	7.791196	-29.511120	0	T:26.0(9.42%),B:3021.6(1.47%),P:1e-12	Tpos:136.9,Tstd:78.2,Bpos:166512.8,Bstd:232637.6,StrandBias:0.3,Multiplicity:1.29
0.001	0.001	0.001	0.997
0.001	0.001	0.001	0.997
0.001	0.001	0.997	0.001
0.997	0.001	0.001	0.001
0.666	0.001	0.332	0.001
0.001	0.001	0.001	0.997
0.001	0.001	0.997	0.001
0.332	0.001	0.666	0.001
0.997	0.001	0.001	0.001
0.997	0.001	0.001	0.001
0.001	0.001	0.001	0.997
0.001	0.333	0.333	0.333
>AAABAGAGANAW	8-AAABAGAGANAW	4.685190	-14.846914	0	T:232.0(84.06%),B:145879.5(71.06%),P:1e-6	Tpos:148.9,Tstd:181.2,Bpos:18288.0,Bstd:65924.7,StrandBias:-0.0,Multiplicity:1.33
0.695	0.110	0.001	0.194
0.832	0.001	0.166	0.001
0.527	0.001	0.361	0.111
0.167	0.250	0.333	0.250
0.500	0.001	0.277	0.222
0.222	0.223	0.527	0.028
0.777	0.001	0.139	0.083
0.305	0.112	0.527	0.056
0.500	0.222	0.056	0.222
0.250	0.278	0.278	0.195
0.500	0.084	0.139	0.277
0.389	0.056	0.139	0.417
>TTWWHWAVTAAR	9-TTWWHWAVTAAR	4.142262	-14.804236	0	T:249.0(90.22%),B:161789.5(78.81%),P:1e-6	Tpos:125.6,Tstd:107.8,Bpos:15791.6,Bstd:56700.4,StrandBias:-0.1,Multiplicity:1.76
0.367	0.001	0.001	0.631
0.363	0.001	0.092	0.544
0.361	0.093	0.183	0.364
0.362	0.092	0.183	0.363
0.364	0.363	0.001	0.273
0.364	0.181	0.001	0.453
0.544	0.090	0.001	0.365
0.270	0.364	0.363	0.003
0.366	0.001	0.001	0.632
0.452	0.184	0.183	0.182
0.634	0.001	0.001	0.364
0.361	0.090	0.456	0.093
>TTTTTTTTTTTT	10-TTTTTTTTTTTT	4.564730	-11.433395	0	T:216.0(78.26%),B:136333.4(66.41%),P:1e-4	Tpos:107.3,Tstd:118.8,Bpos:14774.5,Bstd:50489.0,StrandBias:0.5,Multiplicity:1.67
0.321	0.028	0.104	0.547
0.245	0.038	0.057	0.660
0.001	0.075	0.019	0.905
0.255	0.123	0.019	0.603
0.189	0.170	0.151	0.491
0.274	0.170	0.094	0.462
0.245	0.198	0.160	0.396
0.245	0.151	0.198	0.406
0.245	0.179	0.075	0.501
0.236	0.151	0.151	0.462
0.292	0.085	0.094	0.529
0.292	0.047	0.179	0.481
>WTATTTTATGTW	11-WTATTTTATGTW	3.924952	-10.690196	0	T:238.0(86.23%),B:156332.6(76.15%),P:1e-4	Tpos:133.6,Tstd:159.8,Bpos:16519.7,Bstd:58275.3,StrandBias:-0.0,Multiplicity:1.59
0.375	0.222	0.069	0.333
0.181	0.111	0.125	0.583
0.598	0.111	0.097	0.194
0.278	0.083	0.056	0.583
0.097	0.083	0.111	0.709
0.084	0.194	0.111	0.611
0.125	0.139	0.028	0.708
0.527	0.139	0.153	0.181
0.180	0.014	0.180	0.626
0.069	0.222	0.445	0.264
0.222	0.111	0.056	0.611
0.250	0.194	0.167	0.389
>TTTATTTATTTA	12-TTTATTTATTTA	2.625881	-8.002649	0	T:266.0(96.38%),B:186579.9(90.88%),P:1e-3	Tpos:152.3,Tstd:171.6,Bpos:14309.1,Bstd:51021.2,StrandBias:0.0,Multiplicity:1.84
0.100	0.100	0.100	0.700
0.100	0.100	0.100	0.700
0.100	0.100	0.100	0.700
0.700	0.100	0.100	0.100
0.100	0.100	0.100	0.700
0.100	0.100	0.100	0.700
0.100	0.100	0.100	0.700
0.700	0.100	0.100	0.100
0.100	0.100	0.100	0.700
0.100	0.100	0.100	0.700
0.100	0.100	0.100	0.700
0.700	0.100	0.100	0.100
>TATTTGATGTAC	13-TATTTGATGTAC	4.926090	-7.647053	0	T:165.0(59.78%),B:101989.3(49.68%),P:1e-3	Tpos:149.2,Tstd:162.7,Bpos:16517.5,Bstd:55705.4,StrandBias:-0.2,Multiplicity:1.86
0.110	0.091	0.087	0.712
0.665	0.079	0.127	0.129
0.113	0.061	0.088	0.738
0.113	0.089	0.102	0.696
0.117	0.039	0.100	0.744
0.164	0.133	0.543	0.160
0.709	0.085	0.075	0.131
0.123	0.050	0.105	0.722
0.121	0.084	0.645	0.150
0.180	0.079	0.082	0.659
0.640	0.111	0.112	0.137
0.160	0.530	0.108	0.202
>WTGGAAWTAATT	14-WTGGAAWTAATT	10.775299	-6.402840	0	T:16.0(5.80%),B:5083.5(2.48%),P:1e-2	Tpos:231.3,Tstd:321.3,Bpos:11775.8,Bstd:40166.8,StrandBias:1.0,Multiplicity:1.00
0.499	0.001	0.001	0.499
0.001	0.001	0.001	0.997
0.001	0.001	0.997	0.001
0.001	0.001	0.997	0.001
0.997	0.001	0.001	0.001
0.997	0.001	0.001	0.001
0.499	0.001	0.001	0.499
0.250	0.001	0.250	0.500
0.749	0.001	0.001	0.249
0.749	0.001	0.249	0.001
0.250	0.001	0.250	0.500
0.001	0.001	0.001	0.997
>TTTKWTTTWTTT	15-TTTKWTTTWTTT	5.504700	-4.228026	0	T:159.0(57.61%),B:104436.7(50.87%),P:1e-1	Tpos:112.7,Tstd:83.3,Bpos:15673.5,Bstd:52167.4,StrandBias:0.0,Multiplicity:1.57
0.352	0.001	0.088	0.559
0.265	0.001	0.029	0.705
0.410	0.001	0.001	0.588
0.236	0.059	0.294	0.411
0.352	0.001	0.176	0.471
0.293	0.001	0.147	0.559
0.175	0.001	0.001	0.823
0.382	0.001	0.029	0.588
0.471	0.001	0.058	0.470
0.235	0.001	0.001	0.763
0.294	0.001	0.001	0.704
0.117	0.001	0.206	0.676
>AAACCTTATKGA	16-AAACCTTATKGA	8.925706	-2.752965	0	T:20.0(7.25%),B:10264.5(5.00%),P:1e-1	Tpos:123.8,Tstd:84.1,Bpos:14225.5,Bstd:50723.1,StrandBias:0.0,Multiplicity:1.00
0.991	0.001	0.001	0.007
0.737	0.001	0.248	0.014
0.743	0.001	0.249	0.007
0.007	0.744	0.001	0.248
0.240	0.758	0.001	0.001
0.270	0.248	0.001	0.481
0.240	0.001	0.001	0.758
0.977	0.001	0.001	0.021
0.269	0.001	0.001	0.729
0.001	0.001	0.495	0.503
0.240	0.240	0.519	0.001
0.737	0.007	0.001	0.255
>VAACAAGATTTT	17-VAACAAGATTTT	8.096381	-0.906116	0	T:5.0(1.81%),B:3099.6(1.51%),P:1e0	Tpos:148.7,Tstd:58.3,Bpos:11943.1,Bstd:34484.1,StrandBias:1.0,Multiplicity:1.00
0.322	0.322	0.195	0.161
0.742	0.096	0.097	0.065
0.517	0.225	0.097	0.161
0.032	0.646	0.258	0.064
0.774	0.096	0.065	0.065
0.486	0.193	0.096	0.225
0.096	0.290	0.453	0.161
0.547	0.193	0.195	0.065
0.064	0.065	0.097	0.774
0.097	0.129	0.289	0.485
0.032	0.129	0.160	0.679
0.193	0.226	0.098	0.483
>NNNNNNNNNNNN	18-NNNNNNNNNNNN	-nan	0.000000	0	T:0.0(0.00%),B:0.0(0.00%),P:1e0	Tpos:0.0,Tstd:0.0,Bpos:0.0,Bstd:0.0,StrandBias:0.0,Multiplicity:1.00
-nan	-nan	-nan	-nan
-nan	-nan	-nan	-nan
-nan	-nan	-nan	-nan
-nan	-nan	-nan	-nan
-nan	-nan	-nan	-nan
-nan	-nan	-nan	-nan
-nan	-nan	-nan	-nan
-nan	-nan	-nan	-nan
-nan	-nan	-nan	-nan
-nan	-nan	-nan	-nan
-nan	-nan	-nan	-nan
-nan	-nan	-nan	-nan
>NNNNNNNNNNNN	19-NNNNNNNNNNNN	-nan	0.000000	0	T:0.0(0.00%),B:0.0(0.00%),P:1e0	Tpos:0.0,Tstd:0.0,Bpos:0.0,Bstd:0.0,StrandBias:0.0,Multiplicity:1.00
-nan	-nan	-nan	-nan
-nan	-nan	-nan	-nan
-nan	-nan	-nan	-nan
-nan	-nan	-nan	-nan
-nan	-nan	-nan	-nan
-nan	-nan	-nan	-nan
-nan	-nan	-nan	-nan
-nan	-nan	-nan	-nan
-nan	-nan	-nan	-nan
-nan	-nan	-nan	-nan
-nan	-nan	-nan	-nan
-nan	-nan	-nan	-nan
>NNNNNNNNNNNN	20-NNNNNNNNNNNN	-nan	0.000000	0	T:0.0(0.00%),B:0.0(0.00%),P:1e0	Tpos:0.0,Tstd:0.0,Bpos:0.0,Bstd:0.0,StrandBias:0.0,Multiplicity:1.00
-nan	-nan	-nan	-nan
-nan	-nan	-nan	-nan
-nan	-nan	-nan	-nan
-nan	-nan	-nan	-nan
-nan	-nan	-nan	-nan
-nan	-nan	-nan	-nan
-nan	-nan	-nan	-nan
-nan	-nan	-nan	-nan
-nan	-nan	-nan	-nan
-nan	-nan	-nan	-nan
-nan	-nan	-nan	-nan
-nan	-nan	-nan	-nan
>NNNNNNNNNNNN	21-NNNNNNNNNNNN	-nan	0.000000	0	T:0.0(0.00%),B:0.0(0.00%),P:1e0	Tpos:0.0,Tstd:0.0,Bpos:0.0,Bstd:0.0,StrandBias:0.0,Multiplicity:1.00
-nan	-nan	-nan	-nan
-nan	-nan	-nan	-nan
-nan	-nan	-nan	-nan
-nan	-nan	-nan	-nan
-nan	-nan	-nan	-nan
-nan	-nan	-nan	-nan
-nan	-nan	-nan	-nan
-nan	-nan	-nan	-nan
-nan	-nan	-nan	-nan
-nan	-nan	-nan	-nan
-nan	-nan	-nan	-nan
-nan	-nan	-nan	-nan
>NNNNNNNNNNNN	22-NNNNNNNNNNNN	-nan	0.000000	0	T:0.0(0.00%),B:0.0(0.00%),P:1e0	Tpos:0.0,Tstd:0.0,Bpos:0.0,Bstd:0.0,StrandBias:0.0,Multiplicity:1.00
-nan	-nan	-nan	-nan
-nan	-nan	-nan	-nan
-nan	-nan	-nan	-nan
-nan	-nan	-nan	-nan
-nan	-nan	-nan	-nan
-nan	-nan	-nan	-nan
-nan	-nan	-nan	-nan
-nan	-nan	-nan	-nan
-nan	-nan	-nan	-nan
-nan	-nan	-nan	-nan
-nan	-nan	-nan	-nan
-nan	-nan	-nan	-nan
>NNNNNNNNNNNN	23-NNNNNNNNNNNN	-nan	0.000000	0	T:0.0(0.00%),B:0.0(0.00%),P:1e0	Tpos:0.0,Tstd:0.0,Bpos:0.0,Bstd:0.0,StrandBias:0.0,Multiplicity:1.00
-nan	-nan	-nan	-nan
-nan	-nan	-nan	-nan
-nan	-nan	-nan	-nan
-nan	-nan	-nan	-nan
-nan	-nan	-nan	-nan
-nan	-nan	-nan	-nan
-nan	-nan	-nan	-nan
-nan	-nan	-nan	-nan
-nan	-nan	-nan	-nan
-nan	-nan	-nan	-nan
-nan	-nan	-nan	-nan
-nan	-nan	-nan	-nan
>NNNNNNNNNNNN	24-NNNNNNNNNNNN	-nan	0.000000	0	T:0.0(0.00%),B:0.0(0.00%),P:1e0	Tpos:0.0,Tstd:0.0,Bpos:0.0,Bstd:0.0,StrandBias:0.0,Multiplicity:1.00
-nan	-nan	-nan	-nan
-nan	-nan	-nan	-nan
-nan	-nan	-nan	-nan
-nan	-nan	-nan	-nan
-nan	-nan	-nan	-nan
-nan	-nan	-nan	-nan
-nan	-nan	-nan	-nan
-nan	-nan	-nan	-nan
-nan	-nan	-nan	-nan
-nan	-nan	-nan	-nan
-nan	-nan	-nan	-nan
-nan	-nan	-nan	-nan
>NNNNNNNNNNNN	25-NNNNNNNNNNNN	-nan	0.000000	0	T:0.0(0.00%),B:0.0(0.00%),P:1e0	Tpos:0.0,Tstd:0.0,Bpos:0.0,Bstd:0.0,StrandBias:0.0,Multiplicity:1.00
-nan	-nan	-nan	-nan
-nan	-nan	-nan	-nan
-nan	-nan	-nan	-nan
-nan	-nan	-nan	-nan
-nan	-nan	-nan	-nan
-nan	-nan	-nan	-nan
-nan	-nan	-nan	-nan
-nan	-nan	-nan	-nan
-nan	-nan	-nan	-nan
-nan	-nan	-nan	-nan
-nan	-nan	-nan	-nan
-nan	-nan	-nan	-nan
