>GGAATGGAAT	1-GGAATGGAAT	12.747005	-63.578307	0	T:25.0(9.06%),B:629.2(0.31%),P:1e-27	Tpos:207.9,Tstd:206.5,Bpos:16238.2,Bstd:25898.0,StrandBias:2.1,Multiplicity:10.72
0.001	0.385	0.536	0.078
0.059	0.001	0.939	0.001
0.997	0.001	0.001	0.001
0.953	0.001	0.045	0.001
0.001	0.001	0.001	0.997
0.001	0.001	0.997	0.001
0.012	0.001	0.986	0.001
0.997	0.001	0.001	0.001
0.979	0.019	0.001	0.001
0.001	0.001	0.001	0.997
>ATCGAATGGA	2-ATCGAATGGA	8.698129	-60.989504	0	T:24.0(8.70%),B:606.8(0.30%),P:1e-26	Tpos:152.8,Tstd:113.9,Bpos:15617.4,Bstd:38994.0,StrandBias:3.2,Multiplicity:2.07
0.602	0.136	0.137	0.125
0.035	0.120	0.016	0.829
0.065	0.560	0.310	0.065
0.090	0.119	0.665	0.126
0.836	0.049	0.049	0.066
0.720	0.029	0.119	0.132
0.025	0.129	0.061	0.785
0.112	0.298	0.516	0.074
0.145	0.050	0.732	0.073
0.757	0.067	0.092	0.084
>GAATGGAATC	3-GAATGGAATC	9.839206	-42.701394	0	T:25.0(9.06%),B:1531.6(0.75%),P:1e-18	Tpos:147.7,Tstd:113.5,Bpos:13260.6,Bstd:31952.7,StrandBias:1.4,Multiplicity:1.74
0.098	0.083	0.767	0.052
0.841	0.027	0.045	0.087
0.699	0.059	0.201	0.041
0.042	0.100	0.024	0.834
0.086	0.050	0.718	0.146
0.017	0.040	0.920	0.023
0.881	0.014	0.043	0.062
0.855	0.102	0.033	0.010
0.030	0.021	0.023	0.926
0.031	0.566	0.359	0.044
>TCCATTCGAT	4-TCCATTCGAT	11.318892	-41.733360	0	T:17.0(6.16%),B:480.6(0.23%),P:1e-18	Tpos:190.9,Tstd:92.0,Bpos:13146.7,Bstd:48844.5,StrandBias:-2.0,Multiplicity:1.43
0.001	0.001	0.001	0.997
0.001	0.781	0.217	0.001
0.001	0.997	0.001	0.001
0.608	0.001	0.390	0.001
0.001	0.001	0.001	0.997
0.001	0.001	0.001	0.997
0.001	0.997	0.001	0.001
0.390	0.001	0.608	0.001
0.997	0.001	0.001	0.001
0.001	0.001	0.001	0.997
>AATGGAATCA	5-AATGGAATCA	10.517483	-41.542345	0	T:28.0(10.14%),B:2185.2(1.06%),P:1e-18	Tpos:175.3,Tstd:124.6,Bpos:16142.3,Bstd:50604.3,StrandBias:0.7,Multiplicity:2.12
0.934	0.014	0.016	0.036
0.902	0.001	0.082	0.015
0.026	0.031	0.017	0.926
0.058	0.034	0.777	0.131
0.031	0.001	0.967	0.001
0.965	0.001	0.016	0.018
0.968	0.016	0.015	0.001
0.020	0.001	0.012	0.967
0.026	0.926	0.001	0.047
0.963	0.019	0.001	0.017
>CAACCCGAGT	6-CAACCCGAGT	11.247034	-34.688852	0	T:9.0(3.26%),B:63.0(0.03%),P:1e-15	Tpos:149.8,Tstd:60.3,Bpos:10267.5,Bstd:39945.1,StrandBias:1.0,Multiplicity:1.12
0.001	0.997	0.001	0.001
0.997	0.001	0.001	0.001
0.997	0.001	0.001	0.001
0.001	0.997	0.001	0.001
0.001	0.773	0.120	0.106
0.055	0.886	0.001	0.058
0.059	0.001	0.869	0.071
0.997	0.001	0.001	0.001
0.001	0.001	0.997	0.001
0.001	0.001	0.086	0.912
>BHVCTCHCAW	7-BHVCTCHCAW	4.162715	-33.301402	0	T:257.0(93.12%),B:153882.2(74.96%),P:1e-14	Tpos:137.1,Tstd:188.7,Bpos:13918.6,Bstd:50594.2,StrandBias:0.0,Multiplicity:1.64
0.131	0.218	0.347	0.304
0.390	0.261	0.001	0.348
0.391	0.261	0.347	0.001
0.087	0.650	0.001	0.262
0.174	0.001	0.001	0.824
0.001	0.607	0.391	0.001
0.346	0.304	0.001	0.349
0.305	0.605	0.001	0.089
0.736	0.001	0.001	0.262
0.433	0.001	0.001	0.565
>ATTCCGTTCG	8-ATTCCGTTCG	4.841159	-23.565495	0	T:27.0(9.78%),B:4288.5(2.09%),P:1e-10	Tpos:156.4,Tstd:135.3,Bpos:13958.7,Bstd:53784.7,StrandBias:-1.6,Multiplicity:2.81
0.997	0.001	0.001	0.001
0.027	0.001	0.001	0.971
0.001	0.001	0.001	0.997
0.001	0.997	0.001	0.001
0.001	0.871	0.001	0.127
0.155	0.001	0.843	0.001
0.001	0.001	0.001	0.997
0.001	0.001	0.001	0.997
0.001	0.997	0.001	0.001
0.001	0.001	0.997	0.001
>GGAATCATCA	9-GGAATCATCA	13.105751	-21.726495	0	T:9.0(3.26%),B:287.0(0.14%),P:1e-9	Tpos:137.3,Tstd:116.8,Bpos:8480.0,Bstd:31036.5,StrandBias:1.3,Multiplicity:1.17
0.059	0.001	0.869	0.071
0.138	0.001	0.773	0.088
0.997	0.001	0.001	0.001
0.997	0.001	0.001	0.001
0.001	0.001	0.079	0.919
0.001	0.997	0.001	0.001
0.841	0.090	0.001	0.068
0.001	0.001	0.001	0.997
0.001	0.997	0.001	0.001
0.917	0.001	0.001	0.081
>GAATSGAATC	10-GAATSGAATC	5.609925	-21.407846	0	T:134.0(48.55%),B:63120.5(30.75%),P:1e-9	Tpos:146.7,Tstd:151.3,Bpos:17153.0,Bstd:60893.8,StrandBias:0.4,Multiplicity:1.42
0.273	0.001	0.725	0.001
0.894	0.104	0.001	0.001
0.840	0.158	0.001	0.001
0.159	0.001	0.001	0.839
0.143	0.466	0.330	0.060
0.152	0.106	0.627	0.115
0.997	0.001	0.001	0.001
0.946	0.001	0.052	0.001
0.011	0.346	0.051	0.592
0.239	0.613	0.147	0.001
>NTRTTHCWYH	11-NTRTTHCWYH	4.670433	-20.320993	0	T:209.0(75.72%),B:120063.6(58.48%),P:1e-8	Tpos:112.4,Tstd:120.5,Bpos:15294.7,Bstd:53412.1,StrandBias:0.1,Multiplicity:1.59
0.210	0.255	0.200	0.335
0.308	0.193	0.015	0.484
0.382	0.171	0.236	0.211
0.243	0.231	0.001	0.525
0.296	0.015	0.026	0.663
0.250	0.358	0.045	0.347
0.365	0.582	0.024	0.029
0.424	0.077	0.001	0.498
0.074	0.468	0.007	0.451
0.337	0.267	0.008	0.389
>TCAAATGGAC	12-TCAAATGGAC	10.787421	-14.934699	0	T:10.0(3.62%),B:845.2(0.41%),P:1e-6	Tpos:213.0,Tstd:221.3,Bpos:12223.0,Bstd:46859.9,StrandBias:2.2,Multiplicity:1.10
0.074	0.001	0.001	0.924
0.076	0.713	0.001	0.210
0.876	0.001	0.001	0.122
0.997	0.001	0.001	0.001
0.878	0.001	0.120	0.001
0.090	0.001	0.001	0.908
0.001	0.001	0.997	0.001
0.001	0.001	0.904	0.094
0.886	0.001	0.112	0.001
0.001	0.997	0.001	0.001
>RTGRAATRMA	13-RTGRAATRMA	1.461373	-13.526057	0	T:164.0(59.42%),B:92658.4(45.13%),P:1e-5	Tpos:137.8,Tstd:153.5,Bpos:15565.9,Bstd:54915.2,StrandBias:-0.3,Multiplicity:1.37
0.463	0.001	0.535	0.001
0.070	0.001	0.001	0.928
0.001	0.001	0.953	0.045
0.488	0.001	0.510	0.001
0.997	0.001	0.001	0.001
0.997	0.001	0.001	0.001
0.001	0.001	0.001	0.997
0.471	0.001	0.527	0.001
0.514	0.484	0.001	0.001
0.997	0.001	0.001	0.001
>WWCMAAAWAW	14-WWCMAAAWAW	3.700883	-10.745986	0	T:246.0(89.13%),B:163571.7(79.68%),P:1e-4	Tpos:141.3,Tstd:151.5,Bpos:19791.4,Bstd:69570.8,StrandBias:0.3,Multiplicity:1.75
0.433	0.094	0.108	0.365
0.338	0.122	0.108	0.432
0.149	0.540	0.230	0.081
0.486	0.337	0.001	0.175
0.554	0.270	0.027	0.149
0.675	0.216	0.041	0.068
0.405	0.216	0.203	0.176
0.365	0.108	0.027	0.500
0.663	0.054	0.189	0.094
0.379	0.081	0.095	0.446
>WTTWVWNTTT	15-WTTWVWNTTT	3.741546	-5.739101	0	T:236.0(85.51%),B:161922.2(78.87%),P:1e-2	Tpos:127.9,Tstd:151.9,Bpos:15363.9,Bstd:52939.1,StrandBias:0.0,Multiplicity:1.76
0.337	0.148	0.079	0.436
0.208	0.010	0.030	0.752
0.267	0.109	0.188	0.436
0.406	0.119	0.070	0.406
0.366	0.307	0.218	0.109
0.376	0.178	0.059	0.386
0.287	0.267	0.218	0.228
0.227	0.128	0.001	0.644
0.247	0.010	0.109	0.634
0.287	0.050	0.109	0.554
>GGGAAGGAGA	16-GGGAAGGAGA	2.512553	-5.455194	0	T:275.0(99.64%),B:199703.3(97.27%),P:1e-2	Tpos:167.2,Tstd:234.1,Bpos:11572.4,Bstd:45997.2,StrandBias:-0.2,Multiplicity:2.19
0.100	0.100	0.700	0.100
0.100	0.100	0.700	0.100
0.100	0.100	0.700	0.100
0.700	0.100	0.100	0.100
0.700	0.100	0.100	0.100
0.100	0.100	0.700	0.100
0.100	0.100	0.700	0.100
0.700	0.100	0.100	0.100
0.100	0.100	0.700	0.100
0.700	0.100	0.100	0.100
>TTATTAGCCA	17-TTATTAGCCA	2.512553	-5.206269	0	T:274.0(99.28%),B:198569.3(96.72%),P:1e-2	Tpos:149.1,Tstd:178.8,Bpos:12877.7,Bstd:47146.1,StrandBias:0.1,Multiplicity:2.45
0.100	0.100	0.100	0.700
0.100	0.100	0.100	0.700
0.700	0.100	0.100	0.100
0.100	0.100	0.100	0.700
0.100	0.100	0.100	0.700
0.700	0.100	0.100	0.100
0.100	0.100	0.700	0.100
0.100	0.700	0.100	0.100
0.100	0.700	0.100	0.100
0.700	0.100	0.100	0.100
>ATAAATTTTT	18-ATAAATTTTT	-1.861315	-4.574843	0	T:188.0(68.12%),B:125661.9(61.21%),P:1e-1	Tpos:123.5,Tstd:120.0,Bpos:15447.0,Bstd:51541.4,StrandBias:0.0,Multiplicity:1.99
0.640	0.001	0.001	0.358
0.316	0.001	0.001	0.682
0.682	0.001	0.001	0.316
0.681	0.001	0.001	0.317
0.957	0.001	0.001	0.041
0.001	0.001	0.001	0.997
0.001	0.001	0.001	0.997
0.322	0.001	0.001	0.676
0.001	0.001	0.001	0.997
0.001	0.001	0.001	0.997
>TRTTATGTAC	19-TRTTATGTAC	9.112688	-4.258356	0	T:12.0(4.35%),B:4278.4(2.08%),P:1e-1	Tpos:322.8,Tstd:401.3,Bpos:15134.0,Bstd:50479.3,StrandBias:-0.1,Multiplicity:1.75
0.117	0.001	0.109	0.773
0.353	0.016	0.493	0.138
0.105	0.077	0.002	0.816
0.001	0.137	0.016	0.846
0.975	0.001	0.001	0.023
0.001	0.002	0.103	0.894
0.056	0.002	0.940	0.002
0.062	0.003	0.096	0.839
0.831	0.095	0.001	0.073
0.002	0.915	0.082	0.001
>TTTTCTCWHW	20-TTTTCTCWHW	3.779715	-3.770448	0	T:242.0(87.68%),B:170662.9(83.13%),P:1e-1	Tpos:117.0,Tstd:107.6,Bpos:14225.6,Bstd:52172.5,StrandBias:0.2,Multiplicity:1.60
0.197	0.212	0.182	0.409
0.076	0.091	0.030	0.803
0.076	0.227	0.121	0.576
0.106	0.182	0.076	0.636
0.182	0.440	0.136	0.243
0.136	0.318	0.001	0.545
0.167	0.591	0.045	0.197
0.348	0.182	0.045	0.424
0.333	0.303	0.121	0.243
0.363	0.151	0.001	0.484
>WTTTTTTWWW	21-WTTTTTTWWW	4.202404	-3.603704	0	T:214.0(77.54%),B:148320.9(72.25%),P:1e-1	Tpos:121.0,Tstd:103.7,Bpos:15474.5,Bstd:53978.1,StrandBias:-0.2,Multiplicity:1.58
0.348	0.107	0.089	0.455
0.304	0.018	0.027	0.651
0.161	0.027	0.080	0.732
0.188	0.098	0.107	0.607
0.001	0.276	0.125	0.598
0.250	0.151	0.001	0.598
0.250	0.161	0.125	0.464
0.295	0.170	0.125	0.411
0.464	0.009	0.107	0.420
0.348	0.062	0.196	0.393
>TTGATGTGTT	22-TTGATGTGTT	2.512553	-3.001743	0	T:275.0(99.64%),B:201786.8(98.29%),P:1e-1	Tpos:157.5,Tstd:192.1,Bpos:16106.5,Bstd:58950.1,StrandBias:0.0,Multiplicity:2.16
0.100	0.100	0.100	0.700
0.100	0.100	0.100	0.700
0.100	0.100	0.700	0.100
0.700	0.100	0.100	0.100
0.100	0.100	0.100	0.700
0.100	0.100	0.700	0.100
0.100	0.100	0.100	0.700
0.100	0.100	0.700	0.100
0.100	0.100	0.100	0.700
0.100	0.100	0.100	0.700
>AAATGTCCTT	23-AAATGTCCTT	7.410398	-1.353706	0	T:11.0(3.99%),B:6481.0(3.16%),P:1e0	Tpos:86.4,Tstd:59.2,Bpos:13994.5,Bstd:51394.3,StrandBias:-0.4,Multiplicity:1.00
0.598	0.113	0.126	0.163
0.620	0.178	0.061	0.141
0.574	0.166	0.150	0.110
0.169	0.113	0.107	0.611
0.104	0.123	0.635	0.138
0.159	0.123	0.141	0.577
0.120	0.534	0.196	0.150
0.166	0.604	0.071	0.159
0.193	0.132	0.067	0.608
0.132	0.113	0.114	0.641
>ACAGTCTCAG	24-ACAGTCTCAG	0.566642	-0.028215	0	T:276.0(100.00%),B:205277.2(99.99%),P:1e0	Tpos:134.2,Tstd:180.8,Bpos:13863.6,Bstd:52787.4,StrandBias:0.0,Multiplicity:2.15
0.700	0.100	0.100	0.100
0.100	0.700	0.100	0.100
0.700	0.100	0.100	0.100
0.100	0.100	0.700	0.100
0.100	0.100	0.100	0.700
0.100	0.700	0.100	0.100
0.100	0.100	0.100	0.700
0.100	0.700	0.100	0.100
0.700	0.100	0.100	0.100
0.100	0.100	0.700	0.100
>TTTCTTAAAA	25-TTTCTTAAAA	-3.325178	0.000000	0	T:276.0(100.00%),B:205298.4(100.00%),P:1e0	Tpos:154.3,Tstd:190.7,Bpos:14658.4,Bstd:54288.0,StrandBias:-0.2,Multiplicity:1.62
0.100	0.100	0.100	0.700
0.100	0.100	0.100	0.700
0.100	0.100	0.100	0.700
0.100	0.700	0.100	0.100
0.100	0.100	0.100	0.700
0.100	0.100	0.100	0.700
0.700	0.100	0.100	0.100
0.700	0.100	0.100	0.100
0.700	0.100	0.100	0.100
0.700	0.100	0.100	0.100
>ATGGAATGGAAT	1-ATGGAATGGAAT	14.911993	-88.471444	0	T:21.0(7.61%),B:89.2(0.04%),P:1e-38	Tpos:211.9,Tstd:208.5,Bpos:17032.0,Bstd:21401.6,StrandBias:2.0,Multiplicity:4.76
0.997	0.001	0.001	0.001
0.001	0.001	0.001	0.997
0.001	0.199	0.799	0.001
0.001	0.001	0.997	0.001
0.997	0.001	0.001	0.001
0.997	0.001	0.001	0.001
0.001	0.001	0.001	0.997
0.001	0.074	0.924	0.001
0.001	0.001	0.997	0.001
0.997	0.001	0.001	0.001
0.997	0.001	0.001	0.001
0.001	0.001	0.001	0.997
>TCGAATGGAATC	2-TCGAATGGAATC	10.134259	-87.406570	0	T:25.0(9.06%),B:230.1(0.11%),P:1e-37	Tpos:171.9,Tstd:124.5,Bpos:15313.8,Bstd:28953.1,StrandBias:2.4,Multiplicity:2.90
0.090	0.076	0.048	0.786
0.118	0.464	0.292	0.125
0.145	0.193	0.546	0.116
0.852	0.061	0.039	0.048
0.585	0.136	0.118	0.161
0.098	0.054	0.058	0.790
0.117	0.238	0.482	0.163
0.116	0.137	0.685	0.062
0.840	0.053	0.035	0.072
0.634	0.050	0.121	0.195
0.083	0.067	0.045	0.805
0.126	0.532	0.256	0.086
>GAATSGAATGGA	3-GAATSGAATGGA	12.546411	-71.341485	0	T:24.0(8.70%),B:385.8(0.19%),P:1e-30	Tpos:148.2,Tstd:85.9,Bpos:16936.6,Bstd:23024.5,StrandBias:1.8,Multiplicity:1.42
0.001	0.001	0.997	0.001
0.997	0.001	0.001	0.001
0.481	0.240	0.277	0.001
0.001	0.240	0.001	0.758
0.001	0.517	0.481	0.001
0.240	0.001	0.758	0.001
0.997	0.001	0.001	0.001
0.758	0.001	0.240	0.001
0.001	0.001	0.001	0.997
0.001	0.001	0.997	0.001
0.001	0.001	0.997	0.001
0.997	0.001	0.001	0.001
>MATGGAATSGWA	4-MATGGAATSGWA	9.028511	-38.289119	0	T:26.0(9.42%),B:2059.2(1.00%),P:1e-16	Tpos:169.8,Tstd:140.8,Bpos:13693.3,Bstd:40647.3,StrandBias:1.8,Multiplicity:2.09
0.415	0.322	0.169	0.094
0.769	0.113	0.080	0.038
0.069	0.056	0.100	0.775
0.193	0.085	0.506	0.216
0.061	0.100	0.754	0.085
0.787	0.044	0.168	0.001
0.710	0.113	0.136	0.041
0.035	0.192	0.001	0.772
0.094	0.378	0.436	0.092
0.357	0.044	0.515	0.084
0.415	0.001	0.023	0.561
0.424	0.218	0.162	0.196
>CAAATGGAATCA	5-CAAATGGAATCA	11.669795	-34.546403	0	T:16.0(5.80%),B:621.7(0.30%),P:1e-15	Tpos:174.5,Tstd:105.9,Bpos:14295.8,Bstd:50698.0,StrandBias:1.1,Multiplicity:1.33
0.001	0.997	0.001	0.001
0.438	0.184	0.241	0.137
0.938	0.056	0.002	0.004
0.872	0.001	0.126	0.001
0.078	0.001	0.080	0.841
0.148	0.001	0.698	0.153
0.082	0.040	0.770	0.108
0.941	0.001	0.001	0.057
0.943	0.055	0.001	0.001
0.001	0.001	0.098	0.900
0.189	0.716	0.001	0.094
0.950	0.001	0.048	0.001
>TCATCGAATGGA	6-TCATCGAATGGA	11.058455	-29.675085	0	T:14.0(5.07%),B:574.3(0.28%),P:1e-12	Tpos:138.2,Tstd:115.7,Bpos:12765.1,Bstd:39944.4,StrandBias:1.7,Multiplicity:2.08
0.051	0.001	0.051	0.897
0.043	0.835	0.031	0.091
0.790	0.001	0.090	0.119
0.080	0.082	0.026	0.812
0.058	0.804	0.001	0.137
0.252	0.001	0.683	0.064
0.926	0.001	0.042	0.031
0.963	0.001	0.035	0.001
0.155	0.052	0.051	0.742
0.042	0.001	0.846	0.111
0.204	0.088	0.707	0.001
0.997	0.001	0.001	0.001
>TTGAATGGAATB	7-TTGAATGGAATB	7.791196	-29.511120	0	T:26.0(9.42%),B:3021.6(1.47%),P:1e-12	Tpos:136.9,Tstd:78.2,Bpos:166512.8,Bstd:232637.6,StrandBias:0.3,Multiplicity:1.29
0.001	0.001	0.001	0.997
0.001	0.001	0.001	0.997
0.001	0.001	0.997	0.001
0.997	0.001	0.001	0.001
0.666	0.001	0.332	0.001
0.001	0.001	0.001	0.997
0.001	0.001	0.997	0.001
0.332	0.001	0.666	0.001
0.997	0.001	0.001	0.001
0.997	0.001	0.001	0.001
0.001	0.001	0.001	0.997
0.001	0.333	0.333	0.333
>AAABAGAGANAW	8-AAABAGAGANAW	4.685190	-14.846914	0	T:232.0(84.06%),B:145879.5(71.06%),P:1e-6	Tpos:148.9,Tstd:181.2,Bpos:18288.0,Bstd:65924.7,StrandBias:-0.0,Multiplicity:1.33
0.695	0.110	0.001	0.194
0.832	0.001	0.166	0.001
0.527	0.001	0.361	0.111
0.167	0.250	0.333	0.250
0.500	0.001	0.277	0.222
0.222	0.223	0.527	0.028
0.777	0.001	0.139	0.083
0.305	0.112	0.527	0.056
0.500	0.222	0.056	0.222
0.250	0.278	0.278	0.195
0.500	0.084	0.139	0.277
0.389	0.056	0.139	0.417
>TTWWHWAVTAAR	9-TTWWHWAVTAAR	4.142262	-14.804236	0	T:249.0(90.22%),B:161789.5(78.81%),P:1e-6	Tpos:125.6,Tstd:107.8,Bpos:15791.6,Bstd:56700.4,StrandBias:-0.1,Multiplicity:1.76
0.367	0.001	0.001	0.631
0.363	0.001	0.092	0.544
0.361	0.093	0.183	0.364
0.362	0.092	0.183	0.363
0.364	0.363	0.001	0.273
0.364	0.181	0.001	0.453
0.544	0.090	0.001	0.365
0.270	0.364	0.363	0.003
0.366	0.001	0.001	0.632
0.452	0.184	0.183	0.182
0.634	0.001	0.001	0.364
0.361	0.090	0.456	0.093
>TTTTTTTTTTTT	10-TTTTTTTTTTTT	4.564730	-11.433395	0	T:216.0(78.26%),B:136333.4(66.41%),P:1e-4	Tpos:107.3,Tstd:118.8,Bpos:14774.5,Bstd:50489.0,StrandBias:0.5,Multiplicity:1.67
0.321	0.028	0.104	0.547
0.245	0.038	0.057	0.660
0.001	0.075	0.019	0.905
0.255	0.123	0.019	0.603
0.189	0.170	0.151	0.491
0.274	0.170	0.094	0.462
0.245	0.198	0.160	0.396
0.245	0.151	0.198	0.406
0.245	0.179	0.075	0.501
0.236	0.151	0.151	0.462
0.292	0.085	0.094	0.529
0.292	0.047	0.179	0.481
>WTATTTTATGTW	11-WTATTTTATGTW	3.924952	-10.690196	0	T:238.0(86.23%),B:156332.6(76.15%),P:1e-4	Tpos:133.6,Tstd:159.8,Bpos:16519.7,Bstd:58275.3,StrandBias:-0.0,Multiplicity:1.59
0.375	0.222	0.069	0.333
0.181	0.111	0.125	0.583
0.598	0.111	0.097	0.194
0.278	0.083	0.056	0.583
0.097	0.083	0.111	0.709
0.084	0.194	0.111	0.611
0.125	0.139	0.028	0.708
0.527	0.139	0.153	0.181
0.180	0.014	0.180	0.626
0.069	0.222	0.445	0.264
0.222	0.111	0.056	0.611
0.250	0.194	0.167	0.389
>TTTATTTATTTA	12-TTTATTTATTTA	2.625881	-8.002649	0	T:266.0(96.38%),B:186579.9(90.88%),P:1e-3	Tpos:152.3,Tstd:171.6,Bpos:14309.1,Bstd:51021.2,StrandBias:0.0,Multiplicity:1.84
0.100	0.100	0.100	0.700
0.100	0.100	0.100	0.700
0.100	0.100	0.100	0.700
0.700	0.100	0.100	0.100
0.100	0.100	0.100	0.700
0.100	0.100	0.100	0.700
0.100	0.100	0.100	0.700
0.700	0.100	0.100	0.100
0.100	0.100	0.100	0.700
0.100	0.100	0.100	0.700
0.100	0.100	0.100	0.700
0.700	0.100	0.100	0.100
>TATTTGATGTAC	13-TATTTGATGTAC	4.926090	-7.647053	0	T:165.0(59.78%),B:101989.3(49.68%),P:1e-3	Tpos:149.2,Tstd:162.7,Bpos:16517.5,Bstd:55705.4,StrandBias:-0.2,Multiplicity:1.86
0.110	0.091	0.087	0.712
0.665	0.079	0.127	0.129
0.113	0.061	0.088	0.738
0.113	0.089	0.102	0.696
0.117	0.039	0.100	0.744
0.164	0.133	0.543	0.160
0.709	0.085	0.075	0.131
0.123	0.050	0.105	0.722
0.121	0.084	0.645	0.150
0.180	0.079	0.082	0.659
0.640	0.111	0.112	0.137
0.160	0.530	0.108	0.202
>WTGGAAWTAATT	14-WTGGAAWTAATT	10.775299	-6.402840	0	T:16.0(5.80%),B:5083.5(2.48%),P:1e-2	Tpos:231.3,Tstd:321.3,Bpos:11775.8,Bstd:40166.8,StrandBias:1.0,Multiplicity:1.00
0.499	0.001	0.001	0.499
0.001	0.001	0.001	0.997
0.001	0.001	0.997	0.001
0.001	0.001	0.997	0.001
0.997	0.001	0.001	0.001
0.997	0.001	0.001	0.001
0.499	0.001	0.001	0.499
0.250	0.001	0.250	0.500
0.749	0.001	0.001	0.249
0.749	0.001	0.249	0.001
0.250	0.001	0.250	0.500
0.001	0.001	0.001	0.997
>TTTKWTTTWTTT	15-TTTKWTTTWTTT	5.504700	-4.228026	0	T:159.0(57.61%),B:104436.7(50.87%),P:1e-1	Tpos:112.7,Tstd:83.3,Bpos:15673.5,Bstd:52167.4,StrandBias:0.0,Multiplicity:1.57
0.352	0.001	0.088	0.559
0.265	0.001	0.029	0.705
0.410	0.001	0.001	0.588
0.236	0.059	0.294	0.411
0.352	0.001	0.176	0.471
0.293	0.001	0.147	0.559
0.175	0.001	0.001	0.823
0.382	0.001	0.029	0.588
0.471	0.001	0.058	0.470
0.235	0.001	0.001	0.763
0.294	0.001	0.001	0.704
0.117	0.001	0.206	0.676
>AAACCTTATKGA	16-AAACCTTATKGA	8.925706	-2.752965	0	T:20.0(7.25%),B:10264.5(5.00%),P:1e-1	Tpos:123.8,Tstd:84.1,Bpos:14225.5,Bstd:50723.1,StrandBias:0.0,Multiplicity:1.00
0.991	0.001	0.001	0.007
0.737	0.001	0.248	0.014
0.743	0.001	0.249	0.007
0.007	0.744	0.001	0.248
0.240	0.758	0.001	0.001
0.270	0.248	0.001	0.481
0.240	0.001	0.001	0.758
0.977	0.001	0.001	0.021
0.269	0.001	0.001	0.729
0.001	0.001	0.495	0.503
0.240	0.240	0.519	0.001
0.737	0.007	0.001	0.255
>VAACAAGATTTT	17-VAACAAGATTTT	8.096381	-0.906116	0	T:5.0(1.81%),B:3099.6(1.51%),P:1e0	Tpos:148.7,Tstd:58.3,Bpos:11943.1,Bstd:34484.1,StrandBias:1.0,Multiplicity:1.00
0.322	0.322	0.195	0.161
0.742	0.096	0.097	0.065
0.517	0.225	0.097	0.161
0.032	0.646	0.258	0.064
0.774	0.096	0.065	0.065
0.486	0.193	0.096	0.225
0.096	0.290	0.453	0.161
0.547	0.193	0.195	0.065
0.064	0.065	0.097	0.774
0.097	0.129	0.289	0.485
0.032	0.129	0.160	0.679
0.193	0.226	0.098	0.483
>NNNNNNNNNNNN	18-NNNNNNNNNNNN	-nan	0.000000	0	T:0.0(0.00%),B:0.0(0.00%),P:1e0	Tpos:0.0,Tstd:0.0,Bpos:0.0,Bstd:0.0,StrandBias:0.0,Multiplicity:1.00
-nan	-nan	-nan	-nan
-nan	-nan	-nan	-nan
-nan	-nan	-nan	-nan
-nan	-nan	-nan	-nan
-nan	-nan	-nan	-nan
-nan	-nan	-nan	-nan
-nan	-nan	-nan	-nan
-nan	-nan	-nan	-nan
-nan	-nan	-nan	-nan
-nan	-nan	-nan	-nan
-nan	-nan	-nan	-nan
-nan	-nan	-nan	-nan
>NNNNNNNNNNNN	19-NNNNNNNNNNNN	-nan	0.000000	0	T:0.0(0.00%),B:0.0(0.00%),P:1e0	Tpos:0.0,Tstd:0.0,Bpos:0.0,Bstd:0.0,StrandBias:0.0,Multiplicity:1.00
-nan	-nan	-nan	-nan
-nan	-nan	-nan	-nan
-nan	-nan	-nan	-nan
-nan	-nan	-nan	-nan
-nan	-nan	-nan	-nan
-nan	-nan	-nan	-nan
-nan	-nan	-nan	-nan
-nan	-nan	-nan	-nan
-nan	-nan	-nan	-nan
-nan	-nan	-nan	-nan
-nan	-nan	-nan	-nan
-nan	-nan	-nan	-nan
>NNNNNNNNNNNN	20-NNNNNNNNNNNN	-nan	0.000000	0	T:0.0(0.00%),B:0.0(0.00%),P:1e0	Tpos:0.0,Tstd:0.0,Bpos:0.0,Bstd:0.0,StrandBias:0.0,Multiplicity:1.00
-nan	-nan	-nan	-nan
-nan	-nan	-nan	-nan
-nan	-nan	-nan	-nan
-nan	-nan	-nan	-nan
-nan	-nan	-nan	-nan
-nan	-nan	-nan	-nan
-nan	-nan	-nan	-nan
-nan	-nan	-nan	-nan
-nan	-nan	-nan	-nan
-nan	-nan	-nan	-nan
-nan	-nan	-nan	-nan
-nan	-nan	-nan	-nan
>NNNNNNNNNNNN	21-NNNNNNNNNNNN	-nan	0.000000	0	T:0.0(0.00%),B:0.0(0.00%),P:1e0	Tpos:0.0,Tstd:0.0,Bpos:0.0,Bstd:0.0,StrandBias:0.0,Multiplicity:1.00
-nan	-nan	-nan	-nan
-nan	-nan	-nan	-nan
-nan	-nan	-nan	-nan
-nan	-nan	-nan	-nan
-nan	-nan	-nan	-nan
-nan	-nan	-nan	-nan
-nan	-nan	-nan	-nan
-nan	-nan	-nan	-nan
-nan	-nan	-nan	-nan
-nan	-nan	-nan	-nan
-nan	-nan	-nan	-nan
-nan	-nan	-nan	-nan
>NNNNNNNNNNNN	22-NNNNNNNNNNNN	-nan	0.000000	0	T:0.0(0.00%),B:0.0(0.00%),P:1e0	Tpos:0.0,Tstd:0.0,Bpos:0.0,Bstd:0.0,StrandBias:0.0,Multiplicity:1.00
-nan	-nan	-nan	-nan
-nan	-nan	-nan	-nan
-nan	-nan	-nan	-nan
-nan	-nan	-nan	-nan
-nan	-nan	-nan	-nan
-nan	-nan	-nan	-nan
-nan	-nan	-nan	-nan
-nan	-nan	-nan	-nan
-nan	-nan	-nan	-nan
-nan	-nan	-nan	-nan
-nan	-nan	-nan	-nan
-nan	-nan	-nan	-nan
>NNNNNNNNNNNN	23-NNNNNNNNNNNN	-nan	0.000000	0	T:0.0(0.00%),B:0.0(0.00%),P:1e0	Tpos:0.0,Tstd:0.0,Bpos:0.0,Bstd:0.0,StrandBias:0.0,Multiplicity:1.00
-nan	-nan	-nan	-nan
-nan	-nan	-nan	-nan
-nan	-nan	-nan	-nan
-nan	-nan	-nan	-nan
-nan	-nan	-nan	-nan
-nan	-nan	-nan	-nan
-nan	-nan	-nan	-nan
-nan	-nan	-nan	-nan
-nan	-nan	-nan	-nan
-nan	-nan	-nan	-nan
-nan	-nan	-nan	-nan
-nan	-nan	-nan	-nan
>NNNNNNNNNNNN	24-NNNNNNNNNNNN	-nan	0.000000	0	T:0.0(0.00%),B:0.0(0.00%),P:1e0	Tpos:0.0,Tstd:0.0,Bpos:0.0,Bstd:0.0,StrandBias:0.0,Multiplicity:1.00
-nan	-nan	-nan	-nan
-nan	-nan	-nan	-nan
-nan	-nan	-nan	-nan
-nan	-nan	-nan	-nan
-nan	-nan	-nan	-nan
-nan	-nan	-nan	-nan
-nan	-nan	-nan	-nan
-nan	-nan	-nan	-nan
-nan	-nan	-nan	-nan
-nan	-nan	-nan	-nan
-nan	-nan	-nan	-nan
-nan	-nan	-nan	-nan
>NNNNNNNNNNNN	25-NNNNNNNNNNNN	-nan	0.000000	0	T:0.0(0.00%),B:0.0(0.00%),P:1e0	Tpos:0.0,Tstd:0.0,Bpos:0.0,Bstd:0.0,StrandBias:0.0,Multiplicity:1.00
-nan	-nan	-nan	-nan
-nan	-nan	-nan	-nan
-nan	-nan	-nan	-nan
-nan	-nan	-nan	-nan
-nan	-nan	-nan	-nan
-nan	-nan	-nan	-nan
-nan	-nan	-nan	-nan
-nan	-nan	-nan	-nan
-nan	-nan	-nan	-nan
-nan	-nan	-nan	-nan
-nan	-nan	-nan	-nan
-nan	-nan	-nan	-nan
>TCGAATGG	1-TCGAATGG	8.236954	-30.141306	0	T:14.0(5.07%),B:554.9(0.27%),P:1e-13	Tpos:114.5,Tstd:88.1,Bpos:11901.0,Bstd:44701.4,StrandBias:10.0,Multiplicity:1.44
0.100	0.100	0.100	0.700
0.100	0.700	0.100	0.100
0.100	0.100	0.700	0.100
0.700	0.100	0.100	0.100
0.700	0.100	0.100	0.100
0.100	0.100	0.100	0.700
0.100	0.100	0.700	0.100
0.100	0.100	0.700	0.100
>ATCGAATC	2-ATCGAATC	8.239117	-24.142720	0	T:15.0(5.43%),B:1060.1(0.52%),P:1e-10	Tpos:173.5,Tstd:133.0,Bpos:11044.7,Bstd:43430.6,StrandBias:2.0,Multiplicity:1.43
0.763	0.043	0.120	0.074
0.020	0.057	0.016	0.907
0.028	0.669	0.260	0.043
0.178	0.045	0.765	0.012
0.861	0.045	0.029	0.065
0.760	0.122	0.078	0.040
0.059	0.125	0.056	0.760
0.099	0.519	0.328	0.054
>DTBCTATT	3-DTBCTATT	1.518144	-23.049119	0	T:216.0(78.26%),B:123227.2(60.02%),P:1e-10	Tpos:144.3,Tstd:177.7,Bpos:15441.8,Bstd:53374.2,StrandBias:-0.1,Multiplicity:1.79
0.326	0.001	0.355	0.318
0.001	0.316	0.001	0.682
0.011	0.317	0.355	0.317
0.001	0.997	0.001	0.001
0.001	0.001	0.001	0.997
0.997	0.001	0.001	0.001
0.001	0.001	0.001	0.997
0.001	0.001	0.001	0.997
>ATAGRWTK	4-ATAGRWTK	3.862940	-21.207860	0	T:221.0(80.07%),B:129343.1(63.00%),P:1e-9	Tpos:139.1,Tstd:153.0,Bpos:15742.6,Bstd:55024.7,StrandBias:-0.1,Multiplicity:1.73
0.710	0.143	0.007	0.140
0.001	0.001	0.001	0.997
0.855	0.001	0.004	0.140
0.005	0.001	0.993	0.001
0.425	0.139	0.435	0.001
0.432	0.001	0.282	0.285
0.281	0.001	0.001	0.717
0.147	0.003	0.428	0.422
>TCGAWTGG	5-TCGAWTGG	4.186165	-19.227568	0	T:177.0(64.13%),B:95896.1(46.71%),P:1e-8	Tpos:172.8,Tstd:203.7,Bpos:15712.0,Bstd:56948.9,StrandBias:0.1,Multiplicity:1.99
0.063	0.012	0.123	0.802
0.121	0.454	0.169	0.256
0.162	0.005	0.832	0.001
0.563	0.088	0.102	0.247
0.408	0.001	0.215	0.375
0.001	0.288	0.065	0.646
0.141	0.083	0.690	0.086
0.001	0.100	0.898	0.001
>GAATGGAA	6-GAATGGAA	10.957273	-19.116802	0	T:29.0(10.51%),B:6035.6(2.94%),P:1e-8	Tpos:203.7,Tstd:206.2,Bpos:14074.7,Bstd:39053.1,StrandBias:2.0,Multiplicity:12.10
0.001	0.001	0.997	0.001
0.997	0.001	0.001	0.001
0.997	0.001	0.001	0.001
0.001	0.001	0.001	0.997
0.001	0.104	0.894	0.001
0.001	0.001	0.997	0.001
0.997	0.001	0.001	0.001
0.997	0.001	0.001	0.001
>GGAATAGT	7-GGAATAGT	-2.884050	-18.727194	0	T:198.0(71.74%),B:112774.8(54.93%),P:1e-8	Tpos:167.4,Tstd:220.5,Bpos:13347.5,Bstd:48929.5,StrandBias:-0.2,Multiplicity:1.69
0.001	0.001	0.997	0.001
0.001	0.001	0.997	0.001
0.997	0.001	0.001	0.001
0.866	0.001	0.114	0.019
0.001	0.001	0.001	0.997
0.997	0.001	0.001	0.001
0.001	0.001	0.997	0.001
0.001	0.019	0.114	0.866
>AAADAATA	8-AAADAATA	4.335584	-13.098934	0	T:209.0(75.72%),B:128327.9(62.51%),P:1e-5	Tpos:147.3,Tstd:164.9,Bpos:16620.2,Bstd:55771.1,StrandBias:-0.4,Multiplicity:1.97
0.791	0.207	0.001	0.001
0.664	0.001	0.084	0.251
0.585	0.001	0.124	0.290
0.331	0.166	0.293	0.210
0.873	0.043	0.001	0.083
0.750	0.207	0.042	0.001
0.001	0.040	0.001	0.958
0.997	0.001	0.001	0.001
>ATAAATTT	9-ATAAATTT	-5.599146	-12.537118	0	T:268.0(97.10%),B:184359.5(89.80%),P:1e-5	Tpos:124.6,Tstd:130.5,Bpos:17193.8,Bstd:61209.2,StrandBias:-0.0,Multiplicity:1.60
0.866	0.001	0.001	0.132
0.001	0.001	0.066	0.932
0.997	0.001	0.001	0.001
0.997	0.001	0.001	0.001
0.997	0.001	0.001	0.001
0.001	0.001	0.001	0.997
0.001	0.001	0.001	0.997
0.001	0.001	0.001	0.997
>ATTCCATT	10-ATTCCATT	8.554034	-11.596311	0	T:34.0(12.32%),B:11180.9(5.45%),P:1e-5	Tpos:155.6,Tstd:122.2,Bpos:17563.4,Bstd:62789.3,StrandBias:-1.4,Multiplicity:2.66
0.940	0.001	0.058	0.001
0.012	0.022	0.092	0.874
0.020	0.008	0.025	0.947
0.001	0.946	0.018	0.035
0.033	0.907	0.001	0.059
0.823	0.001	0.175	0.001
0.001	0.273	0.012	0.714
0.017	0.014	0.020	0.949
>TTCCWMAW	11-TTCCWMAW	4.720560	-9.719220	0	T:223.0(80.80%),B:144616.5(70.44%),P:1e-4	Tpos:119.2,Tstd:103.8,Bpos:16574.8,Bstd:61837.4,StrandBias:-0.0,Multiplicity:1.39
0.416	0.001	0.001	0.582
0.001	0.128	0.001	0.870
0.032	0.645	0.322	0.001
0.001	0.997	0.001	0.001
0.354	0.163	0.001	0.482
0.386	0.258	0.128	0.227
0.611	0.387	0.001	0.001
0.417	0.128	0.001	0.454
>TGWCTYWA	12-TGWCTYWA	1.122097	-9.331080	0	T:241.0(87.32%),B:160827.5(78.34%),P:1e-4	Tpos:131.1,Tstd:162.1,Bpos:15226.7,Bstd:54515.3,StrandBias:-0.2,Multiplicity:1.74
0.151	0.001	0.001	0.847
0.001	0.292	0.706	0.001
0.428	0.001	0.001	0.570
0.001	0.704	0.294	0.001
0.154	0.001	0.001	0.844
0.001	0.424	0.146	0.430
0.440	0.001	0.001	0.558
0.707	0.001	0.001	0.291
>WWVWTSAA	13-WWVWTSAA	3.579559	-9.103780	0	T:242.0(87.68%),B:162035.6(78.93%),P:1e-3	Tpos:131.3,Tstd:133.4,Bpos:15250.9,Bstd:56235.5,StrandBias:0.1,Multiplicity:1.48
0.491	0.027	0.037	0.445
0.373	0.173	0.173	0.282
0.337	0.318	0.318	0.027
0.336	0.109	0.191	0.364
0.109	0.109	0.218	0.564
0.036	0.400	0.537	0.027
0.610	0.109	0.045	0.236
0.591	0.064	0.109	0.236
>ATTTTTTT	14-ATTTTTTT	-2.799125	-8.907735	0	T:250.0(90.58%),B:169633.5(82.63%),P:1e-3	Tpos:117.3,Tstd:116.4,Bpos:15249.2,Bstd:54195.4,StrandBias:-0.1,Multiplicity:1.98
0.970	0.001	0.001	0.028
0.001	0.001	0.001	0.997
0.001	0.001	0.001	0.997
0.001	0.001	0.001	0.997
0.001	0.029	0.001	0.969
0.001	0.001	0.001	0.997
0.001	0.001	0.001	0.997
0.001	0.001	0.001	0.997
>DNDAAAAR	15-DNDAAAAR	3.115452	-8.806722	0	T:258.0(93.48%),B:177444.5(86.43%),P:1e-3	Tpos:119.9,Tstd:118.9,Bpos:15036.6,Bstd:54219.2,StrandBias:-0.3,Multiplicity:1.67
0.337	0.112	0.225	0.326
0.326	0.213	0.191	0.270
0.371	0.135	0.270	0.225
0.596	0.247	0.101	0.056
0.707	0.001	0.291	0.001
0.729	0.001	0.269	0.001
0.438	0.101	0.247	0.213
0.371	0.157	0.258	0.214
>TTWATTTA	16-TTWATTTA	0.993843	-6.109975	0	T:203.0(73.55%),B:134199.5(65.37%),P:1e-2	Tpos:111.3,Tstd:119.6,Bpos:15122.1,Bstd:51903.5,StrandBias:0.1,Multiplicity:1.77
0.330	0.001	0.001	0.668
0.001	0.001	0.001	0.997
0.425	0.001	0.001	0.573
0.661	0.001	0.001	0.337
0.384	0.001	0.001	0.614
0.286	0.001	0.001	0.712
0.381	0.001	0.001	0.617
0.997	0.001	0.001	0.001
>DSCWSWGN	17-DSCWSWGN	2.815952	-3.471091	0	T:275.0(99.64%),B:201374.5(98.09%),P:1e-1	Tpos:123.7,Tstd:146.7,Bpos:13594.4,Bstd:50481.7,StrandBias:-0.2,Multiplicity:1.43
0.300	0.001	0.350	0.349
0.001	0.400	0.350	0.249
0.300	0.500	0.001	0.199
0.499	0.151	0.001	0.350
0.101	0.448	0.450	0.001
0.502	0.001	0.001	0.496
0.399	0.050	0.550	0.001
0.200	0.251	0.300	0.249
>TGGGACAT	18-TGGGACAT	2.399224	-2.212150	0	T:276.0(100.00%),B:203658.2(99.20%),P:1e0	Tpos:145.5,Tstd:187.9,Bpos:12699.1,Bstd:47947.9,StrandBias:-0.0,Multiplicity:2.51
0.100	0.100	0.100	0.700
0.100	0.100	0.700	0.100
0.100	0.100	0.700	0.100
0.100	0.100	0.700	0.100
0.700	0.100	0.100	0.100
0.100	0.700	0.100	0.100
0.700	0.100	0.100	0.100
0.100	0.100	0.100	0.700
>ACTGCTTT	19-ACTGCTTT	2.399224	-1.558801	0	T:276.0(100.00%),B:204141.4(99.44%),P:1e0	Tpos:135.4,Tstd:160.6,Bpos:13432.5,Bstd:50410.8,StrandBias:0.0,Multiplicity:2.78
0.700	0.100	0.100	0.100
0.100	0.700	0.100	0.100
0.100	0.100	0.100	0.700
0.100	0.100	0.700	0.100
0.100	0.700	0.100	0.100
0.100	0.100	0.100	0.700
0.100	0.100	0.100	0.700
0.100	0.100	0.100	0.700
>CWKRDGAV	20-CWKRDGAV	1.946586	-0.243277	0	T:276.0(100.00%),B:205117.3(99.91%),P:1e0	Tpos:168.2,Tstd:216.1,Bpos:13498.7,Bstd:50839.1,StrandBias:-0.4,Multiplicity:1.58
0.132	0.664	0.203	0.001
0.467	0.001	0.001	0.531
0.132	0.133	0.402	0.333
0.531	0.001	0.467	0.001
0.331	0.001	0.335	0.333
0.200	0.001	0.532	0.267
0.596	0.068	0.335	0.001
0.269	0.265	0.333	0.134
>TCATTAAT	21-TCATTAAT	9.001330	-0.039152	0	T:10.0(3.62%),B:11926.1(5.81%),P:1e0	Tpos:76.8,Tstd:26.3,Bpos:10655.4,Bstd:40586.3,StrandBias:-1.6,Multiplicity:1.00
0.001	0.001	0.001	0.997
0.001	0.997	0.001	0.001
0.997	0.001	0.001	0.001
0.001	0.001	0.001	0.997
0.001	0.001	0.001	0.997
0.866	0.132	0.001	0.001
0.997	0.001	0.001	0.001
0.001	0.043	0.001	0.955
>GCAGGYAG	22-GCAGGYAG	-3.922219	-0.012092	0	T:276.0(100.00%),B:205289.7(100.00%),P:1e0	Tpos:144.8,Tstd:191.7,Bpos:12682.1,Bstd:47586.6,StrandBias:0.1,Multiplicity:1.75
0.156	0.228	0.460	0.156
0.008	0.915	0.076	0.001
0.691	0.001	0.001	0.307
0.001	0.001	0.771	0.227
0.159	0.152	0.688	0.001
0.076	0.460	0.001	0.464
0.771	0.001	0.001	0.227
0.001	0.308	0.460	0.232
>TAAACTCA	23-TAAACTCA	0.000000	-0.012092	0	T:276.0(100.00%),B:205289.7(100.00%),P:1e0
0.100	0.100	0.100	0.700
0.700	0.100	0.100	0.100
0.700	0.100	0.100	0.100
0.700	0.100	0.100	0.100
0.100	0.700	0.100	0.100
0.100	0.100	0.100	0.700
0.100	0.700	0.100	0.100
0.700	0.100	0.100	0.100
>NNNNNNNN	24-NNNNNNNN	-nan	0.000000	0	T:0.0(0.00%),B:0.0(0.00%),P:1e0	Tpos:0.0,Tstd:0.0,Bpos:0.0,Bstd:0.0,StrandBias:0.0,Multiplicity:1.00
-nan	-nan	-nan	-nan
-nan	-nan	-nan	-nan
-nan	-nan	-nan	-nan
-nan	-nan	-nan	-nan
-nan	-nan	-nan	-nan
-nan	-nan	-nan	-nan
-nan	-nan	-nan	-nan
-nan	-nan	-nan	-nan
>TGGGAAAT	25-TGGGAAAT	-3.438507	0.000000	0	T:276.0(100.00%),B:205298.6(100.00%),P:1e0	Tpos:158.9,Tstd:165.7,Bpos:12086.7,Bstd:46809.8,StrandBias:0.0,Multiplicity:1.61
0.100	0.100	0.100	0.700
0.100	0.100	0.700	0.100
0.100	0.100	0.700	0.100
0.100	0.100	0.700	0.100
0.700	0.100	0.100	0.100
0.700	0.100	0.100	0.100
0.700	0.100	0.100	0.100
0.100	0.100	0.100	0.700
