>YYWTCCAAGGRB	15-VYCCTTGGAWRR	8.015516	-0.008085	0	T:15.0(0.11%),B:449.0(0.19%),P:1e0
0.033	0.402	0.166	0.398
0.001	0.466	0.001	0.532
0.268	0.199	0.168	0.365
0.066	0.266	0.171	0.497
0.001	0.834	0.099	0.066
0.169	0.500	0.099	0.232
0.501	0.298	0.135	0.066
0.500	0.066	0.235	0.199
0.267	0.001	0.567	0.165
0.068	0.101	0.830	0.001
0.431	0.202	0.334	0.033
0.100	0.234	0.364	0.302
