>CYWCCAGGGRKN	13-CYWCCAGGGRKN	7.968390	-0.064789	0	T:210.0(1.55%),B:4000.5(1.72%),P:1e0
0.107	0.525	0.155	0.213
0.104	0.422	0.052	0.422
0.321	0.159	0.052	0.468
0.051	0.738	0.001	0.210
0.052	0.530	0.156	0.262
0.578	0.052	0.053	0.317
0.312	0.001	0.633	0.054
0.156	0.001	0.790	0.053
0.162	0.052	0.733	0.053
0.365	0.054	0.472	0.108
0.055	0.109	0.471	0.364
0.210	0.310	0.215	0.265
