>MYCCCTRGGMDG	19-MYCCCTRGGMDG	8.011736	-0.000002	0	T:108.0(0.80%),B:2825.3(1.22%),P:1e0
0.383	0.281	0.169	0.166
0.110	0.281	0.224	0.386
0.272	0.612	0.001	0.115
0.001	0.669	0.054	0.276
0.001	0.830	0.001	0.168
0.225	0.057	0.112	0.606
0.391	0.001	0.443	0.165
0.113	0.001	0.774	0.112
0.279	0.058	0.497	0.166
0.392	0.443	0.164	0.001
0.280	0.054	0.279	0.387
0.056	0.333	0.556	0.055
