>CANCCTDGRRGY	18-CANCCTDGRRGY	7.073111	-0.000002	0	T:851.0(6.29%),B:17014.1(7.32%),P:1e0
0.001	0.685	0.001	0.313
0.586	0.001	0.001	0.412
0.228	0.260	0.257	0.254
0.001	0.762	0.155	0.082
0.001	0.736	0.001	0.262
0.165	0.264	0.149	0.422
0.340	0.001	0.257	0.402
0.092	0.001	0.904	0.003
0.409	0.086	0.337	0.168
0.416	0.172	0.320	0.092
0.092	0.261	0.564	0.083
0.092	0.330	0.178	0.400
